PIVlab, ASCII chart output - 19-Sep-2021
FRAME: 528, filenames: A: 72_12_75_60 528.jpg & B: 72_12_75_60 529.jpg, conversion factor xy (px -> m): 0.00024148, conversion factor uv (px/frame -> m/s): 1
x [m],y [m],u [m/s],v [m/s],Vector type [-],vorticity [1/s],magnitude [m/s],divergence [1/s],dcev [1],simple shear [1/s],simple strain [1/s],vector direction [degrees]
0.03791263377,0.01690372206,NaN,NaN,0,-0.8900964126,0.262094331,-1.94250819,0,1.94250819,0.8900964126,-40.67898099
0.03791263377,0.02076742997,NaN,NaN,0,-0.5873536374,0.2672179916,-2.472124345,0,2.038999239,1.673656697,-41.28466042
0.03791263377,0.02463113787,NaN,NaN,0,-0.1358121062,0.2769189925,-3.524051971,0,2.197849389,3.101736257,-42.43624918
0.03791263377,0.02849484577,NaN,NaN,0,0.09070044695,0.2904324412,-4.462039741,0,2.216720046,4.393589034,-44.04371793
0.03791263377,0.03235855367,NaN,NaN,0,0.03255408559,0.307189168,-5.387687691,0,2.196478949,5.612913316,-46.02649237
0.03791263377,0.03622226157,NaN,NaN,0,-0.3362399692,0.3270952007,-6.418945496,0,2.19701118,6.930243517,-48.35058711
0.03791263377,0.04008596947,NaN,NaN,0,-0.9777199651,0.3506402757,-7.683386811,0,2.171113353,8.506844436,-51.0391541
0.03791263377,0.04394967737,NaN,NaN,0,-1.722120829,0.3788251301,-9.275596689,0,1.973222347,10.33672281,-54.12682912
0.03791263377,0.04781338527,NaN,NaN,0,-2.277559251,0.4128439287,-11.1676793,0,1.493113326,12.17764807,-57.56117527
0.03791263377,0.05167709317,NaN,NaN,0,-2.407691281,0.4535247922,-13.19573092,0,0.8773897956,13.67747327,-61.1321093
0.03791263377,0.05554080107,NaN,NaN,0,-2.258184202,0.5009903294,-15.21852577,0,0.7064951114,14.77955863,-64.51844024
0.03791263377,0.05940450897,NaN,NaN,0,-2.096210154,0.5555136889,-17.22999447,0,1.383787634,15.99042847,-67.45792385
0.03791263377,0.06326821687,NaN,NaN,0,-2.325608603,0.6183726921,-19.21491195,0,2.709014369,18.26282138,-69.87296454
0.03791263377,0.06713192477,NaN,NaN,0,-4.264930005,0.6919429961,-22.25211295,0,5.050191283,22.4004925,-71.94584143
0.03791263377,0.07099563267,NaN,NaN,0,-8.533105639,0.7834468256,-29.51341655,0,9.57538739,28.85099606,-74.00984695
0.03791263377,0.07485934057,NaN,NaN,0,-14.30752496,0.909992038,-48.12315441,0,21.21436845,37.05645142,-76.10871995
0.03791263377,0.07872304847,NaN,NaN,0,-17.5863508,1.109080428,-81.07247793,0,44.1857278,52.75411391,-77.37006822
0.03791263377,0.08258675637,NaN,NaN,0,-11.35501444,1.436816551,-128.4601409,0,76.30291613,80.08145552,-77.08061118
0.03791263377,0.08645046427,NaN,NaN,0,32.59774867,1.951405429,-183.642931,0,97.71726646,101.2873896,-75.35284461
0.03791263377,0.09031417218,NaN,NaN,0,149.5269639,2.633792254,-141.6778034,0,33.82426129,117.9609248,-71.75150873
0.03791263377,0.09417788008,NaN,NaN,0,108.9052942,3.131013632,84.63711365,0,-57.60008661,203.1718001,-67.42724774
0.03791263377,0.09804158798,NaN,NaN,0,-90.6442722,3.131136632,-61.56322285,0,15.44494374,26.76338118,-70.9308466
0.03791263377,0.1019052959,NaN,NaN,0,183.8300574,3.358429915,-53.97066083,0,-169.9095167,-89.46923588,-74.25536842
0.03791263377,0.1057690038,1.076755781,-2.8221592,1,256.5917748,3.020593578,-73.26147306,0,-481.6183329,-351.6658128,-69.11633857
0.03791263377,0.1096327117,0.04187397355,-2.156750812,1,-17.07702679,2.157157272,828.3195512,0,-479.1205966,-920.3360969,-88.88772474
0.03791263377,0.1134964196,-0.8404068962,3.934135443,1,1152.87397,4.022897642,559.1784495,0,-1313.288572,-314.2621851,102.0582406
0.03791263377,0.1173601275,NaN,NaN,0,510.8439916,1.348124837,-426.9356862,0,-418.6557789,514.3041382,115.3841496
0.03791263377,0.1212238354,NaN,NaN,0,262.496963,0.568286807,-213.9929762,0,-213.9929762,262.496963,148.4372306
0.04177634167,0.01690372206,NaN,NaN,0,-1.52283843,0.2570011247,-2.37222303,0,2.829194337,0.6666332989,-40.04922232
0.04177634167,0.02076742997,NaN,NaN,0,-1.108027754,0.2627260933,-2.827028985,0,2.874721388,1.56822361,-40.67514289
0.04177634167,0.02463113787,NaN,NaN,0,-0.5154608735,0.2732889185,-3.749142486,0,2.942506627,3.12681238,-41.85408854
0.04177634167,0.02849484577,NaN,NaN,0,-0.2175323283,0.2874962913,-4.506539407,0,2.848723491,4.433957684,-43.47366627
0.04177634167,0.03235855367,NaN,NaN,0,-0.2806346925,0.3044997903,-5.227672413,0,2.799542091,5.569312818,-45.42140781
0.04177634167,0.03622226157,NaN,NaN,0,-0.758430786,0.3241193734,-6.051415679,0,2.918317997,6.805319106,-47.64517182
0.04177634167,0.04008596947,NaN,NaN,0,-1.644739349,0.3469474214,-7.16837662,0,3.113046784,8.440808613,-50.20318178
0.04177634167,0.04394967737,NaN,NaN,0,-2.717123952,0.3742872775,-8.782648885,0,3.061481041,10.51875098,-53.23213019
0.04177634167,0.04781338527,NaN,NaN,0,-3.505303563,0.4077805612,-10.89848537,0,2.431165754,12.65197306,-56.78077759
0.04177634167,0.05167709317,NaN,NaN,0,-3.549898093,0.4484332062,-13.17867288,0,1.295128653,14.09752795,-60.6364946
0.04177634167,0.05554080107,NaN,NaN,0,-3.220751059,0.4954582101,-15.30956603,0,0.8084077927,14.59106001,-64.32202354
0.04177634167,0.05940450897,NaN,NaN,0,-2.834663782,0.5483865792,-17.29441863,0,1.865679545,14.89103249,-67.41972796
0.04177634167,0.06326821687,NaN,NaN,0,-2.555809675,0.6086097402,-18.19740239,0,3.633188215,16.36276918,-69.72047117
0.04177634167,0.06713192477,NaN,NaN,0,-5.393074452,0.6749477522,-18.46873301,0,6.32317077,19.64693741,-71.44926643
0.04177634167,0.07099563267,NaN,NaN,0,-13.70899237,0.7495120108,-20.72895803,0,9.143732851,24.53206852,-73.36719494
0.04177634167,0.07485934057,NaN,NaN,0,-27.892788,0.8382541291,-38.26208913,0,20.97165973,25.08572392,-76.40119095
0.04177634167,0.07872304847,NaN,NaN,0,-42.44844935,0.9810511808,-74.41589456,0,50.39183515,33.3426787,-78.96409393
0.04177634167,0.08258675637,NaN,NaN,0,-58.88485764,1.251997335,-136.2388188,0,96.8141706,70.62905806,-79.51747905
0.04177634167,0.08645046427,NaN,NaN,0,-17.087631,1.79362372,-278.2258545,0,159.7335495,108.3847827,-79.25680484
0.04177634167,0.09031417218,NaN,NaN,0,303.4986389,2.833998249,-268.7350301,14.16473432,64.9348139,106.7161474,-74.04691251
0.04177634167,0.09417788008,1.757863891,-3.212819739,1,131.7080313,3.662280182,-101.9375927,0,-85.94430517,-94.29886553,-61.31514364
0.04177634167,0.09804158798,0.9557426665,-2.754366454,1,11.02988656,2.915472279,-138.6606763,0,-301.8536203,43.28302435,-70.86364343
0.04177634167,0.1019052959,0.6342059331,-3.915797053,1,59.32948905,3.966822875,-221.3294103,0,-240.4726704,165.3216765,-80.80021099
0.04177634167,0.1057690038,0.2558583256,-4.248273313,1,130.7216174,4.255971055,9.175904047,0,-330.0365001,-215.0764378,-86.553443
0.04177634167,0.1096327117,-0.1358885537,-3.049351508,1,221.7237866,3.052377814,445.1256083,0,-382.9996348,-439.5538227,-92.55158936
0.04177634167,0.1134964196,-0.3672644433,-0.8301304055,1,916.7990017,0.907744271,381.5192105,0,-987.5211041,-258.1933237,-113.86545
0.04177634167,0.1173601275,NaN,NaN,0,423.2026298,0.7078973946,62.65374067,0,-429.2205559,9.057263762,-125.3073582
0.04177634167,0.1212238354,NaN,NaN,0,248.9347573,0.735318371,14.92181984,0,-239.2952358,38.4019277,-122.0787376
0.04564004958,0.01690372206,NaN,NaN,0,-2.855533184,0.2462816092,-3.451464891,0,4.801513674,0.1197069613,-38.71122067
0.04564004958,0.02076742997,NaN,NaN,0,-2.136457319,0.2535477849,-3.673957074,0,4.671362546,1.365889235,-39.39645357
0.04564004958,0.02463113787,NaN,NaN,0,-1.183886679,0.2662565655,-4.244528511,0,4.432147614,3.297753041,-40.66322947
0.04564004958,0.02849484577,NaN,NaN,0,-0.6962390941,0.2821173989,-4.604415665,0,3.967630099,4.629003827,-42.3535728
0.04564004958,0.03235855367,NaN,NaN,0,-0.720110957,0.2996827125,-4.908740469,0,3.775629142,5.481367574,-44.26478808
0.04564004958,0.03622226157,NaN,NaN,0,-1.405421921,0.318627869,-5.262843681,0,4.19698472,6.408735982,-46.26108232
0.04564004958,0.04008596947,NaN,NaN,0,-2.912891021,0.3397859865,-5.950190698,0,5.088483076,8.138184339,-48.44456694
0.04564004958,0.04394967737,NaN,NaN,0,-4.92016786,0.3651339681,-7.522855338,0,5.652325073,10.91078097,-51.219664
0.04564004958,0.04781338527,NaN,NaN,0,-6.419301098,0.3975288605,-10.2124482,0,4.817608141,14.06645742,-54.96290711
0.04564004958,0.05167709317,NaN,NaN,0,-5.88711674,0.4390133056,-13.19047363,0,1.884821539,15.59004104,-59.54662743
0.04564004958,0.05554080107,NaN,NaN,0,-4.981427986,0.485760932,-15.65638863,0,0.1074976894,14.48637918,-64.02405529
0.04564004958,0.05940450897,NaN,NaN,0,-4.335883687,0.5351829927,-18.75060312,0,2.507333987,12.30998078,-67.63075663
0.04564004958,0.06326821687,NaN,NaN,0,-0.9285476045,0.5934834155,-18.04956861,0,4.89354392,12.41226281,-69.72112932
0.04564004958,0.06713192477,NaN,NaN,0,-3.371346084,0.6505735301,-12.65936378,0,9.794351052,15.32951435,-70.32889535
0.04564004958,0.07099563267,NaN,NaN,0,-17.54412464,0.7036658705,3.162801439,1.892670637,4.231836776,24.37901155,-70.87761022
0.04564004958,0.07485934057,NaN,NaN,0,-49.98665866,0.7145051836,-12.54702527,5.302532969,12.01717581,2.645021285,-76.43701769
0.04564004958,0.07872304847,NaN,NaN,0,-80.87282062,0.7283736211,-49.16978342,3.741021132,55.03880212,-22.17777209,-83.3927378
0.04564004958,0.08258675637,0.06774643791,-0.7988688238,1,79.05547468,0.8017362269,-15.97905927,0,-142.8754288,108.5816412,-85.15274606
0.04564004958,0.08645046427,-0.1627727643,-1.204802064,1,49.18347471,1.215747912,-155.5441634,0,-15.27758161,523.6490104,-97.69426179
0.04564004958,0.09031417218,0.198748905,-3.423072856,1,29.96410807,3.428837835,-310.3846133,0,126.9917306,343.7276318,-86.67704911
0.04564004958,0.09417788008,0.4436587495,-3.732100713,1,114.8385425,3.758378483,-175.2264009,0,3.107895903,17.6279674,-83.22069787
0.04564004958,0.09804158798,0.6544594907,-4.168205802,1,207.6258951,4.219272074,-8.975895574,17.04287524,-142.5964991,161.5005315,-81.07671135
0.04564004958,0.1019052959,0.6949133406,-4.390771831,1,3.211725131,4.44542257,-28.49713402,0,-99.81406622,83.87890162,-81.00657632
0.04564004958,0.1057690038,0.2812162622,-4.602393979,1,-59.91217572,4.610977437,15.84978194,0,-103.5348631,42.36670421,-86.50345061
0.04564004958,0.1096327117,0.06340172557,-4.493225473,1,118.0428163,4.493672767,198.367916,0,-285.014019,-106.7257438,-89.19158069
0.04564004958,0.1134964196,-0.3639116929,-3.423601195,1,449.6291613,3.442887866,341.9522824,0,-543.9045437,-283.7885879,-96.06747203
0.04564004958,0.1173601275,NaN,NaN,0,287.2894161,2.097236385,270.6802228,0,-265.1033427,-204.1700654,-98.24759465
0.04564004958,0.1212238354,NaN,NaN,0,192.8756485,1.613087713,157.9523454,0,-181.1461755,-93.94410062,-99.93081028
0.04950375748,0.01690372206,NaN,NaN,0,-4.228775927,0.2285627029,-5.359463269,0,7.582512017,-0.6221529511,-36.44616759
0.04950375748,0.02076742997,NaN,NaN,0,-2.911886534,0.2392370252,-5.065598871,0,7.063562629,1.37066629,-37.28752096
0.04950375748,0.02463113787,NaN,NaN,0,-1.387389429,0.256453402,-4.950598817,0,6.147091184,4.06930672,-38.78703998
0.04950375748,0.02849484577,NaN,NaN,0,-0.663426412,0.275480872,-4.757854275,0,4.81402015,5.30293701,-40.73925643
0.04950375748,0.03235855367,NaN,NaN,0,-0.4981481205,0.2940026241,-4.540030116,0,4.138359658,5.318417667,-42.73732234
0.04950375748,0.03622226157,NaN,NaN,0,-1.23025492,0.3116179992,-4.141027878,0,5.005508667,5.210072909,-44.36042419
0.04950375748,0.04008596947,NaN,NaN,0,-3.681234955,0.3296552504,-3.846687154,0,7.391575724,6.792411788,-45.63023435
0.04950375748,0.04394967737,NaN,NaN,0,-7.631355368,0.3511421466,-5.14613357,0,9.641728037,10.91973115,-47.52200163
0.04950375748,0.04781338527,NaN,NaN,0,-11.36461623,0.3813434231,-9.237978464,0,9.302120196,17.11303461,-51.32719899
0.04950375748,0.05167709317,NaN,NaN,0,-8.597839783,0.4274175074,-13.7143848,0,1.319051672,19.7097996,-57.57806703
0.04950375748,0.05554080107,NaN,NaN,0,-6.481960459,0.4757997948,-15.37491174,0,-4.77057256,15.4544349,-63.78666389
0.04950375748,0.05940450897,NaN,NaN,0,-8.598895376,0.5145779051,-24.00203663,0,3.162614791,7.450248639,-68.84783879
0.04950375748,0.06326821687,NaN,NaN,0,6.548849027,0.580097595,-22.59090516,0,3.639302428,5.646786949,-70.96842352
0.04950375748,0.06713192477,NaN,NaN,0,10.38036237,0.6305393398,-17.28195493,0,23.72885274,4.879845606,-69.08929236
0.04950375748,0.07099563267,0.3209516005,-0.6340156082,1,11.39481252,0.7106234737,-6.794483036,0,-28.53222659,-10.37159382,-63.15053916
0.04950375748,0.07485934057,0.1588334607,-0.5751897139,1,-30.38678895,0.5967170814,53.49604985,0,-75.42370782,2.708201571,-74.56298855
0.04950375748,0.07872304847,-0.08786925184,-0.4377861976,1,151.7421888,0.4465173683,150.4257899,0,-41.29421711,542.1191011,-101.3491915
0.04950375748,0.08258675637,0.5855721615,-2.088578255,1,402.0982321,2.169113617,128.4043067,42.25867019,75.28348336,535.6448626,-74.33816139
0.04950375748,0.08645046427,1.756594254,-2.011244751,1,179.6436507,2.670342454,226.8649276,0,-96.25729548,294.5170387,-48.86647205
0.04950375748,0.09031417218,0.9077526807,-2.349966252,1,-131.4313854,2.519197553,-144.8910781,0,-25.83844229,277.8296896,-68.87928684
0.04950375748,0.09417788008,1.148949578,-3.644514321,1,14.28797828,3.82133089,12.87629685,0,150.6573652,467.7650407,-72.50230759
0.04950375748,0.09804158798,1.545053307,-4.107523485,1,-63.6168194,4.388500758,59.94046323,1.795349385,-14.22671321,233.1793087,-69.38610791
0.04950375748,0.1019052959,0.8481849061,-4.313858617,1,-181.1874546,4.396452411,48.56080685,16.62119491,-94.26387649,128.6121868,-78.87647567
0.04950375748,0.1057690038,0.4807898231,-4.416818634,1,-138.8524682,4.442909599,75.48822084,12.89695172,-24.2020098,151.266923,-83.78756697
0.04950375748,0.1096327117,0.2181900312,-4.606645387,1,-106.5275121,4.611809689,47.15790466,8.851147551,-54.8011277,112.3894913,-87.28825836
0.04950375748,0.1134964196,-0.1425369173,-4.668854431,1,100.5430466,4.671029701,236.5090798,0,-196.3971639,-253.867531,-91.74865764
0.04950375748,0.1173601275,NaN,NaN,0,-5.29052764,2.716238776,372.6330217,0,5.117151906,-300.4753362,-93.21136081
0.04950375748,0.1212238354,NaN,NaN,0,43.03920831,2.073112496,202.7262956,0,-38.40351181,-130.5354661,-93.96104133
0.05336746538,0.01690372206,NaN,NaN,0,-5.641010021,0.2008250418,-9.080503782,0,12.16035779,-1.837654367,-32.66415563
0.05336746538,0.02076742997,NaN,NaN,0,-3.05648944,0.2190360491,-7.462703903,0,10.69171879,1.853949736,-33.96743219
0.05336746538,0.02463113787,NaN,NaN,0,-0.7903580922,0.2455094302,-5.734413612,0,8.278634343,6.305870541,-36.02251668
0.05336746538,0.02849484577,NaN,NaN,0,-0.07192900419,0.2699555061,-4.936372501,0,5.002999657,7.195019826,-38.73063128
0.05336746538,0.03235855367,NaN,NaN,0,0.621199807,0.2897176506,-4.352497841,0,2.958280674,5.279293176,-41.31129173
0.05336746538,0.03622226157,NaN,NaN,0,0.6637853165,0.3047100216,-2.914550562,0,4.295114565,2.3207262,-42.56522884
0.05336746538,0.04008596947,NaN,NaN,0,-2.950438512,0.3174726191,-0.1493964693,0,9.830583117,2.90165875,-41.77066379
0.05336746538,0.04394967737,NaN,NaN,0,-10.55940243,0.3323926228,0.02298667522,0,16.22089115,8.862697237,-40.96208304
0.05336746538,0.04781338527,NaN,NaN,0,-22.80996867,0.3567052369,-7.87894729,0,21.43009294,23.75615028,-43.5219222
0.05336746538,0.05167709317,NaN,NaN,0,-10.6576657,0.41957692,-17.05417535,0,-1.140162487,30.68168784,-54.15992226
0.05336746538,0.05554080107,NaN,NaN,0,-3.74967869,0.4799616767,-8.126836912,0,-23.67145439,20.17131219,-63.64534945
0.05336746538,0.05940450897,0.1397254695,-0.4494676793,1,22.52632586,0.4706850343,-7.196498228,0,-41.37851693,28.48502017,-72.73116171
0.05336746538,0.06326821687,0.1402281493,-0.5679390599,1,1.688436649,0.5849946235,-18.50218056,0,6.426238334,10.37267066,-76.13066703
0.05336746538,0.06713192477,0.1710782033,-0.5610316701,1,-31.03084967,0.5865358356,-83.50122787,0,37.231896,-18.49485724,-73.04170041
0.05336746538,0.07099563267,0.164187181,-0.8191046876,1,101.6632362,0.8353980606,-27.5684011,9.748605801,-46.36916338,52.03321827,-78.66543651
0.05336746538,0.07485934057,0.3847183495,-0.8685890757,1,394.837435,0.9499764159,7.697721992,31.83043432,276.90405,175.9991353,-66.11033061
0.05336746538,0.07872304847,2.759600064,-1.469372188,1,412.6329154,3.126411223,54.34256429,42.1215793,169.3779839,363.1124055,-28.03344347
0.05336746538,0.08258675637,2.633438459,-2.061585551,1,-217.2716296,3.344418201,105.3422143,21.40447553,-17.71124928,312.7674549,-38.05559217
0.05336746538,0.08645046427,1.851694858,-2.270802729,2,-250.6672791,2.930071481,-52.50648212,0,-246.5373855,194.2789998,-50.80495001
0.05336746538,0.09031417218,0.7123848684,-3.015092567,1,59.81770433,3.098108357,103.6712138,0,56.39750553,345.5131259,-76.70634983
0.05336746538,0.09417788008,2.300716483,-3.205209236,1,73.18707194,3.94546101,113.6309238,0,204.9405269,362.688129,-54.32901085
0.05336746538,0.09804158798,1.786988669,-3.977376859,1,-181.1742915,4.360373284,13.38873943,19.38675852,-57.26465629,233.3109752,-65.80617685
0.05336746538,0.1019052959,1.379458036,-4.054924516,1,-156.4664754,4.28314339,143.1178662,7.116335498,-6.500493794,190.2335496,-71.21204119
0.05336746538,0.1057690038,1.157331903,-4.159418097,1,-191.3595885,4.317427016,165.0104016,10.90080858,10.28695208,226.7245176,-74.4511086
0.05336746538,0.1096327117,0.67984626,-4.293369833,1,-363.9263483,4.346862715,110.8562104,38.85049572,-47.15844933,217.3532194,-81.00204026
0.05336746538,0.1134964196,-0.4309796776,-4.570891432,1,-256.0770066,4.591164554,391.1717895,0,74.41191382,-193.2503759,-95.38637345
0.05336746538,0.1173601275,-0.02205459438,-2.035333295,1,-80.74450235,2.035452782,411.1301831,0,192.4798565,-279.2175954,-90.62082497
0.05336746538,0.1212238354,NaN,NaN,0,-53.74511155,1.903589407,74.30110251,0,65.54087254,6.105455803,-89.97793477
0.05723117328,0.01690372206,NaN,NaN,0,-6.936031602,0.1567196712,-17.00386677,0,20.90857565,-4.160237291,-25.31089816
0.05723117328,0.02076742997,NaN,NaN,0,-1.25286617,0.1920381868,-11.7810117,0,16.89415734,3.387628834,-28.5616864
0.05723117328,0.02463113787,NaN,NaN,0,1.354375505,0.2379610503,-5.587979225,0,11.27272774,12.10520588,-31.86080984
0.05723117328,0.02849484577,NaN,NaN,0,0.5448686805,0.2700795666,-4.900724278,0,3.961063462,11.89197858,-36.37505271
0.05723117328,0.03235855367,NaN,NaN,0,2.391091036,0.29064602,-5.019038186,0,-1.603351185,6.28300901,-40.95056811
0.05723117328,0.03622226157,NaN,NaN,0,6.214634891,0.3002862701,-3.01528006,0.6108383966,-0.6139141978,-4.108120035,-42.75231604
0.05723117328,0.04008596947,NaN,NaN,0,1.775098016,0.3047180161,6.140665164,0,11.41475103,-6.369200224,-37.68239437
0.05723117328,0.04394967737,NaN,NaN,0,-8.845847145,0.3128479236,13.26642403,0,23.98116052,-2.126751229,-29.80669471
0.05723117328,0.04781338527,0.2996357426,-0.1267944805,1,-11.13279455,0.3253589072,-6.710251115,0,13.81212709,36.90355232,-22.93623811
0.05723117328,0.05167709317,0.28181261,-0.3240199885,1,-8.89780272,0.4294267109,-16.69890604,0,-2.213713103,80.88711567,-48.98526499
0.05723117328,0.05554080107,0.2567040911,-0.5038383635,1,-15.20147896,0.5654644878,-28.78045245,0,11.6099554,75.47124019,-63.00129802
0.05723117328,0.05940450897,0.267936012,-0.726818077,1,-37.6738542,0.7746316696,111.4362178,0,12.06358843,118.2289257,-69.76397119
0.05723117328,0.06326821687,0.157753505,-0.5300834026,1,-86.05276901,0.5530592934,209.0357896,0,-27.04368659,105.1058933,-73.42692684
0.05723117328,0.06713192477,-0.169035657,-0.3252633154,1,5.680857145,0.3665641522,4.096808564,0,61.02268504,179.0288104,-117.4603883
0.05723117328,0.07099563267,0.4154765079,-1.20596956,1,117.0837969,1.275532559,46.59303583,0,151.4717314,229.2120556,-70.9903212
0.05723117328,0.07485934057,0.8685844597,-1.030849865,1,144.8578842,1.347994958,147.6728964,0,142.3217717,192.1075799,-49.88282459
0.05723117328,0.07872304847,1.525054813,-1.377652198,1,137.522734,2.055168548,-120.1345191,0,207.3380496,-45.93497307,-42.09295518
0.05723117328,0.08258675637,2.201025794,-1.317535237,1,67.28458589,2.565231694,-159.6105903,0,134.4146775,0.2451405951,-30.90476209
0.05723117328,0.08645046427,2.304361851,-1.995288048,2,26.02093261,3.048156481,-48.64285077,0,88.44009308,221.9898395,-40.88845196
0.05723117328,0.09031417218,2.643269763,-2.363180901,1,8.026030717,3.545630975,161.1843862,0,169.2506767,456.2815926,-41.7978915
0.05723117328,0.09417788008,2.989307266,-3.135457456,1,-74.86410208,4.332095496,-52.53781918,4.30982419,37.32482049,275.0210906,-46.36694235
0.05723117328,0.09804158798,2.498228944,-3.628772848,1,-224.0520781,4.405580579,72.93813589,23.96393258,3.24090832,227.9644547,-55.45452934
0.05723117328,0.1019052959,2.136157405,-3.734433869,1,-203.8461397,4.302227885,201.044707,0,73.43001307,203.3591817,-60.22973567
0.05723117328,0.1057690038,1.994339125,-3.637715302,1,-266.9448856,4.148537232,279.8057082,0,98.74842156,188.7824929,-61.26670773
0.05723117328,0.1096327117,1.486295398,-3.382746753,1,-394.0378385,3.694868009,297.3912323,28.91212875,38.89569302,233.7804391,-66.28049917
0.05723117328,0.1134964196,0.622173612,-3.391941778,1,-393.6772452,3.448531431,556.6305403,0,101.5262858,109.7974696,-79.60595159
0.05723117328,0.1173601275,0.357509428,-1.656314287,1,-150.1251514,1.694458619,266.9274143,0,32.43692044,-194.9780073,-77.81977699
0.05723117328,0.1212238354,NaN,NaN,0,-132.2263378,1.615974403,31.25063493,0,33.84997567,5.865622799,-84.05185777
0.06109488118,0.01690372206,NaN,NaN,0,-7.762320147,0.08729607094,-35.40939403,0,39.8231103,-8.77137713,-0.5281041481
0.06109488118,0.02076742997,NaN,NaN,0,7.11981687,0.1581170486,-20.28040428,0,28.1967432,6.962504378,-19.30207637
0.06109488118,0.02463113787,NaN,NaN,0,6.9158576,0.247611275,0.06423269203,0,15.95705582,26.83534558,-25.36262666
0.06109488118,0.02849484577,NaN,NaN,0,-1.494062815,0.2840743022,-4.059507199,0,1.171877636,21.98467959,-33.2367633
0.06109488118,0.03235855367,NaN,NaN,0,2.183660766,0.3036895526,-7.807650564,0,-12.71883468,12.06888432,-42.89035957
0.06109488118,0.03622226157,0.1968985485,-0.2324982535,1,2.092067858,0.3046710953,7.512989349,0,1.374326139,-0.8858291215,-49.73934302
0.06109488118,0.04008596947,0.2358935394,-0.1742398005,1,5.793911716,0.2932665511,31.3085397,0,19.34930579,-5.295961832,-36.45096315
0.06109488118,0.04394967737,0.2940445966,-0.09106915177,1,5.361816125,0.3078243252,16.71744386,0,30.72150887,10.2518858,-17.20838259
0.06109488118,0.04781338527,0.3753089673,-0.1492587727,1,20.04866754,0.4038997427,4.620124634,0,31.61999356,62.39814025,-21.68750439
0.06109488118,0.05167709317,0.4936772107,-0.3143065272,1,-31.79383921,0.5852399349,12.19015864,0,36.49349756,58.0595091,-32.4834414
0.06109488118,0.05554080107,0.3934670743,-0.3264845445,1,-8.515231649,0.5112812302,17.88460709,0,146.5710324,3.129403177,-39.68464275
0.06109488118,0.05940450897,1.027084499,-0.2572967292,1,59.83161104,1.058822069,48.73666731,0,188.7670931,52.22053767,-14.06383618
0.06109488118,0.06326821687,1.353979851,-0.3399452019,1,-39.66071941,1.396002929,154.6499406,0,1.235869926,177.9204066,-14.09398808
0.06109488118,0.06713192477,0.8786221041,-0.3472070124,1,-22.7515483,0.9447378003,145.0360051,0,-9.383996831,234.6635236,-21.56255314
0.06109488118,0.07099563267,1.229817492,-0.6862397533,1,-4.119203447,1.408323848,42.64360277,0,216.0681337,180.1231625,-29.16157381
0.06109488118,0.07485934057,1.69753086,-0.8783878736,1,72.57744139,1.911328407,57.43454398,0,157.28946,190.3085763,-27.35931924
0.06109488118,0.07872304847,2.117956055,-1.199626202,1,-0.8679018473,2.434099602,11.70462669,0,83.73287517,250.8082638,-29.52754127
0.06109488118,0.08258675637,2.017696912,-1.802214485,1,80.23186672,2.705379434,0.7260352845,8.653602957,24.20173534,215.5474311,-41.77134846
0.06109488118,0.08645046427,2.521456988,-2.029633326,1,101.1974091,3.236843645,48.14939742,0,178.4293546,200.840325,-38.83214076
0.06109488118,0.09031417218,3.098093049,-2.392167628,1,20.78241738,3.914159744,-41.59658766,0,144.5690751,150.4755623,-37.67323647
0.06109488118,0.09417788008,3.160326856,-2.771744009,1,-131.4351257,4.203597351,-79.6820375,5.398530316,92.99933632,103.3068273,-41.25216986
0.06109488118,0.09804158798,2.949588386,-3.099183151,1,-205.5295004,4.27843521,96.63565141,11.70224812,149.0111699,151.4706571,-46.41671772
0.06109488118,0.1019052959,2.941956536,-2.983610454,1,-204.0969889,4.190112122,321.226855,0,208.8156303,229.9422176,-45.40275545
0.06109488118,0.1057690038,2.967819838,-2.746485977,1,-215.2490463,4.043654264,312.8283914,0,160.9441926,218.8851286,-42.78185482
0.06109488118,0.1096327117,2.732138443,-2.620641127,1,-267.0575291,3.785807759,341.6612213,0,53.81254014,318.6480064,-43.80671306
0.06109488118,0.1134964196,2.143903489,-2.657569637,1,-456.1513454,3.414527573,505.2172937,0,-184.7360118,171.166588,-51.10633199
0.06109488118,0.1173601275,0.255936898,-1.329966776,1,-292.1207395,1.354368975,316.6104762,0,-225.4556584,-44.6100848,-79.10724208
0.06109488118,0.1212238354,NaN,NaN,0,-127.1257111,1.270124207,-2.891531097,0,69.25517347,-38.11566106,-83.4837762
0.06495858908,0.01690372206,NaN,NaN,0,-9.068235592,0.1204050796,-81.96047362,0,84.76652216,-16.0998359,103.9500758
0.06495858908,0.02076742997,NaN,NaN,0,38.59379374,0.1176698711,-40.65494831,0,48.12784687,13.05792446,-5.060444011
0.06495858908,0.02463113787,0.3060402714,-0.09067698012,1,9.450196483,0.3191911065,-7.832818938,0,34.41997905,28.27135204,-16.50408277
0.06495858908,0.02849484577,0.2867127612,-0.1498752331,1,-14.08584351,0.3235224767,22.06559404,0,-4.046568854,62.80199056,-27.59771231
0.06495858908,0.03235855367,0.2359819265,-0.2480705172,1,-10.13669232,0.3423834855,41.48773175,0,-0.3735799916,56.17346112,-46.43059145
0.06495858908,0.03622226157,0.2461041391,-0.2066166016,1,-6.942274051,0.3213373108,50.78751487,0,34.29433886,21.23678538,-40.01512167
0.06495858908,0.04008596947,0.3416623154,-0.1338951302,1,-16.18397392,0.3669619103,28.29341919,0,49.71599241,-10.29388066,-21.39987395
0.06495858908,0.04394967737,0.3756620638,-0.05752654634,1,4.635380975,0.3800411684,20.54148814,0,51.50561941,7.132380931,-8.706284889
0.06495858908,0.04781338527,0.5585747421,-0.08208625672,1,-2.139461883,0.5645740838,20.56729736,0,48.0991325,21.25345677,-8.360154229
0.06495858908,0.05167709317,0.5532368063,-0.06017766587,1,-83.28208063,0.5565000587,27.20868473,8.398418255,26.16631019,-18.72023155,-6.207872728
0.06495858908,0.05554080107,0.3378960886,0.09536965998,1,-52.90784398,0.3510970503,-9.554506723,0,80.02385765,34.04904067,15.76148248
0.06495858908,0.05940450897,0.6580051625,-0.2286490364,1,108.9910782,0.6965997242,-116.0397443,0,176.954993,4.942638247,-19.16173664
0.06495858908,0.06326821687,1.442708183,-0.3720709273,1,42.49855558,1.489913983,6.793101046,0,123.1473126,18.43113526,-14.46132541
0.06495858908,0.06713192477,1.298012412,-0.2736150011,1,-68.70107876,1.326537369,96.17107679,0,25.60103901,91.81233083,-11.90341843
0.06495858908,0.07099563267,1.276182219,-0.3552300061,1,-13.17657069,1.324699744,27.21320016,0,149.7756905,138.4877528,-15.55473909
0.06495858908,0.07485934057,1.825791511,-0.7035473695,1,97.40247184,1.956653659,44.566178,0,229.5233092,224.5874217,-21.07358391
0.06495858908,0.07872304847,2.539327942,-1.050779507,1,118.6926266,2.74814919,30.3511368,0,194.698503,245.2928328,-22.47987975
0.06495858908,0.08258675637,3.036643294,-1.534019298,1,19.25280066,3.40211959,39.13116956,0,168.9232946,206.3557319,-26.80150915
0.06495858908,0.08645046427,3.266385408,-1.69688637,1,-86.75937507,3.68085547,70.94371931,0,93.82590907,161.7596205,-27.45186499
0.06495858908,0.09031417218,3.063946318,-1.884905413,1,-151.5614162,3.597309474,-36.92317682,11.81178609,103.4731911,110.9715131,-31.59936325
0.06495858908,0.09417788008,3.080586553,-2.268308252,1,-97.0199747,3.825602676,-17.65480338,0,198.7080269,79.15009388,-36.36508878
0.06495858908,0.09804158798,3.456839248,-2.25893126,1,-40.60731095,4.12946825,108.5120721,0,347.340424,75.06023367,-33.16330132
0.06495858908,0.1019052959,4.265713705,-2.13906012,1,-111.0034165,4.771990319,144.3044905,0,264.1945015,124.9663964,-26.63166873
0.06495858908,0.1057690038,4.048724854,-2.184214513,1,-178.3273196,4.600322378,170.5193209,0,119.2710108,171.5386557,-28.34606631
0.06495858908,0.1096327117,4.037537378,-2.142998531,1,-257.6412118,4.571012009,199.4313487,17.66497005,47.16942794,240.5984609,-27.95796413
0.06495858908,0.1134964196,3.235523359,-2.343272209,1,-486.4001306,3.994938805,299.9738449,37.34070425,-194.0596652,107.3457623,-35.91328948
0.06495858908,0.1173601275,1.408439489,-1.398739887,1,-383.4808082,1.984987422,368.2014314,0,-451.5984966,-18.66954111,-44.8020276
0.06495858908,0.1212238354,NaN,NaN,0,-540.3963942,0.8485637268,-73.66080325,0,-183.9951351,-358.4774223,-89.39089257
0.06882229698,0.01690372206,-0.2915840298,0.3617454848,1,-36.20841274,0.4646300057,-98.23670726,0,209.1957742,97.00271889,128.8704627
0.06882229698,0.02076742997,0.04260228783,-0.0154285719,1,44.37816381,0.04530999624,-45.93697057,0,109.4372389,50.17091328,-19.90803659
0.06882229698,0.02463113787,0.3027137568,-0.009587305352,1,47.37032842,0.3028655394,-12.45936196,0,87.96719345,13.80652939,-1.81401924
0.06882229698,0.02849484577,0.5655069403,-0.1169123039,1,21.03532016,0.5774656581,1.865510811,0,55.86515442,43.11636784,-11.68070896
0.06882229698,0.03235855367,0.599834728,-0.1689685676,1,-50.99307371,0.6231790094,53.12348714,0,27.61461545,41.80268378,-15.73209669
0.06882229698,0.03622226157,0.4751794064,-0.07317202646,1,-108.8298863,0.4807802136,144.5102529,0,32.63462595,79.97458039,-8.754113149
0.06882229698,0.04008596947,0.3054384986,0.08037842006,1,-64.34035706,0.315837564,81.94370442,0,45.13314338,39.70557735,14.74353964
0.06882229698,0.04394967737,0.4009683432,0.09002375877,1,-27.40037732,0.410949984,40.89978833,0,87.30491791,50.09560222,12.65397907
0.06882229698,0.04781338527,0.5368921454,0.04484848129,1,-8.290585789,0.5387620644,58.43052389,0,40.77383099,53.63038712,4.775031246
0.06882229698,0.05167709317,0.5264741143,0.1085700851,1,-28.16336774,0.5375522825,77.64547575,0,15.5368059,40.82171896,11.65225377
0.06882229698,0.05554080107,0.4881067987,0.1871247213,1,-17.67736331,0.5227465048,-7.729378232,0,36.14760479,18.99989395,20.97524505
0.06882229698,0.05940450897,0.5978377322,0.005295985039,1,39.41755977,0.5978611892,-106.4844205,0,209.9108467,-50.71760557,0.5075451712
0.06882229698,0.06326821687,1.451438933,-0.02834196218,1,44.85496237,1.45171562,-105.3407392,0,215.8007018,-108.4084763,-1.118661236
0.06882229698,0.06713192477,1.604935081,0.01714882507,1,-23.57411391,1.605026697,-12.62861454,0,131.9152855,-5.304600213,0.6121854531
0.06882229698,0.07099563267,1.870037573,-0.0566398142,1,69.03396137,1.870895132,25.04884184,0,224.0851609,124.709682,-1.734847762
0.06882229698,0.07485934057,2.73746175,-0.3679115503,1,106.9616574,2.762074536,-30.72022703,0,232.8482605,189.1001901,-7.654614909
0.06882229698,0.07872304847,3.182963838,-0.9059616965,1,-23.7528402,3.309384442,-74.44853291,0,82.95111537,147.1054476,-15.88785488
0.06882229698,0.08258675637,2.966186593,-1.223931415,1,-50.27360255,3.2087803,-76.27310402,0,111.7665748,33.96888402,-22.42241088
0.06882229698,0.08645046427,3.42055472,-1.331904537,1,-5.649115306,3.670717136,-2.551599583,0,113.8373138,44.77521465,-21.27507358
0.06882229698,0.09031417218,3.384194191,-1.406788401,1,-68.95427909,3.664945283,52.66347813,0,63.09772234,129.5929106,-22.57235108
0.06882229698,0.09417788008,3.397926696,-1.629137393,1,-76.28473596,3.768288003,75.93347038,0,147.3729161,126.0092076,-25.61540832
0.06882229698,0.09804158798,3.658858154,-1.600266423,1,-55.45406825,3.993506681,59.03847576,0,206.7113341,34.40356506,-23.62301562
0.06882229698,0.1019052959,3.982340589,-1.533955294,1,-51.62868013,4.267558483,-73.25111997,0,214.8329923,-74.18635273,-21.06615484
0.06882229698,0.1057690038,4.289431944,-1.596652957,1,-89.85063468,4.576956092,-13.58267896,0,206.3047037,-37.13866358,-20.41674932
0.06882229698,0.1096327117,4.432285095,-1.44294185,1,-207.0120179,4.661247939,-14.57727329,22.38673799,59.0286596,-32.3326232,-18.03279282
0.06882229698,0.1134964196,3.717667473,-1.528051471,1,-516.1668359,4.019451796,37.08469877,52.91072067,-215.2184406,75.96232123,-22.34385078
0.06882229698,0.1173601275,1.606426024,-1.593153627,1,-718.3074771,2.262463933,394.3812038,0,-638.7267536,-30.90015092,-44.76232879
0.06882229698,0.1212238354,-1.525516405,0.1151114592,1,-899.4881696,1.529853245,541.4391429,0,-721.7225998,-342.8228821,175.6847886
0.07268600488,0.01690372206,-0.03379458714,1.065023967,1,-81.23225491,1.065560005,-206.5891544,0,167.8664036,219.9617071,91.81745932
0.07268600488,0.02076742997,0.1335699353,0.24099,1,0.1241306599,0.2755305931,-117.1804815,0,89.17866574,141.3397132,61.00236492
0.07268600488,0.02463113787,0.3112453328,0.06617744807,1,24.87518221,0.3182029413,-44.23144301,0,59.74292927,22.10196879,12.00355955
0.07268600488,0.02849484577,0.4605096011,-0.01530292726,1,26.40591905,0.4607637923,-26.8899331,0,49.04067207,-24.16436071,-1.903262433
0.07268600488,0.03235855367,0.602748923,0.05564663247,1,55.58480622,0.6053121607,66.64310642,0,113.4078761,-25.30584221,5.274675472
0.07268600488,0.03622226157,1.113447963,0.339960952,1,-27.13390552,1.164190627,130.2261084,0,81.20908118,69.8095676,16.97862077
0.07268600488,0.04008596947,0.8116796064,0.2890784984,1,-118.2695224,0.86162066,194.1338209,0,18.31209815,182.3057381,19.60328204
0.07268600488,0.04394967737,0.7272416732,0.3856612091,1,-85.86029237,0.823173748,345.1276447,0,132.412922,392.1276211,27.93731169
0.07268600488,0.04781338527,0.9915453693,0.107484318,1,-24.52520407,0.9973540485,205.9754238,0,97.95667884,277.6667048,6.186751238
0.07268600488,0.05167709317,1.010959442,0.1086670403,1,-116.7111483,1.016782927,94.36379434,6.217052299,-41.19501738,43.67432673,6.135111449
0.07268600488,0.05554080107,0.3814420692,0.3033336145,1,-156.379511,0.4873492935,1.17549462,14.29103368,-92.17369609,-82.01407128,38.49272146
0.07268600488,0.05940450897,0.05062245233,0.4300872233,1,-26.48654058,0.4330561768,-54.27188268,0,87.41288048,-50.41027148,83.28701546
0.07268600488,0.06326821687,0.6168436501,0.2884134768,1,76.24596195,0.6809393675,-112.5771074,0,228.6687176,-85.93518562,25.05906693
0.07268600488,0.06713192477,1.228723709,0.3271506197,1,100.6075693,1.271530369,-47.05308264,0,219.8001303,-35.5172887,14.90925425
0.07268600488,0.07099563267,1.85480541,0.2438425386,1,119.3117611,1.870765163,-64.59951896,0,193.6005366,76.27783002,7.489456508
0.07268600488,0.07485934057,2.437725425,-0.2171583065,1,89.44844298,2.447378798,-152.234063,0,160.375729,76.13442465,-5.090605212
0.07268600488,0.07872304847,2.820053038,-0.6385065913,1,19.16650738,2.891433866,-135.8437437,0,93.54043918,42.94437804,-12.75760979
0.07268600488,0.08258675637,2.873192145,-0.907943385,1,23.51300181,3.013236515,-67.55315193,0,134.2297938,86.88893689,-17.5368021
0.07268600488,0.08645046427,3.429525123,-1.23522571,1,80.88067945,3.645192056,-65.98613178,0,150.7464633,54.81794529,-19.80770046
0.07268600488,0.09031417218,3.768131767,-1.374695052,1,16.33863746,4.011060146,26.50202469,0,95.29220037,70.22549163,-20.04305089
0.07268600488,0.09417788008,3.860834073,-1.404160415,1,-68.95580184,4.108248558,81.07733176,0,81.82950611,47.76882809,-19.98599988
0.07268600488,0.09804158798,3.817872,-1.246000723,1,-108.6345384,4.016050847,65.67590126,6.333159585,65.98750068,-10.57995751,-18.07461166
0.07268600488,0.1019052959,3.696058377,-1.109530051,1,-80.67050836,3.85900304,12.14292866,0,89.69820998,-41.1851014,-16.70937733
0.07268600488,0.1057690038,3.852752402,-1.039956792,1,-92.48486143,3.99064045,-66.2154383,0,133.9561288,-64.7751086,-15.10560588
0.07268600488,0.1096327117,3.85629124,-1.115095064,1,-117.8810455,4.014276913,-109.5838319,0,71.17762417,-73.20977661,-16.12788979
0.07268600488,0.1134964196,3.672304024,-1.180495517,1,-235.5404373,3.857380783,4.733279538,26.35385865,-34.52840911,-1.434849096,-17.82047385
0.07268600488,0.1173601275,2.812824105,-1.091263217,1,-473.7495525,3.017090461,363.8524815,14.31294577,-275.7605116,100.1643345,-21.20426074
0.07268600488,0.1212238354,0.7764160678,-0.1616815399,1,-455.5117734,0.7930717689,797.2748179,0,-598.60934,316.0885064,-11.76321021
0.07654971278,0.01690372206,-0.2399163924,1.32418994,1,152.6570723,1.345748443,-279.9640464,0,41.90364724,235.3636267,100.2694332
0.07654971278,0.02076742997,0.1359465022,0.3286521389,1,81.60258122,0.3556594999,-177.3022916,0,36.71079458,133.0365037,67.52763425
0.07654971278,0.02463113787,0.2172119324,0.1251314844,1,27.94000979,0.2506769075,-74.75332991,0,32.18398658,17.93234351,29.94539099
0.07654971278,0.02849484577,0.368248062,-0.02945822981,1,67.48289003,0.3694244476,-31.19399828,0,72.88432299,-12.89846405,-4.573671557
0.07654971278,0.03235855367,0.7595498423,0.05444288424,1,112.9870557,0.7614985165,58.23364814,0,114.7244558,-38.7953889,4.09982548
0.07654971278,0.03622226157,1.248058828,0.3454336272,1,141.9751303,1.294980783,45.87713783,7.486533443,116.9319042,-97.41708533,15.47084943
0.07654971278,0.04008596947,1.759890997,0.6080899063,1,232.1557626,1.861985407,116.3448806,0,285.8566135,-35.8234741,19.06141462
0.07654971278,0.04394967737,3.249507338,0.9333677016,1,46.23080147,3.380898284,144.5376462,0,120.8763087,167.8331977,16.0258442
0.07654971278,0.04781338527,2.405544059,0.5180826999,1,-405.6319152,2.460701506,192.0595986,36.07768041,-161.1019843,330.0165452,12.15415681
0.07654971278,0.05167709317,1.059813093,0.400342357,1,-406.0950009,1.13290679,127.8071332,39.0810648,-171.0122662,149.2594444,20.69396148
0.07654971278,0.05554080107,0.1757701514,0.4351972358,1,-145.6698687,0.4693525116,35.99036644,13.26569499,-78.58016508,24.33634853,68.0068981
0.07654971278,0.05940450897,0.1933764661,0.445370078,1,50.54024379,0.4855398687,132.794219,0,81.11444636,100.3440933,66.52986305
0.07654971278,0.06326821687,0.6844454178,0.560575043,1,77.22029439,0.8847089402,66.52462697,0,205.5471526,58.16374993,39.31818997
0.07654971278,0.06713192477,1.285907285,0.4776740647,1,125.274224,1.371761662,7.912405377,0,193.2575516,93.37039982,20.37844614
0.07654971278,0.07099563267,1.915159156,0.2303903147,1,139.5647223,1.928967156,-25.61260166,0,160.0251329,122.3135135,6.859619287
0.07654971278,0.07485934057,2.443434976,-0.09386923496,1,86.09259752,2.445237394,-94.37457324,0,149.1396437,125.3606876,-2.200045226
0.07654971278,0.07872304847,2.824027825,-0.6186025487,1,80.44299259,2.890986383,-13.34153639,3.177414563,74.19070587,168.4229381,-12.35547559
0.07654971278,0.08258675637,3.040894418,-0.7961540712,1,95.19916689,3.143389917,-16.0494957,9.120221153,48.02498454,98.70064025,-14.67162073
0.07654971278,0.08645046427,3.37740411,-1.061963556,1,11.29464816,3.54042725,-19.58791234,0,174.2852817,59.50213101,-17.45481042
0.07654971278,0.09031417218,3.75792106,-1.101734897,1,-40.96811738,3.916093777,46.65453587,0,175.125907,42.66444431,-16.33990781
0.07654971278,0.09417788008,3.895750622,-1.046547007,1,-95.7609676,4.033873268,57.18252102,0,125.2175752,11.58978212,-15.03682054
0.07654971278,0.09804158798,3.871732787,-0.9255778711,1,-107.7615461,3.980830211,64.76219835,0,101.1304793,20.54387727,-13.44481769
0.07654971278,0.1019052959,3.870130117,-0.8757003307,1,-91.87771625,3.967966506,71.31550932,0,68.99553773,18.56132535,-12.74970836
0.07654971278,0.1057690038,3.783322733,-0.7217511137,1,-106.7794649,3.851552359,43.37975209,7.749576454,69.48209814,1.133816138,-10.80063863
0.07654971278,0.1096327117,3.726023986,-0.7124743742,1,-114.4816324,3.793530609,18.53415631,5.773568912,100.7872515,26.20776843,-10.82518097
0.07654971278,0.1134964196,3.730411645,-0.7513997094,1,-149.670042,3.805334751,-23.53257292,15.01290411,65.09518991,6.414678298,-11.38843994
0.07654971278,0.1173601275,3.399251462,-0.8281818053,1,-225.0358803,3.498684839,109.3634755,22.11136537,-21.93345661,28.19171568,-13.6925797
0.07654971278,0.1212238354,2.776194267,-0.4377757396,1,-139.1523128,2.810498569,380.9048962,0,-183.36544,178.8160862,-8.961134025
0.08041342068,0.01690372206,-0.206117581,0.6371050834,1,218.3470894,0.669617312,-123.8891966,0,-131.0436772,170.938388,107.927541
0.08041342068,0.02076742997,-0.03746013907,0.06754124929,1,96.27090381,0.07723394574,-97.73564633,0,-19.18867415,45.78714652,119.0138936
0.08041342068,0.02463113787,0.09170563876,0.08257493474,1,59.4218091,0.1234039871,-24.08858608,5.433958084,25.36962794,-8.048393881,42.00096842
0.08041342068,0.02849484577,0.2901492061,0.005566631949,1,57.52677681,0.2902026002,-9.749777574,0,94.17905996,-4.517628498,1.099108274
0.08041342068,0.03235855367,0.6778526788,0.06235943902,1,55.37902919,0.6807150313,15.47865606,0,106.1661679,-46.02563345,5.25616287
0.08041342068,0.03622226157,0.9143126605,0.2432012413,1,63.64991971,0.9461049017,15.76873105,3.835732739,51.50840324,-96.61126043,14.89540315
0.08041342068,0.04008596947,1.122790801,0.4965629,1,145.9405424,1.227694545,-12.21364531,9.614520029,118.0128248,-123.7304615,23.85778045
0.08041342068,0.04394967737,1.934151371,0.6740696449,1,281.4946949,2.048245935,-75.79508575,19.85638649,206.6126719,-219.6241894,19.21391854
0.08041342068,0.04781338527,3.008695091,1.052276544,1,-53.84452547,3.187402088,133.924841,0,91.97173386,45.17889448,19.27703735
0.08041342068,0.05167709317,2.081463767,1.01695806,1,-379.8777829,2.316612853,12.62641143,33.30279236,-239.7778116,139.3771711,26.03913164
0.08041342068,0.05554080107,0.6145268745,0.5625486323,1,-204.0630005,0.8331291876,66.67935001,19.39075935,-88.41847184,187.9983163,42.47152977
0.08041342068,0.05940450897,0.9514007916,0.5482170113,1,7.548706922,1.098046155,153.4941807,0,117.7392949,96.11863725,29.95144479
0.08041342068,0.06326821687,1.098603117,0.7842309728,1,46.98589258,1.34979518,69.53829959,0,126.0732798,58.77109628,35.5209067
0.08041342068,0.06713192477,1.620050883,0.5898183398,1,114.1008798,1.724079621,-1.382781308,0,178.3193547,118.0194603,20.00524765
0.08041342068,0.07099563267,2.228429487,0.3228955886,1,87.26912499,2.251701477,-44.57745133,0,155.3464818,101.2361791,8.244678751
0.08041342068,0.07485934057,2.55744672,0.02643706386,1,116.3995184,2.55758336,-154.1021792,0,191.8051436,100.9790057,0.5922618911
0.08041342068,0.07872304847,3.419242275,-0.6626636009,1,46.1378269,3.482863876,-179.3174091,0,118.2341498,109.6919411,-10.96819114
0.08041342068,0.08258675637,3.192532025,-1.090210646,1,0.3894662058,3.373547093,11.49556868,0,42.18614636,-3.305262781,-18.85440856
0.08041342068,0.08645046427,3.583742005,-0.6054775114,1,-121.5808707,3.6345302,80.96660595,0,359.8758491,-61.49752367,-9.589631261
0.08041342068,0.09031417218,4.113234216,-0.5397708629,1,-66.60519736,4.148499524,39.90926177,0,207.0941197,25.6448195,-7.476082422
0.08041342068,0.09417788008,4.126550164,-0.5503638731,1,-124.5024271,4.163089796,99.88300645,0,133.3632268,73.77650174,-7.596787692
0.08041342068,0.09804158798,4.147469758,-0.4389029544,1,-136.1552531,4.170628394,70.916453,2.185024054,114.6127469,54.76588301,-6.040801061
0.08041342068,0.1019052959,4.043316213,-0.4879627883,1,-119.5775611,4.072654378,36.00488502,8.229421178,87.81275528,15.30731734,-6.881393293
0.08041342068,0.1057690038,4.024739827,-0.3589335986,1,-94.02199751,4.040713304,225.9806653,0,90.35835496,173.025365,-5.096259231
0.08041342068,0.1096327117,4.029160968,-0.2833589765,1,-136.6143437,4.039112578,98.25424444,10.25069495,28.27945954,96.12463083,-4.022819327
0.08041342068,0.1134964196,3.606165479,-0.3507053936,1,-180.3424548,3.623178678,-23.37978845,20.22731648,3.086874802,-17.38145685,-5.554638977
0.08041342068,0.1173601275,3.344297184,-0.3065347777,1,-214.8926619,3.358316129,-21.60254622,23.71176448,42.22147485,-26.31233414,-5.237037777
0.08041342068,0.1212238354,2.93901445,-0.3325081489,1,-159.6365165,2.957763953,-104.6825595,0,-50.15301446,-91.23776927,-6.454765212
0.08427712858,0.01690372206,-0.05813205985,-0.02575392553,1,66.123121,0.06358145219,77.99640449,0,-69.55778391,125.4617003,-156.105485
0.08427712858,0.02076742997,-0.06476732696,-0.1174499447,1,31.88515341,0.1341241818,29.33252005,1.1527203,7.242051024,24.33272994,-118.8743724
0.08427712858,0.02463113787,0.09304402903,-0.006436196977,1,54.03824099,0.09326637106,45.42729208,0,43.76684912,-13.9988956,-3.957055889
0.08427712858,0.02849484577,0.3131229724,0.1121554862,1,41.33330784,0.3326031403,42.25149501,0,100.6239078,-24.29229066,19.70668686
0.08427712858,0.03235855367,0.6415252445,0.2506695534,1,47.56473797,0.6887596564,22.67422733,0,113.5716502,-25.56101009,21.34257419
0.08427712858,0.03622226157,0.9357069086,0.2985223541,1,52.13033466,0.9821725992,43.15567051,0,101.3795704,-21.42369637,17.694453
0.08427712858,0.04008596947,1.234642677,0.5001853635,1,138.2064264,1.332114086,54.70469611,0,165.2292039,-34.72315208,22.05412981
0.08427712858,0.04394967737,2.108093551,0.6440454377,1,237.3589425,2.204280596,24.1997112,0,244.79601,-126.2487142,16.98848018
0.08427712858,0.04781338527,3.097548576,1.081474133,1,-29.55323155,3.280913514,-131.4779577,0,-89.75781026,-208.5030054,19.2460719
0.08427712858,0.05167709317,1.647110536,0.941647723,1,-234.5637282,1.897280568,-63.34287796,0,-266.9696081,-11.71883613,29.75646273
0.08427712858,0.05554080107,1.159770263,0.8820139149,1,-117.171703,1.457057174,123.0600349,0,-9.469095408,141.3154003,37.25325889
0.08427712858,0.05940450897,1.157807483,0.8711143234,1,-60.65055212,1.448916261,-31.03862384,0,65.93697187,-26.93160816,36.95716981
0.08427712858,0.06326821687,1.180195444,0.866145606,1,58.10092797,1.463922641,-60.04739487,0,91.69038007,-22.4361589,36.27495071
0.08427712858,0.06713192477,1.736557343,0.7257954938,1,90.57496025,1.882129248,-87.70457879,0,156.3061473,8.763446042,22.6825268
0.08427712858,0.07099563267,2.13407193,0.4934213363,1,19.28678504,2.190371571,-90.12684981,0,110.5432178,46.6121151,13.01865717
0.08427712858,0.07485934057,2.238182551,0.1974760748,1,-1.047693108,2.246877374,-27.8749111,0,109.9957386,187.8413837,5.042181283
0.08427712858,0.07872304847,2.555015354,-0.3400434161,1,-69.7738023,2.577543983,-21.37406752,0,285.7209801,193.999352,-7.580865662
0.08427712858,0.08258675637,3.072539368,-0.6346639079,1,-98.30436056,3.137402818,311.4041233,0,330.6230622,16.79386247,-11.67087964
0.08427712858,0.08645046427,3.452626957,0.7982445763,1,-77.61297872,3.543702486,34.8383884,0,320.556684,-117.9742051,13.01800418
0.08427712858,0.09031417218,4.011202881,-0.04424068305,1,-51.73091533,4.011446845,-132.3221991,0,340.0791308,87.27877514,-0.6319056207
0.08427712858,0.09417788008,4.566720235,-0.05022944288,1,-95.28410375,4.566996464,-84.22813702,0,184.8689661,-106.8895589,-0.6301719589
0.08427712858,0.09804158798,4.357332622,0.04331643158,1,-217.719494,4.357547922,-214.6910771,0,88.74112144,-208.4340606,0.5695610543
0.08427712858,0.1019052959,4.068385478,-0.07440472699,1,22.6804795,4.069065797,-154.4906863,0,227.7610363,-140.8572228,-1.047737895
0.08427712858,0.1057690038,5.324965485,-0.009359289086,1,51.24401659,5.32497371,-230.4618735,0,54.52528959,-230.2112964,-0.1007043545
0.08427712858,0.1096327117,4.477047182,-0.07537288384,1,-203.7246556,4.477681604,-601.828902,0,-249.737001,-593.204267,-0.9645062971
0.08427712858,0.1134964196,3.5729221,-0.04268235961,1,-240.9276188,3.573177034,-18.55906997,25.3768596,-85.94098886,-80.83215223,-0.6844265491
0.08427712858,0.1173601275,3.21412236,0.1652321161,1,-311.5252982,3.218366697,-38.88530601,33.43181042,-90.60312214,-46.11123839,2.942879936
0.08427712858,0.1212238354,2.019215345,-0.01476346758,1,-372.5347724,2.019269316,-183.1365723,0,-245.9938774,-89.96411294,-0.4189099061
0.08814083648,0.01690372206,0.5799851058,0.1128736991,1,-165.2651169,0.5908664781,156.9911659,0,-47.01718038,229.7431455,11.01294692
0.08814083648,0.02076742997,0.1698867113,-0.02767250008,1,-75.71248911,0.1721257155,67.17203713,3.298945527,-19.2349895,85.28531694,-9.251541595
0.08814083648,0.02463113787,0.2131357825,0.04288927684,1,6.109589391,0.2174082608,63.30528376,0,42.97580201,-4.58822633,11.37767022
0.08814083648,0.02849484577,0.3595383258,0.2346481912,1,35.65142031,0.429333881,46.18576787,0,81.73923721,-24.86038717,33.12997306
0.08814083648,0.03235855367,0.6666989935,0.3173908674,1,76.27508692,0.7383931951,17.88566547,0,89.04288,-33.57725987,25.4574011
0.08814083648,0.03622226157,0.9982786607,0.4334859025,1,36.36108623,1.088333732,34.18506879,0,101.6655635,-39.21078792,23.47209411
0.08814083648,0.04008596947,1.199993651,0.6009710188,1,47.31525008,1.342069643,31.84174696,0,92.85714003,-37.86290097,26.60225074
0.08814083648,0.04394967737,1.539863832,0.7028043014,1,50.43814261,1.692664913,-60.84044488,0,77.70671709,-117.4421923,24.53227781
0.08814083648,0.04781338527,1.695107957,0.8196636375,1,80.56598749,1.88288063,-155.5453418,0,-15.45149024,-204.4483409,25.80592954
0.08814083648,0.05167709317,1.791447229,0.8917512054,1,7.806687345,2.00112553,78.4314639,0,-23.10588359,37.27503732,26.46332154
0.08814083648,0.05554080107,1.635996332,0.978680048,1,-156.3374427,1.906383654,85.88050628,6.084384822,-119.0525475,48.20606861,30.88856114
0.08814083648,0.05940450897,0.7274207482,1.037314228,1,-140.8747852,1.266949783,-1.149114593,13.06295705,-80.69620191,15.58849744,54.95978758
0.08814083648,0.06326821687,0.7799107586,0.9140108042,1,47.35289396,1.201530916,-62.28781906,0,104.7353777,-12.1986854,49.52640543
0.08814083648,0.06713192477,1.315045405,0.8437844464,1,129.0178244,1.562471315,-118.3988299,0,202.3712292,-56.66356906,32.68581452
0.08814083648,0.07099563267,2.060301263,0.675483789,1,200.9855098,2.16820655,-139.8566796,0,280.5377024,-39.35529378,18.1520826
0.08814083648,0.07485934057,3.175510444,0.4554764482,1,186.016497,3.208009566,-24.87232078,0,338.3281842,-34.02948545,8.162495191
0.08814083648,0.07872304847,4.08621595,0.7108643985,1,-123.6394253,4.147588334,96.96352756,0,456.2429153,68.0888867,9.868775903
0.08814083648,0.08258675637,4.460593176,0.5670396261,1,-454.1139088,4.496490345,1.826096603,43.54769158,240.9284201,-55.64961515,7.244697345
0.08814083648,0.08645046427,3.262529494,0.9329337601,1,-247.5247061,3.393296936,-22.72654317,24.80614631,112.5782748,-128.0732962,15.95809965
0.08814083648,0.09031417218,3.939199583,0.974068708,1,-362.4669404,4.05784465,-140.8325157,0,394.9739835,-37.08036509,13.88924561
0.08814083648,0.09417788008,3.388127213,0.532065756,1,-418.7276931,3.429650125,-179.5506684,42.42730421,49.50677906,-120.3077424,8.924743994
0.08814083648,0.09804158798,2.51263782,0.7451713467,1,-258.4590239,2.620806966,-173.474026,15.63604732,132.6863045,-114.5520829,16.51874212
0.08814083648,0.1019052959,2.902178163,0.3044085792,2,-159.863625,2.918099154,-307.6004334,0,90.55078708,-25.1186586,5.987841722
0.08814083648,0.1057690038,2.244833261,-0.3462557182,2,-295.144032,2.271380504,-614.7234601,0,-608.2048704,-416.5858581,-8.768519947
0.08814083648,0.1096327117,-0.5880981278,-0.461137239,1,1294.816925,0.747333233,-693.1177736,37.63163345,-1041.869861,-846.9527442,-141.8994326
0.08814083648,0.1134964196,3.222146829,0.248117673,1,279.004327,3.231685716,49.77668179,0,653.7767176,-211.1595081,4.403305387
0.08814083648,0.1173601275,3.015895364,0.5470439795,1,-324.5379463,3.065107169,71.62809091,35.72486511,-21.84270372,95.36403791,10.28092603
0.08814083648,0.1212238354,1.883833174,0.1564089071,1,-318.7394571,1.890315099,-307.1255411,0,-267.2583556,-104.9181887,4.746207369
0.09200454438,0.01690372206,1.436096354,0.4311215609,1,-270.1580784,1.499412731,-47.81741919,0,-201.830499,123.1887504,16.70995557
0.09200454438,0.02076742997,0.5242833565,0.1007626167,1,-157.4803734,0.533878397,-16.57094859,9.637473665,-131.409676,59.81098517,10.8790872
0.09200454438,0.02463113787,0.3199095877,0.13600408,1,-31.19733119,0.3476194098,34.87939056,0,-2.129552077,-14.15711441,23.03193971
0.09200454438,0.02849484577,0.3955180143,0.2902253484,1,23.71880407,0.4905764492,35.3105148,0,43.82975969,-7.134851334,36.27067796
0.09200454438,0.03235855367,0.5808975072,0.3000005765,1,52.72344877,0.653790685,25.83795586,0,82.0618396,-41.61394194,27.31378511
0.09200454438,0.03622226157,0.9162889979,0.5508397789,1,68.22726416,1.069116453,16.64239545,0,94.95308129,-80.71106829,31.01276152
0.09200454438,0.04008596947,1.211378697,0.6761459234,1,60.37539799,1.387303737,-1.713684891,0,69.80331433,-53.10563029,29.16860803
0.09200454438,0.04394967737,1.419261517,0.7494032443,1,57.11066499,1.604963699,-53.31127788,0,71.07175867,-62.20033556,27.83510087
0.09200454438,0.04781338527,1.70663814,0.7104906459,1,94.43380923,1.848624002,-41.37464091,3.132629301,80.24428734,-60.21854319,22.60245373
0.09200454438,0.05167709317,2.094166659,0.8222105785,1,-5.353999084,2.249792042,11.35806205,0,-2.099079542,-70.32026904,21.43593783
0.09200454438,0.05554080107,1.677841621,1.026071859,1,-138.8764389,1.966717053,19.78514352,11.84844517,-89.03147781,-53.05064527,31.44756811
0.09200454438,0.05940450897,1.21359704,1.103626791,1,-135.7102639,1.640368821,67.54052941,10.90359397,-67.57639574,51.54995654,42.28290934
0.09200454438,0.06326821687,0.8924013486,1.087854762,1,-75.14439603,1.407056555,15.54756695,7.28748605,35.43392224,39.98398148,50.63689782
0.09200454438,0.06713192477,1.060167369,1.009211623,1,5.803246981,1.463715461,-51.35389948,0,136.3523917,22.94441651,43.58945155
0.09200454438,0.07099563267,1.441649213,0.8007877712,1,38.1135382,1.649125073,-74.29195734,0,207.8770574,-16.51127492,29.0507027
0.09200454438,0.07485934057,2.010603177,0.785963944,1,96.84607191,2.158764567,37.31543654,0,356.3663611,-247.2984168,21.3510021
0.09200454438,0.07872304847,3.192729671,1.900452565,1,-81.15221955,3.715540701,8.103261774,0,302.177685,-319.2539604,30.76296119
0.09200454438,0.08258675637,2.864581014,2.050776629,1,-325.5088886,3.522997186,-189.1893788,12.1906531,241.9753366,-264.02028,35.59918081
0.09200454438,0.08645046427,2.869980426,2.189577309,1,-261.4598416,3.609852689,14.98262978,0,380.3141846,-200.2285587,37.34088381
0.09200454438,0.09031417218,3.323799478,2.882289799,1,-263.6981934,4.399458768,-222.8438531,0,402.9878374,-111.3743701,40.93075558
0.09200454438,0.09417788008,3.408154925,1.758891787,1,-333.2057828,3.835260136,-249.6769501,0,312.677417,93.95722347,27.29750237
0.09200454438,0.09804158798,3.244483869,1.554587727,1,-363.1437416,3.597696288,-4.053435143,34.19009585,201.3046879,220.0236415,25.60131443
0.09200454438,0.1019052959,2.782856094,0.8931234152,2,-586.5117344,2.922662737,-262.8596736,58.36195447,93.6700409,454.9799568,17.79339371
0.09200454438,0.1057690038,1.340287524,-1.218934924,2,-1071.960945,1.811676846,-1350.361989,0,-29.6211748,1236.989786,-42.28519586
0.09200454438,0.1096327117,-1.473335445,-9.103648079,1,-257.8289938,9.222099852,1003.891407,0,674.2938292,324.6828134,-99.19304643
0.09200454438,0.1134964196,2.949385999,1.405328687,1,1035.656229,3.267082259,427.489786,99.34576978,344.5378103,-2274.165325,25.47694883
0.09200454438,0.1173601275,3.859331168,1.334758116,1,-343.4938324,4.083627835,-709.4184135,0,-309.2954914,-393.3530567,19.07805604
0.09200454438,0.1212238354,0.4271987308,0.1841444709,1,-961.662421,0.46519667,-634.5658425,0,-814.937946,-38.96510085,23.31850995
0.09586825228,0.01690372206,0.8711979135,0.3768715073,1,-99.9386283,0.9492196466,-272.8877348,0,-176.6062581,-115.6219913,23.39282643
0.09586825228,0.02076742997,0.3369535822,0.07305705948,1,-64.57108465,0.3447826134,-93.99813029,0,-85.02544897,-36.62505024,12.23331631
0.09586825228,0.02463113787,0.2932006046,0.1551986846,1,15.58910867,0.331742711,14.719223,0,18.43190962,-47.21454529,27.89342986
0.09586825228,0.02849484577,0.4684008594,0.3123510494,1,31.76754552,0.5629942656,42.4272349,0,49.12484977,-28.88953186,33.69716433
0.09586825228,0.03235855367,0.6057451914,0.4307458398,1,6.416004981,0.7432827291,33.20841226,0,66.65762563,-24.8693746,35.41665974
0.09586825228,0.03622226157,0.7507360233,0.5367466533,1,48.07343831,0.9228767775,-6.276498228,0,50.90988232,-59.76188045,35.56327294
0.09586825228,0.04008596947,0.9881878294,0.6373977337,1,52.7450382,1.175921365,-29.66833882,2.787162864,35.98441132,-86.6082633,32.82269511
0.09586825228,0.04394967737,1.093560698,0.7567458894,1,37.29101912,1.329864407,-67.42306004,0,44.07997167,-100.4073692,34.68330111
0.09586825228,0.04781338527,1.302581569,0.7648394697,1,38.66832838,1.510529099,-96.99595754,0,82.99557532,-135.1927825,30.42026433
0.09586825228,0.05167709317,1.563634484,0.9043272638,1,-1.14573364,1.806311324,-70.80312469,0,54.17421975,-175.9940343,30.04292134
0.09586825228,0.05554080107,1.50746815,1.171266418,1,-79.96271096,1.909011589,3.605642668,8.820786336,-17.37458637,-98.94774359,37.84634564
0.09586825228,0.05940450897,1.1875516,1.300563592,1,-118.0025815,1.76117701,26.8776084,12.89110088,-14.77135545,-17.11813672,47.60062836
0.09586825228,0.06326821687,0.994468441,1.341253126,1,-60.2129021,1.669708786,23.27002987,0,64.80120485,10.94388697,53.44501539
0.09586825228,0.06713192477,1.205279461,1.348188208,1,15.84297484,1.808399852,13.82099546,0,169.2112981,16.37105536,48.20330473
0.09586825228,0.07099563267,1.709464097,1.33140044,1,46.17621685,2.166770553,53.19111194,0,253.7734981,24.72135319,37.91291479
0.09586825228,0.07485934057,2.364197544,1.45818704,1,19.66121891,2.777721993,120.5951572,0,284.3359959,-102.1283928,31.66540758
0.09586825228,0.07872304847,2.884020538,2.191939179,1,-9.065024383,3.622453841,30.18995016,0,98.44183577,-306.6486267,37.23588637
0.09586825228,0.08258675637,2.709523437,2.759632911,1,-139.9728983,3.867439858,81.74111865,11.38893799,52.69217932,-234.1787148,45.52494038
0.09586825228,0.08645046427,2.546793334,3.412561136,1,-194.8791926,4.258136892,9.338148911,8.672756648,178.9241968,-195.2104097,53.26603112
0.09586825228,0.09031417218,2.647877993,3.549948792,1,-123.184954,4.428701197,-211.6307199,0,185.2181993,-111.9877427,53.28104137
0.09586825228,0.09417788008,2.786471675,3.027569778,1,-189.0735836,4.114681416,-239.520413,0,370.0410991,-78.03988578,47.37459499
0.09586825228,0.09804158798,3.347083613,2.926035203,1,-192.0927495,4.445745238,-85.53600686,0,414.1600401,-60.91263944,41.16009702
0.09586825228,0.1019052959,3.64447482,2.932432278,1,-576.1458608,4.677751145,119.3072409,60.5237239,177.4906138,-76.10232478,38.82099395
0.09586825228,0.1057690038,1.806796186,3.681040686,1,-583.7650618,4.100557644,198.3127939,0,816.8700969,144.5093482,63.8564218
0.09586825228,0.1096327117,4.545124585,3.140313077,1,-2459.021695,5.524465921,92.03009268,255,978.6654224,1671.65331,34.64133303
0.09586825228,0.1134964196,-3.912868039,-2.42216202,1,-1128.643199,4.601891475,13.84525274,120.6224025,-369.9214473,650.8335449,-148.2414687
0.09586825228,0.1173601275,-1.244891478,0.6791763798,2,187.4277945,1.41810978,-636.8746348,0,639.3361506,-1450.981581,151.3844092
0.09586825228,0.1212238354,-0.7184936527,0.7233094205,1,-45.54741981,1.019514417,-421.2062584,0,318.0306609,-444.0511741,134.808627
0.09973196018,0.01690372206,-0.06499174412,0.1349002339,1,64.27405471,0.149739774,-212.6050992,0,-20.48954089,-154.0254606,115.723668
0.09973196018,0.02076742997,0.01959354186,0.02173292775,1,40.57104003,0.0292613573,-58.8165841,0,26.55331436,-61.94508111,47.96343867
0.09973196018,0.02463113787,0.1943571543,0.1469878325,1,55.55450673,0.2436803774,19.8809339,0,55.27949359,-66.96723965,37.09937574
0.09973196018,0.02849484577,0.4478237445,0.357288902,1,55.25248403,0.5728887027,20.57175658,0,53.13043968,-79.27242925,38.58404751
0.09973196018,0.03235855367,0.6131171129,0.5327566021,1,24.79501382,0.8122451546,-11.77017405,0,30.41419283,-64.70121161,40.98839573
0.09973196018,0.03622226157,0.6611359924,0.56179897,1,14.25161436,0.8675937316,-36.42721999,0,24.31309131,-56.7784362,40.35615235
0.09973196018,0.04008596947,0.7621198709,0.611387757,1,10.05168217,0.9770474333,-50.12082909,0,18.33497955,-105.465283,38.73728113
0.09973196018,0.04394967737,0.7708137616,0.7756337739,1,2.885444773,1.093508851,-50.723077,0,9.384840955,-120.7000085,45.17858056
0.09973196018,0.04781338527,0.8095286708,0.88175818,1,34.24040715,1.197010508,-64.95856347,0,61.47095974,-132.3334666,47.44543543
0.09973196018,0.05167709317,1.140614526,1.035950719,1,39.14145971,1.540842429,-47.84934874,0,90.2521008,-147.7885575,42.24695659
0.09973196018,0.05554080107,1.309467593,1.26789409,1,0.09893707043,1.822706998,6.216831186,0,28.54977683,-114.5302302,44.07588458
0.09973196018,0.05940450897,1.251304788,1.502482095,1,-66.01171674,1.95530461,49.84400117,4.817804875,-7.718925106,-28.57255408,50.21161884
0.09973196018,0.06326821687,1.024593929,1.570872754,1,-55.16670026,1.87548232,37.93534356,2.01193207,35.88880561,12.23466091,56.8857998
0.09973196018,0.06713192477,1.176820634,1.601782025,1,47.92703294,1.987614767,-2.739258085,0,137.927154,-11.02411634,53.6954753
0.09973196018,0.07099563267,1.74268022,1.602883027,1,54.60646051,2.367734855,-18.88193434,0,179.6588487,-72.40770573,42.60723932
0.09973196018,0.07485934057,2.08195336,1.808589971,1,-12.89343095,2.757812082,0.8918247828,0,111.7347224,-183.6316075,40.98080061
0.09973196018,0.07872304847,2.124574098,2.31582767,1,5.185145924,3.142749257,-13.41398562,0,44.93595905,-268.7615083,47.46627543
0.09973196018,0.08258675637,2.27560667,2.795178212,1,9.043888898,3.604359437,61.3092631,0,-1.991025071,-279.8181673,50.85032257
0.09973196018,0.08645046427,2.151824304,3.633844418,1,-14.73796672,4.223170975,72.96123756,0,-37.58855669,-257.9880266,59.36759784
0.09973196018,0.09031417218,2.073432268,4.073869498,1,-13.94484995,4.571163316,-85.5316955,0,21.54645595,-159.3735058,63.02577493
0.09973196018,0.09417788008,2.181194689,3.919147603,1,-22.64629281,4.485234465,-125.3675271,0,179.2877433,-79.5829898,60.90195202
0.09973196018,0.09804158798,2.678649077,3.89697142,1,-40.08055231,4.728799755,-165.1528479,0,239.0067135,-135.5975632,55.49665665
0.09973196018,0.1019052959,2.94978727,3.804954616,1,-126.3978088,4.81444956,-130.5546178,0,122.8269036,-207.0973567,52.21540351
0.09973196018,0.1057690038,2.664852143,4.192710205,1,258.1267716,4.967922685,105.3381241,0,360.7695957,8.639256369,57.56029587
0.09973196018,0.1096327117,5.341022054,4.178570795,1,229.3252015,6.781369365,-321.7953502,0,508.9962894,-359.0905373,38.03799687
0.09973196018,0.1134964196,5.51751072,4.336807914,1,-2070.966354,7.017893376,638.3094784,218.235149,-400.3792258,922.4331289,38.16763239
0.09973196018,0.1173601275,-4.207535389,3.080800002,1,-1482.102401,5.214852126,82.43921227,147.4609284,-700.6231531,793.6482402,143.7880342
0.09973196018,0.1212238354,-2.915903247,1.588903974,1,181.9022845,3.320708898,-57.66200011,0,486.6949154,714.5992923,151.4136049
0.1035956681,0.01690372206,-0.545355477,0.0493697333,1,119.6482656,0.5475855795,-87.74594473,0,95.54463712,-71.97194111,174.8272494
0.1035956681,0.02076742997,-0.1296342177,0.01889666208,1,89.45118779,0.1310042528,-15.44951984,4.052489051,80.49653264,-42.56502225,171.7064592
0.1035956681,0.02463113787,0.1112728731,0.1541361142,1,55.37099628,0.1901041662,13.93119625,3.942585973,40.71101455,-59.89825335,54.17399038
0.1035956681,0.02849484577,0.2415986066,0.3041520898,1,43.32450626,0.3884306636,-10.83924423,4.654341981,8.182809116,-88.05020314,51.53865943
0.1035956681,0.03235855367,0.3102820945,0.4524567062,1,38.09451707,0.5486274228,-28.50894266,2.858028605,0.4741300155,-98.77025082,55.5587655
0.1035956681,0.03622226157,0.3906165931,0.5756212612,1,10.46459669,0.6956444201,-32.2470574,0,9.403997482,-88.39655799,55.83918422
0.1035956681,0.04008596947,0.3870485388,0.6694019752,1,-5.96666139,0.7732435423,-33.20226062,0,16.4786816,-86.58010434,59.96347863
0.1035956681,0.04394967737,0.4312319686,0.7818576577,1,17.0913865,0.8928955189,-27.66141292,0,22.57368635,-79.59297733,61.12115898
0.1035956681,0.04781338527,0.5403027941,0.8700503709,1,43.26335157,1.024165395,1.23516812,0,54.18573141,-81.57290175,58.15964704
0.1035956681,0.05167709317,0.8077467604,1.101803852,1,58.09814524,1.366172228,-2.819440247,0,83.90897186,-109.230637,53.75437135
0.1035956681,0.05554080107,1.088976814,1.281192152,1,58.08007634,1.681464788,-1.719580367,0,61.49197964,-111.4551172,49.63641147
0.1035956681,0.05940450897,1.269738258,1.525789912,1,19.99816318,1.98501136,25.0247172,0,5.711303424,-81.57569402,50.23330755
0.1035956681,0.06326821687,1.188310684,1.693065004,1,-20.96367604,2.06846595,52.78287661,0,-9.482842728,8.74940428,54.93615411
0.1035956681,0.06713192477,1.152101803,1.695922387,1,6.031290321,2.050241768,37.41403319,0,37.56333805,5.967210818,55.81030541
0.1035956681,0.07099563267,1.356747594,1.81456634,1,36.85779954,2.265704092,-27.75526092,0,94.1155071,-90.85305193,53.21460899
0.1035956681,0.07485934057,1.658144402,1.939713821,1,39.59372386,2.551848852,-20.96564069,0,73.5176371,-158.3876157,49.47486335
0.1035956681,0.07872304847,1.793776853,2.34552471,1,34.13188867,2.95281587,31.90702208,0,19.47580122,-169.2684875,52.5924807
0.1035956681,0.08258675637,1.865268857,2.716997226,1,29.9278848,3.295648925,37.3970971,0,-20.05989882,-215.9213332,55.5296812
0.1035956681,0.08645046427,1.831903868,3.324273131,1,59.2705404,3.795611101,32.79818002,0,-101.6218333,-218.2765984,61.14220318
0.1035956681,0.09031417218,1.701635832,3.687076831,1,126.3985229,4.060800422,-33.43358884,9.962137819,-84.28900539,-158.5752377,65.22603721
0.1035956681,0.09417788008,1.994602743,3.807783908,1,108.6064159,4.29856469,-50.57604575,10.71154379,16.51588987,-132.6914784,62.35344292
0.1035956681,0.09804158798,2.185071874,4.004346877,1,51.14148406,4.561724784,-114.7540887,0,38.22434885,-137.4213976,61.37980762
0.1035956681,0.1019052959,2.339886218,3.895363768,1,16.42013925,4.544108978,-111.0215282,0,-0.3475947727,-129.9866522,59.00739762
0.1035956681,0.1057690038,2.247171491,4.077622577,1,-8.36066252,4.655833501,-14.41702458,0,-101.7682154,-98.66684589,61.14090876
0.1035956681,0.1096327117,1.914380402,4.220880469,1,-5.596932901,4.634725909,-402.208032,0,-27.99411258,-390.5291187,65.60333122
0.1035956681,0.1134964196,2.117385503,4.032498667,1,79.38383684,4.554598431,-375.0088303,0,-20.97514321,-239.8286979,62.29692176
0.1035956681,0.1173601275,2.140054533,3.698583923,1,-99.48630605,4.273096821,673.4266586,0,22.44493613,1225.11421,59.94570057
0.1035956681,0.1212238354,1.819720153,1.900939116,1,-120.6183885,2.631530156,325.5028822,0,-45.19869095,1256.0312,46.25052162
0.107459376,0.01690372206,-0.6820950015,0.04177085392,1,119.4465815,0.6833728084,12.42816336,0,127.7446198,40.70985516,176.4956369
0.107459376,0.02076742997,-0.2045577028,-0.01286524411,1,86.38146293,0.2049618703,2.125368756,0,94.49372019,-10.44677505,-176.4012375
0.107459376,0.02463113787,0.01675387255,0.09034594526,1,56.99835832,0.09188624527,15.7391524,6.021676104,12.96073672,-44.92197915,79.49433404
0.107459376,0.02849484577,0.06574380546,0.2215116491,1,35.62943645,0.2310620234,16.65338134,3.429358502,-8.558649119,-60.23039917,73.46931389
0.107459376,0.03235855367,0.1213474874,0.3874024154,1,37.55324246,0.4059628606,20.74849605,3.510650496,-4.098203836,-66.26363944,72.60768609
0.107459376,0.03622226157,0.1950043025,0.5577011245,1,37.80901192,0.5908106484,15.24570612,3.801279467,8.25252227,-65.17124014,70.72744506
0.107459376,0.04008596947,0.299315801,0.698110006,1,23.09080977,0.7595706216,12.32502141,0.6414420194,18.68507709,-49.56233159,66.79268753
0.107459376,0.04394967737,0.3564141266,0.7968157792,1,22.55581191,0.8728954208,12.90609607,0,29.15910516,-45.54787227,65.90112623
0.107459376,0.04781338527,0.4991271346,0.9239590653,1,34.1323774,1.050156298,39.3097687,0,56.7833025,-48.3936612,61.62186889
0.107459376,0.05167709317,0.7076857573,1.135676214,1,42.13855313,1.338125403,27.60421474,0,54.41804347,-64.82451747,58.07129809
0.107459376,0.05554080107,0.8721936198,1.281076688,1,38.22636435,1.549799726,7.033121668,0,45.92144997,-73.61625338,55.75184729
0.107459376,0.05940450897,1.032808332,1.447281842,1,72.1195276,1.7780095,0.833122212,7.476834763,28.85680898,-85.65236304,54.4876113
0.107459376,0.06326821687,1.262336689,1.615231341,1,75.48559228,2.049991756,34.56800314,7.569210858,5.168733905,-36.95158699,51.99163826
0.107459376,0.06713192477,1.34443309,1.723612647,1,13.59193751,2.185941648,54.82392025,0,-7.878344302,0.7621877437,52.04545447
0.107459376,0.07099563267,1.284412344,1.824110084,1,12.13373803,2.230939862,10.0337989,0.7688564154,-0.602929249,-45.883838,54.84943868
0.107459376,0.07485934057,1.388984767,1.939662063,1,42.64867083,2.385700652,-20.71781785,0,37.43946803,-133.3274551,54.39369019
0.107459376,0.07872304847,1.593849519,2.259200829,1,46.80242226,2.764840805,-8.265007032,5.190471071,4.147702952,-179.7008329,54.79731354
0.107459376,0.08258675637,1.585841168,2.602040017,1,11.1206332,3.047212573,-5.88016229,0,-52.18472236,-200.7713064,58.63933368
0.107459376,0.08645046427,1.435189874,3.012203282,1,26.98676471,3.336635819,-26.47256286,0,-92.79787851,-196.7220824,64.52413792
0.107459376,0.09031417218,1.331566248,3.259834431,1,83.41594393,3.521305041,-32.57485191,2.477647768,-73.60344367,-175.2185098,67.78113171
0.107459376,0.09417788008,1.473102508,3.56333671,1,96.80638932,3.855826696,-68.92234864,7.690546051,-0.3315987036,-220.9082044,67.53953626
0.107459376,0.09804158798,1.704316658,3.847063383,1,104.8915235,4.207682491,-103.5885796,0,36.29398149,-149.3560869,66.10581603
0.107459376,0.1019052959,2.018602059,3.74016899,1,82.33418119,4.250131568,-104.6361992,0,53.18652954,-100.6885204,61.64387369
0.107459376,0.1057690038,2.227929099,3.831810705,1,57.36141328,4.432430637,-6.620570142,6.349864568,9.805983584,-97.6899922,59.82500288
0.107459376,0.1096327117,2.278117261,4.092034635,1,160.1454025,4.683435247,108.7869086,10.10084079,76.42243067,78.44314866,60.89444146
0.107459376,0.1134964196,3.141958105,3.94905013,1,124.1562375,5.046473785,107.1295796,0,95.77620183,246.9248083,51.49340882
0.107459376,0.1173601275,3.127871965,3.551906706,1,12.33289035,4.732824133,-187.7992083,0,1.313166249,347.631142,48.63228276
0.107459376,0.1212238354,3.194682482,1.880303655,1,-118.6601379,3.706958051,-338.6439903,0,153.2437653,526.6403913,30.47991522
0.1113230839,0.01690372206,NaN,NaN,0,31.83586461,0.3496599361,57.38747351,0,60.43818855,73.53303906,166.5329533
0.1113230839,0.02076742997,NaN,NaN,0,22.94330795,0.1694068361,0.7837057917,0,64.68356722,26.0038632,162.7486243
0.1113230839,0.02463113787,-0.001481045154,-0.01601239231,1,21.95124192,0.0160807401,6.720440394,0,38.87515738,-14.80866639,-95.28446228
0.1113230839,0.02849484577,0.07322973856,0.1334222345,1,16.43148838,0.1521975271,37.3851747,0,18.74351035,-42.21195952,61.23950635
0.1113230839,0.03235855367,0.1344248754,0.291527684,1,25.13378514,0.3210271603,38.15871628,0,7.086345762,-46.7341878,65.24533654
0.1113230839,0.03622226157,0.1977189129,0.4614236187,1,39.44332201,0.5020005223,33.92251532,1.884314999,-11.29689462,-59.47269889,66.80498329
0.1113230839,0.04008596947,0.2431744492,0.652379511,1,24.31796348,0.6962275771,19.86851248,1.536724316,3.477814548,-69.66911414,69.55706115
0.1113230839,0.04394967737,0.30511368,0.807370854,1,39.79951153,0.863100257,9.634210657,3.006248034,28.01897901,-69.35401153,69.29790996
0.1113230839,0.04781338527,0.5052052869,0.9575669291,1,55.6957965,1.082666526,16.4274105,4.308235176,37.17475995,-72.05685646,62.18419978
0.1113230839,0.05167709317,0.6639383827,1.149248215,1,47.37838814,1.327247391,18.3344485,2.604398229,37.12948974,-73.12090876,59.9843125
0.1113230839,0.05554080107,0.8317190424,1.310923716,1,42.09350226,1.552506861,-1.834105433,3.347843345,29.87961562,-56.02743329,57.60680679
0.1113230839,0.05940450897,0.9420214869,1.358635404,1,75.13054367,1.653267868,-35.32094534,7.313113954,14.77847079,-63.90941258,55.26416435
0.1113230839,0.06326821687,1.179101212,1.421381202,1,101.9672787,1.846782118,-34.7846203,10.80602848,7.991551368,-100.6105294,50.32272931
0.1113230839,0.06713192477,1.366870287,1.61296749,1,28.96552006,2.114237098,-1.01936111,2.486632271,-18.83734694,-90.04637457,49.72119782
0.1113230839,0.07099563267,1.218233514,1.765355578,1,-30.63158102,2.144894685,2.730409354,0,-48.02649328,-76.62846068,55.39128665
0.1113230839,0.07485934057,1.062958464,1.919586983,1,-9.735853608,2.1942413,-18.65702179,0,-29.26858624,-126.1609448,61.02480147
0.1113230839,0.07872304847,1.067531752,2.180719334,1,32.60562483,2.427995234,-40.97962134,0,-31.60413068,-184.0589781,63.91677586
0.1113230839,0.08258675637,1.066827945,2.472403824,1,-5.476562368,2.692749994,-51.21999501,0,-19.88425696,-227.4085014,66.66008174
0.1113230839,0.08645046427,0.9695449539,2.861460258,1,-26.01806065,3.02125342,-107.7764481,0,-17.47512532,-265.1371945,71.282143
0.1113230839,0.09031417218,0.8987829788,3.080399783,1,37.38202898,3.208843042,-33.50232822,0,-61.90841934,-181.2906323,73.7340865
0.1113230839,0.09417788008,0.8747821457,3.432471096,1,90.36073453,3.542188819,-61.8264459,7.361937087,-10.38973349,-232.3637242,75.70225339
0.1113230839,0.09804158798,1.207767567,3.739306012,1,118.6773646,3.92951803,-95.94702856,4.842359657,55.19430168,-186.6046738,72.09993571
0.1113230839,0.1019052959,1.546571477,3.782745757,1,61.60638269,4.086691668,-97.38491616,0,103.100266,-137.3921524,67.76285511
0.1113230839,0.1057690038,1.844145947,3.893882287,1,122.8503,4.308502471,-107.8950258,0,159.5755989,-137.5695269,64.65772528
0.1113230839,0.1096327117,2.637782654,3.897399361,1,212.8332589,4.7061257,-62.99239082,0,211.9406459,-70.48887158,55.90962865
0.1113230839,0.1134964196,3.485348239,3.922846499,1,-26.24515727,5.247511506,-142.0690638,0,57.25572743,-79.59217916,48.37973346
0.1113230839,0.1173601275,2.757598439,3.656006928,2,-205.1314919,4.579381596,-288.3411386,0,-37.967865,-36.93752612,52.97402397
0.1113230839,0.1212238354,NaN,NaN,0,-240.8185539,3.897931656,-377.5821806,0,131.3304089,-12.90111729,49.21758076
0.1151867918,0.01690372206,NaN,NaN,0,0.6236484201,0.2329293521,31.6575039,0,38.30166571,33.66332504,139.1736612
0.1151867918,0.02076742997,NaN,NaN,0,-3.024425057,0.179547787,14.69367594,0,44.89086961,13.79994062,124.2530814
0.1151867918,0.02463113787,NaN,NaN,0,-16.55927423,0.1564082707,10.47917637,0,54.90401547,-10.75371788,95.31808092
0.1151867918,0.02849484577,NaN,NaN,0,-10.19947766,0.2352076097,16.84111112,0,36.78301946,-25.07131455,78.44986459
0.1151867918,0.03235855367,NaN,NaN,0,-5.997146469,0.3296930648,9.296572009,0,18.72878634,-24.66332489,74.4805704
0.1151867918,0.03622226157,0.09628585639,0.3616557486,1,1.40471672,0.3742537196,25.6690249,0,3.431687339,-51.9552118,75.09161116
0.1151867918,0.04008596947,0.1069008229,0.6175897579,1,10.13032724,0.6267734001,33.83438963,0,-2.524057684,-67.01264747,80.17977268
0.1151867918,0.04394967737,0.1256742602,0.7512992426,1,36.07770215,0.7617378628,8.470000836,3.809132999,9.808370611,-52.30307989,80.50371784
0.1151867918,0.04781338527,0.2841912048,0.8523991901,1,73.97615092,0.8985260264,-0.5403936623,7.994646359,21.8728696,-89.77545769,71.56153396
0.1151867918,0.05167709317,0.496006878,1.096077464,1,80.74960059,1.203082969,-1.532653937,9.00368276,13.57490325,-100.2685361,65.65186728
0.1151867918,0.05554080107,0.6486335355,1.233885798,1,65.81715794,1.393986953,-52.46589204,3.388917262,-26.11324128,-83.01209261,62.26983109
0.1151867918,0.05940450897,0.6494112145,1.214099061,1,55.41034722,1.376870166,-80.73729605,0,-31.96762164,-85.46094061,61.85805417
0.1151867918,0.06326821687,0.7392093795,1.252136581,1,55.54506159,1.4540552,-46.31127144,0,33.27388682,-130.3800675,59.44416408
0.1151867918,0.06713192477,0.9925816872,1.538916332,1,38.75964922,1.831251453,-20.82292842,1.821581125,28.45104239,-151.465476,57.17849262
0.1151867918,0.07099563267,0.9988918597,1.756901224,1,-16.64362851,2.021011345,-20.31100514,0,-25.57779357,-104.4987764,60.379465
0.1151867918,0.07485934057,0.8294504451,1.864193289,1,-16.82487799,2.040393261,-28.80531086,0,-54.2275313,-94.60010485,66.01390093
0.1151867918,0.07872304847,0.7243661045,2.011113089,1,3.241556462,2.137587919,5.695368711,0,-86.10196116,-170.8654952,70.19190864
0.1151867918,0.08258675637,0.5093020449,2.546372894,1,-57.10698595,2.596806402,47.13919167,0,-131.8321464,-220.5046433,78.68947328
0.1151867918,0.08645046427,-0.005639513852,3.045210689,1,26.00419292,3.045215911,-17.93475873,0,-27.97977075,-103.3015245,90.10610759
0.1151867918,0.09031417218,0.5016689892,2.876205141,1,106.1463917,2.919628023,-30.2745537,11.33602188,-17.61041882,-63.62480828,80.10597683
0.1151867918,0.09417788008,0.3364376239,3.174066331,1,100.1193211,3.191847012,38.05353622,6.671317737,-71.40327235,-149.7397049,83.9494813
0.1151867918,0.09804158798,0.6126194136,3.601783371,1,117.1307727,3.653511461,-5.286943594,9.277369216,83.46783375,-193.2988022,80.34706542
0.1151867918,0.1019052959,1.111492044,3.900489234,1,28.19255434,4.055765135,-175.3149984,0,144.4153061,-271.5756815,74.09445048
0.1151867918,0.1057690038,1.279525768,3.973706532,1,64.92422287,4.1746293,-138.3014826,0,103.5389802,-186.9844084,72.15154251
0.1151867918,0.1096327117,1.762384653,4.088585839,1,88.12044265,4.452250423,-165.9277717,0,172.2507002,-243.0471175,66.68154507
0.1151867918,0.1134964196,2.285523809,4.271673158,1,-42.34656229,4.84466827,-423.9024815,0,70.48159926,-452.1634927,61.85135562
0.1151867918,0.1173601275,1.871090218,4.197778132,1,14.48430867,4.595902506,-480.9889053,0,-169.660307,-234.2066331,65.97586715
0.1151867918,0.1212238354,NaN,NaN,0,-28.98860751,3.721935058,-474.2269498,0,-66.83703129,-18.91323997,63.06484122
0.1190504997,0.01690372206,NaN,NaN,0,-8.948402433,0.243346875,20.43867343,0,27.56803083,16.10968424,111.1153938
0.1190504997,0.02076742997,NaN,NaN,0,-9.37405383,0.2409807756,15.3528624,0,31.40555856,6.787747393,102.387245
0.1190504997,0.02463113787,NaN,NaN,0,-11.06301976,0.2601133041,14.06270162,0,35.16559907,-6.533607614,90.55989581
0.1190504997,0.02849484577,NaN,NaN,0,-9.595690559,0.3176622334,16.30346488,0,29.67847792,-16.55631244,82.50593161
0.1190504997,0.03235855367,NaN,NaN,0,-9.572521261,0.3942707392,18.18190534,0,23.7366687,-21.75547224,79.02637567
0.1190504997,0.03622226157,NaN,NaN,0,-15.94714439,0.4790058504,28.26882456,0,26.28206682,-27.74607191,78.41962642
0.1190504997,0.04008596947,NaN,NaN,0,4.653642725,0.6143430027,32.46080293,0,5.595243146,-28.78052153,79.21263193
0.1190504997,0.04394967737,NaN,NaN,0,10.3673422,0.7188097181,22.41463168,0,0.3135548134,-17.1246941,79.11365115
0.1190504997,0.04781338527,0.1562512185,0.7562550694,1,25.04143136,0.7722280578,9.959903938,2.347684516,9.861014148,-37.61899722,78.32627726
0.1190504997,0.05167709317,0.2706083207,0.8897048065,1,46.13695702,0.9299481201,-8.820441904,5.065357027,-6.79121244,-60.44868128,73.08258984
0.1190504997,0.05554080107,0.3082716827,0.9557315058,1,37.13125733,1.004218174,-33.94042037,0,-29.55518611,-67.9304767,72.12286741
0.1190504997,0.05940450897,0.2998800469,1.021032456,1,44.72573611,1.064159442,-2.649998378,5.031016695,3.969924116,-100.8976901,73.63234096
0.1190504997,0.06326821687,0.4964174898,1.335331888,1,36.03234385,1.424619801,17.17505307,0,67.83631845,-125.7202181,69.60708637
0.1190504997,0.06713192477,0.701198218,1.573138044,1,29.99256407,1.722336276,-26.40166676,0,32.0171664,-128.7656899,65.97592983
0.1190504997,0.07099563267,0.7360049753,1.730836573,1,11.18671299,1.880823907,-53.16137137,0,-40.96179858,-105.4261949,66.96330946
0.1190504997,0.07485934057,0.5861559846,1.775074056,1,-6.393518705,1.869349283,-58.86645225,0,-72.97126606,-85.96102266,71.72600468
0.1190504997,0.07872304847,0.4293626294,1.835522079,1,9.313475504,1.885071238,2.056017089,0,-58.27201725,-103.7008326,76.83418366
0.1190504997,0.08258675637,0.39699448,2.183687631,1,89.0617934,2.219481085,103.2172641,0,-70.4887695,-108.3307963,79.6961602
0.1190504997,0.08645046427,0.5011233686,2.652881991,1,125.4081197,2.699797676,154.0419554,0,-89.43521603,45.71285898,79.30300052
0.1190504997,0.09031417218,0.5359832721,2.602239617,1,38.54629368,2.656864522,30.02830205,0,-53.52256947,-0.2213722321,78.36154894
0.1190504997,0.09417788008,0.4432594135,2.769757897,1,42.62384362,2.805002267,147.8940801,0,-67.3392264,-112.7370697,80.90774342
0.1190504997,0.09804158798,0.4404902524,3.609242249,1,-80.52489378,3.636022728,167.9953557,0,-80.80795114,-210.4076347,83.04174369
0.1190504997,0.1019052959,-0.1800835741,4.231796521,1,-24.80401285,4.235626505,-100.0879791,0,62.81051625,-212.3729116,92.43674456
0.1190504997,0.1057690038,0.5873362799,4.04307843,1,117.1685576,4.085516748,-178.7024453,0,203.1731321,-176.2844523,81.73448597
0.1190504997,0.1096327117,1.057623143,4.222454102,1,-122.6216219,4.352893906,-194.3970649,0,-3.38455639,-276.1069499,75.93809435
0.1190504997,0.1134964196,0.1004852133,4.358781558,1,-196.7386385,4.359939673,-564.4651483,0,-78.47144054,-233.7133904,88.67936511
0.1190504997,0.1173601275,-0.005708213459,2.944525922,1,373.6691989,2.944531455,-428.8756919,0,-233.8427715,-26.79549406,90.11107259
0.1190504997,0.1212238354,NaN,NaN,0,318.0860853,2.87750406,-222.9152064,0,16.53646679,-150.8265267,77.13409942
0.1229142076,0.01690372206,NaN,NaN,0,-10.49092586,0.295456376,14.3520857,0,20.60074424,7.831548581,96.81191267
0.1229142076,0.02076742997,NaN,NaN,0,-9.805460966,0.3063604755,13.29864592,0,22.65264185,2.692725036,92.90259069
0.1229142076,0.02463113787,NaN,NaN,0,-8.72306043,0.3346672266,14.11530281,0,24.6743443,-5.612147529,87.50075907
0.1229142076,0.02849484577,NaN,NaN,0,-7.547743555,0.3849609246,16.12814143,0,23.02862446,-12.86485537,83.11954914
0.1229142076,0.03235855367,NaN,NaN,0,-6.750103622,0.4525284868,18.85875992,0,20.25734371,-18.05617971,80.53614688
0.1229142076,0.03622226157,NaN,NaN,0,-6.010737538,0.533944724,23.32473273,0,18.10098988,-21.93191443,79.39063674
0.1229142076,0.04008596947,NaN,NaN,0,0.9240947928,0.6329250772,25.58854433,0,11.4493597,-22.97549416,78.96748549
0.1229142076,0.04394967737,NaN,NaN,0,4.284587935,0.7272827594,24.20148859,0,10.26211014,-20.4495745,78.41025148
0.1229142076,0.04781338527,NaN,NaN,0,3.081907245,0.8133126637,26.06765809,0,18.2080525,-20.29302387,77.40679356
0.1229142076,0.05167709317,NaN,NaN,0,7.865585656,0.920361666,15.8386599,0,12.24711439,-31.39119599,75.63299646
0.1229142076,0.05554080107,NaN,NaN,0,-3.142249338,1.008992171,11.76859606,0,8.567600741,-30.94996197,75.35902954
0.1229142076,0.05940450897,0.2493331926,1.056630508,1,-2.795838125,1.085649608,45.0614362,0,19.56429574,-58.1526264,76.7227872
0.1229142076,0.06326821687,0.3198225678,1.375017849,1,28.63519491,1.41172255,34.87796791,0,8.56408527,-91.97124242,76.90609185
0.1229142076,0.06713192477,0.3930603453,1.546738804,1,40.27466913,1.595900173,-30.81865794,1.330706603,-23.10637877,-77.50871934,75.74169282
0.1229142076,0.07099563267,0.3861558269,1.555414608,1,51.32215774,1.602632498,-60.47363867,0,-83.20369805,-76.05906025,76.05732687
0.1229142076,0.07485934057,0.2698793861,1.606956321,1,47.81065994,1.629461107,-21.72387476,0,-61.92031841,-72.08168755,80.46646001
0.1229142076,0.07872304847,0.331640228,1.749982487,1,58.65488656,1.781129963,35.72540201,5.258931793,-1.801348536,-47.86264633,79.269099
0.1229142076,0.08258675637,0.4895448501,1.929916124,1,108.473433,1.99103752,75.96951571,8.747982496,3.987064478,-44.41647628,75.76649514
0.1229142076,0.08645046427,0.7661547404,2.215118795,1,98.05293505,2.343873794,80.34691813,0,-65.10805088,-72.50154739,70.92076423
0.1229142076,0.09031417218,0.6168342594,2.520477947,1,-9.024965679,2.594859069,48.07984189,0,-67.03686543,-90.15067839,76.2483436
0.1229142076,0.09417788008,0.4722740427,2.749201149,1,-5.87947739,2.789471227,114.7641338,0,-37.62368268,-164.8149131,80.25253271
0.1229142076,0.09804158798,0.4487507561,3.60068972,1,-24.60941968,3.628545673,209.5814782,0,-122.409875,-176.0079795,82.89590809
0.1229142076,0.1019052959,-0.09576556762,4.239006183,1,64.12674357,4.240087789,232.7145712,0,-204.0935017,50.16625629,91.29417826
0.1229142076,0.1057690038,-0.09203991325,4.306003086,1,138.5885094,4.306986641,-106.9853327,0,-128.1684305,-187.2907949,91.22449881
0.1229142076,0.1096327117,-0.05550542628,4.549283032,1,-106.9202555,4.549621627,-240.2957048,0,-75.90024274,-349.677674,90.69902639
0.1229142076,0.1134964196,-0.7984049165,4.728623065,1,-21.47753866,4.795552783,-504.787111,0,64.44540449,193.7009137,99.58372177
0.1229142076,0.1173601275,0.1105098564,1.850529332,1,321.8064692,1.853826108,-352.3751732,0,-52.54566198,314.2239155,86.58247103
0.1229142076,0.1212238354,NaN,NaN,0,163.6608641,2.166629595,-7.901414869,0,-95.62759727,-164.5124088,83.58860248
0.1267779155,0.01690372206,NaN,NaN,0,-9.03268624,0.3471424131,10.53651442,0,15.26778799,3.474659795,90.32251049
0.1267779155,0.02076742997,NaN,NaN,0,-8.10634915,0.3609204887,11.00446706,0,16.45737488,0.1336174185,88.39780757
0.1267779155,0.02463113787,NaN,NaN,0,-6.476017434,0.3903174874,12.97172226,0,17.85051184,-5.742852169,85.54594573
0.1267779155,0.02849484577,NaN,NaN,0,-5.122119611,0.4364454092,15.23503812,0,17.50433191,-11.2347818,82.88760089
0.1267779155,0.03235855367,NaN,NaN,0,-3.869412133,0.4975862268,17.80026019,0,16.16309181,-15.6724768,80.96344582
0.1267779155,0.03622226157,NaN,NaN,0,-2.269796928,0.5715082385,20.5828021,0,14.41518931,-18.94991194,79.76609598
0.1267779155,0.04008596947,NaN,NaN,0,0.7688860488,0.6561845945,22.36715306,0,11.83909561,-20.73996619,79.01125281
0.1267779155,0.04394967737,NaN,NaN,0,2.7650075,0.7442927728,22.73512025,0,11.07747357,-21.40508588,78.35355831
0.1267779155,0.04781338527,NaN,NaN,0,3.179557184,0.8340369296,22.84032284,0,12.41843815,-23.14258485,77.63759103
0.1267779155,0.05167709317,NaN,NaN,0,3.609580946,0.9307537454,20.56090746,0,10.78016351,-27.65103674,76.92772503
0.1267779155,0.05554080107,NaN,NaN,0,0.1810201249,1.027999016,21.68228238,0,9.856396967,-30.28637908,76.8334294
0.1267779155,0.05940450897,NaN,NaN,0,-2.072842274,1.135139394,31.75103608,0,12.8565939,-34.71569589,77.313275
0.1267779155,0.06326821687,NaN,NaN,0,24.32052328,1.287671495,19.73909583,0,-15.68804805,-37.41499357,77.6311057
0.1267779155,0.06713192477,NaN,NaN,0,23.54947096,1.357993565,-24.13904996,0,-40.97916491,-12.04832698,77.98662223
0.1267779155,0.07099563267,0.2084825078,1.211067962,1,20.25641777,1.228881835,-16.42284884,0,-35.50968839,-22.33774193,80.2324021
0.1267779155,0.07485934057,0.2237186924,1.351105608,1,41.15934156,1.369502251,47.3173479,0,3.871328278,-53.8468432,80.59815874
0.1267779155,0.07872304847,0.3824678626,1.601936846,1,50.71676989,1.646961847,48.57179364,0,25.6832901,-62.42966586,76.57182091
0.1267779155,0.08258675637,0.5189062077,1.779982824,1,24.10348785,1.854077265,22.55996147,0,14.4521511,-86.28334809,73.74737357
0.1267779155,0.08645046427,0.5314355895,2.022475601,1,12.46220632,2.091131594,4.92335948,0,-50.11317858,-149.8802056,75.27749804
0.1267779155,0.09031417218,0.3734338488,2.378098581,1,31.29654226,2.407240267,15.23303508,0,-104.1689682,-146.4334198,81.07569623
0.1267779155,0.09417788008,0.2498778218,2.64710756,1,79.18008862,2.658875206,83.34476399,0,-28.25113624,-137.4978303,84.60745532
0.1267779155,0.09804158798,0.5702084444,3.231369857,1,201.1461751,3.281293773,56.55823543,21.58062785,-29.54741317,-85.36871497,79.99259273
0.1267779155,0.1019052959,0.9128853141,3.19547184,1,34.08462919,3.323311583,28.79506797,0,-323.927752,85.46662004,74.0563719
0.1267779155,0.1057690038,-0.5496607192,3.012407534,1,1307.502571,3.062144029,323.7615786,0,-1860.015088,26.93931367,100.3407492
0.1267779155,0.1096327117,-1.221861661,4.34230637,1,1538.54315,4.510938985,911.9439512,0,-1681.359397,477.5541831,105.7158273
0.1267779155,0.1134964196,-1.101460985,4.690762713,1,302.3174517,4.818347344,-305.2669413,0,-25.7054097,430.8569605,103.2145004
0.1267779155,0.1173601275,-0.1531135293,1.498138635,1,116.6264607,1.505942603,-418.8828242,0,161.8723403,328.4087782,95.83551079
0.1267779155,0.1212238354,NaN,NaN,0,84.03052735,1.803625428,26.34508994,0,-17.93310711,-131.69357,90.80763828
0.1306416234,0.01690372206,NaN,NaN,0,-6.441194825,0.3877309232,7.879420301,0,10.80483373,0.8323835813,87.17776107
0.1306416234,0.02076742997,NaN,NaN,0,-5.552456521,0.4018180574,8.976449286,0,11.61733328,-1.655526643,86.07269837
0.1306416234,0.02463113787,NaN,NaN,0,-3.952540545,0.430445113,11.53208106,0,12.76599627,-6.258096765,84.33048643
0.1306416234,0.02849484577,NaN,NaN,0,-2.595305321,0.4736299668,14.04002861,0,12.97509953,-10.65894286,82.53022273
0.1306416234,0.03235855367,NaN,NaN,0,-1.335628372,0.5302466496,16.52444061,0,12.47550231,-14.44903374,81.0350688
0.1306416234,0.03622226157,NaN,NaN,0,0.03207591129,0.5984970122,18.83906244,0,11.55757992,-17.45529034,79.93323782
0.1306416234,0.04008596947,NaN,NaN,0,1.65623883,0.6761127661,20.56214556,0,10.41435987,-19.62937277,79.13818638
0.1306416234,0.04394967737,NaN,NaN,0,2.826998832,0.7597786099,21.53151652,0,9.790250367,-21.28821798,78.51720638
0.1306416234,0.04781338527,NaN,NaN,0,3.261733046,0.8479425622,21.99760556,0,9.608063036,-23.22119289,78.00970392
0.1306416234,0.05167709317,NaN,NaN,0,3.212160818,0.9409962524,21.88236471,0,8.598704535,-25.78398706,77.66782677
0.1306416234,0.05554080107,NaN,NaN,0,2.329591166,1.037593201,22.64858993,0,7.221229714,-27.82882172,77.65752113
0.1306416234,0.05940450897,NaN,NaN,0,2.767127698,1.13942125,24.12470974,0,4.929528879,-29.40540469,77.9496349
0.1306416234,0.06326821687,NaN,NaN,0,7.883240336,1.246086438,18.95132281,0,-3.906677288,-28.43981548,78.35457822
0.1306416234,0.06713192477,NaN,NaN,0,1.563731407,1.321903186,10.25643973,0,-5.480134075,-20.67608685,78.95531775
0.1306416234,0.07099563267,NaN,NaN,0,-24.06405543,1.360643581,25.38921218,0,21.84039677,-17.43683199,79.99474284
0.1306416234,0.07485934057,NaN,NaN,0,-14.80724959,1.483202846,42.70302061,0,25.60030967,-38.38741856,80.50578707
0.1306416234,0.07872304847,NaN,NaN,0,-7.113705466,1.676486879,37.42600883,0,6.773352163,-73.79871604,80.45157787
0.1306416234,0.08258675637,0.2433362978,1.892626178,1,-13.021446,1.908205021,2.735040311,1.292513406,-5.617030487,-80.10904656,82.67363365
0.1306416234,0.08645046427,0.2060838287,1.973345786,1,-1.918422,1.984077654,-31.39380048,0,-32.61369196,-58.42809235,84.03800094
0.1306416234,0.09031417218,0.1099142963,1.997078785,1,62.94571153,2.000101204,15.22120139,4.243393595,-48.20376278,-78.15347894,86.84975971
0.1306416234,0.09417788008,0.2630424126,2.334118276,1,122.8894255,2.348893237,69.8887605,8.851111172,-64.00268034,-114.4622085,83.57020584
0.1306416234,0.09804158798,0.3374354787,2.70935708,1,150.1751676,2.730289085,13.675893,8.602006154,-128.7797079,-121.3324084,82.90068273
0.1306416234,0.1019052959,0.3457082191,2.855750917,1,176.1144993,2.876599985,-1451.807344,0,63.43011434,1302.468412,83.09754044
0.1306416234,0.1057690038,1.262965895,-7.932359919,1,550.7118138,8.032273448,-1329.224191,0,734.9447115,1452.360513,-80.9534758
0.1306416234,0.1096327117,5.313109493,-7.891479878,1,-144.2521053,9.513389888,1604.586704,0,-263.6792659,-1344.290063,-56.04873615
0.1306416234,0.1134964196,-0.3131617668,3.461238543,1,-253.6669336,3.475376605,1341.055823,0,-1183.337381,-1225.604579,95.16986219
0.1306416234,0.1173601275,NaN,NaN,0,34.07587272,2.039405479,-242.4943504,0,4.24643515,198.0455113,96.73158376
0.1306416234,0.1212238354,NaN,NaN,0,65.06636014,1.766851419,-95.48280249,0,-26.7819615,42.32523184,95.36157047
0.1345053313,0.01690372206,NaN,NaN,0,-3.407241184,0.4149835095,5.856345954,0,6.860580456,-1.053031163,85.61817821
0.1345053313,0.02076742997,NaN,NaN,0,-2.618831838,0.4288390954,7.251587903,0,7.532037984,-3.091769989,84.86567946
0.1345053313,0.02463113787,NaN,NaN,0,-1.186382904,0.4565568354,10.14012409,0,8.621040413,-6.975065385,83.62561615
0.1345053313,0.02849484577,NaN,NaN,0,0.0290672441,0.497790008,12.86855464,0,9.154567623,-10.69385915,82.25289209
0.1345053313,0.03235855367,NaN,NaN,0,1.090128055,0.5515457457,15.41841118,0,9.206237973,-14.00942496,81.01144639
0.1345053313,0.03622226157,NaN,NaN,0,2.077490115,0.6162865514,17.68686148,0,8.925268191,-16.79284292,80.01249289
0.1345053313,0.04008596947,NaN,NaN,0,2.996994528,0.6900960878,19.51085021,0,8.470513578,-19.03401656,79.25305338
0.1345053313,0.04394967737,NaN,NaN,0,3.625015953,0.770845805,20.83119471,0,8.061104995,-20.89722037,78.68881676
0.1345053313,0.04781338527,NaN,NaN,0,3.828215351,0.8570333989,21.73621819,0,7.624859087,-22.66998168,78.29729304
0.1345053313,0.05167709317,NaN,NaN,0,3.647738115,0.9478152265,22.32235587,0,6.78536188,-24.43489689,78.10002049
0.1345053313,0.05554080107,NaN,NaN,0,3.158056022,1.042114656,22.90500289,0,5.500288474,-25.83951604,78.14173417
0.1345053313,0.05940450897,NaN,NaN,0,2.928521564,1.139016863,23.14789013,0,3.54696919,-26.63728567,78.40691667
0.1345053313,0.06326821687,NaN,NaN,0,2.881578961,1.235597797,21.68504594,0,0.611944097,-26.2627768,78.83925824
0.1345053313,0.06713192477,NaN,NaN,0,-1.113730231,1.323424221,20.82427389,0,1.124909131,-24.77937295,79.44629996
0.1345053313,0.07099563267,NaN,NaN,0,-8.741890114,1.408884889,26.84530315,0,8.223868665,-26.52101468,80.22465398
0.1345053313,0.07485934057,NaN,NaN,0,-7.297898281,1.526278758,33.42508384,0,8.003480711,-35.72171269,80.93803047
0.1345053313,0.07872304847,NaN,NaN,0,-2.648490634,1.673176129,32.68319179,0,-2.641057684,-45.31512398,81.68612278
0.1345053313,0.08258675637,NaN,NaN,0,6.834519764,1.821917413,27.83741534,0,-21.72806643,-36.42356663,83.06590587
0.1345053313,0.08645046427,NaN,NaN,0,-0.1622197978,1.912786264,14.90965064,0,-23.04702376,-21.34002464,84.46817337
0.1345053313,0.09031417218,NaN,NaN,0,-10.13045564,1.952999787,7.814124622,0,-17.49352547,2.344505565,86.17503745
0.1345053313,0.09417788008,0.07765903842,1.925011054,1,36.9821497,1.926576883,10.07451735,2.020390399,-30.77743514,-42.96267572,87.68981917
0.1345053313,0.09804158798,0.1542551155,2.153569701,1,83.37552246,2.159087098,87.83518151,0,-16.54224534,-128.2994897,85.90303548
0.1345053313,0.1019052959,0.3358832992,2.760092291,1,-15.06706012,2.780454468,191.2675722,0,-43.98322564,-215.2486489,83.06163358
0.1345053313,0.1057690038,-0.07389794012,3.724229636,1,-1505.429575,3.724962723,12.94055379,72.40459371,1362.552633,-277.1389356,91.136741
0.1345053313,0.1096327117,-0.2161514736,3.880874706,1,-1464.256724,3.886889495,-998.6066894,0,1313.755398,-319.0931124,93.18788567
0.1345053313,0.1134964196,-0.6553911021,1.09878766,1,396.3303823,1.279402915,-282.1050567,0,-424.4638203,364.4211222,120.814702
0.1345053313,0.1173601275,NaN,NaN,0,192.9608101,1.420529085,53.66481143,18.74485433,-83.07082343,-36.8657119,103.2195472
0.1345053313,0.1212238354,NaN,NaN,0,96.21592504,1.466843846,12.16274957,0,-47.53596783,-21.83814229,99.05313042
0.1383690392,0.01690372206,NaN,NaN,0,-1.868243963,0.4285893729,4.944889119,0,4.944889119,-1.868243963,84.96034944
0.1383690392,0.02076742997,NaN,NaN,0,-1.145134186,0.4422482524,6.435764323,0,5.571754861,-3.735813283,84.34307765
0.1383690392,0.02463113787,NaN,NaN,0,0.1793803969,0.4694364809,9.4341413,0,6.648952907,-7.330667084,83.30207017
0.1383690392,0.02849484577,NaN,NaN,0,1.303797428,0.5096951314,12.24748035,0,7.319924297,-10.76017772,82.10896736
0.1383690392,0.03235855367,NaN,NaN,0,2.249567966,0.5620703903,14.83969999,0,7.609629039,-13.85605206,80.98503297
0.1383690392,0.03622226157,NaN,NaN,0,3.052772299,0.6251524828,17.13236325,0,7.604730962,-16.51939867,80.04538751
0.1383690392,0.04008596947,NaN,NaN,0,3.70318919,0.6972325354,19.03648357,0,7.407365282,-18.74334572,79.31698722
0.1383690392,0.04394967737,NaN,NaN,0,4.092384177,0.7765331527,20.52095825,0,7.114267872,-20.62190094,78.78740989
0.1383690392,0.04781338527,NaN,NaN,0,4.145108215,0.8615672419,21.62726661,0,6.678172511,-22.29306657,78.44705927
0.1383690392,0.05167709317,NaN,NaN,0,3.87998269,0.9511547617,22.42570519,0,5.930133003,-23.7862353,78.30414076
0.1383690392,0.05554080107,NaN,NaN,0,3.36576331,1.044091233,23.02323347,0,4.808203047,-24.93500204,78.37150472
0.1383690392,0.05940450897,NaN,NaN,0,2.787927706,1.139025638,23.29448036,0,3.265511175,-25.62376675,78.63797918
0.1383690392,0.06326821687,NaN,NaN,0,1.901138588,1.234025551,23.12772886,0,1.609720944,-25.88360117,79.07671509
0.1383690392,0.06713192477,NaN,NaN,0,-0.8094906906,1.327569395,23.93665339,0,1.795107348,-26.23126683,79.67415373
0.1383690392,0.07099563267,NaN,NaN,0,-4.701158786,1.425451268,27.5408935,0,4.135970327,-28.34789029,80.40291634
0.1383690392,0.07485934057,NaN,NaN,0,-4.906345277,1.540160585,30.87158294,0,2.74318469,-33.2605304,81.19416262
0.1383690392,0.07872304847,NaN,NaN,0,-2.718819235,1.669113402,30.40813843,0,-3.911056499,-36.95262126,82.10413002
0.1383690392,0.08258675637,NaN,NaN,0,0.5943319447,1.794616869,27.44112383,0,-13.03125024,-32.51072613,83.27484046
0.1383690392,0.08645046427,NaN,NaN,0,-2.988415606,1.893618746,23.30129107,0,-12.79891688,-24.93251716,84.50779902
0.1383690392,0.09031417218,NaN,NaN,0,-11.02925967,1.974273079,29.13705964,0,-0.6865759493,-19.36283981,85.66694412
0.1383690392,0.09417788008,NaN,NaN,0,-33.99312638,2.076771058,60.99066798,0,42.25693313,-30.80560308,86.24599518
0.1383690392,0.09804158798,NaN,NaN,0,-28.77914921,2.330351107,93.87206244,0,59.08169051,-79.97965824,85.54301135
0.1383690392,0.1019052959,NaN,NaN,0,12.06319081,2.755670755,85.37390651,0,3.747349228,-128.2503132,84.73112442
0.1383690392,0.1057690038,0.2421805199,3.148685597,1,144.9304817,3.157985496,94.47881992,0,-152.9926815,69.13523586,85.60176614
0.1383690392,0.1096327117,0.2219023583,2.841947506,1,238.1853642,2.850597531,-256.5732822,0,-299.6022881,483.3263614,85.53534156
0.1383690392,0.1134964196,0.004883465884,0.2899294983,1,158.0949415,0.2899706231,-72.80024689,0,-260.6003547,414.5831068,89.0350222
0.1383690392,0.1173601275,NaN,NaN,0,82.91642583,0.9745270753,157.2557885,0,-136.5855762,-79.2466595,100.2940852
0.1383690392,0.1212238354,NaN,NaN,0,56.04343053,1.220616794,70.70801641,0,-70.70801641,-56.04343053,99.54848019
