PIVlab, ASCII chart output - 19-Sep-2021
FRAME: 164, filenames: A: 72_12_75_60 164.jpg & B: 72_12_75_60 165.jpg, conversion factor xy (px -> m): 0.00024148, conversion factor uv (px/frame -> m/s): 1
x [m],y [m],u [m/s],v [m/s],Vector type [-],vorticity [1/s],magnitude [m/s],divergence [1/s],dcev [1],simple shear [1/s],simple strain [1/s],vector direction [degrees]
0.03791263377,0.01690372206,NaN,NaN,0,-0.8446510227,0.5501828943,-0.5265458168,0,0.5265458168,0.8446510227,-53.70434902
0.03791263377,0.02076742997,NaN,NaN,0,-0.9547649275,0.5519579615,-1.052096555,0,0.6115732997,1.102269399,-53.9185347
0.03791263377,0.02463113787,NaN,NaN,0,-1.011264511,0.5561390874,-2.09640869,0,0.8142491926,1.753883229,-54.32209697
0.03791263377,0.02849484577,NaN,NaN,0,-0.8412045762,0.5636104769,-3.212327491,0,1.14876316,2.545705148,-54.87177207
0.03791263377,0.03235855367,NaN,NaN,0,-0.4703665396,0.5750292973,-4.253734668,0,1.49669686,3.482813538,-55.51885756
0.03791263377,0.03622226157,NaN,NaN,0,-0.03391023606,0.5905046496,-5.112113062,0,1.751437337,4.500640631,-56.2261023
0.03791263377,0.04008596947,NaN,NaN,0,0.2935888279,0.6096003988,-5.779707375,0,1.864052264,5.510951823,-56.98116579
0.03791263377,0.04394967737,NaN,NaN,0,0.3911369758,0.631638361,-6.366110422,0,1.86146488,6.444944447,-57.79753851
0.03791263377,0.04781338527,NaN,NaN,0,0.2585550679,0.6561418439,-7.034394511,0,1.824442915,7.294768233,-58.69945004
0.03791263377,0.05167709317,NaN,NaN,0,0.04989339444,0.6831514544,-7.898934378,0,1.806617696,8.09153444,-59.70122635
0.03791263377,0.05554080107,NaN,NaN,0,0.06926845089,0.7131316986,-8.893949905,0,1.734235313,8.807364495,-60.78633678
0.03791263377,0.05940450897,NaN,NaN,0,0.1569939417,0.7462616455,-9.763289936,0,1.780353627,9.582187738,-61.88900975
0.03791263377,0.06326821687,NaN,NaN,0,-0.2273852493,0.7825963663,-10.40452745,0,2.019509036,10.87607721,-62.97940218
0.03791263377,0.06713192477,NaN,NaN,0,-2.209948121,0.8226945647,-11.91581631,0,3.142080323,13.16424972,-64.16237248
0.03791263377,0.07099563267,NaN,NaN,0,-5.823024547,0.8715133664,-16.84179429,0,6.111150459,16.88137346,-65.6636976
0.03791263377,0.07485934057,NaN,NaN,0,-8.027641282,0.9421038319,-27.49347186,0,11.14992922,21.78556864,-67.55697423
0.03791263377,0.07872304847,NaN,NaN,0,-3.824134384,1.052131605,-40.83870734,0,16.19930783,28.04083952,-69.34045334
0.03791263377,0.08258675637,NaN,NaN,0,1.20326603,1.207696321,-56.56398388,0,27.99200619,35.72165416,-70.28149532
0.03791263377,0.08645046427,NaN,NaN,0,13.2746278,1.425708895,-80.29108082,0,45.68923439,41.59623061,-70.15440173
0.03791263377,0.09031417218,NaN,NaN,0,59.97217679,1.728777569,-85.39535731,0,39.74416372,42.58525087,-68.43957642
0.03791263377,0.09417788008,NaN,NaN,0,147.8915396,2.030954732,-23.73735258,0,-19.99456738,10.18619557,-64.65819751
0.03791263377,0.09804158798,NaN,NaN,0,248.7840041,2.073496456,25.67673211,0,-42.06594544,-169.767748,-56.99523979
0.03791263377,0.1019052959,NaN,NaN,0,545.0793695,1.987304167,163.0267796,0,-98.1104101,-499.4375651,-32.93172612
0.03791263377,0.1057690038,2.856409082,0.8206821024,1,619.8283434,2.971967691,-361.3929312,0,-664.5484909,-688.9936837,16.0300213
0.03791263377,0.1096327117,1.495196492,0.1853769987,1,-105.4074943,1.506644345,613.2295193,0,-535.7456388,-919.2963998,7.067562321
0.03791263377,0.1134964196,0.379180656,6.741914604,1,1333.131331,6.752569178,638.896653,0,-1582.887796,-182.2332006,86.78094597
0.03791263377,0.1173601275,NaN,NaN,0,590.3692178,3.399584137,-552.7119596,0,-550.1689561,628.6688139,81.02732946
0.03791263377,0.1212238354,NaN,NaN,0,306.6667606,2.242048835,-304.4449261,0,-304.4449261,306.6667606,76.2079189
0.04177634167,0.01690372206,NaN,NaN,0,-1.272631067,0.5484155654,-0.282465731,0,0.6865934988,0.8935897209,-53.48877984
0.04177634167,0.02076742997,NaN,NaN,0,-1.495498629,0.549572691,-0.8947826417,0.2036579619,0.8219916673,1.032424879,-53.72457659
0.04177634167,0.02463113787,NaN,NaN,0,-1.670522096,0.5528905394,-2.093283034,0,1.115109183,1.54519413,-54.1646509
0.04177634167,0.02849484577,NaN,NaN,0,-1.492635019,0.5597265103,-3.398545177,0,1.585995769,2.288712614,-54.75315319
0.04177634167,0.03235855367,NaN,NaN,0,-0.9880477838,0.5710544425,-4.563556863,0,2.041953061,3.275301425,-55.42617932
0.04177634167,0.03622226157,NaN,NaN,0,-0.3629978123,0.5869817391,-5.409948205,0,2.331607702,4.40110547,-56.13479181
0.04177634167,0.04008596947,NaN,NaN,0,0.1022367338,0.6067747989,-5.926869355,0,2.400557586,5.521299677,-56.86616543
0.04177634167,0.04394967737,NaN,NaN,0,0.2047611868,0.6293181532,-6.306033343,0,2.312405306,6.50730932,-57.64799051
0.04177634167,0.04781338527,NaN,NaN,0,-0.08065625626,0.6538214516,-6.835373642,0,2.220537257,7.350590903,-58.52406291
0.04177634167,0.05167709317,NaN,NaN,0,-0.5466759374,0.6804120361,-7.773161655,0,2.229707462,8.167767655,-59.52999674
0.04177634167,0.05554080107,NaN,NaN,0,-0.4278612644,0.7102441308,-8.995104583,0,2.044513898,8.772892125,-60.67147295
0.04177634167,0.05940450897,NaN,NaN,0,0.05697325782,0.7433315668,-9.849875816,0,2.159441896,9.204638145,-61.79889767
0.04177634167,0.06326821687,NaN,NaN,0,0.1886749704,0.7791483418,-9.38553074,0,2.318216619,10.03073954,-62.77471009
0.04177634167,0.06713192477,NaN,NaN,0,-2.786694779,0.8144673026,-8.685453304,0,3.502841685,11.55097236,-63.69267039
0.04177634167,0.07099563267,NaN,NaN,0,-10.38034022,0.8505922556,-12.24085694,0,7.190297821,14.56953978,-65.01901801
0.04177634167,0.07485934057,NaN,NaN,0,-17.6307766,0.9036606037,-26.56251031,0,14.33434104,18.67189659,-67.30639692
0.04177634167,0.07872304847,NaN,NaN,0,-11.13374501,1.007258597,-41.89675755,0,15.94170521,23.17720448,-69.88005399
0.04177634167,0.08258675637,NaN,NaN,0,-12.25302249,1.145576283,-56.22476058,0,28.49980351,29.86529528,-71.30396409
0.04177634167,0.08645046427,NaN,NaN,0,-14.88808955,1.342326633,-105.1532977,0,62.86806338,40.2423903,-72.24870912
0.04177634167,0.09031417218,NaN,NaN,0,47.5612348,1.737128758,-154.5166137,0,64.72695231,73.61435124,-71.45153983
0.04177634167,0.09417788008,0.8431050266,-2.159848438,1,43.51403126,2.318570974,-143.4624094,0,33.74248625,25.77210699,-68.67662388
0.04177634167,0.09804158798,0.8510887837,-2.300766244,1,27.24606775,2.453136243,-56.47395814,0,18.0421767,-14.26660197,-69.69979174
0.04177634167,0.1019052959,1.018085574,-2.322925334,1,120.3567035,2.536233495,-24.0370263,0,-126.5355436,-189.7379287,-66.33324918
0.04177634167,0.1057690038,0.8272155503,-1.660546358,1,470.0602784,1.855181871,-155.4722779,0,-499.6084734,-589.4988479,-63.51941174
0.04177634167,0.1096327117,0.9039199799,-0.6459734457,1,513.8087034,1.111014412,185.7314423,61.06738562,-401.4368027,-530.9733304,-35.55095198
0.04177634167,0.1134964196,1.261387751,1.108591534,1,1142.211506,1.679307669,223.9387276,0,-1200.956103,-242.0911113,41.31115815
0.04177634167,0.1173601275,NaN,NaN,0,450.3797403,1.338442533,-34.2387805,0,-637.4002875,-5.311727172,59.61732477
0.04177634167,0.1212238354,NaN,NaN,0,290.2205505,1.133120386,-57.60997876,0,-361.7337358,24.07522066,61.6083061
0.04564004958,0.01690372206,NaN,NaN,0,-2.069826846,0.5455168575,0.4410058755,0,0.8047581349,1.095671254,-53.03381335
0.04564004958,0.02076742997,NaN,NaN,0,-2.622170375,0.5450644676,-0.432755899,0.5445269783,1.119765853,0.8952033413,-53.31901971
0.04564004958,0.02463113787,NaN,NaN,0,-3.139068649,0.546180255,-2.069026993,0.3839013814,1.694578528,1.020124433,-53.8440483
0.04564004958,0.02849484577,NaN,NaN,0,-2.968257556,0.5514247233,-3.891668907,0,2.535649606,1.621994166,-54.52500015
0.04564004958,0.03235855367,NaN,NaN,0,-2.117957614,0.5625667999,-5.384729684,0,3.245277763,2.735843797,-55.26171371
0.04564004958,0.03622226157,NaN,NaN,0,-0.9786068564,0.5796891968,-6.190121648,0,3.578819717,4.154312038,-55.97429133
0.04564004958,0.04008596947,NaN,NaN,0,-0.1190211264,0.6013110095,-6.278977385,0,3.486780932,5.598643208,-56.64529021
0.04564004958,0.04394967737,NaN,NaN,0,0.0387453178,0.6251821319,-6.076071446,0,3.134643477,6.732110761,-57.33950976
0.04564004958,0.04781338527,NaN,NaN,0,-0.630737304,0.6496097172,-6.16281163,0,2.907065309,7.497611834,-58.14200579
0.04564004958,0.05167709317,NaN,NaN,0,-2.167260699,0.6746923241,-7.315084,0,3.28634207,8.504203168,-59.12983862
0.04564004958,0.05554080107,NaN,NaN,0,-1.707252545,0.7043860221,-9.485077308,0,2.470912637,8.890151852,-60.46805211
0.04564004958,0.05940450897,NaN,NaN,0,-0.09575453762,0.7379237148,-11.30085356,0,2.900523362,8.387457631,-61.76255526
0.04564004958,0.06326821687,NaN,NaN,0,3.15008308,0.7764219901,-8.484378951,0,2.152797431,8.609157881,-62.53966907
0.04564004958,0.06713192477,NaN,NaN,0,-0.08317285319,0.8059103385,-0.8875008748,0,2.69877909,8.751468754,-62.70082239
0.04564004958,0.07099563267,NaN,NaN,0,-18.26440871,0.8141696446,3.13622492,3.787797767,7.796401851,11.18381149,-63.11718555
0.04564004958,0.07485934057,NaN,NaN,0,-45.7757725,0.8165357424,-26.04593069,5.915687876,27.84982454,13.72829764,-66.22563844
0.04564004958,0.07872304847,NaN,NaN,0,-15.83290712,0.929238733,-47.16051892,0,9.739229,12.93131959,-71.23787658
0.04564004958,0.08258675637,0.3056306254,-0.9794219552,1,-17.26722632,1.026000704,-42.80207022,0,0.2711441496,-1.197134894,-72.66936076
0.04564004958,0.08645046427,0.2332122842,-1.04061025,1,-3.46335529,1.066422834,-55.49471074,0,7.884420285,89.97970916,-77.36810307
0.04564004958,0.09031417218,0.3227123291,-1.541492621,1,18.21660462,1.574910393,-55.64332817,0,28.72034091,159.864978,-78.17586455
0.04564004958,0.09417788008,0.4145629315,-1.873271395,1,31.4088658,1.918595357,-77.05515437,0,106.6498088,-16.76199765,-77.52132255
0.04564004958,0.09804158798,0.856130721,-1.774447767,1,-24.22714412,1.970183922,-73.5486881,0,134.8605502,-31.87246614,-64.24374702
0.04564004958,0.1019052959,0.8420180968,-2.034296143,1,-5.052005601,2.201671018,-350.72216,0,-222.2096007,-52.72164397,-67.51478527
0.04564004958,0.1057690038,-0.0219417427,-2.925834715,1,71.52797039,2.925916988,-250.8639516,0,-247.715051,89.88855484,-90.42967078
0.04564004958,0.1096327117,0.1612826817,-3.350864294,1,406.9684614,3.354743451,-19.62369644,58.16208922,-321.3028523,-178.6507585,-87.24438529
0.04564004958,0.1134964196,0.3090451477,-2.311400599,1,676.9611983,2.331969475,129.907039,55.1400809,-621.026283,-518.688293,-82.38445098
0.04564004958,0.1173601275,NaN,NaN,0,405.2735081,0.925340182,182.6696165,0,-380.4556208,-327.1629325,-65.93023059
0.04564004958,0.1212238354,NaN,NaN,0,288.3901608,0.5297476721,99.18755615,0,-274.1368271,-161.35224,-40.14718007
0.04950375748,0.01690372206,NaN,NaN,0,-2.828545546,0.5431405721,2.047553499,0,0.09404860357,1.488906457,-52.28819655
0.04950375748,0.02076742997,NaN,NaN,0,-4.100554553,0.5390669423,0.6281138188,0.925869374,0.8414679023,0.5962591435,-52.66221655
0.04950375748,0.02463113787,NaN,NaN,0,-5.295324568,0.5354319877,-1.858400133,1.059008979,2.007789472,0.01810609644,-53.34617927
0.04950375748,0.02849484577,NaN,NaN,0,-5.123368942,0.5373230572,-4.714373772,0,3.616746364,0.4432958188,-54.20819019
0.04950375748,0.03235855367,NaN,NaN,0,-3.53691826,0.5481944238,-6.893571318,0,4.824688668,1.891767559,-55.07792694
0.04950375748,0.03622226157,NaN,NaN,0,-1.314450873,0.567986797,-7.686831317,0,5.251612471,3.881655677,-55.8038323
0.04950375748,0.04008596947,NaN,NaN,0,0.361540299,0.5936962869,-6.922847093,0,4.833102946,5.986850354,-56.34368289
0.04950375748,0.04394967737,NaN,NaN,0,0.6999785149,0.6206284166,-5.556463425,0,3.83232236,7.324878683,-56.85935834
0.04950375748,0.04781338527,NaN,NaN,0,-0.313777579,0.6449596771,-4.424717431,0,2.986738433,7.403542504,-57.49923006
0.04950375748,0.05167709317,NaN,NaN,0,-5.784377008,0.6647420451,-5.839285409,0,5.537682872,9.461281332,-58.26762298
0.04950375748,0.05554080107,NaN,NaN,0,-4.138133678,0.6950692358,-10.32926709,0,1.652271219,9.896054484,-60.18485447
0.04950375748,0.05940450897,NaN,NaN,0,-1.882821944,0.7278231862,-17.38408215,0,4.818941484,6.845882646,-62.14917426
0.04950375748,0.06326821687,NaN,NaN,0,12.59058474,0.7827963786,-12.36363063,0.5317349313,0.6936706515,7.266965601,-62.87235883
0.04950375748,0.06713192477,NaN,NaN,0,17.568329,0.8189231689,10.48360384,3.233881919,-2.656924609,3.661933284,-61.45316859
0.04950375748,0.07099563267,0.4145483567,-0.6703263024,1,0.6336050143,0.7881546115,41.69479724,0,-24.00524834,-2.338451138,-58.26620514
0.04950375748,0.07485934057,0.3010432728,-0.5492324553,1,-9.772030789,0.6263252685,29.44611307,0,-42.07364051,75.1691944,-61.27213347
0.04950375748,0.07872304847,0.2142318268,-0.8469869329,1,-2.561760627,0.8736601972,8.375337038,0,-24.31185124,129.5365256,-75.80564669
0.04950375748,0.08258675637,0.1972114863,-1.017363897,1,70.40342889,1.03630192,49.40593446,11.21126438,14.55754988,149.7203509,-79.02952567
0.04950375748,0.08645046427,0.5424962318,-1.234572536,1,241.3266179,1.348507141,-43.82963191,54.42008463,-45.12578913,108.6006903,-66.2783386
0.04950375748,0.09031417218,0.9552741783,-1.606310137,1,-23.23785189,1.868898342,143.021209,0,7.223888567,307.2590065,-59.2600101
0.04950375748,0.09417788008,0.4806229551,-1.869139412,1,-84.28121132,1.929943151,65.22353465,5.403288326,-48.10507519,85.87409297,-75.5795976
0.04950375748,0.09804158798,0.4437722372,-1.686097862,1,-493.8968882,1.743519372,161.2171231,94.95114864,229.5584807,495.8230174,-75.25445811
0.04950375748,0.1019052959,-0.5407034384,-3.161958849,1,295.9112178,3.207856601,-259.0788832,0,-357.6443004,53.55093013,-99.70387175
0.04950375748,0.1057690038,0.205253638,-2.894008142,1,224.0708788,2.901277681,51.96806019,49.63753224,-48.4497247,129.0552087,-85.94316692
0.04950375748,0.1096327117,0.137845402,-3.459801074,1,24.46815684,3.462546004,-116.0681004,0,-139.9021135,145.9715867,-87.71842816
0.04950375748,0.1134964196,-0.2407494523,-3.906452952,1,217.5791572,3.913864454,156.6127092,0,-222.542616,-251.9593146,-93.52660172
0.04950375748,0.1173601275,NaN,NaN,0,167.1090207,1.884937257,309.5283106,0,-27.51299775,-397.0051293,-86.39050179
0.04950375748,0.1212238354,NaN,NaN,0,171.5208139,1.21391433,178.1265524,0,-78.3767348,-186.5925299,-75.75974931
0.05336746538,0.01690372206,NaN,NaN,0,-3.420208854,0.5449990323,5.616260505,0,-2.469033843,2.232069271,-51.17187544
0.05336746538,0.02076742997,NaN,NaN,0,-6.33980196,0.5327938951,2.895719569,1.311314968,-0.5393565546,-0.1568410814,-51.68420165
0.05336746538,0.02463113787,NaN,NaN,0,-8.818306129,0.5193169079,-1.278313586,1.99023104,1.878365093,-1.98725501,-52.64063707
0.05336746538,0.02849484577,NaN,NaN,0,-8.692975383,0.5143839591,-6.213854731,0.7731967013,5.098857712,-1.758684546,-53.83894655
0.05336746538,0.03235855367,NaN,NaN,0,-5.591895611,0.525012104,-9.788350498,0,7.185118073,0.5062749453,-54.98578786
0.05336746538,0.03622226157,NaN,NaN,0,-1.103818673,0.5504403215,-10.74078521,0,7.769838554,3.493692755,-55.76497423
0.05336746538,0.04008596947,NaN,NaN,0,2.17965468,0.5849274827,-8.169116242,0,6.761696023,7.14222385,-56.01069272
0.05336746538,0.04394967737,NaN,NaN,0,2.713406022,0.618802504,-4.802217732,0,4.374804584,9.177011111,-56.20208902
0.05336746538,0.04781338527,NaN,NaN,0,4.460025481,0.6450645157,-0.1403092611,1.03839568,-0.3301168103,5.330398168,-56.6757212
0.05336746538,0.05167709317,NaN,NaN,0,-16.51833608,0.6452455719,-1.288073112,1.937933512,14.22537977,12.04132517,-56.06869435
0.05336746538,0.05554080107,NaN,NaN,0,-7.178083214,0.6841621117,-8.608623508,0,-6.218452118,14.3869021,-59.66647531
0.05336746538,0.05940450897,0.3084148325,-0.6242130306,1,-1.318893238,0.6962482434,-12.34693793,0,-0.5397903622,25.02869224,-63.70667377
0.05336746538,0.06326821687,0.3383428445,-0.73490897,1,18.83946234,0.8090531964,14.1862911,1.266841296,11.14715479,58.20684497,-65.27925164
0.05336746538,0.06713192477,0.424274362,-0.7942955923,1,47.01991093,0.900507758,31.27785767,8.200486238,0.04870644529,53.65876656,-61.89101904
0.05336746538,0.07099563267,0.5202022333,-0.8213822645,1,65.54802895,0.9722546929,61.79744065,3.828922225,14.45373454,81.92138334,-57.65288181
0.05336746538,0.07485934057,0.7333778077,-0.8720486287,1,96.33531412,1.139434869,90.86180901,6.514957562,-15.7057455,127.7472746,-49.93674521
0.05336746538,0.07872304847,0.8317313346,-0.9638969293,1,74.5453036,1.273135619,72.71446276,2.052004722,13.87199613,156.3505706,-49.20961305
0.05336746538,0.08258675637,1.074996427,-1.195194119,1,37.13474179,1.607515568,-74.50698328,0,-127.2716283,231.8002684,-48.03075705
0.05336746538,0.08645046427,0.4834687342,-2.147378678,1,369.6454231,2.201130892,-130.3598126,76.27433135,-114.0704279,-71.19301216,-77.31178126
0.05336746538,0.09031417218,2.062463555,-1.423797353,1,44.28320255,2.506183317,768.5175883,0,88.98031222,661.3973513,-34.61880046
0.05336746538,0.09417788008,0.9983600291,-1.733497372,1,154.7286157,2.000433924,788.1566544,0,190.0899839,155.4561826,-60.06139455
0.05336746538,0.09804158798,3.394741903,1.020772458,1,-392.8920262,3.544890548,241.635081,63.71072446,146.8998516,973.0429573,16.73562347
0.05336746538,0.1019052959,0.04791812075,-4.559443762,1,-180.6576269,4.559695556,-143.0264987,0,-522.620851,1150.94999,-89.39786405
0.05336746538,0.1057690038,0.6774792916,-3.978774723,1,132.4881691,4.036040943,175.6556178,0,-73.2438103,27.22287647,-80.33673362
0.05336746538,0.1096327117,0.276821018,-3.985943006,1,-58.62303224,3.995543959,145.4435408,0,-132.081233,154.0176486,-86.02722624
0.05336746538,0.1134964196,-0.05934628475,-4.011902571,1,-60.78602047,4.012341489,958.4346924,0,-0.6593692177,340.0911086,-90.84748909
0.05336746538,0.1173601275,0.0394139804,-1.596844016,1,-37.20310936,1.597330358,434.9357351,0,148.9016245,-265.1210384,-88.58608838
0.05336746538,0.1212238354,NaN,NaN,0,82.40932796,1.359054463,137.1161528,0,89.86568816,-12.8725827,-74.10444261
0.05723117328,0.01690372206,NaN,NaN,0,-3.541942498,0.5593975401,13.76341936,0,-9.411457019,3.506231527,-49.59991308
0.05723117328,0.02076742997,NaN,NaN,0,-10.49244898,0.52812531,7.462865348,1.465021185,-3.880536045,-2.314485538,-50.27407889
0.05723117328,0.02463113787,NaN,NaN,0,-14.9451226,0.4949573646,0.06328095171,3.483839317,0.9461697433,-6.051600508,-51.66162174
0.05723117328,0.02849484577,NaN,NaN,0,-15.23833085,0.4761238276,-9.074381068,2.220086449,7.715201316,-5.99705394,-53.4646503
0.05723117328,0.03235855367,NaN,NaN,0,-9.033870129,0.4871881756,-15.30519073,0,11.04708736,-1.601675987,-55.21256918
0.05723117328,0.03622226157,NaN,NaN,0,0.3114171097,0.5239061652,-17.31884279,0,11.88092765,2.444616548,-56.2293215
0.05723117328,0.04008596947,NaN,NaN,0,6.747491074,0.5767979985,-10.21061493,0,10.06903801,9.911341179,-55.69710259
0.05723117328,0.04394967737,NaN,NaN,0,3.51396541,0.6247439449,-5.342981999,0,7.235316764,16.91054374,-55.23928424
0.05723117328,0.04781338527,0.366596879,-0.5624565284,1,-9.464188137,0.6713796378,22.72662164,0,18.51560767,5.47256429,-56.90456964
0.05723117328,0.05167709317,0.3911700646,-0.4465877026,1,-17.04298114,0.5936788656,48.84047472,0,17.3844767,58.39126808,-48.78459938
0.05723117328,0.05554080107,0.3679163181,-0.5993580041,1,-23.5786059,0.70327266,82.82022069,0,23.02124569,133.0101552,-58.45628853
0.05723117328,0.05940450897,0.3890165875,-0.6405069492,1,11.72116754,0.7493884556,95.39584529,0,57.82980947,128.2777487,-58.7272907
0.05723117328,0.06326821687,0.6366409775,-0.7264040742,1,13.81679861,0.9659061099,63.59677575,0,71.72232671,130.9776793,-48.76776321
0.05723117328,0.06713192477,0.7195147818,-0.9008470788,1,23.1038343,1.152921064,85.1212405,0,63.13325801,121.7015568,-51.38531875
0.05723117328,0.07099563267,0.9698359124,-0.8677397314,1,56.84233549,1.301366181,112.3398869,0,53.45848056,133.3764936,-41.81990115
0.05723117328,0.07485934057,1.145684916,-0.9821263825,1,36.57802571,1.509028217,42.69258879,0,-3.077487682,97.99468317,-40.60448705
0.05723117328,0.07872304847,1.099272206,-1.08141087,1,4.433744242,1.542027514,-26.00128791,0,-92.62315458,147.5252111,-44.53071757
0.05723117328,0.08258675637,0.8049467947,-1.652582088,1,-148.6574895,1.838196643,-124.3723095,0,-196.9993898,398.9846504,-64.03001374
0.05723117328,0.08645046427,-0.2362450096,-3.103509291,1,1550.399126,3.112488012,1097.844057,255,-81.57664243,1041.1709,-94.35306827
0.05723117328,0.09031417218,6.480047828,-1.433613561,1,979.7344013,6.636736223,501.7750304,193.4308385,149.4172971,146.9356087,-12.47489613
0.05723117328,0.09417788008,4.126467329,-1.732513414,2,140.516727,4.475414545,611.4957474,0,-488.1399148,137.0515376,-22.77528981
0.05723117328,0.09804158798,5.13693337,0.3995002806,1,327.9268178,5.152444558,-376.1115859,0,-527.9545714,335.8189006,4.446952677
0.05723117328,0.1019052959,3.353618517,-4.48320486,1,-825.3373938,5.598739409,-48.0390459,183.5157522,-248.1952329,1010.114625,-53.20202582
0.05723117328,0.1057690038,0.9891168793,-3.688896417,1,-444.698198,3.819202662,387.2120333,46.74750055,-88.14294955,195.7941584,-74.9901453
0.05723117328,0.1096327117,1.294875966,-3.743622105,1,316.3470627,3.961238472,410.3895519,0,663.8662874,406.5706083,-70.92008377
0.05723117328,0.1134964196,4.776374944,-3.674141134,1,-242.6611956,6.026032748,830.7182011,0,108.051244,162.5832427,-37.56864148
0.05723117328,0.1173601275,0.7747824322,-1.162143787,1,-594.083092,1.396734047,556.8583962,0,-440.603116,-97.00475266,-56.309253
0.05723117328,0.1212238354,NaN,NaN,0,-42.08003468,1.38699367,109.4021631,0,44.08186075,101.9798282,-55.84775575
0.06109488118,0.01690372206,NaN,NaN,0,-2.48007667,0.6056798408,33.5796446,0,-27.65170817,5.232598462,-47.59738114
0.06109488118,0.02076742997,NaN,NaN,0,-20.38127872,0.5260235873,15.69333847,2.008498602,-9.75585023,-9.120029047,-48.25698769
0.06109488118,0.02463113787,NaN,NaN,0,-25.23140446,0.4568638302,3.142953113,5.830262407,-1.928351391,-13.90760755,-50.27377979
0.06109488118,0.02849484577,NaN,NaN,0,-28.28135528,0.4084571103,-14.84175976,4.612708644,13.76869045,-14.57625472,-53.09327709
0.06109488118,0.03235855367,NaN,NaN,0,-15.61667116,0.4240816562,-25.03918857,0,17.40710239,-3.360541501,-56.19946689
0.06109488118,0.03622226157,0.2522019384,-0.4103680661,1,0.5220213053,0.4816718462,-16.42082989,0,22.75159154,14.57305863,-58.42615742
0.06109488118,0.04008596947,0.3258404867,-0.4721544069,1,20.28369729,0.5736739551,17.80522294,0,15.0994414,40.96472222,-55.38988981
0.06109488118,0.04394967737,0.3889120508,-0.4998496064,1,17.82707951,0.6333263079,40.6292979,0,17.75959077,29.95027787,-52.11500917
0.06109488118,0.04781338527,0.4633369859,-0.4308937928,1,33.60576693,0.6327326633,50.24158301,0,66.18832279,25.00618395,-42.9221884
0.06109488118,0.05167709317,0.7744872637,-0.4023473957,1,93.30436016,0.872762252,60.76738152,0,92.03387353,55.47672402,-27.45195025
0.06109488118,0.05554080107,1.179429784,-0.4104522376,1,29.83047454,1.248809695,103.3286771,0,73.21484134,114.6430187,-19.18835908
0.06109488118,0.05940450897,1.172624265,-0.4460627064,1,-58.59154155,1.25459938,134.583533,0,35.47693712,160.6534866,-20.82666272
0.06109488118,0.06326821687,1.090121704,-0.5111789236,1,-19.89506224,1.204022102,83.39159245,0,33.03088268,133.4913645,-25.12277924
0.06109488118,0.06713192477,1.223377238,-0.6396335917,1,14.38835986,1.380500995,69.34815304,0,83.82218289,153.018445,-27.60248003
0.06109488118,0.07099563267,1.469578554,-0.8344564915,1,-16.58443616,1.68996413,63.29272213,0,30.45067429,163.1016019,-29.58878858
0.06109488118,0.07485934057,1.276952332,-1.025265949,1,-2.73423268,1.637613362,12.18887236,0,-40.82865596,142.7473818,-38.76100588
0.06109488118,0.07872304847,1.301264277,-1.338896436,1,179.1481927,1.86706518,94.07922261,34.15171114,43.19417594,186.4017172,-45.81662373
0.06109488118,0.08258675637,2.136018298,-1.381973101,1,990.3850308,2.544095875,-675.5820914,0,936.9691167,1165.64403,-32.90228597
0.06109488118,0.08645046427,8.747997724,-8.452856346,1,470.980943,12.16463089,52.20010226,102.85852,158.6923504,893.3421067,-44.01698509
0.06109488118,0.09031417218,4.568891977,-4.631900109,1,-263.9887875,6.506095028,160.4804327,0,-993.2153699,-949.9589306,-45.39236226
0.06109488118,0.09417788008,3.890528088,-4.162443005,1,90.73643646,5.697555667,88.25079719,0,-434.9211613,-518.8853896,-46.93390242
0.06109488118,0.09804158798,3.239062736,-2.286103227,1,355.2988375,3.964567489,-27.33162475,0,-387.7627182,-501.7225512,-35.21412179
0.06109488118,0.1019052959,3.765097136,-2.329535035,1,-291.8205548,4.427492509,-10.66809502,46.81438,211.8409539,70.87175589,-31.74584291
0.06109488118,0.1057690038,2.930044921,-2.601149393,1,-122.0848644,3.918053267,287.511251,0,36.21380457,368.7014458,-41.59708878
0.06109488118,0.1096327117,3.433316443,-2.643230232,1,8.231919248,4.332935248,279.1267645,0,211.3590676,293.543681,-37.59183479
0.06109488118,0.1134964196,3.778480351,-2.656852148,1,-352.051902,4.619066691,33.6610647,80.36804253,-66.50000431,-390.6432705,-35.11310859
0.06109488118,0.1173601275,1.816154136,-1.00384222,1,-255.6695542,2.075118081,387.4343638,0,-414.5513832,-48.07186558,-28.93072965
0.06109488118,0.1212238354,NaN,NaN,0,-211.1088193,1.537080726,32.70066725,0,-113.5594692,17.34809279,-39.33014907
0.06495858908,0.01690372206,NaN,NaN,0,1.419770846,0.7324425073,87.22253835,0,-78.85103764,5.371230529,-45.59416148
0.06495858908,0.02076742997,NaN,NaN,0,-50.854131,0.5148211785,25.67465236,9.786550343,-13.09575152,-32.5773831,-45.17333306
0.06495858908,0.02463113787,0.2654328285,-0.2981890878,1,-37.69097601,0.3992133746,22.44064577,6.463672751,-12.29930075,-15.09885294,-48.3261422
0.06495858908,0.02849484577,0.1697827689,-0.2200915073,1,-29.74213206,0.2779684518,22.12331967,4.518061656,4.583926889,15.47992631,-52.35272343
0.06495858908,0.03235855367,0.1682288724,-0.2725209564,1,3.531993305,0.3202633684,17.19519718,0,26.05146715,50.71918742,-58.3127098
0.06495858908,0.03622226157,0.2840846187,-0.3496184133,1,47.09749686,0.450485411,9.096752628,0,52.26452313,67.06824141,-50.90420065
0.06495858908,0.04008596947,0.552134694,-0.4965058556,1,52.19459678,0.7425434566,6.726888775,8.442454027,37.04927933,49.14590386,-41.96338954
0.06495858908,0.04394967737,0.6288968879,-0.513513097,1,18.09637604,0.8119156338,33.63175541,0,9.130727939,18.11846941,-39.23266502
0.06495858908,0.04781338527,0.6573322707,-0.4365670499,1,35.89011347,0.7890985383,45.31127415,0,18.82583584,29.26021469,-33.59011391
0.06495858908,0.05167709317,0.8403033336,-0.4514964918,1,77.89874605,0.9539175931,16.22913419,9.220129581,65.16667837,14.97811661,-28.2492182
0.06495858908,0.05554080107,1.210095281,-0.4317334834,1,76.28914026,1.284805196,38.50930084,0,102.1464136,-6.639729914,-19.63520251
0.06495858908,0.05940450897,1.529726193,-0.277053825,1,9.943418243,1.554612828,52.38379447,0,58.51881993,75.72411977,-10.26574964
0.06495858908,0.06326821687,1.474613372,-0.5219136826,1,-15.85362956,1.564250136,52.49795762,0,28.52233329,144.5135169,-19.49052917
0.06495858908,0.06713192477,1.578674363,-0.6325750681,1,49.02198458,1.700695141,92.54400209,0,46.7264748,135.0151529,-21.83598402
0.06495858908,0.07099563267,1.844557451,-0.6860098035,1,24.83282968,1.967994319,10.66543896,3.112495917,18.03764255,139.230292,-20.4006832
0.06495858908,0.07485934057,1.744313346,-1.129312107,1,74.02592567,2.077973744,-0.7297070248,16.9974572,13.56122813,237.5615146,-32.92002995
0.06495858908,0.07872304847,2.182968629,-1.606697479,1,162.1029634,2.710503426,97.54741524,22.84447913,84.83331011,286.395405,-36.35362275
0.06495858908,0.08258675637,2.698402977,-1.858965577,1,217.6425957,3.276756268,-273.9242769,0,101.7617941,425.7672588,-34.56347139
0.06495858908,0.08645046427,3.417053893,-4.310101194,1,-782.2092129,5.500293593,-866.4871946,0,971.4912601,-247.3496837,-51.59257288
0.06495858908,0.09031417218,3.429733518,-4.251132069,1,-262.1362479,5.462160367,-121.0444961,54.19611957,15.11114505,-262.5149127,-51.10406242
0.06495858908,0.09417788008,2.462621052,-3.763500828,1,-78.00774518,4.497603909,158.7209029,0,-9.191120699,-301.8883338,-56.80154439
0.06495858908,0.09804158798,3.092822571,-2.471472523,1,217.8481528,3.959005921,541.9853587,0,72.96234694,224.5967388,-38.6283291
0.06495858908,0.1019052959,3.586227877,-2.53720391,1,211.0056543,4.3929983,-581.7640966,0,-99.27140818,-424.9706506,-35.27884976
0.06495858908,0.1057690038,3.52453106,-3.077276599,1,163.0069868,4.678883463,-225.0611316,0,-183.3813497,-115.944646,-41.12428942
0.06495858908,0.1096327117,3.50750729,-2.958798137,1,112.0637341,4.588800912,-44.86528407,0,-145.0452866,-175.9374564,-40.14969041
0.06495858908,0.1134964196,3.397099975,-2.570852011,1,-74.74355563,4.260231015,-48.37414271,0,-293.1743432,-354.5001239,-37.11765054
0.06495858908,0.1173601275,2.085979998,-1.776016765,2,-86.76233454,2.73962554,277.2514934,0,-540.8929076,-188.6091078,-40.41128613
0.06495858908,0.1212238354,NaN,NaN,0,-470.9968171,1.240612999,59.84324187,0,-105.6288332,-460.4414512,-38.41760556
0.06882229698,0.01690372206,0.7661870823,-0.7573918021,1,-55.496943,1.077350912,78.53227008,0,-173.6278411,-185.873152,-44.66924795
0.06882229698,0.02076742997,0.323551463,-0.246599143,1,-64.99204082,0.4068128397,38.33782002,3.419469572,-50.39706419,-92.13803125,-37.31332988
0.06882229698,0.02463113787,0.3203572856,-0.2532712247,1,-9.280255574,0.4083810766,9.260623732,0,26.62647644,-4.357616399,-38.3295393
0.06882229698,0.02849484577,0.3905721936,-0.193982241,1,10.82889674,0.4360914448,38.57763965,0,35.2310302,41.71534612,-26.41182952
0.06882229698,0.03235855367,0.4983193892,-0.265394406,1,13.24244895,0.5645851613,43.24928449,0,27.10973034,94.08696424,-28.03882429
0.06882229698,0.03622226157,0.5464812275,-0.3904041859,1,6.144660577,0.6716078919,35.79577029,0,5.087360305,104.4544501,-35.54187441
0.06882229698,0.04008596947,0.5417166371,-0.5306714896,1,-11.16337287,0.7583331357,18.16603607,0,22.13174235,55.45820972,-44.40989839
0.06882229698,0.04394967737,0.5888598034,-0.5344902518,1,7.45394422,0.7952582582,76.1974336,0,46.83142226,67.43737374,-42.22907671
0.06882229698,0.04781338527,0.7514594364,-0.4968251771,1,27.8123091,0.9008476793,106.3326824,0,51.43880661,84.8637029,-33.47056593
0.06882229698,0.05167709317,0.8950629652,-0.4515403862,1,64.47725128,1.002510066,69.63726569,0,78.1590645,21.42505724,-26.76998112
0.06882229698,0.05554080107,1.302564497,-0.3105472864,1,62.70394839,1.339072024,39.66085189,0,137.2420309,-10.33227595,-13.40968362
0.06882229698,0.05940450897,1.667595825,-0.2583815432,1,61.65951444,1.687494254,-15.34928266,0,80.36778468,-7.798018528,-8.807518329
0.06882229698,0.06326821687,1.851316494,-0.3397231653,1,37.35937514,1.882228624,-24.3381928,0,75.22768604,76.63249075,-10.39829358
0.06882229698,0.06713192477,2.102599343,-0.6485027709,1,40.80923231,2.200336302,29.69076765,6.082307065,10.28556694,164.5322096,-17.14128374
0.06882229698,0.07099563267,2.048731874,-0.8607111097,1,33.12068288,2.22218944,32.57246189,0,-9.981792158,190.5505294,-22.78819948
0.06882229698,0.07485934057,2.192001258,-1.258883879,1,88.2131734,2.527777311,36.5183956,0,102.2710272,237.5513713,-29.86909629
0.06882229698,0.07872304847,2.784707185,-1.637443806,1,4.827492912,3.230451412,26.11717568,0,132.5260501,173.8557744,-30.45607829
0.06882229698,0.08258675637,2.722695227,-1.82970267,1,127.3824449,3.280378204,133.5102518,0,302.192004,143.7662465,-33.90184701
0.06882229698,0.08645046427,4.444457377,-1.677069974,1,-397.9812814,4.750343679,1.955319695,0,492.2521841,449.9691295,-20.67347963
0.06882229698,0.09031417218,3.086930459,-3.560697166,1,-606.2974764,4.712505063,-7.007098461,120.3102684,319.7627664,567.4373867,-49.07649403
0.06882229698,0.09417788008,3.337370954,-3.89655567,1,23.69464142,5.130418206,570.1031934,0,782.26214,385.1002054,-49.42019102
0.06882229698,0.09804158798,6.200912043,-2.84589966,1,-575.2974239,6.822789388,352.0532646,75.38339379,-320.7337731,256.7560251,-24.65268852
0.06882229698,0.1019052959,-0.124631861,-3.528354972,1,-685.3717093,3.530555468,-84.53800542,107.1381672,-502.1957666,198.5043761,-92.02301412
0.06882229698,0.1057690038,1.612498203,-3.939492745,1,284.7941976,4.256730382,145.3036162,0,415.2667493,173.3257693,-67.73991952
0.06882229698,0.1096327117,2.580199151,-3.636624387,1,2.888867958,4.458975733,54.28178604,0,154.8336299,-59.25884624,-54.64415092
0.06882229698,0.1134964196,2.221891864,-3.500804907,1,-89.6008262,4.146376545,-87.44330902,0.285456494,-19.50595406,-314.7260919,-57.59750891
0.06882229698,0.1173601275,2.158642422,-2.758470103,1,-367.7624079,3.502698162,335.6092856,0,-300.1824722,-683.6957153,-51.95502199
0.06882229698,0.1212238354,-0.3588520459,0.4374918773,1,-767.3715101,0.565839141,639.9237775,0,-535.7779683,-1014.425911,129.3602643
0.07268600488,0.01690372206,0.09778268133,-0.9796812217,1,8.723833845,0.9845490079,114.562896,0,20.9262407,-232.7401612,-84.30014503
0.07268600488,0.02076742997,0.155062295,-0.3087424386,1,23.25046066,0.3454941514,78.70703019,0,25.04354606,-133.5826354,-63.332442
0.07268600488,0.02463113787,0.2843766166,-0.1594559636,1,24.89313967,0.3260310789,8.137573722,0,59.20978058,-39.20908182,-29.28026829
0.07268600488,0.02849484577,0.4800114124,-0.1258087915,1,45.52300059,0.496224554,12.4811557,0,61.75203564,27.87721296,-14.68661521
0.07268600488,0.03235855367,0.6988560216,-0.2189418317,1,39.9442212,0.7323491412,34.53911464,0,49.59647387,93.52253863,-17.3950451
0.07268600488,0.03622226157,0.8259705033,-0.3537035127,1,-1.101191808,0.8985173606,72.33407775,0,36.75120885,110.8777327,-23.18195398
0.07268600488,0.04008596947,0.8365972741,-0.3678632559,1,-1.607802396,0.9139028253,103.7939533,0,94.23626545,105.77819,-23.73574838
0.07268600488,0.04394967737,1.183859828,-0.361370024,1,35.18557054,1.237785275,149.8261525,0,109.6136729,143.9814842,-16.97466868
0.07268600488,0.04781338527,1.396059255,-0.3452811648,1,-15.84544362,1.438123961,164.7859538,0,17.98890852,174.4305591,-13.89193368
0.07268600488,0.05167709317,1.19214155,-0.3986339619,1,-32.08673185,1.257024467,139.1597165,0,13.28434693,86.99711389,-18.48914961
0.07268600488,0.05554080107,1.323412332,-0.143740105,1,15.4127882,1.331195485,35.60662161,0,48.81314153,-14.56886617,-6.198781289
0.07268600488,0.05940450897,1.440291782,-0.2047705334,1,46.46838824,1.454775374,-92.29267503,0,44.95957194,-32.2825781,-8.091681417
0.07268600488,0.06326821687,1.676663264,-0.3756015907,1,123.2649073,1.71821892,-131.5634982,0,106.7740748,9.683996593,-12.62678116
0.07268600488,0.06713192477,2.329095215,-0.7505095952,1,123.1170816,2.447028642,-71.79019797,0,143.4600711,51.65173876,-17.86061466
0.07268600488,0.07099563267,2.706639515,-0.8525451769,1,12.8586682,2.837733381,55.5295146,0,109.8585937,139.5128485,-17.48353625
0.07268600488,0.07485934057,2.803238869,-1.074996666,1,-35.44615146,3.002293455,106.1163128,0,99.883264,173.6065023,-20.98100913
0.07268600488,0.07872304847,2.955605696,-1.113307555,1,29.45654008,3.158331639,94.17292932,0,220.6864649,122.2692139,-20.64021845
0.07268600488,0.08258675637,3.769718374,-1.183552502,1,145.6952711,3.951148333,184.3874956,0,425.6606177,121.5441231,-17.4303646
0.07268600488,0.08645046427,5.163157958,-0.87049912,1,73.49713634,5.236026052,131.8477869,0,398.9387008,-0.2653858634,-9.569965832
0.07268600488,0.09031417218,5.59507245,-0.6731057929,1,-293.7414583,5.635415436,359.4026854,0,549.995305,349.5982357,-6.859905064
0.07268600488,0.09417788008,6.15324797,-0.8326175902,1,-479.1236944,6.209324652,212.3128453,0,440.30383,423.2002006,-7.706088411
0.07268600488,0.09804158798,5.445083834,-1.487912934,2,-586.0844284,5.644716366,-232.696854,125.3683507,35.65790009,25.30608201,-15.28342023
0.07268600488,0.1019052959,4.026560644,-1.829465573,1,-429.4376837,4.422684128,628.448807,0,250.9920256,909.3333521,-24.43464636
0.07268600488,0.1057690038,4.755621934,-2.57316877,1,-445.0153146,5.407137644,550.006157,0,305.6975208,690.3538233,-28.41690447
0.07268600488,0.1096327117,3.488277383,-2.37172796,1,-725.3801254,4.218195422,445.9512344,133.4671556,-28.40021355,375.2567417,-34.21232506
0.07268600488,0.1134964196,1.843234884,-2.3000259,1,-755.3993639,2.947479258,70.5046054,175.3695534,44.37209556,-151.2565495,-51.29140318
0.07268600488,0.1173601275,0.7410757091,-1.514907634,1,-610.3816133,1.686457336,82.4483028,141.2450857,10.3936387,-544.9109682,-63.93264173
0.07268600488,0.1212238354,-0.4749433938,0.1239070719,1,-246.9333237,0.4908402895,426.8604622,0,-382.5237337,-421.4514432,165.3781326
0.07654971278,0.01690372206,0.309584649,-0.7102452663,1,-153.6721398,0.7747844818,95.5760896,0,51.15067573,-148.0106896,-66.44837636
0.07654971278,0.02076742997,0.1115281537,-0.2396711847,1,-43.95186706,0.2643497794,53.41069779,0,15.66851917,-99.17938754,-65.04564275
0.07654971278,0.02463113787,0.2003060543,-0.1206817481,1,43.99157417,0.2338516618,-5.228221496,0,68.58862055,-33.28241127,-31.06840744
0.07654971278,0.02849484577,0.5465051415,-0.13127799,1,98.61602491,0.5620514036,-18.48339061,0,106.5770634,9.318704106,-13.5073068
0.07654971278,0.03235855367,0.9931122107,-0.2281009211,1,88.69476563,1.018970997,15.19764198,0,94.51085546,44.41195612,-12.93550921
0.07654971278,0.03622226157,1.254358147,-0.2441535664,1,20.05093243,1.277898793,100.3834971,0,72.69157846,82.85036176,-11.01456988
0.07654971278,0.04008596947,1.351442183,-0.1603580074,1,7.948441697,1.360922725,167.9224784,0,113.6157541,168.6389503,-6.766902669
0.07654971278,0.04394967737,1.724046691,-0.2469218046,1,57.66012872,1.741639276,179.9351513,0,126.2696074,233.1848072,-8.150600669
0.07654971278,0.04781338527,2.062092957,-0.3660991234,1,-22.21742533,2.094339021,211.4109391,0,33.81773468,218.9989832,-10.06726025
0.07654971278,0.05167709317,1.768866898,-0.2762397907,1,-117.9421891,1.790306824,192.1128933,0,-57.60025262,144.3346836,-8.876053363
0.07654971278,0.05554080107,1.383848239,-0.1814980774,1,-64.8930992,1.395699645,56.3379153,0,-85.893005,53.22468254,-7.471957408
0.07654971278,0.05940450897,1.186273435,-0.2642111687,1,12.14902418,1.215340366,-28.91401643,0,-13.03898215,28.52843359,-12.55618339
0.07654971278,0.06326821687,1.380409701,-0.4034389253,1,100.9515265,1.438156427,-56.86854954,0,116.0723286,22.25032822,-16.29154472
0.07654971278,0.06713192477,2.024790219,-0.5699034017,1,122.1418125,2.103465074,-51.64387457,0,245.8748515,-30.2931907,-15.71994326
0.07654971278,0.07099563267,2.802318593,-0.4859317313,1,93.62575517,2.84413768,32.51567011,0,229.3744098,75.50731169,-9.83746451
0.07654971278,0.07485934057,3.272768508,-0.736010547,1,36.74539792,3.354508196,22.20017444,0,175.1385829,129.0031507,-12.67434513
0.07654971278,0.07872304847,3.620976404,-0.8985872346,1,22.01345224,3.730808107,83.53386185,0,141.5488943,86.63652941,-13.93706319
0.07654971278,0.08258675637,3.904725639,-0.7479983482,1,122.8924666,3.975724317,107.7662999,0,221.8222401,-16.18934498,-10.84433839
0.07654971278,0.08645046427,4.952853339,-0.41965883,1,218.3055084,4.970600541,-18.10606325,0,279.0346967,-133.8636702,-4.843144641
0.07654971278,0.09031417218,5.826302919,-0.3007447677,1,73.42482293,5.834059746,-80.88654828,0,143.971112,-100.4280231,-2.954897196
0.07654971278,0.09417788008,5.792807731,-0.3441562795,1,-150.8361879,5.803022053,-151.6642952,0,40.40127632,-114.6728484,-3.400000848
0.07654971278,0.09804158798,5.399614678,-0.443668913,1,-195.9708195,5.417811438,-124.7178055,0,202.2087357,18.98277006,-4.697257281
0.07654971278,0.1019052959,5.816909217,-0.8993733285,1,-83.36293963,5.886026267,30.46650063,0,343.5462159,184.5383752,-8.789112562
0.07654971278,0.1057690038,6.404886858,-1.038957632,1,-319.5287535,6.488606062,75.97440939,15.6830987,303.0155174,87.44636011,-9.213879672
0.07654971278,0.1096327117,5.753106896,-0.9436975951,1,-886.9841538,5.829991776,277.2034066,185.912121,-276.4052726,114.6041502,-9.315422795
0.07654971278,0.1134964196,1.90988994,-0.4107216007,1,-1012.872241,1.953553638,256.8816922,210.9461768,-379.905181,105.8035692,-12.13661174
0.07654971278,0.1173601275,0.3718217679,-0.3599758578,1,-513.3502824,0.5175268547,95.66445806,116.7181512,-68.43363457,11.72132675,-44.07261058
0.07654971278,0.1212238354,-0.3379531764,-0.08638986106,1,-140.669102,0.3488202367,-59.34603113,0,-226.7370077,-200.9643956,-165.6607373
0.08041342068,0.01690372206,-0.1048092968,-0.1883056911,1,-96.39659294,0.2155087516,-5.779804323,0,139.3784879,-62.678003,-119.0999288
0.08041342068,0.02076742997,-0.02177455324,-0.07838668126,1,-4.794472751,0.08135479683,-1.629799876,0,67.01244666,-33.6936963,-105.5244334
0.08041342068,0.02463113787,0.1355827805,-0.06442016121,1,45.26975051,0.1501087857,-12.97953783,0,75.43717299,-8.666845626,-25.41404147
0.08041342068,0.02849484577,0.4446017407,-0.0950496642,1,89.69426396,0.4546483768,-11.78750359,0,115.7010031,22.3895102,-12.06738424
0.08041342068,0.03235855367,0.9291700968,-0.1964701594,1,118.6078347,0.9497144793,13.56076888,0,163.3314057,27.86458531,-11.93915706
0.08041342068,0.03622226157,1.533932612,-0.1503154328,1,119.173856,1.541279983,120.1663775,0,193.4279916,58.85880996,-5.596745219
0.08041342068,0.04008596947,2.136972325,0.04040437373,1,133.2107918,2.13735426,186.077381,0,189.3037709,172.0927851,1.083179347
0.08041342068,0.04394967737,2.780034675,-0.09628303916,1,95.06923859,2.781701497,116.3481163,0,143.5784985,160.1356004,-1.983575132
0.08041342068,0.04781338527,3.059037472,-0.1287776743,1,-65.95064623,3.061746878,124.3507796,0,-8.578270437,142.2629272,-2.410582827
0.08041342068,0.05167709317,2.492076711,-0.1654903453,1,-198.1163029,2.497565492,174.2467098,0,-141.5334065,199.119173,-3.799239878
0.08041342068,0.05554080107,1.746730207,-0.224877607,1,-137.6352125,1.761146318,127.7731235,0,-134.9720175,163.1275786,-7.3360227
0.08041342068,0.05940450897,1.438802003,-0.3020896324,1,-31.50608315,1.470173238,87.40285795,0,-21.24677583,111.2922469,-11.85753693
0.08041342068,0.06326821687,1.542908569,-0.3171792279,1,58.10622848,1.575172852,38.08136454,0,90.3812712,30.40781401,-11.61658936
0.08041342068,0.06713192477,2.012514328,-0.2724412746,1,170.9315776,2.030871284,-32.07100429,0,238.2867783,-29.25692009,-7.709468314
0.08041342068,0.07099563267,3.124008763,-0.3280520273,1,153.1579365,3.141185905,-50.72551626,0,202.6997159,18.59767168,-5.994657246
0.08041342068,0.07485934057,3.387444351,-0.5402858236,1,2.816784482,3.430260632,-29.89538178,0,123.7677375,53.80802025,-9.062151415
0.08041342068,0.07872304847,3.613094381,-0.651457523,1,31.92096807,3.671355051,-25.13243146,0,158.5956668,42.42726455,-10.22087719
0.08041342068,0.08258675637,4.123544978,-0.8013167548,1,106.5421324,4.200682293,15.56170015,0,142.6736318,11.52458138,-10.99706522
0.08041342068,0.08645046427,4.575991298,-0.6358592753,1,118.0661337,4.619958158,-47.89670969,16.52782835,81.47817714,-151.626398,-7.910908407
0.08041342068,0.09031417218,4.894525909,-0.4005355386,1,78.73505557,4.910887149,-114.218847,0,63.15138092,-254.5315726,-4.678282161
0.08041342068,0.09417788008,5.124199044,-0.0937318888,1,-8.424083882,5.125056244,-91.6845652,0,45.18375538,-208.430476,-1.047937976
0.08041342068,0.09804158798,5.036554542,0.05053655937,1,-119.9071157,5.036808076,-120.7027544,0,50.82260689,-98.37150973,0.574883955
0.08041342068,0.1019052959,4.857276681,-0.1800132954,1,-131.0730801,4.860611232,-226.0861557,0,221.7832269,-169.5663264,-2.122441156
0.08041342068,0.1057690038,5.387032053,-0.1678395518,1,-187.7099084,5.389646041,-213.930482,0,225.1947955,-257.2525413,-1.784542595
0.08041342068,0.1096327117,5.002107336,-0.0126295128,1,-472.2695431,5.00212328,-115.1495754,105.2442365,-82.24630394,-196.266857,-0.1446622782
0.08041342068,0.1134964196,3.244544793,0.1455739299,1,-618.6292217,3.247808905,241.7943928,99.71528817,-376.8198186,185.6954712,2.56898339
0.08041342068,0.1173601275,1.155983014,0.2041203339,1,-685.6884568,1.173866193,96.33048566,96.92927089,-537.2952058,188.0061801,10.01390794
0.08041342068,0.1212238354,-1.480706846,-0.2086341751,1,-672.5023676,1.495333068,-327.0442819,0,-692.3471128,-113.3870803,-171.979723
0.08427712858,0.01690372206,0.04508367801,0.2007207763,1,-67.39444055,0.205721579,81.70888123,0,31.1415988,166.0584249,77.34094549
0.08427712858,0.02076742997,-0.02495151755,0.03776977711,1,-4.365726284,0.04526736452,24.95777788,0,22.89380226,77.97535091,123.4495988
0.08427712858,0.02463113787,0.1166707515,-0.004123639476,1,66.63453379,0.1167436022,12.61645744,0,91.87116371,30.36244789,-2.024233374
0.08427712858,0.02849484577,0.5874681982,-0.03079554639,1,112.7014922,0.5882748078,11.97539457,0,155.5633337,25.22134073,-3.000743353
0.08427712858,0.03235855367,1.153167679,-0.05530210632,1,146.5557782,1.15449297,25.78422634,0,205.0730237,6.751144016,-2.74561247
0.08427712858,0.03622226157,1.946059178,0.04274272415,1,178.9918534,1.946528517,32.2207448,0,230.4954695,3.318201311,1.258226903
0.08427712858,0.04008596947,2.735307084,0.0563688793,1,101.2727175,2.735887843,22.04900789,0,117.7500075,48.51035555,1.180577426
0.08427712858,0.04394967737,2.792299011,-0.05949619385,1,33.63109291,2.792932789,30.27197537,0,58.7421839,82.24223458,-1.220630404
0.08427712858,0.04781338527,3.092210443,-0.1444290218,1,38.37082416,3.095581555,113.3267689,0,70.11165127,112.8411766,-2.674191734
0.08427712858,0.05167709317,3.211443609,-0.057620007,1,-108.1612735,3.211960479,127.450218,0,-43.09417296,134.3811892,-1.027895684
0.08427712858,0.05554080107,2.507803579,-0.1712082699,1,-193.295785,2.513640998,106.4694066,21.61205863,-132.1610971,149.6797629,-3.905534595
0.08427712858,0.05940450897,1.953973282,-0.2245722019,1,-154.2070178,1.966836104,97.61209924,22.73969773,-69.09446374,125.4427015,-6.556297417
0.08427712858,0.06326821687,1.645031881,-0.2787375878,1,-66.96502732,1.668479707,50.01272108,8.766795816,23.96585316,72.03570539,-9.616972662
0.08427712858,0.06713192477,1.787837033,-0.3096625804,1,122.6162335,1.814456439,-6.902986816,0,144.7834073,-2.819039618,-9.826433633
0.08427712858,0.07099563267,2.678185986,-0.2945167668,1,203.4840459,2.694331142,-53.3826272,0,204.7566819,-63.98673788,-6.275529432
0.08427712858,0.07485934057,3.365159959,-0.2686913942,1,104.9940451,3.375869756,13.64654654,0,156.3126134,43.31660354,-4.565100119
0.08427712858,0.07872304847,3.687798587,-0.4091532005,1,55.35728143,3.710426493,-7.688481016,0,111.3787082,80.23364019,-6.33094958
0.08427712858,0.08258675637,4.009379119,-0.6083967885,1,10.58156325,4.05527651,-18.70578157,0,117.3152027,20.60122876,-8.62843151
0.08427712858,0.08645046427,4.181954332,-0.5610240068,1,5.395991447,4.219418203,-5.150725376,0,96.10751253,-69.19315827,-7.640812307
0.08427712858,0.09031417218,4.401559009,-0.3609555346,1,26.89879809,4.416334522,-13.41733536,0,89.90520327,-123.154606,-4.68812396
0.08427712858,0.09417788008,4.633250875,-0.1370312474,1,-21.69816142,4.635276824,-44.50798404,0,60.93940518,-193.8299345,-1.69406413
0.08427712858,0.09804158798,4.553175713,0.2159808652,1,-100.0022622,4.558295384,-45.56732545,20.64176774,10.70273754,-201.1152176,2.715801853
0.08427712858,0.1019052959,4.288223596,0.4639603723,1,-125.3025404,4.313249452,-73.54039919,0,133.3770576,-161.6435058,6.175043516
0.08427712858,0.1057690038,4.584373289,0.5563855344,1,-129.6600997,4.618012918,-211.0808975,0,197.3829133,-236.7758791,6.919897254
0.08427712858,0.1096327117,4.549884766,0.5632382755,1,-302.2617503,4.58461435,-169.1658312,57.84827308,37.54521106,-160.6697868,7.056844627
0.08427712858,0.1134964196,3.561585905,0.5235593006,1,-539.4108919,3.599862289,-31.47915913,110.4533234,-257.6134316,59.072706,8.362684301
0.08427712858,0.1173601275,1.47041559,0.2133723188,1,-779.8292394,1.485816191,3.25590969,93.25330727,-669.8759038,180.9669267,8.256571813
0.08427712858,0.1212238354,-2.03965131,-0.1630641598,1,-953.3783632,2.04615918,-11.32536104,0,-863.5638026,183.5322671,-175.4290917
0.08814083648,0.01690372206,0.8524912014,0.1924087826,1,-96.84858022,0.8739350022,219.4522493,0,-149.8378795,305.1070722,12.71864933
0.08814083648,0.02076742997,0.3759289897,0.02693617455,1,-70.65659924,0.3768927736,90.429928,0,-71.91382767,131.665441,4.098369876
0.08814083648,0.02463113787,0.3016407166,0.03308680521,1,10.94216626,0.3034499277,56.89510128,0,44.02836374,45.60548052,6.259717586
0.08814083648,0.02849484577,0.5883190608,0.07055597145,1,72.17162651,0.5925347774,3.55550622,0,122.7801056,4.451904453,6.838710784
0.08814083648,0.03235855367,1.054877264,0.02962338428,1,120.4427912,1.055293129,11.65010294,0,159.83866,17.31214481,1.608574752
0.08814083648,0.03622226157,1.671244718,0.04867949554,1,170.9873864,1.671953529,-7.136746339,0,179.6384543,-26.40435846,1.668421882
0.08814083648,0.04008596947,2.409593095,0.1040678095,1,184.2745167,2.411839338,-54.39075569,0,215.2153098,-41.9828265,2.473008025
0.08814083648,0.04394967737,3.214756717,0.0007388814788,1,180.7701128,3.214756802,63.55623533,0,213.4862063,92.08018232,0.01316889372
0.08814083648,0.04781338527,3.93288435,-0.006140389871,1,3.315718807,3.932889143,133.5785561,0,71.47256175,111.5346941,-0.08945550059
0.08814083648,0.05167709317,3.503716788,0.08590992524,1,-215.3681085,3.50476987,25.21716818,44.84175343,-94.30037682,20.69577067,1.404591279
0.08814083648,0.05554080107,2.736415777,0.0113289694,1,-200.9168941,2.736439228,9.51667603,39.13699282,-110.4669424,24.82567759,0.2372075289
0.08814083648,0.05940450897,2.300620599,0.02676041496,1,-126.1084267,2.30077623,29.28659827,24.89090682,-60.7451753,23.37979461,0.6664243952
0.08814083648,0.06326821687,2.014468038,0.03415113337,1,-92.66381943,2.014757498,29.43777043,20.42968355,8.374491944,84.70960012,0.9712382367
0.08814083648,0.06713192477,1.974951258,-0.1867937901,1,22.11961116,1.983765206,0.2668155038,0,147.6809532,92.7391442,-5.403045956
0.08814083648,0.07099563267,2.67052782,-0.3231349336,1,172.582514,2.69000651,-30.15298396,0,249.9603149,10.01880945,-6.899271715
0.08814083648,0.07485934057,3.607533324,-0.3420058657,1,123.0220059,3.623708694,4.862726113,0,193.4770403,33.81733734,-5.415639893
0.08814083648,0.07872304847,3.893387686,-0.4350070937,1,5.444114404,3.917613922,49.20275488,0,130.0048175,61.34737976,-6.37520048
0.08814083648,0.08258675637,4.130868433,-0.3889291488,1,-37.0729002,4.149137247,76.65028701,0,139.3996216,37.92307394,-5.37865125
0.08814083648,0.08645046427,4.288748248,-0.2853764546,1,-68.58771226,4.29823234,119.1255808,0,129.6646346,59.12312673,-3.806891268
0.08814083648,0.09031417218,4.36685182,-0.1570971931,1,-90.32967179,4.369676687,115.022558,0,68.22207338,-17.21621311,-2.060323204
0.08814083648,0.09417788008,4.203330945,0.2255555302,1,-129.6996766,4.209378378,42.92354,25.37794782,56.34874645,-121.5209654,3.071610852
0.08814083648,0.09804158798,4.083445252,0.4782683417,1,-110.2165061,4.111358137,-3.056117637,23.56385803,44.28601076,-156.7669043,6.680259862
0.08814083648,0.1019052959,3.948594769,0.819449111,1,-132.93211,4.032728295,-24.74517307,30.05270904,22.46802319,-184.5633569,11.72413046
0.08814083648,0.1057690038,3.656644287,1.095759121,1,-145.6551177,3.817294263,-128.5816443,0,88.48829184,-253.0310669,16.68150124
0.08814083648,0.1096327117,3.727718853,1.300285328,1,-194.8840257,3.9479906,-208.013127,0,115.8185022,-243.8848559,19.22955267
0.08814083648,0.1134964196,3.351158198,1.234357004,1,-424.6193886,3.571260069,-196.6779386,86.89546421,-56.77119729,-22.92323455,20.22064078
0.08814083648,0.1173601275,1.867766243,0.6289479055,1,-737.9153738,1.970818664,-9.915741999,152.9029057,-340.4549296,273.7428522,18.61033587
0.08814083648,0.1212238354,-0.8153496626,0.1383830523,1,-806.3029017,0.827009638,295.6791691,0,-582.5784394,549.6139209,170.3674173
0.09200454438,0.01690372206,2.071827673,-0.004014398068,1,-264.1903091,2.071831562,167.5681447,0,-376.9904375,148.4535467,-0.1110168484
0.09200454438,0.02076742997,0.8331601144,0.03291221368,1,-204.2775521,0.8338099244,74.26899066,0,-199.2531115,41.2110669,2.262171392
0.09200454438,0.02463113787,0.5127030592,0.1237117631,1,-42.75665519,0.527417318,35.42372922,4.722667041,-12.82560565,1.304012135,13.56577231
0.09200454438,0.02849484577,0.618406494,0.1647408341,1,88.35284023,0.6399735419,-14.27437424,0,106.3736517,-7.338099407,14.91692196
0.09200454438,0.03235855367,1.265069344,0.09691202322,1,142.7502903,1.26877594,-15.84248315,0,167.3299962,7.08184581,4.380650063
0.09200454438,0.03622226157,1.816466147,0.07616792321,1,133.8256951,1.818062379,34.54884494,0,150.3257978,14.10137717,2.401115737
0.09200454438,0.04008596947,2.362947713,0.175915066,1,198.8453831,2.369486865,35.4807302,0,209.3548643,37.87705214,4.257661517
0.09200454438,0.04394967737,3.393632668,0.06690923521,1,197.6913962,3.394292199,-23.75757841,0,236.1687129,-9.003369074,1.129503555
0.09200454438,0.04781338527,4.039256444,0.1189091108,1,-25.30222347,4.04100631,-4.639031751,1.472469479,24.06122009,-93.47626217,1.686207158
0.09200454438,0.05167709317,3.388837793,0.4101503442,1,-229.0378038,3.413567766,-41.47361238,42.46542811,-132.9885392,-56.83574997,6.900931648
0.09200454438,0.05554080107,2.640492402,0.1782639231,1,-194.5320899,2.646503005,-127.3659734,18.39521122,-124.1713382,-28.45113696,3.862270241
0.09200454438,0.05940450897,2.15746084,0.0279723091,1,-78.04190251,2.157642169,-99.32852638,0,-65.45456207,-82.08628378,0.7428201843
0.09200454438,0.06326821687,2.086063979,0.1116449342,1,-40.14583085,2.089049428,11.16594074,2.112474683,37.48622351,-27.00916553,3.063514147
0.09200454438,0.06713192477,2.147184894,0.1754697688,1,-35.33493646,2.154342733,11.33105433,0,168.4530322,39.07551205,4.671878041
0.09200454438,0.07099563267,2.600393417,0.004448453675,1,53.46892206,2.600397222,30.22229817,0,300.4459096,74.72449515,0.09801492753
0.09200454438,0.07485934057,3.514608425,0.003526278735,1,75.22331095,3.514610194,68.38571718,0,316.7676567,50.87287192,0.05748601171
0.09200454438,0.07872304847,4.114932016,0.07211297228,1,-22.6406077,4.115563846,80.52426285,0,265.2698948,62.42889666,1.003988898
0.09200454438,0.08258675637,4.452057119,0.07344148803,1,-37.82682651,4.452662826,101.31545,0,233.4221653,66.93081669,0.9450700139
0.09200454438,0.08645046427,4.870655271,0.2049651519,1,-107.7420195,4.874965999,98.07456572,0,192.4785074,51.9529094,2.409678518
0.09200454438,0.09031417218,4.779454157,0.2516420959,1,-184.200834,4.786074151,119.36929,31.10286421,44.15870243,21.83594312,3.013885877
0.09200454438,0.09417788008,4.329573381,0.5818055147,1,-194.5312262,4.368489822,96.98255345,38.99282177,-23.85689686,-48.29016871,7.65352412
0.09200454438,0.09804158798,3.93566624,0.8129334603,1,-189.2949784,4.018747263,33.78871667,42.90967134,-30.71565089,-91.1108856,11.67062855
0.09200454438,0.1019052959,3.479516575,1.064381095,1,-165.2596526,3.638673207,-12.38403562,36.79113775,-48.45551942,-180.128035,17.00882599
0.09200454438,0.1057690038,3.109933242,1.461047276,1,-162.3053383,3.436036075,22.32481317,37.43604624,-12.56130105,-158.6725631,25.16414762
0.09200454438,0.1096327117,2.803882959,1.763702087,1,-139.9060836,3.31246203,-14.28268851,31.3256058,37.20108239,-139.4914259,32.17076703
0.09200454438,0.1134964196,2.713111117,1.944817263,1,-163.8435516,3.338156096,-62.33456856,29.67980264,82.54432125,-58.54061974,35.63378019
0.09200454438,0.1173601275,2.48976648,1.749043377,1,-406.8030181,3.042710939,-43.94718198,94.32495039,21.99213804,277.887564,35.08777039
0.09200454438,0.1212238354,1.22631428,0.7013418129,1,-484.7024741,1.412702039,98.64678725,0,-169.3077321,640.9763791,29.76568549
0.09586825228,0.01690372206,2.073506707,-0.2434179649,1,-272.5695354,2.087745763,34.62871663,0,-375.200192,-115.3655986,-6.695554712
0.09586825228,0.02076742997,0.8221102005,0.0463491454,1,-207.9607849,0.8234157061,30.77067843,0,-213.9035921,-70.72498657,3.226820614
0.09586825228,0.02463113787,0.4435459811,0.1487316378,1,-42.57894931,0.4678184876,3.031940107,3.619511774,-39.54305189,-21.25405149,18.53754149
0.09586825228,0.02849484577,0.5048147756,0.140183123,1,74.81406574,0.5239172317,-1.346527062,1.115697,74.64928769,4.901214795,15.51955861
0.09586825228,0.03235855367,1.021028721,0.1245921882,1,162.5992382,1.028602383,-27.16272284,0,187.9449089,-19.97997227,6.957186855
0.09586825228,0.03622226157,1.859214966,0.1124310729,1,200.6944237,1.862611349,11.21713617,0,232.0498367,6.019748812,3.460595405
0.09586825228,0.04008596947,2.693026138,0.1446733748,1,165.3498243,2.696909373,29.69621673,13.07336255,152.7288326,20.12693197,3.075058673
0.09586825228,0.04394967737,3.088177986,0.149403994,1,90.41352693,3.091789906,-76.75680853,0,132.3697159,-87.08682395,2.769772058
0.09586825228,0.04781338527,3.553795514,0.184585537,1,-10.55105369,3.558586008,-102.9861849,0,19.79091939,-182.6019948,2.97329346
0.09586825228,0.05167709317,3.123878128,0.4570162279,1,-188.8445147,3.157131354,-81.96145239,0,-178.525787,-107.4801581,8.323196197
0.09586825228,0.05554080107,2.134383976,0.2831823618,1,-218.972221,2.153087831,-133.2517831,0,-175.5170633,-34.48085734,7.557657604
0.09586825228,0.05940450897,1.599686763,0.07539422166,1,-66.69774786,1.601462466,-23.79040174,13.79869911,19.81803141,-36.96850802,2.69838856
0.09586825228,0.06326821687,1.953254446,0.3340987151,1,-7.55645534,1.98162178,71.27308296,0,155.0885044,-64.65571562,9.706350372
0.09586825228,0.06713192477,2.169707507,0.6005833946,1,52.35178983,2.251295422,18.43250244,0,238.2387926,-58.44010201,15.4722934
0.09586825228,0.07099563267,3.076011575,0.6311120043,1,92.9994006,3.14008751,64.14109294,0,398.395451,66.55650932,11.59459329
0.09586825228,0.07485934057,4.068313677,0.5912509313,1,28.91585469,4.111052644,76.99921424,0,325.5895577,65.02031043,8.268944682
0.09586825228,0.07872304847,4.445716938,0.6773949896,1,-68.83265514,4.497028248,53.07564006,0,253.2692647,35.51561886,8.663535999
0.09586825228,0.08258675637,4.780922863,0.6590977239,1,-133.403373,4.826140614,50.39488096,0,242.80441,-0.6423564284,7.849315722
0.09586825228,0.08645046427,4.868410589,0.8745879669,1,-133.3600127,4.946344688,-3.380685365,0,167.3959014,-20.49368398,10.18429759
0.09586825228,0.09031417218,4.912427595,0.7252173519,1,-203.3398384,4.965670658,-5.021038081,43.66019571,79.89714966,-7.713611739,8.397867258
0.09586825228,0.09417788008,4.391464097,0.884991285,1,-240.9164331,4.479750717,87.78780863,51.90269475,-30.96189911,-6.876487899,11.39394182
0.09586825228,0.09804158798,3.861969135,1.090972542,1,-228.9620549,4.013106862,111.4686042,42.99852725,-78.17289577,11.6280138,15.77452241
0.09586825228,0.1019052959,3.204784361,1.270746163,1,-149.1607767,3.447526449,131.8234689,13.30601693,-40.32889114,-19.1594247,21.62908547
0.09586825228,0.1057690038,3.129836408,1.674326341,1,-57.7010926,3.549541469,194.7396528,0,39.27222293,9.987197377,28.1448436
0.09586825228,0.1096327117,3.133580592,1.984575685,1,-75.6849704,3.709160009,179.0046011,0,12.09200843,46.48903667,32.34711259
0.09586825228,0.1134964196,2.884131778,2.186327775,1,-112.3793826,3.619149797,103.8814584,9.010098667,18.70329309,25.9481723,37.16409406
0.09586825228,0.1173601275,2.771643545,2.285687138,1,-227.5376379,3.592544173,-2.539039378,53.0968306,9.66568906,212.1126857,39.51132812
0.09586825228,0.1212238354,2.042338209,1.356976209,1,-314.8541223,2.452046041,-66.87564087,0,-62.6616502,413.8599393,33.60097209
0.09973196018,0.01690372206,1.759883944,-0.400549277,1,-281.4488104,1.804890916,-76.58806322,0,-278.1667887,-289.0783602,-12.8220856
0.09973196018,0.02076742997,0.6787883383,0.009950942701,1,-168.9532385,0.6788612741,-3.338805475,0,-172.0626546,-142.0632833,0.8398880008
0.09973196018,0.02463113787,0.4422981435,0.135441584,1,-8.983251879,0.4625711517,4.67150152,1.640514618,-3.090013085,-35.22624466,17.02575977
0.09973196018,0.02849484577,0.6321407691,0.1641041798,1,65.18989824,0.6530942764,20.08804556,0,100.6160099,4.714547143,14.55278401
0.09973196018,0.03235855367,1.082923741,0.1948402913,1,139.9411087,1.100312032,1.87099233,0,183.821375,-6.724869695,10.19956725
0.09973196018,0.03622226157,1.883064435,0.1973160799,1,167.594305,1.893374053,-43.46547712,0,213.5230317,-25.94628256,5.981883526
0.09973196018,0.04008596947,2.555449806,0.1271512409,1,111.9074241,2.558611176,-69.3036075,0,115.2123059,-77.50806157,2.848510751
0.09973196018,0.04394967737,2.76058873,0.2290156939,1,42.39647761,2.770071899,-69.00461523,0,56.05230314,-97.21337061,4.742341503
0.09973196018,0.04781338527,2.935827138,0.2361416319,1,-38.4583396,2.945308788,-89.2983695,0,11.61935824,-146.4981386,4.598654079
0.09973196018,0.05167709317,2.656890746,0.4500188938,1,-107.8696412,2.694732907,-67.32685627,0,-136.3011626,-95.80217844,9.613405906
0.09973196018,0.05554080107,1.992422474,0.3461619591,1,-117.3974485,2.022269868,-1.924881507,21.54042724,-72.62327882,20.79290336,9.8561406
0.09973196018,0.05940450897,1.922706161,0.362244009,1,-67.70528704,1.956532571,118.7723411,0,98.55883024,16.82478158,10.66963955
0.09973196018,0.06326821687,2.111631553,0.7400575501,1,-72.15575238,2.237559607,91.61460743,0,90.24745522,-45.93172238,19.31388889
0.09973196018,0.06713192477,1.992607216,0.8936828502,1,83.36404251,2.183838949,107.4937367,0,173.8342882,-7.512896217,24.15619881
0.09973196018,0.07099563267,3.105370775,1.184409586,1,175.6894585,3.323575442,50.48530709,0,360.2524974,-15.79919618,20.87719215
0.09973196018,0.07485934057,4.063330385,1.149786809,1,37.12672555,4.222873846,-13.15044808,0,312.7578988,-47.36916282,15.7997416
0.09973196018,0.07872304847,4.457222763,1.316620705,1,-81.73369412,4.647614962,19.8642544,0,232.0959811,-77.76519176,16.45663326
0.09973196018,0.08258675637,4.644286341,1.526998472,1,-143.3311213,4.888877167,-23.12233592,0,226.4608318,-36.16096348,18.20038762
0.09973196018,0.08645046427,4.778411682,1.366998153,1,-139.445434,4.970100819,-8.818396591,0,161.6947476,38.03074203,15.9646572
0.09973196018,0.09031417218,4.73025119,1.345987085,1,-177.8332298,4.918023744,51.1141139,21.76662814,142.5767884,44.38214712,15.88363689
0.09973196018,0.09417788008,4.64219109,1.393008506,1,-124.7682961,4.846690708,184.2763371,0,42.21144086,171.451444,16.70322066
0.09973196018,0.09804158798,4.411275616,1.395538726,1,-181.6502332,4.62675706,147.8338991,24.60722051,-6.607672567,124.0569453,17.55514129
0.09973196018,0.1019052959,3.914817533,1.484875711,1,-175.726455,4.186962167,271.6720408,0,43.64151511,157.743885,20.77154997
0.09973196018,0.1057690038,3.90093799,1.835723841,1,-87.69328015,4.311287421,373.7424954,0,25.65623433,213.8000258,25.20098315
0.09973196018,0.1096327117,3.675124508,2.102846694,1,-67.708715,4.234206463,169.3290335,0,-109.8935057,10.01093602,29.77749052
0.09973196018,0.1134964196,3.214734887,2.451282433,1,-56.79805014,4.042685489,221.7817494,0,-40.42117167,76.14935016,37.3260511
0.09973196018,0.1173601275,3.299497833,2.665527745,1,-184.73948,4.241665252,-95.92894947,36.66116725,17.08326759,104.7960001,38.93330978
0.09973196018,0.1212238354,2.566960255,1.67573986,1,-249.1140254,3.065516111,-296.1096753,0,-130.0748766,216.2416263,33.13694378
0.1035956681,0.01690372206,0.6606784581,-0.2307371918,1,-124.6522472,0.6998111721,-183.6280749,0,-82.58881089,-320.8395146,-19.25138711
0.1035956681,0.02076742997,0.2603190014,0.03433527003,1,-42.52580832,0.2625735958,-49.36790983,0,-44.22688835,-153.4747919,7.513764377
0.1035956681,0.02463113787,0.3254913786,0.1715013911,1,38.3824194,0.3679094517,-4.229119239,0,49.70026086,-67.05063859,27.78474393
0.1035956681,0.02849484577,0.600644749,0.2770592707,1,64.08005722,0.6614650058,-6.336119462,0,111.084162,-38.07540514,24.7624483
0.1035956681,0.03235855367,1.002274756,0.2941327199,1,105.7302799,1.044542361,-48.92606509,0,150.5995148,-52.24592949,16.3551259
0.1035956681,0.03622226157,1.591028202,0.289886257,1,132.5702653,1.617221315,-116.7468876,0,158.2162034,-81.36889039,10.32605358
0.1035956681,0.04008596947,2.125788733,0.1574424726,1,99.23463295,2.131611097,-144.6060973,0,122.0377978,-121.9024809,4.235768633
0.1035956681,0.04394967737,2.445960241,0.202166115,1,63.25659934,2.454300845,-79.55191279,0,70.54180439,-136.6547443,4.724931914
0.1035956681,0.04781338527,2.642746682,0.3780711338,1,-26.34029054,2.669653125,-56.57531786,0,38.66910737,-94.10378087,8.141488043
0.1035956681,0.05167709317,2.493595187,0.347165134,1,-57.56312141,2.517645843,-26.69827671,0,-55.14265033,-46.91345426,7.925927643
0.1035956681,0.05554080107,2.207284501,0.456176675,1,-74.55824421,2.253930351,69.54678323,3.85604005,-21.20488273,-26.3779297,11.67685097
0.1035956681,0.05940450897,2.123594437,0.7177902052,1,-67.93383128,2.241623544,79.63292538,0,47.86897803,-51.1742188,18.67562338
0.1035956681,0.06326821687,2.129759769,0.9615772714,1,27.46154385,2.336772887,41.86020988,0,84.45422306,-18.27471709,24.29896898
0.1035956681,0.06713192477,2.55600427,0.9501339976,1,72.42963799,2.726886951,61.04941721,0,207.1641703,-37.98301859,20.39142402
0.1035956681,0.07099563267,3.210028576,1.344209676,1,103.2567071,3.480112514,65.87160369,0,227.6376931,-116.8739075,22.7216532
0.1035956681,0.07485934057,3.834483578,1.656209273,1,8.432688418,4.176876042,0.2902977928,0,253.4856758,-140.9552423,23.36072244
0.1035956681,0.07872304847,4.222004629,1.889941185,1,-32.85794137,4.625710839,-9.143963477,0,218.5308625,-120.8647646,24.11523292
0.1035956681,0.08258675637,4.55186951,2.087865815,1,-34.60713212,5.007863786,-22.14689009,0,231.1214519,-60.49463383,24.6401258
0.1035956681,0.08645046427,4.981278558,2.038105666,1,-63.13161348,5.382100963,9.350797158,0,251.9470626,41.61973343,22.25207703
0.1035956681,0.09031417218,5.281397253,1.963188071,1,-41.55702645,5.634471079,41.69830428,0,244.6297734,173.1661753,20.39098402
0.1035956681,0.09417788008,5.765892335,1.530152214,1,-137.027239,5.965474014,149.7737354,0,41.54349014,200.4768965,14.86256617
0.1035956681,0.09804158798,4.912475938,1.767285867,1,-308.1821692,5.220701024,-73.33971489,67.70265796,74.73536322,-225.5685384,19.78642868
0.1035956681,0.1019052959,4.863922066,2.118319922,1,-234.7100498,5.305187759,-641.0976087,0,360.8720588,-730.3874562,23.53393594
0.1035956681,0.1057690038,5.399929089,2.112275756,1,-577.4493172,5.798356926,-5.740659997,113.9446597,308.9444913,71.05964531,21.36381305
0.1035956681,0.1096327117,3.826497849,1.821585976,1,-711.7565865,4.237954844,-83.86562597,142.2735342,358.5522029,-119.4085544,25.45656006
0.1035956681,0.1134964196,4.035250522,2.249603249,1,-74.09838345,4.619952549,-23.37114698,0,-190.0506249,-345.3119714,29.13913683
0.1035956681,0.1173601275,2.805903238,3.065471282,1,-458.1920169,4.155743876,-660.6821456,0,-137.4790804,-548.6926909,47.53134522
0.1035956681,0.1212238354,1.733751397,1.816908708,1,-413.3935571,2.511384312,-617.3620457,0,-141.5924146,28.94073191,46.34163564
0.107459376,0.01690372206,-0.1892314675,-0.2380284457,1,-6.28422686,0.3040823725,-29.77186379,0,49.91840349,-154.7331281,-128.4845303
0.107459376,0.02076742997,-0.104936611,0.003378466335,1,41.75692343,0.1049909823,18.49670289,0,50.41501521,-89.48218005,178.1559818
0.107459376,0.02463113787,0.16689398,0.1791704174,1,80.72564375,0.2448584061,5.901689169,10.89142944,65.63226843,-82.70124182,47.03168318
0.107459376,0.02849484577,0.4605476106,0.3457143108,1,77.03769675,0.5758667262,-33.02128083,8.67086874,58.87597468,-81.94617268,36.89406318
0.107459376,0.03235855367,0.6920247061,0.3682019086,1,78.67190878,0.783881904,-89.57496062,0,91.38632155,-76.81265595,28.01586606
0.107459376,0.03622226157,1.117602939,0.2964044934,1,101.46189,1.156240439,-141.3767538,0,114.318863,-101.7914893,14.85370943
0.107459376,0.04008596947,1.525738507,0.215256009,1,73.92707611,1.540848188,-159.822076,0,135.1017748,-149.665797,8.030468784
0.107459376,0.04394967737,1.925229361,0.2571635982,1,71.76903378,1.942328811,-109.0865845,0,142.5092265,-179.5015729,7.608279319
0.107459376,0.04781338527,2.353647114,0.4873189562,1,29.44940388,2.403567037,-96.00232946,0,86.30654087,-148.3373646,11.69771409
0.107459376,0.05167709317,2.37247652,0.4593708871,1,-67.28341144,2.416540181,-74.13693895,0,16.96055995,-90.95622469,10.95829649
0.107459376,0.05554080107,2.159214315,0.5523037634,1,-78.01125662,2.228731905,3.780123883,18.05175178,-9.939033166,-86.88442949,14.3480024
0.107459376,0.05940450897,2.03266229,0.8096722382,1,-4.007741665,2.187986544,30.92406437,0,15.27792412,-74.66281284,21.7189213
0.107459376,0.06326821687,2.202759008,0.960260615,1,6.034496757,2.402966437,95.24614608,0,6.664898119,-61.23190678,23.55409121
0.107459376,0.06713192477,2.081729042,1.414257727,1,55.10676889,2.516688444,120.4442646,0,127.5037653,-61.95067507,34.19088894
0.107459376,0.07099563267,2.908312771,1.664981384,1,142.535124,3.351185788,70.90689711,0,229.6754888,-105.6960611,29.79072663
0.107459376,0.07485934057,3.519842127,2.096599972,1,87.67941681,4.096952532,-18.43392344,0,183.1987832,-179.6604561,30.78021475
0.107459376,0.07872304847,3.954907013,2.287913612,1,38.82401695,4.569008446,-18.93264271,0,169.5616906,-137.2376855,30.04938042
0.107459376,0.08258675637,4.324983632,2.553696101,1,35.43323604,5.022633492,-58.91663263,0,228.6757331,-135.6451324,30.55982006
0.107459376,0.08645046427,4.975346924,2.584370123,1,21.35930904,5.606518166,-141.8467248,0,298.396008,-115.455802,27.4489511
0.107459376,0.09031417218,5.560424777,2.451729284,1,-32.31671949,6.076948262,-160.8040647,0,296.3403793,-31.02808456,23.79387294
0.107459376,0.09417788008,5.995457224,2.082953643,1,-534.5025796,6.346983788,-96.10149343,121.9622395,-61.82700852,-205.6571193,19.15835089
0.107459376,0.09804158798,3.256381436,2.875020221,2,-1226.306713,4.343933854,37.83854342,237.6283405,-683.6868896,-402.94979,41.4408992
0.107459376,0.1019052959,-1.384200148,3.786031009,1,22.27766014,4.031133941,-176.1555807,0,209.8646387,-793.5600126,110.0827755
0.107459376,0.1057690038,4.15331147,5.260490602,1,107.2976306,6.702444147,256.6224162,0,998.876208,-378.0467341,51.70787377
0.107459376,0.1096327117,2.889732452,6.23820722,1,-915.5944874,6.875011488,-616.6142596,141.2509063,303.990163,226.413693,65.14495422
0.107459376,0.1134964196,1.79025101,2.003276841,1,-517.3378149,2.686655315,-611.8557593,0,-585.982063,-7.892305671,48.21407308
0.107459376,0.1173601275,-1.373173277,3.904668852,1,-222.0957372,4.139087302,-173.3757593,0,-165.2986706,-360.4041937,109.3754837
0.107459376,0.1212238354,0.2934721759,2.725900081,2,348.6387948,2.74165227,-462.1791581,0,514.0793486,147.9957314,83.85516738
0.1113230839,0.01690372206,NaN,NaN,0,-37.66016719,0.0539342964,51.57931034,0,57.45813848,9.456947764,-165.4093733
0.1113230839,0.02076742997,NaN,NaN,0,-10.84966443,0.06920773492,39.3775718,0,31.80240696,6.566695369,101.627046
0.1113230839,0.02463113787,0.02876034025,0.1131849976,1,17.19368364,0.1167818516,11.77417407,0,26.90702027,-24.22753144,75.74286103
0.1113230839,0.02849484577,0.1564440905,0.2068876816,1,50.61210645,0.2593786157,-4.216422952,8.490612821,34.96404884,-63.76349671,52.90419918
0.1113230839,0.03235855367,0.3594016075,0.343257497,1,65.04882809,0.4969861414,-35.27285734,0,63.08017695,-69.61141682,43.68381882
0.1113230839,0.03622226157,0.6514971396,0.3395618452,1,61.63285954,0.7346773235,-99.09415905,0,86.05335274,-112.1764477,27.52863197
0.1113230839,0.04008596947,0.9300179927,0.3938036391,1,46.99235073,1.009957807,-121.6733556,0,128.8601658,-156.8529589,22.94957654
0.1113230839,0.04394967737,1.330939897,0.4754855565,1,44.75530817,1.413324989,-141.6299412,0,154.1912744,-194.415211,19.65954613
0.1113230839,0.04781338527,1.698689476,0.5977505032,1,30.57731843,1.800791937,-154.2100951,0,105.2464921,-205.2423367,19.38642049
0.1113230839,0.05167709317,1.855723427,0.6726592318,1,-8.385316069,1.973874332,-126.4913693,0,56.91493281,-157.9216333,19.92447515
0.1113230839,0.05554080107,1.886193739,0.7191878626,1,-36.5066416,2.018652522,-81.05795193,0,62.09792983,-112.0243593,20.87137664
0.1113230839,0.05940450897,1.954600689,0.7923043844,1,34.82722609,2.109078019,-25.10813898,0,62.22646555,-88.47346108,22.06534922
0.1113230839,0.06326821687,2.261180855,0.9640129581,1,107.4016547,2.458100861,37.23627324,0,106.7464502,-76.00998433,23.09008591
0.1113230839,0.06713192477,2.782006414,1.229854844,1,132.088713,3.041726915,162.3765837,0,78.70169204,-23.16581557,23.8490124
0.1113230839,0.07099563267,3.075613408,1.680894592,1,52.96774722,3.50496854,96.86200598,0,21.33868394,-109.0058752,28.65763532
0.1113230839,0.07485934057,3.069104759,2.025268204,1,86.76055486,3.677106922,53.13636789,9.942895302,53.77664508,-131.7064811,33.4203774
0.1113230839,0.07872304847,3.618608097,2.395073368,1,89.00802711,4.339435563,30.19624072,0,100.1975085,-179.247691,33.49965776
0.1113230839,0.08258675637,3.800139682,2.834498377,1,-1.832566293,4.740827212,-73.02319803,0,97.21468755,-257.6699671,36.71900736
0.1113230839,0.08645046427,3.987136753,3.108494548,1,-19.93230507,5.055689651,-204.2886746,0,211.4773699,-307.43434,37.94107596
0.1113230839,0.09031417218,4.540213862,3.2330231,1,-90.52162866,5.573686417,-286.3153059,0,249.1382896,-350.486307,35.45413887
0.1113230839,0.09417788008,4.599985199,3.356432552,1,-398.556728,5.694339585,-292.6029862,55.46442707,129.7938819,-455.8625496,36.11679353
0.1113230839,0.09804158798,3.50179273,3.863810365,1,-664.1621732,5.214554905,-176.2036377,138.9316946,-237.2416135,-43.34386873,47.81380958
0.1113230839,0.1019052959,1.117224267,2.843101213,1,102.8653305,3.054736416,568.0738679,0,266.9836071,129.8252663,68.54717223
0.1113230839,0.1057690038,4.930780993,5.557074949,1,348.8777164,7.429245129,87.31275125,78.39999527,-37.86751553,-867.8846153,48.41742272
0.1113230839,0.1096327117,2.318876837,6.533704825,1,-531.1538677,6.932999966,-698.7038385,0,-320.374263,225.9760585,70.45971996
0.1113230839,0.1134964196,1.640725027,1.984381926,1,-937.4053294,2.574830138,-419.1694637,151.8209063,529.6769345,421.6772958,50.41540487
0.1113230839,0.1173601275,0.7435334167,3.284918557,1,296.5161783,3.368016014,347.6682665,0,-586.6226374,225.5729193,77.2461467
0.1113230839,0.1212238354,NaN,NaN,0,119.1809368,2.510531937,-184.8683089,0,-234.9738558,244.1474943,78.04970504
0.1151867918,0.01690372206,NaN,NaN,0,-25.29626587,0.1376095208,32.2204854,0,38.74646064,12.19168967,70.20830057
0.1151867918,0.02076742997,NaN,NaN,0,-15.36805809,0.1831666435,31.06564072,0,34.05038126,8.491726808,66.65644086
0.1151867918,0.02463113787,NaN,NaN,0,-7.982852054,0.247117439,34.18998095,0,40.4165774,3.887178972,61.27191272
0.1151867918,0.02849484577,NaN,NaN,0,2.336668173,0.3471771246,28.08434367,0,41.14608646,-9.158560391,55.24935307
0.1151867918,0.03235855367,NaN,NaN,0,3.04984658,0.46073138,4.480422736,0,23.71769664,-22.82582341,51.50469068
0.1151867918,0.03622226157,0.3013150261,0.3907581459,1,1.133065053,0.4934396352,-18.62735478,0,41.0056476,-62.87855638,52.36405291
0.1151867918,0.04008596947,0.4495941844,0.5315693328,1,14.8775146,0.6962046296,-29.85267194,0,69.37679085,-104.7118661,49.77590827
0.1151867918,0.04394967737,0.6268490518,0.6799922057,1,32.27870173,0.9248400583,-81.20313343,0,101.0734413,-144.4194805,47.32866973
0.1151867918,0.04781338527,0.964827913,0.7758188324,1,41.92517547,1.238058061,-167.9913888,0,125.4629189,-176.1907066,38.80278702
0.1151867918,0.05167709317,1.273587754,0.7116719746,1,20.20498701,1.458938918,-153.8889046,0,95.84228215,-194.6435881,29.19615488
0.1151867918,0.05554080107,1.413200664,0.933283025,1,12.58239963,1.693562317,-113.7887426,0,70.29871313,-166.5522866,33.44092234
0.1151867918,0.05940450897,1.593816165,0.9155348962,1,70.03729655,1.838057157,-43.79534209,0,95.54148599,-50.1224433,29.87432704
0.1151867918,0.06326821687,2.052948714,0.957729096,1,121.9745663,2.265357244,6.882171938,0,143.5171968,-68.80962053,25.00970512
0.1151867918,0.06713192477,2.619598787,1.207985873,1,113.799008,2.884705821,-2.690782037,14.46292444,95.44136804,-154.111863,24.75602976
0.1151867918,0.07099563267,2.861392408,1.542775923,1,91.98615593,3.250803602,16.22454377,15.31507821,62.4435755,-180.7815256,28.3321986
0.1151867918,0.07485934057,3.21627016,1.96915978,1,66.29126745,3.77120458,80.92492634,0,67.6793515,-123.1201509,31.4770309
0.1151867918,0.07872304847,3.379015747,2.3311465,1,-0.5454518639,4.105117711,-25.43198997,0,-43.19189244,-275.7681964,34.60137489
0.1151867918,0.08258675637,3.047281838,2.936385758,1,4.662755372,4.231818512,-58.89416307,0,-103.2253505,-355.8428565,43.93825152
0.1151867918,0.08645046427,2.998198669,3.478469512,1,20.03137497,4.59227018,-134.6472387,0,-6.384505713,-348.8689804,49.24094912
0.1151867918,0.09031417218,3.100009354,3.764075994,1,-59.57428585,4.876302501,-362.6353426,0,86.85542448,-529.8002974,50.52588881
0.1151867918,0.09417788008,3.10360502,4.124346069,1,-85.72835945,5.161646503,-202.6530108,0,-93.34712222,-399.469278,53.03823215
0.1151867918,0.09804158798,2.408114001,4.52451656,1,-198.8053405,5.125452482,-81.16802916,0,-264.8235919,-157.7240292,61.976451
0.1151867918,0.1019052959,1.312278251,4.420136091,1,-285.3142165,4.610821757,64.37618194,64.12245407,-43.56784235,260.6375417,73.46456236
0.1151867918,0.1057690038,1.137409792,3.766219994,1,229.5863176,3.934223441,-213.2355554,0,-294.0393932,-894.5660338,73.19552557
0.1151867918,0.1096327117,1.063250393,7.052598043,1,536.9262379,7.132295603,236.9965786,73.33356025,-365.4508661,-773.8029646,81.42664689
0.1151867918,0.1134964196,1.799940541,7.671654175,1,-1018.999497,7.879978663,-994.7807692,0,961.6485853,703.1011048,76.79596288
0.1151867918,0.1173601275,0.8416632212,0.4924784325,1,157.3859382,0.9751574151,-888.0628456,0,-488.0089927,746.1457765,30.3329819
0.1151867918,0.1212238354,NaN,NaN,0,89.7801293,1.454632847,183.286477,0,-254.9859866,-264.5066797,68.94869384
0.1190504997,0.01690372206,NaN,NaN,0,-18.75153916,0.2625738835,22.75834392,0,28.83989536,9.884555671,62.952311
0.1190504997,0.02076742997,NaN,NaN,0,-13.98090133,0.2936487309,23.48172366,0,28.59862872,6.314144287,61.7720931
0.1190504997,0.02463113787,NaN,NaN,0,-7.907612977,0.3479157063,25.31427474,0,31.37673264,-0.07840969978,59.63392886
0.1190504997,0.02849484577,NaN,NaN,0,-2.70399771,0.4243032597,23.42453411,0,31.8575924,-8.390960264,57.24509366
0.1190504997,0.03235855367,NaN,NaN,0,-1.784398093,0.5121208622,19.56001401,0,29.48170869,-15.84170973,55.70990052
0.1190504997,0.03622226157,NaN,NaN,0,-5.67985431,0.5974496663,29.2903875,0,37.14692927,-17.62332736,55.7111836
0.1190504997,0.04008596947,NaN,NaN,0,0.4103674049,0.7303756418,24.9889074,0,31.32544634,-39.11285295,55.84097236
0.1190504997,0.04394967737,NaN,NaN,0,-15.72447983,0.8719937244,15.56467053,0,5.053505042,-66.25906648,58.2233549
0.1190504997,0.04781338527,0.3688703946,0.9205159424,1,-6.055583827,0.9916728131,-38.78017273,0,18.96951558,-96.65496996,68.16296962
0.1190504997,0.05167709317,0.5090956812,0.9648996466,1,26.67992985,1.090967342,-96.38077804,0,85.69075312,-101.9896121,62.18319153
0.1190504997,0.05554080107,0.8030378901,0.942186839,1,135.0374762,1.237976532,-117.9657703,0,145.1685193,-98.79907198,49.55862061
0.1190504997,0.05940450897,1.5917298,0.8908451227,1,148.1070581,1.824063812,-134.0814495,0,167.3602141,-161.2730886,29.23447733
0.1190504997,0.06326821687,2.021911282,1.04724739,1,65.18365527,2.277027081,-162.1032704,0,86.07958999,-231.4876986,27.38186304
0.1190504997,0.06713192477,2.176166796,1.158926286,1,38.83150385,2.465524703,-156.9393213,0,69.3293679,-291.3965096,28.03771068
0.1190504997,0.07099563267,2.439813297,1.566750691,1,75.88556579,2.899551112,-66.16512568,0,113.0282858,-291.7787309,32.70695721
0.1190504997,0.07485934057,2.906074737,2.030631355,1,-2.171695602,3.545241046,-63.54512295,0,6.065691007,-235.2841118,34.94407914
0.1190504997,0.07872304847,2.454858558,2.230299979,1,-50.44605807,3.316710499,-86.40901293,0,-132.8902013,-186.5767547,42.25592637
0.1190504997,0.08258675637,2.197716983,2.41765025,1,54.15886521,3.267260729,-11.51081334,0,-141.0927766,-212.3881423,47.7282169
0.1190504997,0.08645046427,2.118971317,3.006431301,1,-60.98581119,3.678133849,13.33944048,0,-225.1677445,-344.1240412,54.82332805
0.1190504997,0.09031417218,1.092103229,3.798784728,1,113.5942097,3.952651626,-184.2250312,0,-73.58361849,-267.1931503,73.96071676
0.1190504997,0.09417788008,2.273560555,3.326995878,1,383.5138023,4.029637598,-218.8107949,73.56939614,1.266933302,-169.6223965,55.65257168
0.1190504997,0.09804158798,2.578783597,3.608735125,1,225.0026577,4.435436173,11.52485944,24.25705327,-199.2704319,-104.9805085,54.45059495
0.1190504997,0.1019052959,2.372982359,3.777138589,1,-33.01100269,4.460697389,36.64095615,0,-466.0495904,55.99981393,57.86096154
0.1190504997,0.1057690038,0.6505592403,3.533938153,1,-185.4486777,3.593319663,-229.9738812,0,-365.3612311,-41.0477696,79.56925765
0.1190504997,0.1096327117,0.2448137624,3.047183279,1,444.0835381,3.057001752,587.9180285,0,-479.489744,-991.675868,85.40666546
0.1190504997,0.1134964196,0.5137600029,9.637027571,1,641.3043662,9.650712396,-596.9416168,0,-654.143444,-13.07703054,86.94839094
0.1190504997,0.1173601275,0.1952073159,0.7913010643,1,-136.7660731,0.8150234785,-1245.864323,0,57.11907561,957.4545287,76.14230253
0.1190504997,0.1212238354,NaN,NaN,0,20.17471891,1.142772575,5.60955098,0,-14.57390538,-166.6322756,79.61351107
0.1229142076,0.01690372206,NaN,NaN,0,-14.19795777,0.3578072006,16.86282127,0,21.95408924,6.857834488,61.13739494
0.1229142076,0.02076742997,NaN,NaN,0,-11.37430604,0.3819860525,18.00708232,0,22.64959465,3.740257307,60.56852977
0.1229142076,0.02463113787,NaN,NaN,0,-6.962700811,0.4272676826,20.16086025,0,24.63413205,-2.124001794,59.58911901
0.1229142076,0.02849484577,NaN,NaN,0,-3.460647944,0.4908264146,20.739504,0,25.42584182,-8.485161232,58.56537829
0.1229142076,0.03235855367,NaN,NaN,0,-1.803586933,0.5678339692,21.04471171,0,25.20461645,-14.5267279,57.97110785
0.1229142076,0.03622226157,NaN,NaN,0,-1.473749443,0.6552695318,24.05117834,0,25.77021228,-19.8489954,58.0872693
0.1229142076,0.04008596947,NaN,NaN,0,0.7466078594,0.7614890181,24.14310088,0,21.1462415,-28.66729453,58.75147457
0.1229142076,0.04394967737,NaN,NaN,0,1.49273226,0.8739326633,24.64545584,0,10.54821363,-32.68091169,60.45210509
0.1229142076,0.04781338527,NaN,NaN,0,16.44851098,0.9778721987,34.9043731,0,3.263589151,-11.52778309,63.15762127
0.1229142076,0.05167709317,NaN,NaN,0,19.43502629,1.067791198,12.04359648,0,15.28254322,-13.81703073,61.64420536
0.1229142076,0.05554080107,NaN,NaN,0,-16.85246059,1.130055719,-27.54884306,0,2.749425385,-40.55471971,59.3741099
0.1229142076,0.05940450897,0.452652502,0.989923467,1,-31.71451134,1.088504827,-127.2391149,0,20.46716727,-144.3311077,65.42727264
0.1229142076,0.06326821687,0.5322281777,1.038464884,1,36.17864435,1.1669088,-139.8385117,0,76.33182589,-226.7750123,62.86420823
0.1229142076,0.06713192477,0.8873600948,1.325820711,1,92.42732159,1.595370959,-104.2429024,0,152.4601668,-271.9107686,56.20595418
0.1229142076,0.07099563267,1.478401901,1.686284543,1,149.9778272,2.242593977,-136.9079399,0,153.9585004,-311.6535318,48.75825883
0.1229142076,0.07485934057,2.061681285,2.000986635,1,145.5091443,2.873060604,-202.8039747,0,73.41956349,-287.2621886,44.14408742
0.1229142076,0.07872304847,2.324278479,2.012606412,1,58.47924673,3.074549564,-105.4917595,0,-27.28631191,-152.3389375,40.8894813
0.1229142076,0.08258675637,2.182201674,2.181990447,1,-105.0127133,3.085949847,59.92078467,16.1836668,-51.34871485,-155.2901187,44.99722688
0.1229142076,0.08645046427,1.720143594,2.84411848,1,-114.945255,3.323838731,43.32107488,9.193435351,-98.92710164,-178.9744804,58.83414535
0.1229142076,0.09031417218,1.35586136,3.04087554,1,66.02075513,3.329457025,0.185277223,0,-96.38820721,51.08525808,65.96893
0.1229142076,0.09417788008,1.60281263,2.647455821,1,152.3513494,3.094839358,-134.1126729,15.70477715,26.53570137,-93.83367865,58.80860838
0.1229142076,0.09804158798,2.047028671,2.885249272,1,130.9266727,3.537653141,-131.1239659,0,-113.4816436,-156.8882472,54.64503476
0.1229142076,0.1019052959,1.670215126,2.747001479,1,-97.20843777,3.214908349,-193.8369527,0,-409.2396228,-241.9361293,58.69981654
0.1229142076,0.1057690038,0.09026129859,3.071090441,1,-219.8323196,3.072416573,-18.99621328,0,-341.0193655,-209.7919973,88.31652527
0.1229142076,0.1096327117,-0.4967519608,3.484180657,1,-83.80441457,3.519414349,-119.8058979,0,-83.7172101,-15.07018424,98.11417731
0.1229142076,0.1134964196,-0.5569933261,2.666422236,1,971.3328789,2.723976708,-403.997202,0,-913.3357455,176.4262413,101.7989437
0.1229142076,0.1173601275,-0.2726679783,1.241594013,1,14.33610439,1.271181938,-255.990445,0,104.0367638,117.5189912,102.3861698
0.1229142076,0.1212238354,NaN,NaN,0,21.4665935,1.227341733,-61.45628325,0,68.10168783,-51.98189394,94.65637376
0.1267779155,0.01690372206,NaN,NaN,0,-10.34954093,0.4290360602,12.69461184,0,16.49126487,4.077116209,60.53329727
0.1267779155,0.02076742997,NaN,NaN,0,-8.416631396,0.4493719398,14.02417078,0,17.35056148,1.411805553,60.260344
0.1267779155,0.02463113787,NaN,NaN,0,-5.108236279,0.4884807822,16.58257995,0,19.08435909,-3.672693553,59.8199561
0.1267779155,0.02849484577,NaN,NaN,0,-2.372306323,0.5441714184,18.32790993,0,20.00702636,-8.898954969,59.41110636
0.1267779155,0.03235855367,NaN,NaN,0,-0.4955522525,0.6137004608,19.82815047,0,20.14070303,-13.93104524,59.25835134
0.1267779155,0.03622226157,NaN,NaN,0,0.8418356104,0.6950816901,21.72651329,0,19.58306189,-18.57863182,59.49641324
0.1267779155,0.04008596947,NaN,NaN,0,2.557081216,0.7879723491,22.88686192,0,16.94109374,-23.02641808,60.11466016
0.1267779155,0.04394967737,NaN,NaN,0,4.500290028,0.8865212026,23.96967887,0,12.72951885,-24.26950268,61.121164
0.1267779155,0.04781338527,NaN,NaN,0,8.534031253,0.9833685756,25.34524602,0,10.6419221,-19.32158676,62.16305913
0.1267779155,0.05167709317,NaN,NaN,0,6.746553031,1.07358081,18.62754609,0,14.14397715,-19.7680958,62.10705429
0.1267779155,0.05554080107,NaN,NaN,0,-5.862850337,1.152243422,13.86647181,0,16.27205761,-23.30099149,62.05854888
0.1267779155,0.05940450897,NaN,NaN,0,-13.47981823,1.21972677,39.29872164,0,30.43712924,-8.444213031,63.59326843
0.1267779155,0.06326821687,NaN,NaN,0,-8.919903028,1.346207155,50.51800159,0,55.59969987,-26.71759323,63.27392502
0.1267779155,0.06713192477,NaN,NaN,0,-3.372893471,1.567482777,23.83360016,0,29.58581756,-74.45107977,62.53972286
0.1267779155,0.07099563267,0.706702795,1.582130849,1,43.89096331,1.732791639,-48.4803503,0,31.11039592,-141.9715294,65.93074285
0.1267779155,0.07485934057,1.01260223,1.752098272,1,119.1696122,2.023662924,-115.7251566,0,75.4551578,-197.7179136,59.97479815
0.1267779155,0.07872304847,1.458676057,1.898926912,1,100.214035,2.394506057,-72.92718217,0,111.1465349,-298.8485033,52.47004066
0.1267779155,0.08258675637,1.829237734,2.624992265,1,-6.767331565,3.199483564,-66.51600207,0,42.01071162,-369.177043,55.12911335
0.1267779155,0.08645046427,1.594846183,3.068320767,1,-85.27575851,3.45805244,-88.4215095,0,-54.23792789,-229.8120303,62.53557351
0.1267779155,0.09031417218,1.290197601,3.171283938,1,-42.86789152,3.423689773,-115.8538143,0,-9.41446324,-56.98813192,67.86165898
0.1267779155,0.09417788008,1.392842435,2.840880965,1,-9.992191603,3.163955548,-132.0599592,0,55.49017869,-0.8722069511,63.88196168
0.1267779155,0.09804158798,1.465988533,2.664412783,1,-87.86195383,3.041088268,-151.921624,0,-94.2325508,-82.21145492,61.17993675
0.1267779155,0.1019052959,0.6892824592,2.571541234,1,-265.7156988,2.662317529,-136.1412904,34.44983929,-174.1208917,-240.0037029,74.99500966
0.1267779155,0.1057690038,-0.2334115763,3.065706806,1,-155.3843929,3.074579514,-13.37653023,28.63586727,-94.52851607,-136.5688082,94.3538889
0.1267779155,0.1096327117,-0.2763080218,3.047520212,2,8.684617507,3.060020517,-28.89674489,0,-42.87357358,154.9909371,95.18064367
0.1267779155,0.1134964196,-0.365507716,2.355218517,2,4.383213855,2.383411452,-212.4348293,0,-20.81766335,281.816302,98.82139565
0.1267779155,0.1173601275,-0.3398059341,1.137878211,1,-49.26800912,1.187533113,-137.8974073,0,83.75379521,134.1177253,106.6272662
0.1267779155,0.1212238354,NaN,NaN,0,-14.64294059,1.324751562,22.64517166,0,70.31030733,-63.46552482,100.0976878
0.1306416234,0.01690372206,NaN,NaN,0,-6.759274739,0.4799568009,9.508156506,0,11.84390277,1.650395565,60.33850974
0.1306416234,0.02076742997,NaN,NaN,0,-5.299011346,0.4980098064,10.96678292,0,12.7124583,-0.6518316609,60.22076737
0.1306416234,0.02463113787,NaN,NaN,0,-2.681306586,0.5331470211,13.81737885,0,14.34571645,-5.079623003,60.05106633
0.1306416234,0.02849484577,NaN,NaN,0,-0.4247888161,0.5837710349,16.16140529,0,15.37720152,-9.506919854,59.94064131
0.1306416234,0.03235855367,NaN,NaN,0,1.351848636,0.6479206797,18.21346695,0,15.7681074,-13.71986625,60.00272618
0.1306416234,0.03622226157,NaN,NaN,0,2.779562921,0.7237051016,20.13986243,0,15.48023852,-17.50806856,60.30094177
0.1306416234,0.04008596947,NaN,NaN,0,4.139591367,0.8092525728,21.70815465,0,14.30555271,-20.5902433,60.82574886
0.1306416234,0.04394967737,NaN,NaN,0,5.417315384,0.9011760578,23.0011517,0,12.78684592,-22.04909417,61.51314941
0.1306416234,0.04781338527,NaN,NaN,0,6.440770975,0.9957945138,23.879386,0,12.43060325,-21.72096548,62.17433766
0.1306416234,0.05167709317,NaN,NaN,0,4.880004915,1.090989981,23.25487007,0,14.37938567,-22.63277423,62.56080958
0.1306416234,0.05554080107,NaN,NaN,0,0.1343244491,1.187446069,25.08846258,0,17.75769866,-24.43693742,62.9922467
0.1306416234,0.05940450897,NaN,NaN,0,-2.957069042,1.292948324,34.80074348,0,24.94465301,-24.67594429,63.74956075
0.1306416234,0.06326821687,NaN,NaN,0,-1.7510549,1.431051247,40.867499,0,32.78953693,-35.11076511,64.14003889
0.1306416234,0.06713192477,NaN,NaN,0,1.567997607,1.609427295,39.33202261,0,29.06720276,-51.03567333,64.54288085
0.1306416234,0.07099563267,NaN,NaN,0,7.859705998,1.797453178,50.89744728,0,33.2510311,-47.17497923,65.599454
0.1306416234,0.07485934057,NaN,NaN,0,1.668663161,2.019928527,21.33387909,0,35.93623887,-86.83740225,65.09479094
0.1306416234,0.07872304847,NaN,NaN,0,-73.86793721,2.238451235,-22.91074265,15.90417923,-17.18910289,-162.2504182,66.63207965
0.1306416234,0.08258675637,0.4988110135,2.370454558,1,-21.77318597,2.422368105,-38.74391492,0,-81.04609657,-274.0601489,78.11671289
0.1306416234,0.08645046427,0.490582152,2.964039591,1,70.57769485,3.00436375,-26.32773588,14.43956864,-21.59895263,-233.2986763,80.60209635
0.1306416234,0.09031417218,0.6880505667,3.170129815,1,116.3377333,3.243938444,-93.02476812,13.60225837,38.59618826,-76.56932693,77.7543511
0.1306416234,0.09417788008,1.089201569,2.900460573,1,58.45114175,3.098230397,-137.6946302,0,59.14477638,-57.5916107,69.41748176
0.1306416234,0.09804158798,1.142406845,2.860635146,1,-151.184547,3.080312783,-71.25049382,25.81816283,-74.58325113,-123.127212,68.23049237
0.1306416234,0.1019052959,0.2169007435,3.100897059,1,-300.7699789,3.108473661,17.45373056,64.13789198,-121.4903412,-97.87191986,85.99880671
0.1306416234,0.1057690038,-0.48908369,3.306219773,1,-93.69128875,3.342198684,26.66793344,19.31287912,35.07878922,-20.9748523,98.41464651
0.1306416234,0.1096327117,-0.009560834033,3.284974866,1,-84.79816512,3.28498878,-42.36037193,0,136.6033515,148.4320958,90.16675741
0.1306416234,0.1134964196,-0.2889235819,2.569053408,1,-36.71645513,2.585248972,-188.1916293,0,-35.16028572,207.6518185,96.4166961
0.1306416234,0.1173601275,NaN,NaN,0,-76.90797175,1.778900139,-121.7387249,0,85.07901408,141.6165861,99.29329324
0.1306416234,0.1212238354,NaN,NaN,0,-29.85795303,1.572724293,-55.4273512,0,45.34489207,50.18415093,99.41795989
0.1345053313,0.01690372206,NaN,NaN,0,-3.251367389,0.5128282516,6.91152841,0,7.705889692,-0.5225515047,60.28988938
0.1345053313,0.02076742997,NaN,NaN,0,-2.067675655,0.5295669983,8.481865761,0,8.580809518,-2.554344994,60.25131994
0.1345053313,0.02463113787,NaN,NaN,0,0.1068100966,0.5623360382,11.55874725,0,10.20884689,-6.487046945,60.2161686
0.1345053313,0.02849484577,NaN,NaN,0,2.002609009,0.6098785575,14.28686543,0,11.38795588,-10.32923519,60.25063059
0.1345053313,0.03235855367,NaN,NaN,0,3.54817269,0.6705855156,16.72444961,0,12.07428651,-13.93343136,60.41615133
0.1345053313,0.03622226157,NaN,NaN,0,4.784976072,0.7426987353,18.91131482,0,12.26423209,-17.14353288,60.74219947
0.1345053313,0.04008596947,NaN,NaN,0,5.804405945,0.824331679,20.80474256,0,12.01403267,-19.77739238,61.21473368
0.1345053313,0.04394967737,NaN,NaN,0,6.588609168,0.9132912741,22.44738727,0,11.68170888,-21.61566521,61.78182147
0.1345053313,0.04781338527,NaN,NaN,0,6.931732347,1.007733471,23.91627623,0,11.91425931,-22.88040676,62.35820697
0.1345053313,0.05167709317,NaN,NaN,0,6.198371206,1.107246312,25.42408561,0,13.18526361,-24.60509823,62.88565152
0.1345053313,0.05554080107,NaN,NaN,0,4.47721226,1.2139398,28.43176494,0,15.43469836,-27.13803967,63.45961382
0.1345053313,0.05940450897,NaN,NaN,0,3.268272514,1.333742916,33.94829069,0,18.79424723,-30.7118616,64.14775704
0.1345053313,0.06326821687,NaN,NaN,0,3.304754865,1.47595371,38.81922832,0,21.54659208,-38.01384958,64.83279355
0.1345053313,0.06713192477,NaN,NaN,0,3.5362328,1.643326776,41.72954401,0,20.64242544,-47.4058692,65.64846643
0.1345053313,0.07099563267,NaN,NaN,0,2.123008093,1.828429769,45.22816346,0,19.07847868,-55.0313862,66.7730567
0.1345053313,0.07485934057,NaN,NaN,0,-6.921358867,2.03179663,40.1343073,0,12.66249995,-73.14595893,68.04891782
0.1345053313,0.07872304847,NaN,NaN,0,-28.51677955,2.244553507,42.53542819,0,-7.423191207,-89.84540665,70.66185509
0.1345053313,0.08258675637,NaN,NaN,0,-21.28194641,2.475061061,96.31441738,0,-17.93992481,-57.49114173,75.47732173
0.1345053313,0.08645046427,NaN,NaN,0,46.65782342,2.775976207,78.30333822,0,-42.96154102,-44.61854814,77.69243133
0.1345053313,0.09031417218,NaN,NaN,0,59.39014457,2.940286793,8.40978762,8.145580627,-47.33232804,-25.59481211,77.52911903
0.1345053313,0.09417788008,0.6383134436,2.843560967,1,25.34206432,2.914323768,-50.5272425,0,-4.627687968,-73.68233119,77.34815282
0.1345053313,0.09804158798,0.7149698558,2.960377815,1,-19.63923346,3.045491537,-19.90734689,0,-47.5872196,-128.7831809,76.42232535
0.1345053313,0.1019052959,0.3785700658,3.264225387,1,-43.79223722,3.286104482,99.05336466,0,-195.9735663,-56.97782993,83.38464904
0.1345053313,0.1057690038,-0.2114151737,3.563236774,1,199.2012589,3.569503142,170.7859591,0,-262.6242547,5.471802208,93.39551193
0.1345053313,0.1096327117,0.1335221357,3.902951001,1,348.0162388,3.905234266,-142.7040481,0,-368.4380868,168.3975425,88.0406435
0.1345053313,0.1134964196,-0.2903192292,2.361231101,1,177.9542359,2.379011889,-260.8590402,0,-280.5825481,292.8066219,97.0094782
0.1345053313,0.1173601275,NaN,NaN,0,58.22504581,1.783249867,-90.72466983,0,-48.44264919,107.6437871,98.48124166
0.1345053313,0.1212238354,NaN,NaN,0,13.37847115,1.614662061,-41.12234691,0,-7.953227313,46.33523809,98.99763279
0.1383690392,0.01690372206,NaN,NaN,0,-1.539250685,0.5289612507,5.700966439,0,5.700966439,-1.539250685,60.28438696
0.1383690392,0.02076742997,NaN,NaN,0,-0.4750919873,0.5450942545,7.316151748,0,6.571262345,-3.447242542,60.27921024
0.1383690392,0.02463113787,NaN,NaN,0,1.49996757,0.5767546175,10.48082615,0,8.194551763,-7.153037405,60.30007094
0.1383690392,0.02849484577,NaN,NaN,0,3.224618804,0.6228350374,13.35951804,0,9.44711185,-10.73288414,60.39408036
0.1383690392,0.03235855367,NaN,NaN,0,4.64146022,0.6818791104,15.95868131,0,10.28864752,-14.06856103,60.60189946
0.1383690392,0.03622226157,NaN,NaN,0,5.767458779,0.7522374617,18.28668743,0,10.72867458,-17.04475646,60.93955612
0.1383690392,0.04008596947,NaN,NaN,0,6.654352249,0.8321767744,20.34810617,0,10.85473194,-19.56413548,61.39236839
0.1383690392,0.04394967737,NaN,NaN,0,7.295625692,0.9200279072,22.22318411,0,10.9170549,-21.59996199,61.9217604
0.1383690392,0.04781338527,NaN,NaN,0,7.569036303,1.014702405,24.08141998,0,11.28960325,-23.41272419,62.48188069
0.1383690392,0.05167709317,NaN,NaN,0,7.250447407,1.116448019,26.25556067,0,12.26679899,-25.60704277,63.05509036
0.1383690392,0.05554080107,NaN,NaN,0,6.461029333,1.227524384,29.50020063,0,13.84843549,-28.56428168,63.68176071
0.1383690392,0.05940450897,NaN,NaN,0,5.746765228,1.352367055,34.10233258,0,15.75247221,-32.65870629,64.39852506
0.1383690392,0.06326821687,NaN,NaN,0,5.268274214,1.496092806,38.68391818,0,16.85745354,-38.87456385,65.21018752
0.1383690392,0.06713192477,NaN,NaN,0,4.285041827,1.66037653,42.53685861,0,15.74155706,-46.5444707,66.20678334
0.1383690392,0.07099563267,NaN,NaN,0,1.147199558,1.842493893,46.02766416,0,12.62821109,-54.52242853,67.51404206
0.1383690392,0.07485934057,NaN,NaN,0,-5.969727491,2.040188353,46.7248174,0,6.0678738,-65.58458171,69.24216185
0.1383690392,0.07872304847,NaN,NaN,0,-14.38069504,2.249683229,51.65854223,0,-4.841417768,-71.43929616,71.73566488
0.1383690392,0.08258675637,NaN,NaN,0,-7.648061194,2.470100615,69.5896164,0,-14.17645279,-55.01366482,74.77165511
0.1383690392,0.08645046427,NaN,NaN,0,20.91786028,2.690364324,55.96020336,0,-27.94741821,-40.94624282,76.66032755
0.1383690392,0.09031417218,NaN,NaN,0,27.79941487,2.826982859,18.15922095,0,-30.75985707,-25.03495002,77.29685867
0.1383690392,0.09417788008,NaN,NaN,0,8.288275406,2.850544278,-8.175544966,0,-22.1978606,-6.847011959,77.65803953
0.1383690392,0.09804158798,NaN,NaN,0,24.0219128,2.810625641,-73.22925542,0,-83.50460254,-2.894396742,78.34265467
0.1383690392,0.1019052959,NaN,NaN,0,145.7977452,2.541402609,-159.0434537,0,-243.1097762,159.5084234,81.41279571
0.1383690392,0.1057690038,0.1919248148,1.521860887,1,490.8490594,1.533915152,-153.9231589,0,-565.8435993,362.7070519,82.81226346
0.1383690392,0.1096327117,0.08971132323,0.516804628,1,830.1456318,0.524533264,-105.0909282,0,-922.650625,82.41280986,80.15224493
0.1383690392,0.1134964196,-0.1654874584,0.7974012132,1,364.4229178,0.8143922849,139.2803927,0,-445.0740358,-74.66279012,101.7243607
0.1383690392,0.1173601275,NaN,NaN,0,99.5074594,1.361621676,97.56302223,0,-118.0711075,-76.28675219,99.37922357
0.1383690392,0.1212238354,NaN,NaN,0,28.56748893,1.488133677,36.49300203,0,-36.49300203,-28.56748893,99.17220691
