PIVlab, ASCII chart output - 19-Sep-2021
FRAME: 767, filenames: A: 72_12_75_60 767.jpg & B: 72_12_75_60 768.jpg, conversion factor xy (px -> m): 0.00024148, conversion factor uv (px/frame -> m/s): 1
x [m],y [m],u [m/s],v [m/s],Vector type [-],vorticity [1/s],magnitude [m/s],divergence [1/s],dcev [1],simple shear [1/s],simple strain [1/s],vector direction [degrees]
0.03791263377,0.01690372206,NaN,NaN,0,-0.540311459,0.3762694231,-1.682890588,0,1.682890588,0.540311459,-36.48606871
0.03791263377,0.02076742997,NaN,NaN,0,-0.241223288,0.3806039778,-2.246556436,0,1.966761606,1.080638058,-36.80831271
0.03791263377,0.02463113787,NaN,NaN,0,0.350385405,0.3893259355,-3.35613777,0,2.549002203,2.17435757,-37.42375618
0.03791263377,0.02849484577,NaN,NaN,0,0.9227492697,0.4025099463,-4.451907142,0,3.148176822,3.290610373,-38.28838721
0.03791263377,0.03235855367,NaN,NaN,0,1.443333664,0.4202365495,-5.558716555,0,3.76014011,4.45491796,-39.3600034
0.03791263377,0.03622226157,NaN,NaN,0,1.887137166,0.4426256252,-6.719177185,0,4.37854281,5.698563375,-40.60743542
0.03791263377,0.04008596947,NaN,NaN,0,2.251878441,0.4698850566,-7.954398036,0,4.967803516,7.067007883,-42.01218574
0.03791263377,0.04394967737,NaN,NaN,0,2.556181901,0.5022470738,-9.241499488,0,5.438444695,8.579000366,-43.56407531
0.03791263377,0.04781338527,NaN,NaN,0,2.805134465,0.5397797634,-10.52562101,0,5.693464552,10.18017529,-45.24973531
0.03791263377,0.05167709317,NaN,NaN,0,2.955784879,0.5822477333,-11.70210212,0,5.665283736,11.80260865,-47.04379417
0.03791263377,0.05554080107,NaN,NaN,0,2.81697773,0.62901655,-12.70614544,0,5.387597918,13.43862485,-48.92126423
0.03791263377,0.05940450897,NaN,NaN,0,2.001239248,0.6793149018,-13.56420746,0,4.949259022,15.33988281,-50.8957602
0.03791263377,0.06326821687,NaN,NaN,0,-0.2894540576,0.7327748663,-14.79597468,0,4.709340592,18.0815228,-53.07987421
0.03791263377,0.06713192477,NaN,NaN,0,-4.704891581,0.7914903534,-18.12554165,0,5.394300327,22.30094911,-55.74220859
0.03791263377,0.07099563267,NaN,NaN,0,-9.183091819,0.8641287111,-25.39275849,0,6.514991214,27.93236974,-59.17132733
0.03791263377,0.07485934057,NaN,NaN,0,-11.08073213,0.9640490408,-38.17507774,0,9.568508592,33.32371237,-63.16225279
0.03791263377,0.07872304847,NaN,NaN,0,-10.83269562,1.108090451,-57.38654531,0,20.41025675,40.05834135,-66.77320409
0.03791263377,0.08258675637,NaN,NaN,0,-15.45654024,1.323804512,-87.25240063,0,48.44263,57.76354734,-69.10053751
0.03791263377,0.08645046427,NaN,NaN,0,-25.71704862,1.676459613,-148.2135111,0,101.3992379,92.31016529,-70.32462598
0.03791263377,0.09031417218,NaN,NaN,0,55.91472003,2.297029701,-177.945249,0,70.08172909,133.2200751,-70.55584007
0.03791263377,0.09417788008,NaN,NaN,0,516.0077629,2.972907283,188.4368517,0,-468.9664417,14.19857804,-69.29147651
0.03791263377,0.09804158798,NaN,NaN,0,112.4230178,1.767536926,459.8152226,0,-212.0369533,-369.1401388,-57.62633619
0.03791263377,0.1019052959,NaN,NaN,0,466.6560899,0.7887696238,790.1360302,0,-631.5895213,-750.1721223,32.34542605
0.03791263377,0.1057690038,0.3091529667,4.458484815,1,-1304.080388,4.469190352,-412.1638836,0,852.5137873,193.5378584,86.03343877
0.03791263377,0.1096327117,-1.07833896,-1.918245241,1,-340.2627125,2.2005635,-469.7647118,0,213.1779748,1263.683195,-119.3424587
0.03791263377,0.1134964196,-0.1818653382,-2.239051557,2,181.1673097,2.246425355,68.18369293,0,141.5667844,214.4448016,-94.64361413
0.03791263377,0.1173601275,NaN,NaN,0,99.27016938,2.489072925,14.25053688,0,23.58900799,102.8708022,-86.11577462
0.03791263377,0.1212238354,NaN,NaN,0,57.53909623,2.598009649,6.759411598,0,6.759411598,57.53909623,-83.52833082
0.04177634167,0.01690372206,NaN,NaN,0,-1.111585884,0.3719470478,-1.970309134,0,2.230825763,0.2681100657,-36.15632453
0.04177634167,0.02076742997,NaN,NaN,0,-0.8015575153,0.3762506561,-2.5460517,0,2.507495298,0.7934354183,-36.49375068
0.04177634167,0.02463113787,NaN,NaN,0,-0.1890686789,0.3849367916,-3.656308469,0,3.090767092,1.865465541,-37.12819038
0.04177634167,0.02849484577,NaN,NaN,0,0.4020298176,0.3980901284,-4.721937607,0,3.707887077,2.961485084,-38.00278353
0.04177634167,0.03235855367,NaN,NaN,0,0.9201078673,0.4157547219,-5.774593334,0,4.353707386,4.106052135,-39.06946854
0.04177634167,0.03622226157,NaN,NaN,0,1.330867925,0.4380024985,-6.887060697,0,5.043016272,5.331120548,-40.29732164
0.04177634167,0.04008596947,NaN,NaN,0,1.647880416,0.4651078531,-8.101448131,0,5.750858885,6.724529212,-41.67329355
0.04177634167,0.04394967737,NaN,NaN,0,1.931034704,0.4974923285,-9.387063608,0,6.334564108,8.34723374,-43.20098518
0.04177634167,0.04781338527,NaN,NaN,0,2.227578725,0.5353583843,-10.68739813,0,6.652523117,10.10478013,-44.88003584
0.04177634167,0.05167709317,NaN,NaN,0,2.557879588,0.5785610398,-11.80290812,0,6.602151592,11.86065759,-46.67648386
0.04177634167,0.05554080107,NaN,NaN,0,2.722184451,0.6262178833,-12.56620112,0,6.319975607,13.45930871,-48.52510185
0.04177634167,0.05940450897,NaN,NaN,0,2.320845306,0.6770879888,-12.62991422,0,5.906187321,15.06008882,-50.36652833
0.04177634167,0.06326821687,NaN,NaN,0,-0.1768140976,0.7289482957,-12.03179125,0,5.796566686,17.27012016,-52.22503307
0.04177634167,0.06713192477,NaN,NaN,0,-7.291550311,0.7801052737,-13.77545381,0,7.607990619,21.30139276,-54.44580944
0.04177634167,0.07099563267,NaN,NaN,0,-15.52623914,0.8408336774,-20.68154837,0,8.344752122,27.36855545,-57.82510723
0.04177634167,0.07485934057,NaN,NaN,0,-19.79935763,0.9242736261,-34.23023625,0,8.353226481,29.49611918,-62.56422943
0.04177634167,0.07872304847,NaN,NaN,0,-19.28717915,1.039446973,-50.98516124,0,16.54599631,24.83476066,-67.1568175
0.04177634167,0.08258675637,NaN,NaN,0,-33.43489364,1.188195576,-67.09281963,0,47.1334125,29.98646126,-69.54340509
0.04177634167,0.08645046427,NaN,NaN,0,-105.3467988,1.408993687,-184.0205539,0,173.4108278,81.36920304,-71.09770213
0.04177634167,0.09031417218,NaN,NaN,0,-104.5403224,2.243626967,-526.1947732,0,359.8061593,341.0157965,-72.4041285
0.04177634167,0.09417788008,1.442723689,-4.683658322,1,-246.4013464,4.900827167,-135.6250577,0,361.1427964,-140.5498413,-72.87941432
0.04177634167,0.09804158798,1.121578587,-2.11962524,1,382.5974348,2.398072077,1187.301988,0,-563.5471312,414.9823302,-62.11489067
0.04177634167,0.1019052959,0.7435869175,-1.699640757,1,398.7053263,1.855181988,1619.091405,0,-718.2893121,-1161.743821,-66.3707896
0.04177634167,0.1057690038,-0.1132005836,8.624709793,1,1069.104165,8.625452648,590.4542081,0,-1143.693478,370.3128009,90.75197235
0.04177634167,0.1096327117,0.455395598,-0.8490786629,1,325.0453604,0.9634935011,-1172.179919,0,-201.5028382,1659.365339,-61.79352164
0.04177634167,0.1134964196,0.3641316354,-2.315553988,2,161.1082992,2.344009838,-104.8853539,0,-176.772777,355.9366791,-81.06315902
0.04177634167,0.1173601275,NaN,NaN,0,78.85349126,2.659043485,12.56500076,5.602004487,-65.15930725,106.7748458,-81.4598888
0.04177634167,0.1212238354,NaN,NaN,0,37.59723257,2.711813036,22.07906912,0,-26.121556,47.95727699,-81.15353906
0.04564004958,0.01690372206,NaN,NaN,0,-2.282418201,0.3633602348,-2.536305537,0,3.324162903,-0.246385822,-35.46545605
0.04564004958,0.02076742997,NaN,NaN,0,-1.936538464,0.3675741495,-3.162117156,0,3.573432923,0.2276532138,-35.84506986
0.04564004958,0.02463113787,NaN,NaN,0,-1.256786622,0.3761754816,-4.29655185,0,4.148337989,1.237139044,-36.53132826
0.04564004958,0.02849484577,NaN,NaN,0,-0.602026076,0.3893001888,-5.295265674,0,4.795253896,2.293488094,-37.43313264
0.04564004958,0.03235855367,NaN,NaN,0,-0.07500154819,0.4068853883,-6.206608127,0,5.482987696,3.400735299,-38.49130533
0.04564004958,0.03622226157,NaN,NaN,0,0.2454948377,0.428783128,-7.208177591,0,6.311807419,4.540184018,-39.67524481
0.04564004958,0.04008596947,NaN,NaN,0,0.3987593262,0.4553963909,-8.399117723,0,7.337032913,5.93090714,-40.97818304
0.04564004958,0.04394967737,NaN,NaN,0,0.5719320762,0.4877041781,-9.683533458,0,8.216995433,7.815000473,-42.4409371
0.04564004958,0.04781338527,NaN,NaN,0,0.8941836197,0.5261567472,-11.12036123,0,8.701994736,9.944692465,-44.1130472
0.04564004958,0.05167709317,NaN,NaN,0,1.648595584,0.5710659387,-12.23080448,0,8.448198622,12.10105952,-45.95900858
0.04564004958,0.05554080107,NaN,NaN,0,2.550380134,0.6209163676,-12.94271686,0,8.026620645,13.66098342,-47.83830846
0.04564004958,0.05940450897,NaN,NaN,0,3.999766679,0.6746777665,-11.9135382,0,7.295952911,14.61496244,-49.53485679
0.04564004958,0.06326821687,NaN,NaN,0,3.30320401,0.7271023117,-6.10443528,0,6.212446876,15.45886329,-50.71167543
0.04564004958,0.06713192477,NaN,NaN,0,-11.2830544,0.7623705963,-3.219082087,0,13.42114132,19.30979819,-51.49665716
0.04564004958,0.07099563267,NaN,NaN,0,-29.75547756,0.8011865125,-8.692842126,3.194553144,14.82732093,31.37924292,-54.19834456
0.04564004958,0.07485934057,NaN,NaN,0,-38.46559028,0.8593596075,-28.291999,3.384512312,4.11595908,31.24460691,-60.97576944
0.04564004958,0.07872304847,NaN,NaN,0,-20.89250778,0.9417933268,-49.56309477,0,-1.902172385,-4.533930138,-69.10074461
0.04564004958,0.08258675637,0.3288716413,-0.9254161278,1,7.418728322,0.9821158619,-3.269509571,0,-50.93358883,-101.1780128,-70.43595511
0.04564004958,0.08645046427,0.1678333226,-0.5015420484,1,182.4502696,0.5288784837,337.572235,0,-254.8406986,194.3177359,-71.49797603
0.04564004958,0.09031417218,0.04917616877,-0.3719225876,1,992.4177969,0.375159575,962.2613028,0,-1039.944896,944.6401109,-82.4679554
0.04564004958,0.09417788008,-0.01579750546,-0.4334589098,1,660.3776377,0.4337466861,-582.5432057,0,1174.126979,653.7095684,-92.08723351
0.04564004958,0.09804158798,7.137166148,-5.148442198,1,499.581563,8.800318045,-40.715097,63.05865825,134.326985,854.8683227,-35.80504624
0.04564004958,0.1019052959,2.43343996,-3.893731644,1,-353.1354377,4.591598431,975.3755695,0,-453.315303,701.7204939,-57.99612275
0.04564004958,0.1057690038,4.02127605,-4.09111892,1,1565.051237,5.736542085,192.7194645,0,-1986.780002,207.9747667,-45.49327022
0.04564004958,0.1096327117,0.8040031969,-3.952673676,1,177.185032,4.033615045,166.3204609,0,-1013.985453,24.85180079,-78.50246863
0.04564004958,0.1134964196,0.7881236506,-3.544525341,2,308.0257829,3.631087823,246.3200393,0,-353.1372623,10.04574789,-77.46423989
0.04564004958,0.1173601275,NaN,NaN,0,39.2274734,3.104317074,141.6265337,0,-97.38327518,-43.91548859,-78.29642718
0.04564004958,0.1212238354,NaN,NaN,0,-6.277384049,2.883231993,84.21413659,0,-28.03110892,-25.59419867,-78.73103549
0.04950375748,0.01690372206,NaN,NaN,0,-3.575832783,0.3506629033,-3.071524849,0,4.391527495,-0.639886216,-34.33468001
0.04950375748,0.02076742997,NaN,NaN,0,-3.144955343,0.354626293,-3.842039468,0,4.574171678,-0.3010958565,-34.81781173
0.04950375748,0.02463113787,NaN,NaN,0,-2.29951327,0.3630315624,-5.072516099,0,5.133898046,0.5619493265,-35.62623615
0.04950375748,0.02849484577,NaN,NaN,0,-1.478345951,0.3762263764,-5.955965111,0,5.841802823,1.574592948,-36.58766284
0.04950375748,0.03235855367,NaN,NaN,0,-0.8635828217,0.3939262811,-6.54839591,0,6.471182082,2.66321695,-37.63816053
0.04950375748,0.03622226157,NaN,NaN,0,-0.6726463518,0.4151327843,-7.339923818,0,7.384192795,3.497973085,-38.75001945
0.04950375748,0.04008596947,NaN,NaN,0,-0.8702700256,0.4403734482,-8.60331171,0,9.068469915,4.643914858,-39.89272702
0.04950375748,0.04394967737,NaN,NaN,0,-0.9362493453,0.4723003863,-9.827591272,0,10.49438998,7.037168546,-41.18800413
0.04950375748,0.04781338527,NaN,NaN,0,-0.871371906,0.5111760816,-11.87970884,0,11.49026177,9.757929738,-42.84291992
0.04950375748,0.05167709317,NaN,NaN,0,0.5919389927,0.559383536,-13.05723171,0,10.46202752,12.93790461,-44.86725107
0.04950375748,0.05554080107,NaN,NaN,0,1.830973823,0.6124143343,-15.06032362,0,10.04235544,14.46860301,-47.01936364
0.04950375748,0.05940450897,NaN,NaN,0,7.824637265,0.674131446,-15.97708644,0,9.038556802,14.27991425,-48.99275603
0.04950375748,0.06326821687,NaN,NaN,0,20.67291786,0.7430495504,2.746670418,2.685910279,-1.663873409,10.64057235,-49.49020818
0.04950375748,0.06713192477,NaN,NaN,0,-11.38839374,0.7461796057,15.69640286,0,25.03680683,9.0996938,-46.27265845
0.04950375748,0.07099563267,0.5354021164,-0.5394490744,1,-53.66709767,0.7600399529,10.87422968,5.342154415,33.34750245,41.04697986,-45.21572523
0.04950375748,0.07485934057,0.4372707578,-0.6557959644,1,-34.17824019,0.7882094027,71.22940124,0,-54.05131666,160.5482198,-56.30549014
0.04950375748,0.07872304847,0.1945088805,-0.8845508992,1,-0.800168292,0.9056842705,-98.04561317,0,-109.3411448,78.70817525,-77.59828529
0.04950375748,0.08258675637,0.01171689607,-1.338720973,1,-469.2850198,1.338772247,-636.9621087,0,1068.970535,-83.60152426,-89.49854259
0.04950375748,0.08645046427,2.511518541,-3.022574561,2,1008.309727,3.929845081,-905.8213948,0,1071.103238,1333.578738,-50.2761201
0.04950375748,0.09031417218,8.045961198,-9.991108958,1,11.52987109,12.82808442,581.7818502,0,-216.9876424,497.9521108,-51.15508522
0.04950375748,0.09417788008,1.717689727,-2.698680935,1,-92.77395134,3.198958703,1018.413674,0,-885.2327866,-653.6192242,-57.52355958
0.04950375748,0.09804158798,4.267228838,-3.530862239,2,588.4093399,5.538612651,-716.2198337,0,836.5706644,-874.6102857,-39.60560773
0.04950375748,0.1019052959,7.223396227,-2.086706494,1,-195.2385739,7.518763,-356.4977079,0,-537.8044064,49.24372716,-16.1130345
0.04950375748,0.1057690038,1.434964883,-5.098528627,1,-518.5354962,5.296613859,-777.4201929,0,-1041.977619,93.42902013,-74.28091015
0.04950375748,0.1096327117,1.194029376,-5.451413479,1,239.925087,5.580646474,142.8825477,0,-260.7110089,83.75961111,-77.64554042
0.04950375748,0.1134964196,1.354654153,-4.870094869,1,163.383943,5.054988814,352.6477839,0,-272.5096374,-241.08992,-74.45568492
0.04950375748,0.1173601275,NaN,NaN,0,-232.2691197,3.250488806,250.8590421,0,48.21745449,-294.3404331,-76.25355248
0.04950375748,0.1212238354,NaN,NaN,0,-100.8874502,2.837540708,105.974131,0,34.18091233,-97.86170853,-76.89170789
0.05336746538,0.01690372206,NaN,NaN,0,-5.199038263,0.3342400357,-3.497396371,0,5.377334447,-0.7110101417,-32.59260485
0.05336746538,0.02076742997,NaN,NaN,0,-4.564013175,0.3374578287,-4.669909424,0,5.401751926,-0.7461900918,-33.33113981
0.05336746538,0.02463113787,NaN,NaN,0,-3.317965165,0.3453094466,-6.195507969,0,5.971279693,-0.2628388292,-34.42294469
0.05336746538,0.02849484577,NaN,NaN,0,-2.148261637,0.3588730348,-6.907682759,0,6.966877269,0.7797174207,-35.48995618
0.05336746538,0.03235855367,NaN,NaN,0,-1.228337436,0.3777160158,-6.691086586,0,7.175745013,2.179566469,-36.54347091
0.05336746538,0.03622226157,NaN,NaN,0,-1.202227398,0.3977476493,-6.999810059,0,7.685311763,2.144576513,-37.58858663
0.05336746538,0.04008596947,NaN,NaN,0,-2.270943731,0.4190942176,-8.846614028,0,11.05826398,2.10961066,-38.38538123
0.05336746538,0.04394967737,NaN,NaN,0,-2.575287526,0.4506558618,-9.143811077,0,13.20183278,5.931829115,-39.22050532
0.05336746538,0.04781338527,NaN,NaN,0,-4.035360891,0.487863227,-13.51365116,0,16.30263486,9.111953335,-40.75403466
0.05336746538,0.05167709317,NaN,NaN,0,-0.2404415302,0.5439625901,-13.05808991,0,11.86729423,15.42402615,-43.20048944
0.05336746538,0.05554080107,NaN,NaN,0,-3.6430611,0.5961867935,-18.26425949,0,12.6422168,16.99560977,-45.9542527
0.05336746538,0.05940450897,0.4312985907,-0.5086052396,1,4.379331601,0.6668566293,-13.05975883,0,20.89535137,44.01691469,-49.70196712
0.05336746538,0.06326821687,0.5121424267,-0.6490576755,1,-19.32361434,0.8267803405,168.0752674,0,55.33253408,154.427285,-51.72460581
0.05336746538,0.06713192477,0.5704265384,-0.4558734219,1,-5.683569726,0.7302102523,184.614839,0,46.35562341,97.7923279,-38.63114528
0.05336746538,0.07099563267,0.6692873619,-0.3136008534,1,33.72483355,0.7391150574,15.65158523,0,158.3285342,112.0219473,-25.10587873
0.05336746538,0.07485934057,1.312464653,-0.8282203513,1,-20.80943169,1.551938277,53.46712872,0,-84.79884697,308.5593113,-32.2536477
0.05336746538,0.07872304847,0.2612478213,-1.299202535,1,-413.0285214,1.325208531,927.3216068,0,-562.1074128,-585.7778594,-78.63040345
0.05336746538,0.08258675637,-2.45517576,5.017954011,1,232.8801635,5.586389752,394.7272133,0,170.699757,125.4842229,116.0714978
0.05336746538,0.08645046427,1.820562749,-0.2589262654,2,702.6658256,1.83888323,-747.9039307,0,1025.241339,875.6146381,-8.094503561
0.05336746538,0.09031417218,4.220952804,-1.25484751,1,-1098.958938,4.403530952,-777.3638129,0,988.4689457,60.26734101,-16.55669285
0.05336746538,0.09417788008,1.393661693,-3.495288373,1,-276.9392529,3.762889013,-249.5521327,0,-559.1202111,510.0218034,-68.26155403
0.05336746538,0.09804158798,0.9906632477,-4.189619328,1,161.2799921,4.305150843,-543.6210743,0,-199.4198748,-97.93065737,-76.69638381
0.05336746538,0.1019052959,1.246300327,-5.217305958,1,446.630545,5.36409787,-919.1619324,0,-346.2423391,-421.2135606,-76.56505942
0.05336746538,0.1057690038,1.378533952,-6.113546386,1,142.7240484,6.267041189,-5.453157818,18.32186961,-30.55667422,167.8724078,-77.29298301
0.05336746538,0.1096327117,1.679682297,-5.886985315,1,34.43536653,6.121921979,104.5111121,0,-75.68675127,-124.5060904,-74.07542339
0.05336746538,0.1134964196,1.219150651,-5.228690811,1,-375.2790101,5.368941787,557.8734751,0,60.0439808,-459.5234864,-76.87509409
0.05336746538,0.1173601275,0.4617062235,-1.956060637,1,-167.5329431,2.009812392,310.1006667,0,5.931699873,-446.4032985,-76.71905742
0.05336746538,0.1212238354,NaN,NaN,0,-38.79655212,2.381255063,-85.91468376,0,107.6756861,95.11340432,-75.53598396
0.05723117328,0.01690372206,NaN,NaN,0,-7.697842022,0.3151471342,-3.575281404,0,6.098150727,0.07757244606,-29.86267363
0.05723117328,0.02076742997,NaN,NaN,0,-6.549519883,0.3160736299,-5.841290446,0,5.728795934,-1.013218983,-31.25110293
0.05723117328,0.02463113787,NaN,NaN,0,-4.260072577,0.3221752054,-8.131923592,0,6.38259153,-1.646831972,-33.02206302
0.05723117328,0.02849484577,NaN,NaN,0,-2.568397996,0.3365216811,-8.788171371,0,8.878681548,-0.3724509044,-34.1750962
0.05723117328,0.03235855367,NaN,NaN,0,-0.6992778868,0.3606086695,-6.308457616,0,7.57960894,3.13075499,-35.24329818
0.05723117328,0.03622226157,NaN,NaN,0,-0.6369820719,0.3793075063,-5.121615803,0,5.123045265,0.7911558395,-36.47780345
0.05723117328,0.04008596947,NaN,NaN,0,-4.435989976,0.3880439385,-10.63952327,0,14.27744145,-4.281877845,-36.52148577
0.05723117328,0.04394967737,NaN,NaN,0,-3.058596136,0.4244957395,-4.387387852,0,14.95204231,5.46858392,-36.09254159
0.05723117328,0.04781338527,0.3577980063,-0.2690149303,1,7.439841467,0.4476476807,5.09115525,0,8.756966606,30.39817838,-36.93813591
0.05723117328,0.05167709317,0.4056005536,-0.3478456385,1,-35.1096613,0.5343298581,54.74181577,0,49.29667591,84.78966995,-40.61660229
0.05723117328,0.05554080107,0.4126124868,-0.3851110618,1,-22.55669568,0.5644108381,124.7739513,0,63.02124455,149.894594,-43.02551677
0.05723117328,0.05940450897,0.5619437508,-0.4449044639,1,125.3118262,0.7167431625,140.9531706,0,215.32257,112.8393007,-38.36951156
0.05723117328,0.06326821687,1.728724295,-0.2764872808,1,60.10031996,1.750694977,116.8018283,0,210.3587355,89.17255685,-9.086767155
0.05723117328,0.06713192477,1.60691854,-0.3381530295,1,-125.3215261,1.642112867,145.7015567,0,-55.85908069,89.15729543,-11.88368645
0.05723117328,0.07099563267,1.028695353,-0.05801677181,1,48.92052638,1.03033008,49.92878083,0,10.37915152,196.1301394,-3.227970692
0.05723117328,0.07485934057,1.836035174,-0.9030323738,1,68.09704367,2.046092038,-102.869078,0,57.54361437,260.1323326,-26.18972531
0.05723117328,0.07872304847,1.514134156,-1.46054819,1,60.67228466,2.103759315,160.365814,0,-12.62860162,335.3105937,-43.96798471
0.05723117328,0.08258675637,2.021661932,-1.578967901,1,1138.363743,2.565201084,839.2987963,20.86844564,-752.5112683,921.0049757,-37.99071542
0.05723117328,0.08645046427,3.00495541,-1.776237001,1,710.829736,3.490669692,336.0800543,80.54990376,131.275321,425.871897,-30.58744462
0.05723117328,0.09031417218,5.275309894,-1.925897353,1,407.2569487,5.615868151,-471.5419105,0,-479.9557567,49.38482189,-20.05600432
0.05723117328,0.09417788008,2.724068452,-3.788945732,2,-281.0825687,4.666546763,-252.7913183,0,-621.379429,523.3035337,-54.28569451
0.05723117328,0.09804158798,1.788460343,-4.924501164,1,-54.7997618,5.239208157,16.36553969,0,-121.0653977,368.6670136,-70.0401963
0.05723117328,0.1019052959,2.044576845,-5.15013572,1,-67.90291581,5.541136383,4.900255767,0,138.8309172,223.2225465,-68.34718219
0.05723117328,0.1057690038,2.062505423,-5.768034724,1,-242.4146664,6.125696139,-50.25212631,31.18852582,2.282066028,137.8463204,-70.32421631
0.05723117328,0.1096327117,1.11677462,-5.876893175,1,-363.5550637,5.982061429,489.1886647,0,278.6998805,-178.5379853,-79.24048111
0.05723117328,0.1134964196,1.734649781,-3.18813399,2,-898.0900383,3.629491452,844.7174091,0,672.6566904,-32.60705557,-61.44958133
0.05723117328,0.1173601275,0.2457660128,-2.48716771,1,-91.72149933,2.499280726,306.9405419,0,-181.481434,50.59181925,-84.35671702
0.05723117328,0.1212238354,NaN,NaN,0,46.70622883,2.300201454,152.8187006,0,177.5899381,2.967670467,-72.82906206
0.06109488118,0.01690372206,NaN,NaN,0,-12.53429724,0.2965386782,-2.625975513,0,5.998992482,3.195764581,-25.3022652
0.06109488118,0.02076742997,NaN,NaN,0,-10.07607458,0.2903488462,-7.901260825,0.5523056566,4.632766728,-0.8242128502,-28.3750002
0.06109488118,0.02463113787,NaN,NaN,0,-4.604407263,0.2911693156,-11.70272458,0,4.951608944,-4.938819172,-31.95039279
0.06109488118,0.02849484577,NaN,NaN,0,-3.165979883,0.3047700589,-13.80462152,0,14.58564845,-3.753444056,-32.58171161
0.06109488118,0.03235855367,NaN,NaN,0,1.636605956,0.3492901664,-4.632956705,0,9.140963933,9.924748557,-33.52577964
0.06109488118,0.03622226157,0.2984480474,-0.2203659623,1,-12.16092205,0.3709884018,23.33307283,0,6.900307934,22.0429148,-36.44115668
0.06109488118,0.04008596947,0.2708558696,-0.1879324012,1,7.667531543,0.3296687573,33.12932615,0,6.531444735,31.83493973,-34.75471222
0.06109488118,0.04394967737,0.3533087442,-0.2153648312,1,35.07590932,0.4137741887,3.757591402,3.062502758,25.96137068,36.22953788,-31.36504499
0.06109488118,0.04781338527,0.5066860906,-0.3133945174,1,73.10977982,0.5957742173,39.7654834,0,77.60778381,-4.004610874,-31.73754108
0.06109488118,0.05167709317,0.9356373855,-0.04624997216,1,96.76519904,0.9367797911,59.37295167,0,154.0408653,3.594252648,-2.829913665
0.06109488118,0.05554080107,1.475727463,-0.09788191729,1,21.37779893,1.478970052,77.31454135,0,101.8823424,106.970004,-3.794750914
0.06109488118,0.05940450897,1.411878567,-0.1608300173,1,-81.59843875,1.421009283,140.3312975,0,38.17896156,132.7274957,-6.49866892
0.06109488118,0.06326821687,1.307967286,-0.06850304818,1,-32.53646653,1.309759936,3.108070356,0,49.61176708,10.00838637,-2.998051083
0.06109488118,0.06713192477,1.477852541,-0.1874908228,1,5.357399001,1.489698272,-14.28530992,0,75.39918981,87.6919694,-7.230321531
0.06109488118,0.07099563267,1.619987156,-0.462513468,1,100.1590448,1.684718699,83.1929882,7.090300502,14.29872535,259.579225,-15.93427754
0.06109488118,0.07485934057,1.920083932,-0.8689957194,1,62.79916857,2.107575827,9.765353641,0,81.21004017,299.6170476,-24.35065876
0.06109488118,0.07872304847,2.176396674,-1.582415748,1,308.3904623,2.690862702,84.38922051,0,319.5141211,451.6113363,-36.02017196
0.06109488118,0.08258675637,4.346123831,-2.287834709,1,551.1907789,4.911515042,232.3155312,63.85992909,118.6646853,469.3260695,-27.76268134
0.06109488118,0.08645046427,4.764522523,-2.498155237,1,153.5462587,5.379726244,-314.605501,0,-608.0999544,305.2507618,-27.66911756
0.06109488118,0.09031417218,2.589861126,-4.682778249,1,64.16161735,5.351242172,-491.9307742,0,-666.0913455,106.442825,-61.05473814
0.06109488118,0.09417788008,2.438841877,-4.81009604,1,89.53258496,5.393048638,194.0176059,0,-118.4024071,132.6444725,-63.11382441
0.06109488118,0.09804158798,2.478316566,-4.445650389,1,-43.30776339,5.089779993,254.7229825,0,-37.22153239,153.3827062,-60.86164617
0.06109488118,0.1019052959,2.1277002,-4.418546814,1,-195.7826175,4.904147641,-56.26835943,24.66251912,-1.267535715,130.7176439,-64.28739633
0.06109488118,0.1057690038,1.716972332,-5.168109687,1,-119.2103971,5.445856381,302.4213314,0,313.9056483,40.22578585,-71.62225175
0.06109488118,0.1096327117,2.879945781,-3.405499813,2,23.32661533,4.459990659,1193.242265,0,659.9381593,-361.8249337,-49.77963663
0.06109488118,0.1134964196,4.35690784,0.8402157342,1,-120.4801562,4.437184739,638.1192629,0,-147.8731912,352.7371802,10.91531107
0.06109488118,0.1173601275,1.843106832,-2.302866805,1,-537.6825448,2.949616639,49.88984646,59.99381675,-280.2426809,733.2489006,-51.32785409
0.06109488118,0.1212238354,NaN,NaN,0,-335.2758353,2.161562952,180.4436156,0,0.6629889783,-79.81558422,-56.38430909
0.06495858908,0.01690372206,NaN,NaN,0,-23.64262594,0.2884102013,1.315399585,0,3.45240916,12.61715025,-17.20551772
0.06495858908,0.02076742997,NaN,NaN,0,-18.24990014,0.2596381495,-12.89048778,1.698840903,0.2178433638,0.9148571963,-24.37272085
0.06495858908,0.02463113787,0.2058332101,-0.1386515708,1,-9.258825142,0.2481764865,-5.016382711,0.9670622252,2.548752198,-1.574078115,-33.96465224
0.06495858908,0.02849484577,0.2105734984,-0.1204451415,1,12.54897422,0.2425865419,-2.827984434,0,15.69464494,7.639394263,-29.76896201
0.06495858908,0.03235855367,0.3149583045,-0.1790944645,1,21.96009299,0.3623169342,25.25645205,0,47.85429127,33.38606301,-29.62382115
0.06495858908,0.03622226157,0.4803158864,-0.1518555835,1,12.61906269,0.5037494109,41.63750575,0,51.53947453,56.19072217,-17.54475292
0.06495858908,0.04008596947,0.5628481517,-0.2353238418,1,4.324978431,0.6100617611,23.69215858,0,0.1276146974,58.22557263,-22.68954738
0.06495858908,0.04394967737,0.4975194056,-0.2852826082,1,-13.79263627,0.5735082611,0.4739106781,1.75293238,-3.517310906,4.695791649,-29.83039102
0.06495858908,0.04781338527,0.495967572,-0.2516359567,1,-3.335647255,0.5561514966,12.06776917,0,42.51253037,-29.01541263,-26.9015845
0.06495858908,0.05167709317,0.6488874384,-0.1265491941,1,92.34417456,0.6611124006,-16.71334878,7.551465411,70.36651282,-62.67203404,-11.03558224
0.06495858908,0.05554080107,1.12463414,-0.07406502134,1,104.2943567,1.127070351,-48.98058568,0,146.2617811,-86.36167706,-3.767886678
0.06495858908,0.05940450897,1.616963167,0.01788042401,1,49.58566625,1.617062026,-1.022718985,0,119.8806414,-30.780279,0.6335525123
0.06495858908,0.06326821687,1.779402452,0.04090949837,1,12.54055613,1.779872656,54.85381751,0,58.26636562,76.96015557,1.317031316
0.06495858908,0.06713192477,1.89054043,-0.06753200901,1,59.90532077,1.891746202,73.68374348,0,88.5698289,185.1480352,-2.045793131
0.06495858908,0.07099563267,2.353067061,-0.3897559663,1,126.8148963,2.385127734,109.4898932,0,168.4605234,307.322171,-9.404935201
0.06495858908,0.07485934057,3.031398402,-0.8318981437,1,145.0350045,3.143474319,103.6775495,0,173.8339972,369.6949819,-15.34573464
0.06495858908,0.07872304847,3.585083742,-1.417569621,1,174.6352306,3.855169136,-97.97333973,0,265.6676518,527.9084051,-21.57422252
0.06495858908,0.08258675637,4.732600128,-3.250122386,2,216.3676374,5.741149667,49.53943418,0,-375.8704588,904.0154855,-34.47940904
0.06495858908,0.08645046427,2.968811431,-4.719015492,1,218.0917693,5.575208384,44.20818116,0,-463.1162621,431.7268931,-57.82531667
0.06495858908,0.09031417218,3.785897059,-4.747381495,1,79.6447981,6.072120519,371.7670076,0,183.6732114,338.9825189,-51.42866991
0.06495858908,0.09417788008,3.986195305,-4.592345804,1,-132.778619,6.081068408,386.5384259,0,23.91025907,426.294084,-49.04174078
0.06495858908,0.09804158798,3.365261517,-4.900985745,1,-223.8128873,5.945136361,403.2381105,0,-204.2650661,353.0895106,-55.52456333
0.06495858908,0.1019052959,2.332227134,-4.398586262,1,-92.12211288,4.978638821,475.6946111,0,97.5915429,266.9870875,-62.06648167
0.06495858908,0.1057690038,3.386393797,-4.094600837,2,28.89540214,5.313512865,573.4969246,0,487.9400443,319.4989092,-50.40793131
0.06495858908,0.1096327117,4.329128332,-3.417212123,2,212.9963298,5.515314207,441.0046732,0,350.3578128,233.7871036,-38.28591696
0.06495858908,0.1134964196,5.563029648,-3.293972676,1,268.4669142,6.46510285,460.5034078,0,-542.1788462,-37.64937677,-30.6305593
0.06495858908,0.1173601275,3.271585377,-1.492495274,1,-746.4937665,3.595943968,400.1460114,62.14946865,-416.9375785,-219.5345706,-24.52244301
0.06495858908,0.1212238354,NaN,NaN,0,-880.109082,1.396360381,-165.0960366,0,-260.6161825,-471.9449874,-40.11497856
0.06882229698,0.01690372206,0.3219217367,-0.02205143389,1,-109.5294258,0.3226761075,61.02109833,0,51.17776017,84.09742162,-3.918603139
0.06882229698,0.02076742997,0.209194841,-0.06663152019,1,-45.50837702,0.2195500877,0.8949665695,5.40407251,19.5420585,23.25947231,-17.66741406
0.06882229698,0.02463113787,0.2215954667,-0.1084613514,1,4.537246572,0.2467152521,-5.160861731,0,12.59699552,16.92511646,-26.07973958
0.06882229698,0.02849484577,0.2753965476,-0.1519652886,1,40.19620524,0.3145420598,31.84836435,0,36.45643922,27.81292087,-28.89014893
0.06882229698,0.03235855367,0.5177588947,-0.09286957654,1,24.01980473,0.5260218924,60.13155308,0,79.77458325,38.91451722,-10.16891669
0.06882229698,0.03622226157,0.6764277445,-0.06998885957,1,-15.37328131,0.6800389209,20.98763753,0,33.38788334,49.78904151,-5.907278842
0.06882229698,0.04008596947,0.5873620549,-0.2041497887,1,-79.52313804,0.6218290117,34.445581,9.425818369,1.06358873,61.79628106,-19.16594911
0.06882229698,0.04394967737,0.3732829639,-0.1756639755,1,-66.50291257,0.4125506071,59.49587869,1.024110994,28.6748179,41.92228381,-25.2013001
0.06882229698,0.04781338527,0.4412053467,-0.1362505513,1,2.270154658,0.4617644103,34.80364874,0,63.89232382,23.28654157,-17.16143971
0.06882229698,0.05167709317,0.6289154547,-0.1311652375,1,55.98412769,0.6424476389,22.41370419,0,76.4273174,-29.48424165,-11.7806156
0.06882229698,0.05554080107,0.9528044932,0.06426795206,1,55.32443967,0.9549695136,-46.63144347,0,115.5180865,-109.2486177,3.858832766
0.06882229698,0.05940450897,1.289001073,0.1107692335,1,86.3348848,1.293751749,-110.8600592,0,137.4018738,-122.2222461,4.911598606
0.06882229698,0.06326821687,1.817257975,0.1081681232,1,142.4319983,1.820474359,-73.46620968,0,165.2780789,-24.93542666,3.406381097
0.06882229698,0.06713192477,2.477902929,-0.07673953632,1,175.4925558,2.479090939,-2.988556459,0,190.2621242,103.0689053,-1.773857489
0.06882229698,0.07099563267,3.230427222,-0.3016069297,1,164.0738997,3.244476348,6.948799804,0,164.9246231,183.200552,-5.333924028
0.06882229698,0.07485934057,3.749057121,-0.7577248237,1,82.11323623,3.8248629,-72.8202883,0,75.01897358,167.6446115,-11.42617191
0.06882229698,0.07872304847,3.837540182,-1.230693063,1,574.4390839,4.030052117,-269.0457772,0,533.6478878,719.2134276,-17.78096358
0.06882229698,0.08258675637,8.030381508,-4.576069721,1,393.9791871,9.242696644,-3.690846241,29.87621622,321.876286,1005.560145,-29.67642038
0.06882229698,0.08645046427,6.60339663,-5.13014409,1,-588.0859554,8.362010849,619.7037794,0,-109.2731336,543.2935328,-37.8434459
0.06882229698,0.09031417218,5.335989686,-4.280842847,1,-359.6539391,6.840935712,759.0127091,0,94.62164658,519.4893989,-38.73862381
0.06882229698,0.09417788008,5.579389267,-4.204695984,1,-246.3625838,6.986347609,475.0017095,0,263.0708564,498.1091681,-37.00212606
0.06882229698,0.09804158798,5.400545571,-4.370123318,1,-351.3136427,6.947220327,664.4944194,0,200.6335356,530.1293653,-38.97979608
0.06882229698,0.1019052959,4.997205347,-3.685548663,2,-265.6638001,6.209293859,741.8006675,0,205.2818596,489.2898499,-36.40958938
0.06882229698,0.1057690038,5.16724739,-3.394495277,2,-88.20615594,6.182478773,546.4473669,0,215.0114854,336.6039941,-33.30192223
0.06882229698,0.1096327117,5.4871441,-2.874775166,2,-25.65626722,6.194601087,418.6383535,0,238.7792391,133.2615574,-27.65053764
0.06882229698,0.1134964196,5.9906923,-2.291882695,1,-566.149418,6.414134433,202.7254427,64.54712601,-196.3842654,-274.8513449,-20.93554767
0.06882229698,0.1173601275,2.540936683,-1.029557958,2,-1012.050483,2.741596034,230.332978,61.9175246,-865.7697975,-516.4466278,-22.05721816
0.06882229698,0.1212238354,-1.264656754,0.5934555681,1,-1169.352219,1.396977529,65.64171864,0,-800.5655573,-774.4909042,154.8611112
0.07268600488,0.01690372206,0.8361993823,0.5356138737,1,-228.6504974,0.9930315346,-43.60624534,0,-33.46788149,159.0090062,32.64093051
0.07268600488,0.02076742997,0.3298249565,0.1441907997,1,-113.0550677,0.3599659549,-52.93898958,12.13246704,-38.33125429,113.5137924,23.61368424
0.07268600488,0.02463113787,0.251286854,-0.1075110551,1,4.342361721,0.2733197943,-29.34924913,0,24.45441167,42.88325701,-23.16327025
0.07268600488,0.02849484577,0.4410872774,-0.134894505,1,37.2169125,0.4612531992,41.72873401,0,78.30852223,4.501083133,-17.00482181
0.07268600488,0.03235855367,0.6976433889,0.03632571372,1,6.144441162,0.6985884736,61.84641259,0,74.78533692,17.47509287,2.980652039
0.07268600488,0.03622226157,0.7537763004,0.03654331355,1,10.02587802,0.7546615962,41.80260586,0,51.32845097,31.52387403,2.775544389
0.07268600488,0.04008596947,0.9346985945,0.07603973109,1,-42.12987745,0.9377864913,97.89262314,0,77.22395403,86.00947136,4.650892199
0.07268600488,0.04394967737,0.8893695613,0.08245634099,1,-111.4009424,0.89318378,172.2141808,0,55.93932346,195.4006194,5.296935429
0.07268600488,0.04781338527,0.7204110993,-0.01354589485,1,-82.12298066,0.7205384398,127.2323946,0,12.81116381,160.8837536,-1.077205998
0.07268600488,0.05167709317,0.621568947,-0.04756268054,1,-96.99545196,0.6233860477,111.2939824,0,45.73588781,66.7638195,-4.375766486
0.07268600488,0.05554080107,0.5223591163,0.1585056473,1,-38.05477266,0.5458782709,-12.66289052,0,62.59914263,-80.66778122,16.87999612
0.07268600488,0.05940450897,0.7164012232,0.2151883529,1,69.08152356,0.7480218846,-131.8622084,0,157.8632089,-124.2722022,16.71890531
0.07268600488,0.06326821687,1.399207272,0.1291800805,1,183.5536484,1.405157815,-197.829992,0,220.4159274,-139.4262333,5.274808956
0.07268600488,0.06713192477,2.277221665,-0.01046671079,1,184.3989144,2.277245719,-175.4380017,0,252.6272234,-41.97835281,-0.263344645
0.07268600488,0.07099563267,3.087748614,-0.3864690195,1,133.1463512,3.11184026,-208.6501253,0,156.8730429,11.04598353,-7.134159441
0.07268600488,0.07485934057,3.397771889,-0.8593083024,1,311.3493712,3.50474886,-107.3258845,15.47425092,267.5379291,200.3334675,-14.19270711
0.07268600488,0.07872304847,5.324400049,-1.575174888,2,602.6667742,5.552514008,-135.6444595,0,744.6810835,555.2459236,-16.48036783
0.07268600488,0.08258675637,8.603530452,-3.528706934,1,-221.5634821,9.299059569,-362.0520913,0,774.8903226,-27.18005793,-22.30080916
0.07268600488,0.08645046427,7.462293335,-2.869022609,2,-670.7252247,7.994817856,-19.44925995,0,702.3335415,-158.3090347,-21.03021868
0.07268600488,0.09031417218,8.725655755,-2.992193325,1,-443.5176423,9.22443978,302.1631679,0,516.9492171,238.7580607,-18.92781677
0.07268600488,0.09417788008,7.74601149,-2.624043796,1,-542.9128702,8.178404481,250.1724609,43.53149259,350.1661869,192.2565264,-18.71435717
0.07268600488,0.09804158798,7.980938872,-2.768423072,1,-515.0493031,8.447458291,349.4388779,20.45011252,344.9509894,337.7780585,-19.13060529
0.07268600488,0.1019052959,7.088801292,-2.578989796,2,-508.4895534,7.543360798,443.4827897,19.02477633,202.3865598,483.5048031,-19.99198556
0.07268600488,0.1057690038,6.798246317,-2.923056441,1,-340.0055923,7.400027834,442.6676098,0,177.6504323,395.1797477,-23.26635709
0.07268600488,0.1096327117,6.461508378,-2.395510568,2,-319.6104345,6.891267038,497.8237445,0,-72.21268611,224.0586636,-20.34153169
0.07268600488,0.1134964196,5.28435623,-1.865308135,2,-613.4955775,5.603908922,258.3796864,32.58520394,-498.2299153,-121.6182777,-19.44236062
0.07268600488,0.1173601275,2.166125808,-0.9273094322,2,-859.9617431,2.356269042,305.3638219,0,-940.1928854,-313.3382688,-23.17556532
0.07268600488,0.1212238354,-1.67091543,0.5251760209,1,-1011.716578,1.751504561,156.6389545,0,-974.4797585,-595.2219473,162.5518388
0.07654971278,0.01690372206,0.7678042954,0.7320771814,1,-36.14942504,1.060877201,-306.9664032,0,-131.8581566,-42.97247484,43.63547496
0.07654971278,0.02076742997,0.4432381852,0.222079468,1,-56.29232881,0.4957614133,-143.7540111,0,-71.54274264,53.68106059,26.61264023
0.07654971278,0.02463113787,0.2738869199,-0.03075426509,1,-19.35948545,0.2756081815,-21.90903667,0,22.14874189,33.8091452,-6.406802012
0.07654971278,0.02849484577,0.4540150573,0.006800688535,1,46.16917348,0.4540659882,55.6669789,0,96.27096856,3.102689622,0.858168923
0.07654971278,0.03235855367,0.8242340221,0.1723387947,1,52.24094646,0.8420584204,115.4790353,0,78.65010428,94.05103619,11.80981327
0.07654971278,0.03622226157,0.9597398442,0.08959221783,1,30.11460646,0.9639125136,115.840584,0,92.4805846,93.92905227,5.333135355
0.07654971278,0.04008596947,1.29790603,0.256998553,1,47.39389461,1.323105559,196.7757784,0,168.4348764,98.08878559,11.20026501
0.07654971278,0.04394967737,1.793639172,0.4708899317,1,-46.85402556,1.854421421,303.0425823,0,113.2399846,309.8886744,14.71008648
0.07654971278,0.04781338527,1.554401985,0.2305472527,1,-212.9947109,1.571406238,512.3972308,0,89.60019104,525.4890497,8.436544204
0.07654971278,0.05167709317,1.316878791,0.4203069677,1,-312.5573314,1.382326914,415.4120357,0,63.52195653,357.7943191,17.70147428
0.07654971278,0.05554080107,0.5922020394,0.4531652798,1,-237.9688881,0.745695666,154.1027296,23.61421815,-25.38079835,145.4352097,37.42396593
0.07654971278,0.05940450897,0.2993725267,0.4537957327,1,-111.9229035,0.5436492222,31.18152481,7.369031736,91.73410855,83.61097428,56.58685737
0.07654971278,0.06326821687,0.5141984328,0.2505932016,1,112.1289463,0.5720113469,-58.86679185,0,234.2991871,10.21736761,25.98216263
0.07654971278,0.06713192477,1.637869642,0.18687472,1,209.4826583,1.64849602,-131.3750316,0,295.9241052,-12.18198261,6.509083761
0.07654971278,0.07099563267,2.466942538,-0.2099339233,1,250.2841762,2.47585899,-229.9933354,0,389.1382841,58.29816784,-4.864084788
0.07654971278,0.07485934057,4.108411254,-0.9269994388,1,293.4954848,4.211694551,-22.78066876,0,480.8423309,99.39661342,-12.7149828
0.07654971278,0.07872304847,5.458757674,-0.6819912537,2,44.34127129,5.50119509,97.34862757,0,581.5059682,45.34258536,-7.121363483
0.07654971278,0.08258675637,6.526502178,-0.7260632827,2,-543.825434,6.566764695,-209.5726754,0,662.3211483,-431.3661412,-6.347964878
0.07654971278,0.08645046427,5.916590502,0.1749539125,1,-446.1084555,5.919176635,-130.7253494,0,678.9027444,-171.1486507,1.69374586
0.07654971278,0.09031417218,7.425951311,-0.5698794542,1,-373.5506922,7.447785944,-365.7474616,0,728.7056817,-125.2910628,-4.388369044
0.07654971278,0.09417788008,7.288805641,-0.7540993752,1,-413.2435091,7.327711344,-150.2544793,0,576.2474895,-26.68045374,-5.906802195
0.07654971278,0.09804158798,8.055751078,-1.047333393,1,-286.1521825,8.123548034,-180.6583782,0,620.0306809,-132.8204884,-7.407511901
0.07654971278,0.1019052959,8.578814633,-0.9389310083,1,-388.8239505,8.630043566,-148.9970445,0,479.0724309,-59.16359409,-6.246027032
0.07654971278,0.1057690038,8.404444844,-1.394423605,1,-405.2747529,8.519337435,-466.9713384,0,326.9748975,-213.3363464,-9.42041468
0.07654971278,0.1096327117,8.276286863,-1.918902531,1,-511.7076596,8.495829045,-872.020525,0,23.7446827,-755.0069588,-13.05369381
0.07654971278,0.1134964196,6.519098435,-1.846529845,1,-873.6891559,6.775567643,51.5357178,80.84886531,-618.7013825,-98.41217913,-15.81473507
0.07654971278,0.1173601275,2.510125749,-1.339547657,1,-1320.186776,2.845192296,328.1703104,77.9816875,-1132.977906,-340.5804524,-28.08694923
0.07654971278,0.1212238354,-2.959213328,0.7373277606,1,-1416.398386,3.049687812,484.9530555,0,-1414.736482,-590.1154904,166.0088775
0.08041342068,0.01690372206,-0.5158622255,0.1658232914,1,253.0828957,0.541859022,-229.3500169,0,4.530580392,-187.6514009,162.1800608
0.08041342068,0.02076742997,-0.01819061412,0.08526765529,1,136.1598512,0.08718641799,-94.56268752,8.398785114,74.29281343,-65.32686444,102.0426915
0.08041342068,0.02463113787,0.2972653974,0.05286461083,1,69.42225797,0.3019294347,-5.870605025,0,108.2171345,1.00969221,10.08385437
0.08041342068,0.02849484577,0.66815611,0.05868419651,1,134.3475032,0.6707282775,47.27978873,0,178.8078944,25.15120738,5.019411865
0.08041342068,0.03235855367,1.507206381,0.1383629854,1,107.1672873,1.513543984,122.5006763,0,124.7624585,65.86517355,5.245106024
0.08041342068,0.03622226157,1.564264901,0.277507236,1,36.78510146,1.588689695,222.8370333,0,109.9037201,117.9264774,10.05985056
0.08041342068,0.04008596947,2.07396914,0.5437067288,1,171.7264556,2.144053404,259.8368932,0,266.5292414,150.2257094,14.68994782
0.08041342068,0.04394967737,3.2575569,0.7010128329,1,318.796598,3.332130842,366.9849903,0,368.7634996,208.6175088,12.14460712
0.08041342068,0.04781338527,4.730500521,1.155592418,1,-59.22425207,4.869602552,493.9674875,0,150.1875334,311.6335688,13.72767158
0.08041342068,0.05167709317,3.609012449,1.405497835,1,-557.7319253,3.873034343,389.8337508,42.68408192,-231.87598,435.3104002,21.27798416
0.08041342068,0.05554080107,1.679686219,0.9798839291,1,-441.3738147,1.944612637,218.4578544,43.62688577,-192.495671,322.8752395,30.25814152
0.08041342068,0.05940450897,1.159925909,1.002059559,1,-154.2907272,1.532824672,158.0871418,0,33.04809618,256.0949969,40.8237225
0.08041342068,0.06326821687,1.211240108,0.601210205,1,-23.73410559,1.352241217,114.701387,0,169.3541682,290.3207108,26.39792758
0.08041342068,0.06713192477,1.722559295,0.3235177906,1,104.1207919,1.752676321,-1.341913876,0,209.8596025,115.4338679,10.63693902
0.08041342068,0.07099563267,2.424368638,0.1500226943,1,162.6736943,2.429005991,-61.10733769,0,347.5186586,57.68337192,3.541012902
0.08041342068,0.07485934057,3.69379352,-0.1354548127,1,244.2735023,3.696276312,-26.33507409,0,649.0001785,-116.9863111,-2.100147982
0.08041342068,0.07872304847,5.875717216,0.5002725949,1,35.20665396,5.89697596,12.98766631,0,594.5864426,-314.9216866,4.866562531
0.08041342068,0.08258675637,6.127130082,1.131491145,1,-290.6296357,6.230729914,-100.0189075,0,399.3912632,-352.9933771,10.46288119
0.08041342068,0.08645046427,6.295940375,1.477692052,1,-221.6996674,6.467027061,-74.46727646,0,403.2082762,-109.4368429,13.20856149
0.08041342068,0.09031417218,6.828426328,1.266603335,1,-326.0374251,6.944903896,-274.9216969,0,524.4080671,-202.8066028,10.50834975
0.08041342068,0.09417788008,7.062386592,1.199060393,1,-458.5198537,7.163452394,-284.3470356,0,443.3328283,-146.1894596,9.63586007
0.08041342068,0.09804158798,6.769748098,0.732802817,2,-495.6853176,6.809294331,-362.886882,21.75800809,294.3612984,-252.9530841,6.178023352
0.08041342068,0.1019052959,6.284529388,0.7743083094,2,-897.6043551,6.332050457,-489.899411,94.40344883,224.6725432,-275.9441846,7.02393575
0.08041342068,0.1057690038,4.16973614,-0.09385768145,1,-1990.236415,4.17079234,-185.936756,255,409.0144092,99.0194209,-1.28946794
0.08041342068,0.1096327117,0.175149434,-0.3266791228,1,-143.6233718,0.3706704379,-1051.484635,0,385.2314747,-847.9878388,-61.80195822
0.08041342068,0.1134964196,5.103239276,-0.8801098607,1,-33.13131808,5.178575526,-730.1097623,0,536.0231672,-761.8642545,-9.785034905
0.08041342068,0.1173601275,2.118176645,-0.2039890406,1,-1109.939278,2.127976463,-46.36357232,107.6190285,-748.501324,-411.7397938,-5.500853013
0.08041342068,0.1212238354,-2.077232361,0.531597133,1,-1003.556056,2.144175784,512.3095518,0,-1168.144866,131.5425825,165.6451768
0.08427712858,0.01690372206,-0.8433673771,-0.2282563629,1,188.5496014,0.8737101922,345.4918086,0,157.6665487,236.1151819,-164.8557832
0.08427712858,0.02076742997,-0.1745283399,-0.01695669451,1,137.3170824,0.1753501381,143.3226539,0,146.9883512,53.41053382,-174.4507165
0.08427712858,0.02463113787,0.2551057727,0.1191378059,1,96.93144668,0.281554208,28.9758152,0,138.1783578,-21.63343184,25.03320338
0.08427712858,0.02849484577,0.7338672692,0.1785826531,1,136.1844518,0.755283346,-12.0689903,0,199.4824529,-43.43357421,13.67679109
0.08427712858,0.03235855367,1.552024644,0.2403213966,1,173.0626541,1.570520573,-11.31346703,0,226.1609112,-61.39969358,8.801993254
0.08427712858,0.03622226157,2.276350513,0.3721012024,1,151.8433861,2.306562586,99.56324514,0,192.4485576,0.4440986801,9.283686302
0.08427712858,0.04008596947,2.882268147,0.6232888258,1,220.433558,2.948891085,123.015649,0,230.2342014,47.48037313,12.20228639
0.08427712858,0.04394967737,4.017599095,0.6639474446,1,230.3878155,4.07209144,124.1550049,0,231.5365973,16.39209745,9.383872943
0.08427712858,0.04781338527,4.667009151,1.039653223,1,90.13866638,4.781407035,108.8760563,0,36.00846568,-153.9211684,12.55852074
0.08427712858,0.05167709317,4.504994766,1.679319158,1,-284.3965164,4.807815582,182.2472837,0,-228.9068209,85.1632088,20.44385956
0.08427712858,0.05554080107,2.683754991,1.41475773,1,-390.9225285,3.033822718,39.04514898,35.04141871,-283.3891701,168.894751,27.7962285
0.08427712858,0.05940450897,1.899651329,1.177618225,1,-105.8456909,2.235052539,45.71473426,10.64231512,-50.65410013,153.9340537,31.79530487
0.08427712858,0.06326821687,2.079085512,0.9966298905,1,-76.8594638,2.305616556,52.59515407,0,123.1974124,203.2793264,25.61118353
0.08427712858,0.06713192477,2.078687627,0.5954185978,1,-75.03655592,2.162282487,41.76061842,0,171.9972559,169.1969768,15.98381328
0.08427712858,0.07099563267,2.453713334,0.5042530257,1,9.619392551,2.504991066,16.23668633,0,372.3897285,5.540323949,11.61295066
0.08427712858,0.07485934057,3.554659286,0.6367462176,1,-3.389455966,3.611239176,83.12203668,0,479.2172172,-169.2355054,10.15568501
0.08427712858,0.07872304847,4.292172815,1.479288855,1,-77.0196096,4.539938654,-43.27618113,0,393.1759497,-380.576446,19.0164104
0.08427712858,0.08258675637,4.776195035,1.939975916,1,-72.60723707,5.155147482,-61.64958027,0,309.1328524,-348.971201,22.10581023
0.08427712858,0.08645046427,5.206038703,2.589415671,1,-106.7699307,5.814457197,-82.25490466,0,314.8482045,-283.1027992,26.44515228
0.08427712858,0.09031417218,5.580148705,2.715993513,1,-217.7699738,6.206019685,-177.741115,0,326.2925874,-214.2294547,25.95330872
0.08427712858,0.09417788008,5.625338383,2.730395957,1,-233.8183427,6.25295882,-299.6344018,0,258.7106566,-115.6615,25.89075507
0.08427712858,0.09804158798,5.676325335,2.005175959,1,-223.246364,6.02008305,-92.51426359,0,221.8177621,-265.10059,19.45589355
0.08427712858,0.1019052959,5.619818682,3.39721911,2,30.12562237,6.566845491,263.4352568,0,589.045489,-1255.935501,31.15325093
0.08427712858,0.1057690038,8.06862165,7.875580758,1,-909.5085024,11.27507994,-898.2476519,0,-302.4202311,-51.19060822,44.30633796
0.08427712858,0.1096327117,0.9372800595,0.1244381181,1,-1218.651007,0.9455044977,-374.9515072,124.0587827,-674.3686514,1572.158397,7.562654545
0.08427712858,0.1134964196,0.7545466393,0.3525168365,1,-211.5329379,0.8328317662,-698.9729917,0,160.5115071,-681.5039961,25.04152306
0.08427712858,0.1173601275,0.7401481542,0.05694302183,1,-113.8376059,0.7423353676,-402.5527737,0,-203.5009251,-337.5602417,4.399363206
0.08427712858,0.1212238354,-0.4715567501,0.1014046771,1,-262.9502887,0.4823366844,388.7637108,0,-364.2735779,365.7486918,167.8638
0.08814083648,0.01690372206,1.731297299,0.04650019684,1,-290.2401047,1.731921651,624.4412362,0,-221.8940248,585.0312094,1.538513722
0.08814083648,0.02076742997,0.7419289577,0.1226346128,1,-219.0779251,0.7519958953,258.1141212,0,-144.7340174,215.2199805,9.385648102
0.08814083648,0.02463113787,0.325634222,0.2122306273,1,-56.62922947,0.3886894463,58.15531557,0,-17.96713033,11.40888052,33.09411571
0.08814083648,0.02849484577,0.453710413,0.3032491833,1,95.76251152,0.5457226457,-13.3951893,0,137.3373421,-47.37511668,33.7578198
0.08814083648,0.03235855367,1.226263968,0.3435191411,1,164.6535624,1.27347113,-7.449594392,0,222.7860918,-41.39226767,15.64940513
0.08814083648,0.03622226157,1.950664066,0.4343937582,1,180.8673081,1.998446455,57.64571219,0,209.0306962,-3.967229928,12.55435617
0.08814083648,0.04008596947,2.732715968,0.5815735524,1,241.8712156,2.793915596,52.45802951,0,236.9242399,-17.69676456,12.01437929
0.08814083648,0.04394967737,3.80058985,0.7054513903,1,233.3113197,3.865507065,-34.5548434,0,238.7076436,-128.9914808,10.51535671
0.08814083648,0.04781338527,4.556459365,0.9464491344,1,143.6080013,4.653717644,-34.13868325,15.53358111,74.21867016,-270.8135157,11.73438091
0.08814083648,0.05167709317,4.642208482,1.61989381,1,-162.5040602,4.916722032,-129.091262,0,-374.1188331,-245.2781716,19.23638028
0.08814083648,0.05554080107,2.483105253,1.395361415,1,-311.30111,2.848305668,-82.41607743,0,-390.3300804,22.29941243,29.33346611
0.08814083648,0.05940450897,1.931310508,1.215303745,1,-58.33626691,2.281868417,31.28097614,6.169517837,-14.97178362,36.76531336,32.18072049
0.08814083648,0.06326821687,2.199864359,1.374171538,1,-3.868777278,2.593790781,17.03476472,0,160.7976472,0.811867527,31.99145252
0.08814083648,0.06713192477,2.537637822,1.277984281,1,-115.3621279,2.841276041,105.9606782,0,195.2450521,60.02300029,26.73036333
0.08814083648,0.07099563267,2.508508645,1.551661307,1,-103.3680957,2.949621744,133.4355646,0,316.4893846,16.65341291,31.73924777
0.08814083648,0.07485934057,3.36107623,1.729196403,1,-14.93467165,3.779808676,123.5962434,0,462.5787151,-74.48021688,27.22477813
0.08814083648,0.07872304847,4.238074472,2.316970892,1,0.9982273136,4.830075501,134.9008105,0,304.2875566,-92.14195884,28.66558966
0.08814083648,0.08258675637,4.540611326,2.606423345,1,-29.43244191,5.23551276,90.70744476,0,196.6889926,-113.6896008,29.85689116
0.08814083648,0.08645046427,4.884304928,3.106701372,1,31.54240566,5.788611927,59.32856796,0,168.6164147,-137.9634702,32.45872761
0.08814083648,0.09031417218,5.313966541,3.368702151,1,3.625467037,6.291771975,-62.37934717,0,144.8069771,-61.17511705,32.37198523
0.08814083648,0.09417788008,5.457804535,3.102048578,1,-47.59434404,6.277765186,-188.7690803,0,66.76303475,48.38693084,29.61257077
0.08814083648,0.09804158798,5.388028763,2.452400597,1,-509.7473555,5.919892114,-54.07834192,56.51939873,-268.7810057,-10.53541147,24.47300124
0.08814083648,0.1019052959,2.449798355,2.933811414,1,-625.9805807,3.822140944,-33.24779708,0,-638.7746377,18.68328404,50.13736116
0.08814083648,0.1057690038,0.5013840334,2.251754069,1,906.311052,2.306898857,-487.6056594,92.52736949,-297.8259232,-188.0119715,77.44708666
0.08814083648,0.1096327117,4.800807155,1.776268915,1,-438.1789701,5.118874934,198.8949102,39.58003602,248.7483454,637.4355327,20.3041616
0.08814083648,0.1134964196,-0.2305205681,0.5573612009,1,-861.5991892,0.6031510927,-560.3350988,41.64135528,-572.8288674,41.85608395,112.4696339
0.08814083648,0.1173601275,-0.7414038604,-0.5504219152,1,195.0529075,0.9233872259,-339.5553033,0,81.49588094,-231.5637905,-143.4096234
0.08814083648,0.1212238354,0.8379831706,0.14011354,1,369.6889618,0.8496161476,471.425916,0,447.8609523,113.9788869,9.492234672
0.09200454438,0.01690372206,3.829680866,0.03581292593,1,-510.6817726,3.829848313,170.2532448,0,-615.3787652,48.88096239,0.5357808573
0.09200454438,0.02076742997,1.654296368,0.2702864491,1,-423.3099048,1.67623126,74.55425068,0,-432.2929111,14.32611133,9.279255809
0.09200454438,0.02463113787,0.5238815067,0.2685168638,1,-155.2262659,0.5886876415,44.38343168,5.018455286,-143.7683372,26.54326175,27.13752948
0.09200454438,0.02849484577,0.4990685579,0.3392156546,1,98.50185342,0.6034373918,90.97036622,0,118.7589932,40.13535209,34.20384901
0.09200454438,0.03235855367,1.363313956,0.4649285095,1,240.6687972,1.440410866,43.00093592,0,273.0035564,6.326151922,18.83082388
0.09200454438,0.03622226157,2.483748489,0.4809163073,1,199.6711461,2.529878861,36.16266442,0,228.2239246,0.1230229742,10.95830493
0.09200454438,0.04008596947,3.016575521,0.6041751569,1,98.933519,3.076484275,38.8205894,0,134.5094339,-13.94762225,11.32563886
0.09200454438,0.04394967737,3.38570387,0.6847972636,1,59.00735498,3.454263741,-82.6016332,0,63.20359395,-125.9221851,11.43446434
0.09200454438,0.04781338527,3.48876293,0.7715531155,1,-17.52257385,3.573060452,-195.0359709,0,-67.1534035,-240.8220989,12.4704582
0.09200454438,0.05167709317,3.058540628,0.861701488,1,-31.17649141,3.1776092,-210.5397278,0,-237.2913119,-297.9841635,15.73444756
0.09200454438,0.05554080107,2.451481758,1.109412873,1,-88.94216834,2.690828818,41.63488465,0,-142.9538072,-83.49476955,24.3490289
0.09200454438,0.05940450897,2.162562315,1.345165922,1,-48.19077633,2.546791535,81.6949093,0,-30.34571746,-53.78116611,31.8826086
0.09200454438,0.06326821687,2.148039686,1.632852856,1,45.57392583,2.698199944,64.16665731,0,98.70141181,-52.39186708,37.24062769
0.09200454438,0.06713192477,2.720000077,1.795514013,1,36.69473027,3.259182564,90.56494664,0,192.508315,-37.18975089,33.42941772
0.09200454438,0.07099563267,3.033613303,2.12645969,1,58.64925103,3.704678189,144.7846514,0,206.492218,-32.81791774,35.02914829
0.09200454438,0.07485934057,3.744429266,2.481718462,1,92.95302124,4.492179544,92.82953048,0,275.544614,-42.95986058,33.53546839
0.09200454438,0.07872304847,4.457380527,2.651110233,1,72.7534141,5.186195776,15.60110936,0,171.3047434,-70.30720331,30.74285527
0.09200454438,0.08258675637,4.687398697,2.813643089,1,23.15370595,5.467018747,28.80804617,0,91.97815558,-92.29825436,30.97457542
0.09200454438,0.08645046427,4.90221641,3.119029603,1,69.30008475,5.810341763,20.05598391,7.131971883,38.20588085,-95.85198618,32.46651134
0.09200454438,0.09031417218,5.102770346,3.261477629,1,52.47547913,6.056030178,-58.91026365,0,-5.700112799,-72.681973,32.58501444
0.09200454438,0.09417788008,5.082942763,3.172239465,1,35.66323579,5.991611666,-101.7750718,0,48.16978894,-17.58700979,31.96808317
0.09200454438,0.09804158798,5.426676666,2.936199548,1,-24.30924102,6.170096224,11.17085622,0,148.6982755,-34.26403446,28.41638936
0.09200454438,0.1019052959,5.563545658,3.347786611,1,-60.39574146,6.493128328,356.3204409,0,68.56297541,282.0530085,31.03684371
0.09200454438,0.1057690038,5.458232472,3.223147214,1,-281.7181862,6.338846873,367.5846594,0,-79.31559136,514.9203306,30.56232507
0.09200454438,0.1096327117,4.168616599,2.778524614,1,-997.7787558,5.009746838,-514.1707872,56.78217185,-738.1022867,-59.96817969,33.68480402
0.09200454438,0.1134964196,-1.248704827,1.468241011,1,-1018.693682,1.927432336,-200.2231794,117.9471984,-439.7772851,617.7301583,130.3803907
0.09200454438,0.1173601275,-1.466489201,-0.3818081588,1,-7.773025401,1.515377196,85.93560616,0,794.3183121,361.5264695,-165.4067201
0.09200454438,0.1212238354,1.790276412,0.4034384145,1,804.536705,1.835170887,244.4745814,0,881.2872217,-161.9984717,12.69945787
0.09586825228,0.01690372206,2.577967866,-0.3580184007,1,-302.882,2.602709261,-447.8273004,0,-469.7598198,-678.6652999,-7.90644987
0.09586825228,0.02076742997,1.085336715,0.08792690049,1,-214.3465885,1.088892522,-157.3188497,0,-297.6728678,-316.3679118,4.631615251
0.09586825228,0.02463113787,0.5996742477,0.2565007172,1,-20.07002422,0.6522283506,-1.925397231,2.07028934,-12.30097927,-77.9119783,23.15801438
0.09586825228,0.02849484577,0.9602646127,0.3815168541,1,91.50576045,1.033277909,42.57997576,0,119.9944876,-12.27678205,21.66811646
0.09586825228,0.03235855367,1.416849427,0.4684512057,1,148.1809745,1.492283094,-7.234358439,4.247000383,144.4386488,-49.47267046,18.29537261
0.09586825228,0.03622226157,2.090861363,0.5447133539,1,172.4457648,2.160651262,-59.26636948,0,192.9981188,-124.1204673,14.60217515
0.09586825228,0.04008596947,2.828817848,0.719028496,1,96.95193149,2.918768986,-78.57057484,0,137.0340183,-124.3688294,14.26142109
0.09586825228,0.04394967737,2.994914726,0.7216644319,1,-17.37771189,3.080635286,-112.4926491,0,28.6656382,-121.7225419,13.54790704
0.09586825228,0.04781338527,2.872431098,0.7546901057,1,-67.1726279,2.969918781,-107.5396291,0,-15.00077369,-133.903402,14.72093555
0.09586825228,0.05167709317,2.677420705,0.8235263498,1,-114.8286037,2.801209967,-21.88219331,14.36778078,-27.79610464,-133.6882938,17.09695395
0.09586825228,0.05554080107,2.321370885,1.18667622,1,-111.5184223,2.607098624,57.1278949,10.4322822,-53.67513348,-62.11649465,27.07595033
0.09586825228,0.05940450897,2.039161058,1.28425184,1,0.7238295447,2.409871492,60.88490483,0,-20.39720495,-40.76988276,32.20248642
0.09586825228,0.06326821687,2.245358709,1.579440626,1,97.49479636,2.745226479,84.44952127,0,84.8955261,-69.74190173,35.1234977
0.09586825228,0.06713192477,2.743863988,1.880002459,1,68.9338296,3.326138727,38.09987148,0,111.141038,-102.5532875,34.4176185
0.09586825228,0.07099563267,2.941115398,2.122883347,1,95.02932792,3.627229451,35.66975868,0,114.5864352,-107.8904011,35.82157499
0.09586825228,0.07485934057,3.553758068,2.434676983,1,142.7736494,4.307766058,2.870066986,4.700846507,138.1975665,-145.9147556,34.41501364
0.09586825228,0.07872304847,4.026706104,2.697744442,1,83.66265806,4.846873954,-56.52400629,0,108.2632478,-169.7996324,33.82062539
0.09586825228,0.08258675637,4.295303707,2.872340914,1,60.54439653,5.167201976,-45.95990544,0,85.62224583,-120.7114178,33.77130412
0.09586825228,0.08645046427,4.591451315,2.986562451,1,82.80867557,5.477315077,-1.500315598,8.753435099,49.24811638,-71.79231216,33.04245327
0.09586825228,0.09031417218,4.805532577,3.143928657,1,50.08890471,5.742597909,24.47173959,0,54.77746004,-17.92478734,33.19395769
0.09586825228,0.09417788008,4.996624317,3.150370247,1,40.5137353,5.906867804,88.10512057,0,87.15401382,94.07802323,32.23141992
0.09586825228,0.09804158798,5.298803468,3.120851106,1,-38.15967204,6.149555253,54.30977498,0,17.36684183,-18.59945828,30.49692798
0.09586825228,0.1019052959,4.916286895,3.432070227,1,-147.4792416,5.995747066,-60.13496237,0,-211.6778086,-37.59895954,34.9189743
0.09586825228,0.1057690038,3.911125536,3.033778573,1,-291.780196,4.949819733,-197.4514376,0,-312.2470915,-28.57550195,37.79998747
0.09586825228,0.1096327117,2.582501892,2.779582941,1,-422.8641116,3.794126691,-38.69295573,46.25615809,-231.5645243,23.33386429,47.10493344
0.09586825228,0.1134964196,1.382604445,2.794125059,1,-500.6043421,3.117487754,618.6214084,0,87.77732812,678.3977228,63.6726191
0.09586825228,0.1173601275,0.9874588965,2.548624722,1,-547.3267782,2.733233076,368.2595425,0,488.8446973,978.4169358,68.82125376
0.09586825228,0.1212238354,1.156646767,0.4366551177,1,-91.95606367,1.236324972,-311.434332,0,179.5340458,781.8002805,20.68243058
0.09973196018,0.01690372206,-0.5227574931,-0.608954225,1,84.30697303,0.8025588108,-431.2886049,0,95.24416675,-719.7639685,-130.6444808
0.09973196018,0.02076742997,-0.1758909144,-0.05166195443,1,96.18758063,0.1833209516,-103.0305292,0,94.86482814,-337.9055333,-163.6316488
0.09973196018,0.02463113787,0.2154132081,0.2985341842,1,97.57497023,0.3681378945,-3.170170933,0,107.4203818,-132.8253473,54.18692699
0.09973196018,0.02849484577,0.6161512468,0.4492877749,1,120.2747068,0.7625626949,-43.36658736,0,120.1164864,-82.69023082,36.0989411
0.09973196018,0.03235855367,1.144214561,0.4504692561,1,153.6605944,1.229694885,-58.6429847,0,146.3217286,-87.38139552,21.48921219
0.09973196018,0.03622226157,1.775195318,0.5603245998,1,139.2759526,1.861526813,-70.23210485,0,142.3867428,-150.0961588,17.51783765
0.09973196018,0.04008596947,2.232476942,0.7590406325,1,86.98481821,2.357985576,-109.9784883,0,95.6297806,-188.2376961,18.77799808
0.09973196018,0.04394967737,2.480764787,0.8626953191,1,22.70628844,2.626487605,-107.6418643,0,61.00103361,-163.0521836,19.17531192
0.09973196018,0.04781338527,2.555897583,0.9731299208,1,-42.43865454,2.734884696,-46.61685127,0,36.40738103,-133.3921282,20.84378147
0.09973196018,0.05167709317,2.457461707,1.197969642,1,-91.22371376,2.733907333,28.12082024,8.344173558,59.21034178,-64.99505014,25.98842467
0.09973196018,0.05554080107,2.432207265,1.332902445,1,-68.23064596,2.773492583,27.51815349,8.057919555,12.02017962,10.54203284,28.72369898
0.09973196018,0.05940450897,2.240280885,1.263560414,1,-64.92880656,2.57205042,62.61878786,2.110761022,6.088532054,-2.414728432,29.42381311
0.09973196018,0.06326821687,2.204865632,1.584172956,1,-3.556253671,2.714965268,86.65098648,0,63.2631532,-93.23578083,35.69685132
0.09973196018,0.06713192477,2.470970904,1.958590338,1,45.54502836,3.153057773,18.42629059,0,96.72975488,-141.4847844,38.40175066
0.09973196018,0.07099563267,2.754573836,2.20202264,1,77.3828453,3.526553661,14.55436452,0,109.1673512,-116.2649133,38.63904729
0.09973196018,0.07485934057,3.191746372,2.464037815,1,88.83548264,4.032211212,-6.655256507,0,125.5591564,-147.4881301,37.66824873
0.09973196018,0.07872304847,3.582932096,2.746159726,1,83.30682007,4.514287945,-50.67702154,0,137.1247028,-166.2392664,37.468576
0.09973196018,0.08258675637,4.043429388,2.910536573,1,119.8663234,4.982022116,26.24125244,0,148.2965491,-36.70389915,35.74704998
0.09973196018,0.08645046427,4.619035105,2.989361405,1,105.0751482,5.501978455,74.6744617,0,175.6490929,-20.84421443,32.91026127
0.09973196018,0.09031417218,5.128065857,3.279592837,1,68.34337849,6.08710018,182.6359335,0,233.9077594,88.66338643,32.60045914
0.09973196018,0.09417788008,5.786845215,3.352443878,1,3.531937646,6.687784199,261.5228376,0,109.4644515,294.8729411,30.08463531
0.09973196018,0.09804158798,5.564650898,3.150737779,1,-133.4082394,6.394723463,125.8930569,5.024382905,-22.11979186,191.2970117,29.51879209
0.09973196018,0.1019052959,5.185930332,3.099742101,1,-115.6044867,6.041711223,189.1500676,0,-137.9655356,190.8760444,30.86766889
0.09973196018,0.1057690038,4.5849304,3.144069108,1,-192.2666804,5.559384618,256.3599861,0,-86.39226667,148.1975031,34.43998237
0.09973196018,0.1096327117,4.109273556,3.517650341,1,-233.5567054,5.409250695,338.8829366,0,20.72173363,184.2369784,40.56442817
0.09973196018,0.1134964196,3.762598238,3.741575918,1,-188.8987447,5.306273255,385.1229182,0,92.46334689,358.2043677,44.83949106
0.09973196018,0.1173601275,3.736675348,3.621655757,1,-200.9219365,5.203761436,101.504007,8.528993984,160.8140405,693.9864311,44.10447079
0.09973196018,0.1212238354,3.607633043,1.452396895,1,-493.8077356,3.889019531,-390.0664404,0,427.0106029,732.8232385,21.92922152
0.1035956681,0.01690372206,-1.869363055,-0.3157602789,1,246.6726628,1.895843555,-0.08476374358,0,400.9185392,-206.4028708,-170.4124801
0.1035956681,0.02076742997,-0.6183114337,0.08281617127,1,231.2800835,0.6238329482,18.06390856,0,271.7575154,-139.8933714,172.3712491
0.1035956681,0.02463113787,0.0742272895,0.2945405117,1,152.6514532,0.3037495737,11.07210261,10.45327507,129.8567876,-66.07901061,75.85539305
0.1035956681,0.02849484577,0.4732178883,0.3809055369,1,112.4668876,0.6074736191,-6.562703233,9.001173023,89.00449851,-44.23518362,38.83150354
0.1035956681,0.03235855367,0.8526538757,0.4400959718,1,96.5656752,0.9595327488,-35.77295955,0,101.7825025,-81.28028212,27.30045049
0.1035956681,0.03622226157,1.23957731,0.5567325387,1,106.7464412,1.35886093,-63.22034479,0,106.5056383,-144.0582709,24.18632419
0.1035956681,0.04008596947,1.67659762,0.7524301055,1,89.55469734,1.837697103,-87.72597436,0,94.06546831,-168.7081839,24.16977764
0.1035956681,0.04394967737,1.949031994,0.8696241414,1,53.71432943,2.134238005,-88.85957668,0,75.78080175,-168.2905427,24.04559671
0.1035956681,0.04781338527,2.176928981,1.059328156,1,54.4480755,2.420990692,-15.35657686,0,97.19834085,-153.8596602,25.9482889
0.1035956681,0.05167709317,2.534949451,1.404759599,1,9.154691798,2.898157734,26.81125774,0,66.28976569,-86.39963277,28.99332867
0.1035956681,0.05554080107,2.468424328,1.496741968,1,-70.53061578,2.88675513,-7.869622024,9.212832462,2.415349287,-47.69729464,31.23074653
0.1035956681,0.05940450897,2.271771958,1.558642092,1,-100.240802,2.755052268,34.43427663,11.44461991,35.92244591,-53.78909224,34.45366431
0.1035956681,0.06326821687,2.219916987,1.837611296,1,-59.36602231,2.881813093,57.42993953,0,58.49379149,-76.92887138,39.61740647
0.1035956681,0.06713192477,2.268401913,2.077765291,1,17.07571965,3.076159268,7.066438901,0,67.8733936,-98.55181913,42.48843604
0.1035956681,0.07099563267,2.548135547,2.245689394,1,85.36665785,3.396485775,14.49219203,0,93.16421249,-114.606915,41.38994939
0.1035956681,0.07485934057,2.958193047,2.576566531,1,66.78826012,3.92295822,32.08049712,0,98.9772165,-138.7377022,41.05564873
0.1035956681,0.07872304847,3.188604929,2.90568102,1,144.869428,4.3139522,30.1333762,0,190.7372177,-74.84880198,42.34198307
0.1035956681,0.08258675637,4.254879096,2.982187002,1,198.2285435,5.195905642,60.39561285,0,218.6846341,-31.11196161,35.02609222
0.1035956681,0.08645046427,4.799435667,3.259239559,1,115.3728404,5.801484743,53.83979957,0,298.4459182,-153.5863521,34.17995866
0.1035956681,0.09031417218,5.853753903,3.783621063,1,188.401941,6.970094914,80.97057157,0,419.0299552,3.21547553,32.87693279
0.1035956681,0.09417788008,7.146375083,3.559662537,1,33.70461821,7.983850838,126.7690155,0,139.8538796,187.0178516,26.47823657
0.1035956681,0.09804158798,6.524333242,3.55083716,1,-203.9633305,7.428012438,151.5530308,17.93049577,6.800833638,206.9373604,28.55703111
0.1035956681,0.1019052959,6.384596786,3.345673666,1,-242.4228571,7.208093257,200.2655748,17.54710605,-29.36677253,228.2156114,27.65555903
0.1035956681,0.1057690038,5.474217503,3.442846382,1,-164.7422069,6.466857698,-68.68519062,0,-296.1912775,-176.448743,32.16661978
0.1035956681,0.1096327117,4.603684441,3.762040554,1,471.3960687,5.945322494,-601.3870266,0,-787.0549079,-714.8478845,39.25501954
0.1035956681,0.1134964196,4.254603952,3.881225995,1,-720.0956679,5.758955636,-8.199310242,56.1839376,579.6391769,-55.88053385,42.3723663
0.1035956681,0.1173601275,4.061001587,3.946266875,1,-753.7763387,5.662575045,-95.138931,90.38302304,294.7237701,-124.4377846,44.17907524
0.1035956681,0.1212238354,2.480958916,3.994428207,1,-653.2714772,4.702192451,-39.76160476,0,-164.6178205,-64.69171525,58.15538178
0.107459376,0.01690372206,-1.320565398,-0.01299321338,1,116.9134353,1.320629318,183.6721435,0,231.9540479,122.7336692,-179.4362776
0.107459376,0.02076742997,-0.6466043726,0.1047310188,1,164.8276007,0.655031145,58.11904939,0,177.7055347,0.2845872683,170.7996578
0.107459376,0.02463113787,0.002882583093,0.2104622549,1,173.65569,0.2104819945,18.47154141,18.28809811,102.3712381,-47.24381404,89.21530101
0.107459376,0.02849484577,0.4198830501,0.3586359569,1,93.57812456,0.5521969986,7.672647074,5.115115162,84.76673498,-59.66248927,40.50173213
0.107459376,0.03235855367,0.6919550259,0.4706255531,1,67.24681909,0.8368334178,-30.53265896,0,76.25477513,-82.49265588,34.22114508
0.107459376,0.03622226157,0.9743312934,0.5593942075,1,62.03678414,1.123496039,-38.95261922,0,80.24499467,-118.1106168,29.86148729
0.107459376,0.04008596947,1.241690259,0.7764689339,1,52.84002184,1.464478987,-65.49043387,0,79.90307329,-166.0569169,32.01906937
0.107459376,0.04394967737,1.487211839,0.9479537226,1,67.38167534,1.763636956,-73.24542978,0,103.5435679,-166.8952434,32.51357066
0.107459376,0.04781338527,1.902095471,1.138304459,1,74.73054893,2.216687669,-19.90999399,0,116.7999219,-141.7538725,30.89831004
0.107459376,0.05167709317,2.227229632,1.418722879,1,31.97225308,2.640705671,-41.23154384,0,49.66369532,-164.5431139,32.49672657
0.107459376,0.05554080107,2.21751293,1.614744346,1,-21.94911513,2.743130128,-45.41121969,0,5.972208207,-141.4155144,36.0612871
0.107459376,0.05940450897,2.165499531,1.78965543,1,-41.17819639,2.809315713,0.1960913905,4.844581498,18.40590671,-109.7512736,39.57168896
0.107459376,0.06326821687,2.129527455,2.039548849,1,-30.35484703,2.94866863,12.770182,2.748787071,17.93118195,-81.75101133,43.76361243
0.107459376,0.06713192477,2.117498118,2.154857712,1,21.43204093,3.021127279,4.026286,0,40.22695121,-45.82252986,45.50100989
0.107459376,0.07099563267,2.36775979,2.232150113,1,82.01300581,3.25404065,14.85951878,0,89.36536581,-97.35104142,43.31135555
0.107459376,0.07485934057,2.779654086,2.58840654,1,132.9681641,3.798200265,18.46865188,0,136.825772,-160.4344567,42.95958999
0.107459376,0.07872304847,3.410164752,2.923379467,1,183.8759573,4.491700251,6.33832361,8.333861028,172.4964219,-97.49105555,40.60498568
0.107459376,0.08258675637,4.156572863,2.989572932,1,72.03549923,5.120023856,-32.28006878,0,141.0962465,-232.4305084,35.72519399
0.107459376,0.08645046427,4.233643562,3.696702302,1,57.40300733,5.620439994,-21.20916002,0,278.2236296,-326.8997596,41.12657674
0.107459376,0.09031417218,5.453336152,4.170672117,1,273.8972299,6.865375525,-190.025434,0,441.8873276,-207.0741647,37.4084982
0.107459376,0.09417788008,6.999226012,3.762573618,1,81.40581114,7.946453611,-262.9045275,0,305.8949221,-209.6905741,28.26113927
0.107459376,0.09804158798,6.949753055,3.965068945,1,-183.8186739,8.001302348,-5.34899802,15.17681566,142.9849617,-46.85186632,29.70621879
0.107459376,0.1019052959,6.841456476,3.922928578,1,-683.3171605,7.88637403,-122.4391286,85.40720237,-173.8771866,221.5000831,29.83019526
0.107459376,0.1057690038,3.637804484,2.636188295,2,-1151.549089,4.492561651,-974.4480288,0,-871.8259557,388.8965494,35.92951541
0.107459376,0.1096327117,-0.9762736687,-1.34463664,1,-34.7026834,1.661673244,395.5501582,0,2.921801155,-1190.279715,-125.9815322
0.107459376,0.1134964196,3.515012438,8.763371707,1,-184.5730452,9.442033473,1024.213923,0,1184.795843,-1309.655713,68.1441435
0.107459376,0.1173601275,2.888295057,7.672753912,1,-398.533486,8.198377945,-987.9597226,0,318.0521141,415.6038896,69.37189333
0.107459376,0.1212238354,3.204055925,3.340411889,1,11.72413965,4.628641914,-1184.947272,0,151.7255187,1057.635311,46.19360218
0.1113230839,0.01690372206,NaN,NaN,0,39.61278938,0.6974815785,127.4663585,0,111.9740605,125.4736087,169.3648668
0.1113230839,0.02076742997,NaN,NaN,0,61.5435288,0.4144332614,43.40615531,0,106.3159847,71.7739398,161.3437725
0.1113230839,0.02463113787,-0.0369403676,0.01911821179,1,74.62974627,0.04159443209,26.96798305,0,97.48501571,-28.49380662,152.6365126
0.1113230839,0.02849484577,0.2723443243,0.3468609014,1,48.05756863,0.441003306,27.70750178,0,69.16077525,-90.25738652,51.86210621
0.1113230839,0.03235855367,0.4159570737,0.4749000827,1,34.51950727,0.6313084632,-17.1490001,0,58.7552766,-89.67592278,48.78542216
0.1113230839,0.03622226157,0.6327308437,0.6270837456,1,31.40426809,0.8908323886,-41.44840659,0,63.32577545,-140.3414281,44.74317433
0.1113230839,0.04008596947,0.7819662914,0.8569938312,1,34.01608851,1.160133487,-69.6782012,0,66.52663999,-168.6140927,47.6210292
0.1113230839,0.04394967737,1.021198578,1.009343131,1,81.9754526,1.435834285,-71.23614669,0,117.4031629,-165.6734342,44.66547875
0.1113230839,0.04781338527,1.552307023,1.221871925,1,89.35979597,1.975507048,-63.72500166,0,96.65263583,-183.7576347,38.20744739
0.1113230839,0.05167709317,1.73989628,1.473114164,1,26.52009659,2.279759726,-100.3887221,0,23.76149334,-199.451563,40.25351483
0.1113230839,0.05554080107,1.746580399,1.604621806,1,9.647408665,2.371782923,-100.9115791,0,18.45680038,-182.6319126,42.57437243
0.1113230839,0.05940450897,1.848482735,1.788857662,1,32.07756715,2.572333601,-55.99698052,0,21.44998148,-164.585055,44.06086351
0.1113230839,0.06326821687,1.953395212,2.024174407,1,44.59377217,2.813011711,-3.028711618,5.063896718,22.2929354,-96.59832971,46.01944695
0.1113230839,0.06713192477,2.106913435,2.150383335,1,39.1886434,3.010520339,31.98072316,0,32.24977654,-32.70386589,45.5850086
0.1113230839,0.07099563267,2.2294124,2.274096765,1,14.35539524,3.184618618,20.18034693,0,64.00591409,-93.98145767,45.56847704
0.1113230839,0.07485934057,2.409678645,2.591471201,1,52.10635502,3.538682546,-5.618129208,0,104.9979123,-157.7044332,47.08179369
0.1113230839,0.07872304847,2.836417398,2.86171382,1,102.6099301,4.029226929,-43.56437455,0,110.2519433,-213.7496921,45.2543586
0.1113230839,0.08258675637,3.232114747,3.249017557,1,48.97389063,4.582868188,-11.11819511,0,110.9830992,-334.8259272,45.1494272
0.1113230839,0.08645046427,3.454444484,4.112425942,1,108.2509301,5.370775905,-24.86634901,0,173.1788069,-331.2218512,49.96968606
0.1113230839,0.09031417218,4.319477046,4.432685731,1,200.1076001,6.189231353,-241.3040594,0,282.8381141,-322.7276441,45.74107604
0.1113230839,0.09417788008,5.320405655,4.427022889,1,82.67933076,6.921361716,-296.9008912,0,435.7779015,-395.4655931,39.76329055
0.1113230839,0.09804158798,6.32264435,4.813510948,1,-30.97383927,7.94642808,-104.3224814,0,405.4673985,-333.8890147,37.28248754
0.1113230839,0.1019052959,6.767339379,5.314000918,1,-706.9700739,8.604387719,-366.1581263,78.48349727,-98.17017071,-291.1275871,38.14050113
0.1113230839,0.1057690038,3.211817626,4.523614861,2,-1143.322606,5.547870211,-535.1530016,129.9399355,-211.4013901,-171.1010646,54.62481807
0.1113230839,0.1096327117,1.533081572,3.907410573,2,-606.0642803,4.197403541,824.3076904,0,590.5151303,-378.7989225,68.57732538
0.1113230839,0.1134964196,3.151740252,9.172067387,1,-116.5633274,9.698468269,156.4753529,0,198.4805607,-570.1669863,71.03606127
0.1113230839,0.1173601275,1.849585833,6.714944319,1,445.3760793,6.965015791,-915.0676431,0,-746.2988179,285.0010125,74.60014265
0.1113230839,0.1212238354,NaN,NaN,0,8.885750233,4.952352367,-860.532569,0,63.31269738,267.7057627,66.31925855
0.1151867918,0.01690372206,NaN,NaN,0,2.431632417,0.4346385374,73.11675826,0,70.91610668,67.35591442,142.1671973
0.1151867918,0.02076742997,NaN,NaN,0,7.750985516,0.3431661943,46.25814322,0,80.3163591,37.92968275,125.9740217
0.1151867918,0.02463113787,NaN,NaN,0,-7.655204416,0.2987835298,32.0491563,0,105.9521526,-9.996949882,90.57774599
0.1151867918,0.02849484577,NaN,NaN,0,10.13181898,0.4748791382,20.37431308,0,62.91394125,-48.34132314,67.95891106
0.1151867918,0.03235855367,NaN,NaN,0,-11.72703859,0.6295684262,10.00913237,0,35.98868288,-52.76916529,63.67247615
0.1151867918,0.03622226157,0.271948473,0.6827295877,1,-14.43347516,0.7348984024,1.375229615,0,25.24788291,-86.05755016,68.28135619
0.1151867918,0.04008596947,0.3209984401,0.9020802085,1,29.81670236,0.957490836,-0.02302539129,0,47.80664659,-104.0957114,70.41228201
0.1151867918,0.04394967737,0.5718624196,1.084836047,1,76.20366029,1.226334324,-33.16644749,0,85.53124056,-101.5985495,62.20441152
0.1151867918,0.04781338527,0.9458948543,1.166481862,1,84.27433753,1.501797926,-84.45847408,0,44.32542899,-168.116039,50.9615607
0.1151867918,0.05167709317,1.068734353,1.408064441,1,43.02863129,1.767721299,-79.14370912,0,2.546461662,-203.9718311,52.80115478
0.1151867918,0.05554080107,1.121983701,1.648781263,1,7.234265326,1.994323714,-84.327545,0,56.04707733,-172.4628573,55.76499657
0.1151867918,0.05940450897,1.313234977,1.748593544,1,66.54270651,2.18681629,-52.40114655,0,94.60145425,-131.2382831,53.09258696
0.1151867918,0.06326821687,1.744597668,1.95338493,1,109.947889,2.619032972,-7.611891602,6.611206045,97.48733873,-105.8218038,48.23147602
0.1151867918,0.06713192477,2.114704105,2.128047957,1,45.91754989,3.000093592,28.80328109,0,41.56737282,-92.99689039,45.18019999
0.1151867918,0.07099563267,2.082613855,2.423985215,1,-35.60259477,3.195776086,40.30615154,0,44.38154667,-131.7348328,49.33183791
0.1151867918,0.07485934057,2.148623411,2.792764068,1,20.13172828,3.523650621,36.95094529,0,66.14925198,-99.94365764,52.42698264
0.1151867918,0.07872304847,2.41597836,2.952905974,1,98.36414247,3.81531193,14.93629987,8.074617139,75.38667683,-98.01073062,50.71100712
0.1151867918,0.08258675637,2.819945824,3.229158402,1,118.5842101,4.287138724,-19.73239073,15.36878223,-4.226597872,-277.1686941,48.8700748
0.1151867918,0.08645046427,2.85782277,3.947564653,1,117.07444,4.873440025,-224.3166558,0,0.4646158306,-550.7285608,54.09749986
0.1151867918,0.09031417218,3.274082403,4.490318658,1,254.3609203,5.557209482,-42.6263124,28.57998455,125.1453532,-347.845737,53.90261812
0.1151867918,0.09417788008,4.324124157,5.126843355,1,32.83217878,6.706904839,-529.4825602,0,480.2887619,-829.9793304,49.85477305
0.1151867918,0.09804158798,5.256631835,5.651350403,1,-191.5156103,7.718156492,-333.7259562,0,185.7626689,-630.9301569,47.07241302
0.1151867918,0.1019052959,4.301896472,6.275153574,1,-711.279679,7.60814469,-463.7006009,45.47266242,-413.9572381,-615.2413675,55.56763138
0.1151867918,0.1057690038,0.9090450688,6.23685966,1,-682.2523559,6.302759821,-706.3837143,0,-238.3282072,69.18135646,81.70732545
0.1151867918,0.1096327117,0.7450420777,3.278596682,1,-150.2896169,3.362184394,-36.88286102,0,411.0711675,-1005.835407,77.1972882
0.1151867918,0.1134964196,1.916628806,9.980609267,1,237.6784886,10.16297335,-492.63507,0,-313.0310894,-438.2503983,79.12952675
0.1151867918,0.1173601275,0.4539016387,3.068470196,1,391.9094644,3.101860094,-1078.301292,0,-651.5260094,585.8792607,81.58557541
0.1151867918,0.1212238354,NaN,NaN,0,311.4054864,3.666340073,-94.07091179,0,-73.47617956,-343.6920174,75.57152723
0.1190504997,0.01690372206,NaN,NaN,0,-10.75481085,0.4184318249,47.22238669,0,49.77196727,37.06783824,109.9479886
0.1190504997,0.02076742997,NaN,NaN,0,-6.97907996,0.4184051797,37.90071396,0,56.41812718,21.14561569,99.26722546
0.1190504997,0.02463113787,NaN,NaN,0,-5.087255853,0.4605993965,31.06087938,0,65.04718181,-4.617658975,83.98534435
0.1190504997,0.02849484577,NaN,NaN,0,-0.3923463248,0.5747750287,26.26011903,0,52.79845088,-25.81313371,73.39152985
0.1190504997,0.03235855367,NaN,NaN,0,-4.666002985,0.705334173,26.44143865,0,41.22547637,-32.98471983,69.17603918
0.1190504997,0.03622226157,NaN,NaN,0,-5.363499556,0.8380824428,40.77569514,0,38.73483925,-28.39154912,68.61862993
0.1190504997,0.04008596947,NaN,NaN,0,15.38671369,1.001281073,43.43792521,0,35.07333832,-25.14418854,67.71610217
0.1190504997,0.04394967737,NaN,NaN,0,23.15354815,1.159021202,5.590956045,0,27.76929098,-30.90747867,64.41592563
0.1190504997,0.04781338527,0.5764328814,1.067521011,1,10.84192157,1.213208958,-16.92209504,0,26.81996706,-87.14497815,61.63213656
0.1190504997,0.05167709317,0.646020531,1.316702885,1,18.9790571,1.466645497,33.65622868,0,27.0866437,-154.1683328,63.86581435
0.1190504997,0.05554080107,0.7544172935,1.793220253,1,53.40006974,1.945452217,13.7220807,0,74.18024984,-136.5391702,67.18325097
0.1190504997,0.05940450897,1.13895362,1.897268467,1,66.50384994,2.21288115,-66.85091349,0,130.3804056,-114.1656257,59.02308782
0.1190504997,0.06326821687,1.515120547,1.976030481,1,108.220686,2.490037496,-96.0190515,0,78.11184187,-157.1797448,52.52082848
0.1190504997,0.06713192477,1.85888808,2.133575521,1,53.12597392,2.829771969,-58.58836462,0,40.31746011,-215.7176454,48.93583249
0.1190504997,0.07099563267,1.876158681,2.583132124,1,31.6678015,3.192576228,-18.76785937,0,47.89440478,-183.2973647,54.00866299
0.1190504997,0.07485934057,2.166293205,2.769269471,1,119.5387117,3.515918038,-44.63213989,13.27566819,45.91980611,-93.75683685,51.96529234
0.1190504997,0.07872304847,2.515442064,2.772935604,1,61.25009301,3.743877755,-60.02221491,0,-82.29659207,-61.37920083,47.78755636
0.1190504997,0.08258675637,2.08497568,2.774512468,1,-123.8686752,3.470596926,16.82465982,0,-408.1451208,-213.2507138,53.07606763
0.1190504997,0.08645046427,0.4598961574,3.661879643,1,243.2868277,3.690645878,-203.9154524,15.85611897,-55.42805526,-503.8661953,82.84169096
0.1190504997,0.09031417218,2.810807104,3.933434523,1,-47.61278705,4.834515873,-283.3947823,0,-53.85817274,-928.8847742,54.45064332
0.1190504997,0.09417788008,0.06784200833,6.155864424,1,-13.18919959,6.156238247,-205.5982948,0,-42.53763189,-810.656843,89.36858528
0.1190504997,0.09804158798,2.595494905,6.271204016,1,382.4172538,6.787090217,-285.6916163,0,272.5962276,-365.1240075,67.51655671
0.1190504997,0.1019052959,2.598622771,6.462767982,1,-111.6265457,6.965645002,-350.2570189,0,-366.0599437,-341.8723492,68.09536972
0.1190504997,0.1057690038,0.7498538414,6.238808102,1,-627.4278589,6.283709678,2.937854596,0,-691.0724366,102.9514482,83.1463911
0.1190504997,0.1096327117,-2.495677237,6.07634467,1,-615.9078888,6.568894079,-59.60062556,69.81012139,306.6756284,-268.0735118,112.3289442
0.1190504997,0.1134964196,-0.4449292863,7.044286439,2,386.483675,7.058323704,-835.6271824,0,245.7297943,42.52673659,93.61409937
0.1190504997,0.1173601275,-0.05298906119,2.683414435,1,137.7524603,2.683937569,-622.2784816,0,54.44734023,411.9622619,91.13126582
0.1190504997,0.1212238354,NaN,NaN,0,173.576562,3.062782264,-19.58533265,0,7.940090855,-208.4546167,84.42256651
0.1229142076,0.01690372206,NaN,NaN,0,-13.4193522,0.5007570061,32.42668716,0,36.27930075,20.92498528,92.01491479
0.1229142076,0.02076742997,NaN,NaN,0,-10.07094955,0.5233411846,29.60008366,0,40.29128964,11.66396365,87.0914197
0.1229142076,0.02463113787,NaN,NaN,0,-5.322392713,0.578311289,28.03352825,0,45.01999657,-3.806167997,80.12739599
0.1229142076,0.02849484577,NaN,NaN,0,-1.947945443,0.6702891883,27.163845,0,42.00720408,-17.30883291,74.42826101
0.1229142076,0.03235855367,NaN,NaN,0,-1.181127474,0.7838483652,28.72080805,0,37.37993248,-24.96503121,71.09758469
0.1229142076,0.03622226157,NaN,NaN,0,0.7529194841,0.9110826002,33.52426307,0,34.89850612,-27.70366198,69.45102445
0.1229142076,0.04008596947,NaN,NaN,0,6.530168971,1.053649919,34.0437023,0,33.39251133,-30.54638771,68.17725057
0.1229142076,0.04394967737,NaN,NaN,0,4.991909866,1.200250521,27.14461228,0,34.38218111,-37.57891061,66.73673753
0.1229142076,0.04781338527,NaN,NaN,0,-13.80794034,1.343221812,36.48527181,0,47.2121254,-50.66413691,66.11795831
0.1229142076,0.05167709317,NaN,NaN,0,-8.181641898,1.560636274,55.64487677,0,35.00671859,-73.98537979,67.26609712
0.1229142076,0.05554080107,NaN,NaN,0,14.96931424,1.846315122,54.35661439,0,-12.19240669,-89.54766692,69.47146666
0.1229142076,0.05940450897,0.6138399444,1.995393896,1,19.31429324,2.087677245,-49.26812723,0,11.44816071,-77.21623951,72.90061309
0.1229142076,0.06326821687,0.7663114785,1.837053151,1,60.35189071,1.990476717,-90.99890251,0,53.79386622,-112.5237452,67.35694769
0.1229142076,0.06713192477,1.054865807,2.078559601,1,69.90947622,2.330912244,-51.20762304,0,68.70901866,-219.343242,63.0922764
0.1229142076,0.07099563267,1.301892852,2.48668007,1,101.4197992,2.806867074,-89.76386052,2.480120311,43.27618601,-200.9944531,62.36584772
0.1229142076,0.07485934057,1.613928828,2.50832212,1,105.1829602,2.982691087,-180.921631,0,61.76182846,-158.0429455,57.24156945
0.1229142076,0.07872304847,1.946918751,2.398283513,1,94.32537874,3.089054294,-261.7754842,0,21.38836335,-164.0649746,50.93042037
0.1229142076,0.08258675637,2.061012928,2.130797253,1,-152.9730488,2.964468118,-106.1183958,0,-319.0495709,-208.3865013,45.95375931
0.1229142076,0.08645046427,0.123161226,2.7934176,1,765.6319279,2.796131358,344.7804545,0,-1663.946375,-259.6625105,87.47547545
0.1229142076,0.09031417218,-1.409811697,4.466188312,1,123.2545701,4.683418309,-42.19086522,13.59474509,-52.22178668,-616.7767405,107.518994
0.1229142076,0.09417788008,0.3976111524,5.013449585,2,789.7898959,5.02919192,114.3134612,95.71162978,284.7949775,-82.60766843,85.46542642
0.1229142076,0.09804158798,2.742070368,5.227034036,1,326.4567918,5.902612533,189.5573091,34.94013517,-8.083963428,117.4380741,62.31876887
0.1229142076,0.1019052959,1.627710765,5.292097243,1,-35.34771735,5.536762192,-347.1830225,0,-333.1842732,-544.9002377,72.90347096
0.1229142076,0.1057690038,1.318170404,5.990955603,1,-218.9716593,6.134258085,33.27970562,0,-337.1536731,-368.1721388,77.59112036
0.1229142076,0.1096327117,-0.5209950754,6.843189906,2,-292.2305997,6.862993805,800.0999769,0,-345.9775984,-91.74326575,94.35372165
0.1229142076,0.1134964196,-1.147679653,9.436777386,1,204.8941246,9.506310326,-419.7742604,0,-162.8888078,640.4990485,96.93413042
0.1229142076,0.1173601275,-0.3586988008,2.746603546,1,169.3388585,2.769927051,-837.0070516,0,136.105093,852.056092,97.44055934
0.1229142076,0.1212238354,NaN,NaN,0,115.6022373,2.910911835,24.45885215,0,86.87961006,-60.4995514,89.36094416
0.1267779155,0.01690372206,NaN,NaN,0,-11.68251769,0.5887694577,22.99123301,0,26.52442385,11.50951208,83.8202196
0.1267779155,0.02076742997,NaN,NaN,0,-8.847986181,0.6144634427,22.91483075,0,29.16272121,5.515996146,81.38410441
0.1267779155,0.02463113787,NaN,NaN,0,-4.183420009,0.6678155429,24.30930495,0,32.73431075,-4.962143749,77.73465193
0.1267779155,0.02849484577,NaN,NaN,0,-0.8959152616,0.7485002284,25.64092468,0,32.83043641,-14.65099873,74.31428346
0.1267779155,0.03235855367,NaN,NaN,0,1.136519049,0.8506621985,27.75368549,0,31.38854333,-21.8629101,71.8308739
0.1267779155,0.03622226157,NaN,NaN,0,3.026135995,0.9695103035,30.55684678,0,30.08674143,-26.91167989,70.22372249
0.1267779155,0.04008596947,NaN,NaN,0,4.989132842,1.102768939,32.06800864,0,29.21601976,-31.75878971,69.11140506
0.1267779155,0.04394967737,NaN,NaN,0,4.091862687,1.246961121,32.45851896,0,29.15479675,-38.19763914,68.34296411
0.1267779155,0.04781338527,NaN,NaN,0,0.09949055438,1.403805425,37.30390526,0,29.65619338,-46.71706709,68.18585766
0.1267779155,0.05167709317,NaN,NaN,0,4.252220116,1.591159063,43.90892371,0,20.80129325,-55.73385107,68.80942469
0.1267779155,0.05554080107,NaN,NaN,0,16.89844861,1.797985838,43.58267814,0,2.538007244,-55.62407969,69.881197
0.1267779155,0.05940450897,NaN,NaN,0,35.27315097,1.976880785,37.33965796,0,-6.720490615,-30.57875071,70.79616929
0.1267779155,0.06326821687,NaN,NaN,0,3.941093487,2.082379294,23.38410738,0,38.32493615,-44.44226088,69.51457257
0.1267779155,0.06713192477,NaN,NaN,0,-3.296138558,2.279090078,9.158387768,0,9.503906722,-96.38530433,69.08599169
0.1267779155,0.07099563267,0.7527534881,2.358482187,1,29.95641411,2.475697082,-16.01193574,2.229136223,-18.8079193,-138.320767,72.29854904
0.1267779155,0.07485934057,0.8566330928,2.601502901,1,22.94661569,2.738911755,-101.4291519,0,7.429756882,-135.7604466,71.7741167
0.1267779155,0.07872304847,0.8701189188,2.491128282,1,-13.09307495,2.638716932,-233.5811692,0,16.50625529,-112.2827648,70.74635154
0.1267779155,0.08258675637,0.8698206246,2.132841298,1,-77.07762714,2.303388791,-1285.840302,0,56.02223402,840.7256116,67.81326072
0.1267779155,0.08645046427,0.7887670301,-5.72530124,1,-52.62674948,5.779379527,189.1690138,0,-103.9771866,-101.3818944,-82.15581707
0.1267779155,0.09031417218,0.2647487594,3.255445137,1,141.0775025,3.26619273,1515.673376,0,-295.9606135,-1054.4,85.35065813
0.1267779155,0.09417788008,0.1903439304,4.204711568,1,642.1145334,4.209017722,171.9147684,73.32993574,268.121624,-274.0793814,87.40803548
0.1267779155,0.09804158798,3.781635392,4.978636257,1,1030.320523,6.252006496,-23.16913706,0,-1299.096095,-309.7598908,52.78069381
0.1267779155,0.1019052959,-0.8481263693,5.312014528,1,-130.1062112,5.379295185,-42.57898116,0,-989.4680946,-250.553053,99.07138815
0.1267779155,0.1057690038,-0.5440726984,5.782187322,1,356.0706115,5.807728069,8.391805377,45.79117999,-74.13093562,-135.6841582,95.37539746
0.1267779155,0.1096327117,0.2412061839,5.868681967,2,332.4629437,5.873636731,256.7603596,25.3655207,-86.07798292,297.888392,87.64643537
0.1267779155,0.1134964196,0.4078868213,5.623280618,1,584.6592144,5.638054324,-109.2618883,0,-645.7534157,748.3787975,85.8512944
0.1267779155,0.1173601275,0.005156035391,2.555008873,1,-137.6601426,2.555014076,-221.0763208,0,73.09445577,474.1041175,89.88437666
0.1267779155,0.1212238354,NaN,NaN,0,-16.68259067,2.941575666,151.3801858,0,96.01976403,-46.51137465,86.91273868
0.1306416234,0.01690372206,NaN,NaN,0,-8.095676059,0.6583138527,16.41448475,0,18.81578823,5.305251171,79.87807365
0.1306416234,0.02076742997,NaN,NaN,0,-5.744580933,0.6832828916,17.6291316,0,20.81133714,0.9822223758,78.48465207
0.1306416234,0.02463113787,NaN,NaN,0,-1.66738588,0.733306687,20.64793611,0,23.9240888,-6.907404416,76.28126832
0.1306416234,0.02849484577,NaN,NaN,0,1.411185356,0.8072353782,23.33686328,0,25.19168749,-14.47010816,74.00788388
0.1306416234,0.03235855367,NaN,NaN,0,3.596982938,0.9019511807,26.09616247,0,25.257063,-20.92393056,72.13517863
0.1306416234,0.03622226157,NaN,NaN,0,5.225972604,1.014200459,28.8814299,0,24.84389653,-26.32135778,70.77939924
0.1306416234,0.04008596947,NaN,NaN,0,6.308363713,1.141488921,31.21296652,0,24.23002952,-31.37945211,69.86840333
0.1306416234,0.04394967737,NaN,NaN,0,6.286917486,1.281796736,33.31754965,0,23.36479275,-36.73578915,69.35782783
0.1306416234,0.04781338527,NaN,NaN,0,5.861819754,1.435121355,36.36290657,0,21.45655813,-42.27264122,69.29312522
0.1306416234,0.05167709317,NaN,NaN,0,8.192583195,1.603347404,39.10423467,0,16.00425377,-46.6088777,69.65563026
0.1306416234,0.05554080107,NaN,NaN,0,13.09910912,1.778202559,38.72551651,0,8.263633035,-46.63605008,70.24844192
0.1306416234,0.05940450897,NaN,NaN,0,16.65339471,1.941639458,34.91163562,0,5.092307283,-41.78076069,70.7555714
0.1306416234,0.06326821687,NaN,NaN,0,7.870368717,2.08558625,28.38240399,0,12.28756439,-47.93612557,70.82707603
0.1306416234,0.06713192477,NaN,NaN,0,4.481745276,2.245830007,23.56417164,0,0.8622003986,-61.42327122,71.359131
0.1306416234,0.07099563267,NaN,NaN,0,10.34296916,2.404143571,28.71448846,0,-15.60966594,-54.19919999,72.93288025
0.1306416234,0.07485934057,NaN,NaN,0,16.23421594,2.545783971,-3.247700557,0,-40.82065862,-58.73267876,74.09867746
0.1306416234,0.07872304847,NaN,NaN,0,-42.85806951,2.585774075,-18.09948526,0,-49.35328015,-69.00569569,76.34124051
0.1306416234,0.08258675637,0.3412197824,2.645056238,1,-71.24918672,2.666974586,-50.01694826,5.083257002,32.87762036,-71.33528633,82.64927824
0.1306416234,0.08645046427,0.4623450126,2.59501451,1,-1065.75118,2.63587997,-42.3249099,0,1073.824799,-76.62989779,79.89780596
0.1306416234,0.09031417218,0.3724138913,2.777600691,1,32.94398741,2.802455656,112.4554034,0,-151.8629364,-139.4879997,82.36346514
0.1306416234,0.09417788008,0.002876930037,3.568450227,1,374.495089,3.568451386,-899.598746,0,-94.11261983,795.8586259,89.95380742
0.1306416234,0.09804158798,1.455729853,-3.773151352,1,397.2857688,4.044232996,-701.9329281,0,-269.8803615,-288.683189,-68.90275032
0.1306416234,0.1019052959,0.4951342086,1.971773945,2,344.6410238,2.0329905,1228.954656,0,-507.5363393,-867.97763,75.90385882
0.1306416234,0.1057690038,0.826349935,4.328782486,1,546.6942322,4.406950423,648.2793788,0,-255.0387789,-193.9934225,79.1924586
0.1306416234,0.1096327117,1.622005688,5.226070021,1,320.2336849,5.471993267,225.1808578,16.09001362,-192.0326209,133.5486981,72.75732169
0.1306416234,0.1134964196,1.321681399,4.682822386,1,100.0683953,4.865764813,-98.73216837,0,-359.6840333,332.2456156,74.23879265
0.1306416234,0.1173601275,NaN,NaN,0,-257.3439253,3.614285968,-81.60274332,31.87913722,28.53977867,264.3454154,80.13981355
0.1306416234,0.1212238354,NaN,NaN,0,-124.9556084,3.37467859,-6.763373887,0,31.11948464,104.3827098,82.54854458
0.1345053313,0.01690372206,NaN,NaN,0,-3.673195487,0.7048883024,11.40886861,0,12.29833776,0.6382400968,77.93813751
0.1345053313,0.02076742997,NaN,NaN,0,-1.687247572,0.7288160586,13.3165832,0,14.02277838,-2.762261793,76.99891504
0.1345053313,0.02463113787,NaN,NaN,0,1.847272067,0.776328924,17.31644462,0,16.95901981,-9.179588127,75.45558897
0.1345053313,0.02849484577,NaN,NaN,0,4.611059628,0.846260745,20.96242985,0,18.75516174,-15.39809895,73.76303933
0.1345053313,0.03235855367,NaN,NaN,0,6.614254744,0.9364361919,24.4126712,0,19.60412464,-21.04134618,72.26579981
0.1345053313,0.03622226157,NaN,NaN,0,7.972407768,1.044312281,27.65974385,0,19.80175215,-26.07036857,71.12014329
0.1345053313,0.04008596947,NaN,NaN,0,8.731431921,1.167506578,30.58487789,0,19.49540905,-30.7018718,70.35262197
0.1345053313,0.04394967737,NaN,NaN,0,8.885623791,1.303927637,33.23580654,0,18.61778659,-35.09342413,69.95256241
0.1345053313,0.04781338527,NaN,NaN,0,8.868287779,1.45191402,35.7259367,0,16.80099264,-39.02883095,69.90621608
0.1345053313,0.05167709317,NaN,NaN,0,9.557183787,1.609266557,37.41959189,0,13.49553065,-41.79296842,70.16053363
0.1345053313,0.05554080107,NaN,NaN,0,10.65200997,1.770070076,37.30351759,0,9.419963846,-42.53048224,70.6021663
0.1345053313,0.05940450897,NaN,NaN,0,10.37095004,1.925995763,35.19896402,0,6.538522319,-41.97211641,71.10468179
0.1345053313,0.06326821687,NaN,NaN,0,6.405241392,2.073347492,31.66970133,0,4.87081374,-44.09820947,71.6358623
0.1345053313,0.06713192477,NaN,NaN,0,3.009781789,2.217721618,28.00140634,0,-2.733003587,-47.17245499,72.48915557
0.1345053313,0.07099563267,NaN,NaN,0,1.241247729,2.351084795,24.28047232,0,-14.21403265,-44.59302921,73.84170976
0.1345053313,0.07485934057,NaN,NaN,0,-3.102680083,2.459741803,12.11362152,0,-28.14141676,-41.67509766,75.46898842
0.1345053313,0.07872304847,NaN,NaN,0,-17.96576807,2.523096131,6.349339086,0,-37.99290686,-33.53393813,77.79123706
0.1345053313,0.08258675637,NaN,NaN,0,-6.146487906,2.566667502,17.34045817,0,-46.75853196,-2.164818023,81.01275188
0.1345053313,0.08645046427,NaN,NaN,0,-18.07056654,2.562623074,-21.10069785,0,-44.21373125,-22.7178752,82.62015948
0.1345053313,0.09031417218,NaN,NaN,0,-27.7600743,2.546455806,-47.82282972,0,-111.9083491,-9.712517848,86.39076969
0.1345053313,0.09417788008,-0.210477591,2.394148261,1,134.6262112,2.403382349,-18.94347309,0,-187.9735745,17.42158363,95.02414694
0.1345053313,0.09804158798,-0.04581592562,2.400901209,1,-664.584712,2.401338317,-230.2288611,0,860.526286,-133.2499605,91.0932314
0.1345053313,0.1019052959,0.5465834163,2.019450117,1,206.1969184,2.092111901,-1.116745874,22.13448091,119.1308491,-74.52393685,74.85521012
0.1345053313,0.1057690038,1.21115554,2.684525153,1,600.7422811,2.945093044,136.4413939,64.32446231,-321.0500749,-347.545627,65.71691619
0.1345053313,0.1096327117,1.627232403,3.889434594,1,373.2640779,4.216110382,-39.87678247,17.08465633,-347.6516261,-340.7293326,67.2969075
0.1345053313,0.1134964196,1.310114572,3.846931527,1,-3.731047993,4.063899896,-204.4597488,0,-233.3500372,-144.9690728,71.19316314
0.1345053313,0.1173601275,NaN,NaN,0,-116.9570859,3.728050448,-70.56428329,5.465530898,-83.50271225,8.788633412,79.00196049
0.1345053313,0.1212238354,NaN,NaN,0,-80.27435978,3.580619464,-28.23956844,0,-10.63513924,33.48609295,81.39729239
0.1383690392,0.01690372206,NaN,NaN,0,-1.425840711,0.7280836243,9.160378279,0,9.160378279,-1.425840711,77.1245318
0.1383690392,0.02076742997,NaN,NaN,0,0.3773472658,0.7514166786,11.3155283,0,10.77915674,-4.471595429,76.36130835
0.1383690392,0.02463113787,NaN,NaN,0,3.631967977,0.7976589011,15.68295032,0,13.63474444,-10.30646636,75.08200556
0.1383690392,0.02849484577,NaN,NaN,0,6.224382008,0.8657103855,19.72493377,0,15.61295936,-15.96015982,73.63652922
0.1383690392,0.03235855367,NaN,NaN,0,8.113592126,0.9537209484,23.51202963,0,16.76549819,-21.19330567,72.3153389
0.1383690392,0.03622226157,NaN,NaN,0,9.345168509,1.059419878,27.03154536,0,17.23638169,-25.94534956,71.27954901
0.1383690392,0.04008596947,NaN,NaN,0,9.972964645,1.180473326,30.21437078,0,17.11843571,-30.28086627,70.58376729
0.1383690392,0.04394967737,NaN,NaN,0,10.07881101,1.314606431,33.01869055,0,16.38699889,-34.20337597,70.22834006
0.1383690392,0.04781338527,NaN,NaN,0,9.935738091,1.459456523,35.3500177,0,14.86688087,-37.49171415,70.18724465
0.1383690392,0.05167709317,NaN,NaN,0,9.895325138,1.611878764,36.81517652,0,12.37744143,-39.73318486,70.4068668
0.1383690392,0.05554080107,NaN,NaN,0,9.680110679,1.766983112,36.9445999,0,9.282855614,-40.6461921,70.81261415
0.1383690392,0.05940450897,NaN,NaN,0,8.274228939,1.919136484,35.6269957,0,6.269929563,-40.76301908,71.34750657
0.1383690392,0.06326821687,NaN,NaN,0,4.859711613,2.064672122,32.98797599,0,2.900325241,-41.42019591,72.03180111
0.1383690392,0.06713192477,NaN,NaN,0,1.091837053,2.202033814,29.4492651,0,-3.631940127,-41.61732503,73.00101301
0.1383690392,0.07099563267,NaN,NaN,0,-2.74159775,2.324736069,24.77587734,0,-12.91552653,-38.84185981,74.35017322
0.1383690392,0.07485934057,NaN,NaN,0,-8.111589448,2.422883919,16.68819058,0,-23.34689538,-34.22492922,76.06988931
0.1383690392,0.07872304847,NaN,NaN,0,-15.77455291,2.487192752,10.4190723,0,-31.69968047,-24.91383075,78.27183677
0.1383690392,0.08258675637,NaN,NaN,0,-15.33474305,2.520067387,7.317228311,0,-39.67079731,-7.885083831,80.87041003
0.1383690392,0.08645046427,NaN,NaN,0,-20.05315609,2.51116205,-13.96352113,0,-44.58421175,-4.732278314,83.29853617
0.1383690392,0.09031417218,NaN,NaN,0,-15.29468539,2.457066224,-24.89360677,0,-61.32757998,19.61961116,86.49734113
0.1383690392,0.09417788008,NaN,NaN,0,5.887931432,2.322020828,10.5992087,0,-31.44893634,96.79730782,90.07410403
0.1383690392,0.09804158798,NaN,NaN,0,99.49279669,2.120054121,-63.70865072,0,-46.2061827,114.007372,88.61199434
0.1383690392,0.1019052959,NaN,NaN,0,94.14519251,1.647912473,-263.9422359,0,-104.6659196,86.02883254,82.92815903
0.1383690392,0.1057690038,0.01070484152,0.7672460779,1,489.5727596,0.7673207528,-206.4875507,0,-502.8827386,-414.9107172,89.20064441
0.1383690392,0.1096327117,0.1514548343,2.44066232,1,369.9076483,2.445357055,9.943876329,0,-380.0311727,-773.8616501,86.44907464
0.1383690392,0.1134964196,-0.02840949961,3.795641683,1,42.88218638,3.795748001,-184.7389633,0,16.33264083,-508.1312569,90.42883764
0.1383690392,0.1173601275,NaN,NaN,0,55.02204059,3.709694618,-109.007949,0,70.8491589,-62.31799999,84.11685119
0.1383690392,0.1212238354,NaN,NaN,0,0.715917571,3.644130866,-39.49230742,0,39.49230742,-0.715917571,82.78115123
