PIVlab, ASCII chart output - 19-Sep-2021
FRAME: 817, filenames: A: 72_12_75_60 817.jpg & B: 72_12_75_60 818.jpg, conversion factor xy (px -> m): 0.00024148, conversion factor uv (px/frame -> m/s): 1
x [m],y [m],u [m/s],v [m/s],Vector type [-],vorticity [1/s],magnitude [m/s],divergence [1/s],dcev [1],simple shear [1/s],simple strain [1/s],vector direction [degrees]
0.03791263377,0.01690372206,NaN,NaN,0,-3.165235982,0.3980553896,-3.000154453,0,3.000154453,3.165235982,-40.14941174
0.03791263377,0.02076742997,NaN,NaN,0,-2.934173984,0.4055982552,-4.612953277,0,2.852645615,4.445846957,-41.46463901
0.03791263377,0.02463113787,NaN,NaN,0,-2.395822222,0.4212457585,-7.621272392,0,2.755247066,6.906472286,-43.81838652
0.03791263377,0.02849484577,NaN,NaN,0,-1.525350853,0.4457094531,-10.29753138,0,2.885383804,9.011115271,-46.76109658
0.03791263377,0.03235855367,NaN,NaN,0,-0.4070078635,0.4793254841,-12.50777775,0,3.247414133,10.83344722,-49.82889839
0.03791263377,0.03622226157,NaN,NaN,0,0.8592497497,0.5217064169,-14.15788602,0,3.685441806,12.42364598,-52.67844292
0.03791263377,0.04008596947,NaN,NaN,0,2.187803399,0.5715773857,-15.15840607,0,3.945640867,13.71514069,-55.13258514
0.03791263377,0.04394967737,NaN,NaN,0,3.483777362,0.6266930762,-15.45063841,0,3.853319673,14.48659825,-57.14372714
0.03791263377,0.04781338527,NaN,NaN,0,4.630279661,0.6840316047,-15.025986,0,3.449111574,14.50543776,-58.72549453
0.03791263377,0.05167709317,NaN,NaN,0,5.550077348,0.7403379055,-13.78048964,0,2.7897417,13.78018226,-59.90617282
0.03791263377,0.05554080107,NaN,NaN,0,6.187292608,0.7922582822,-11.16324575,0,1.417997598,12.63261082,-60.73211242
0.03791263377,0.05940450897,NaN,NaN,0,5.97400283,0.8348751459,-6.583718286,0,-1.385424559,11.14777708,-61.32531866
0.03791263377,0.06326821687,NaN,NaN,0,2.938913705,0.8608782819,-0.7866620506,0,-4.909492154,9.340916695,-61.93205794
0.03791263377,0.06713192477,NaN,NaN,0,-5.789377222,0.8659270854,1.785304102,0,-5.434131892,8.166302583,-63.00990514
0.03791263377,0.07099563267,NaN,NaN,0,-18.59670282,0.8636699713,-6.86936827,0,1.070617885,9.522913231,-65.24191074
0.03791263377,0.07485934057,NaN,NaN,0,-28.55702879,0.8960713082,-34.76083633,0,19.37022366,15.42873175,-68.71546794
0.03791263377,0.07872304847,NaN,NaN,0,-32.5584171,1.031157951,-81.2869873,0,55.28676011,36.7887956,-71.55810059
0.03791263377,0.08258675637,NaN,NaN,0,-23.20676658,1.35563151,-138.8874521,0,96.21662412,82.82261473,-72.25862514
0.03791263377,0.08645046427,NaN,NaN,0,25.80736265,1.933028683,-207.6298986,0,118.8846174,120.330491,-71.65841761
0.03791263377,0.09031417218,NaN,NaN,0,290.1138472,2.736780005,-73.40944235,0,-114.4670142,98.79914389,-69.19356802
0.03791263377,0.09417788008,NaN,NaN,0,51.39209441,2.811965834,333.2305589,0,-155.0253801,199.9399771,-62.7635111
0.03791263377,0.09804158798,NaN,NaN,0,-547.0051276,2.121786381,6.132078815,0,121.7222981,103.9964727,-74.36810125
0.03791263377,0.1019052959,NaN,NaN,0,793.7252092,2.900269484,193.5573275,0,-1188.249914,-365.2021275,-97.05530422
0.03791263377,0.1057690038,-0.952600132,0.1155760907,2,-947.8889834,0.959585767,131.364686,0,836.5786037,-526.1485373,173.0822877
0.03791263377,0.1096327117,-0.7863031573,-0.3378697702,2,1015.26956,0.8558204466,412.2092606,0,-963.9521358,-342.681017,-156.7470921
0.03791263377,0.1134964196,-0.7543245947,3.03225162,2,-933.7958474,3.12466886,337.9074371,0,1000.994651,-439.1984392,103.9697422
0.03791263377,0.1173601275,NaN,NaN,0,14.05645629,2.716189588,-85.23186476,0,77.91131249,136.9849362,101.180417
0.03791263377,0.1212238354,NaN,NaN,0,160.1177311,2.20998557,-94.026498,0,-94.026498,160.1177311,100.4011412
0.04177634167,0.01690372206,NaN,NaN,0,-4.967320223,0.3907303055,-3.065122526,0,4.470050846,3.478838744,-38.78412855
0.04177634167,0.02076742997,NaN,NaN,0,-4.665144162,0.3980376135,-4.854433658,0,4.143674975,4.711527149,-40.28944162
0.04177634167,0.02463113787,NaN,NaN,0,-3.989563072,0.4134063497,-8.138013101,0,3.789333021,7.077774048,-42.95574077
0.04177634167,0.02849484577,NaN,NaN,0,-2.87191163,0.4378180233,-11.03922262,0,3.752179369,9.017747672,-46.23412626
0.04177634167,0.03235855367,NaN,NaN,0,-1.450548666,0.4718490009,-13.40449726,0,4.067042968,10.72899901,-49.57602456
0.04177634167,0.03622226157,NaN,NaN,0,0.1504368614,0.5153337038,-15.15331321,0,4.509787269,12.37651106,-52.6066312
0.04177634167,0.04008596947,NaN,NaN,0,1.860908861,0.5671973015,-16.18044749,0,4.657635347,13.92142414,-55.1675647
0.04177634167,0.04394967737,NaN,NaN,0,3.581467258,0.6250840766,-16.41746651,0,4.216988347,14.98927292,-57.25162596
0.04177634167,0.04781338527,NaN,NaN,0,5.159390586,0.6854628637,-15.95777979,0,3.401867035,15.13858296,-58.89635412
0.04177634167,0.05167709317,NaN,NaN,0,6.630191637,0.7449561727,-14.91495612,0,2.704584067,14.43977924,-60.11186225
0.04177634167,0.05554080107,NaN,NaN,0,8.375414653,0.8016860278,-12.35193273,0,1.512058645,13.74346971,-60.87706822
0.04177634167,0.05940450897,NaN,NaN,0,10.11037055,0.8515800944,-6.43635683,1.329899679,-1.97934749,12.83469396,-61.26383913
0.04177634167,0.06326821687,NaN,NaN,0,8.421059556,0.8820640881,3.928780742,0,-7.697864062,10.19902313,-61.44825519
0.04177634167,0.06713192477,NaN,NaN,0,-4.576259929,0.8742146063,13.32599086,0,-9.597604027,5.949126054,-61.86664525
0.04177634167,0.07099563267,NaN,NaN,0,-28.59749672,0.831569057,9.358916704,4.723485334,-3.570443845,1.965194646,-63.82470611
0.04177634167,0.07485934057,NaN,NaN,0,-49.41227781,0.7962423942,-21.75428895,7.25177612,16.64960435,-5.653649126,-68.8010811
0.04177634167,0.07872304847,NaN,NaN,0,-65.78782241,0.8434353727,-77.93736102,0,70.14979902,4.390352759,-73.45133132
0.04177634167,0.08258675637,NaN,NaN,0,-78.24400558,1.103380334,-146.678661,0,129.8532552,72.41536713,-73.96502582
0.04177634167,0.08645046427,NaN,NaN,0,-94.92631133,1.712411596,-396.4367333,0,280.3455608,193.5257823,-75.12349666
0.04177634167,0.09031417218,NaN,NaN,0,720.3319242,3.492522646,-240.7086306,112.3582909,-234.4501194,81.24732025,-72.99877808
0.04177634167,0.09417788008,2.31694387,-2.898957788,1,304.5996381,3.711089483,228.9527809,0,-365.8634988,-440.9919444,-51.36698427
0.04177634167,0.09804158798,0.7844803658,-0.7514235113,1,75.76145942,1.086299562,-511.2997931,0,-853.4519569,474.3434253,-43.76702839
0.04177634167,0.1019052959,-0.6878250491,-6.707195278,1,41.35986785,6.742371377,631.344129,0,-688.3407745,-485.2854068,-95.85523235
0.04177634167,0.1057690038,-1.715264875,3.562906848,1,359.4926306,3.954293717,453.0550664,0,-350.2164884,-205.8348708,115.707228
0.04177634167,0.1096327117,-0.6519847451,-4.161437022,1,465.0554119,4.212201585,550.2695691,0,-266.9915632,-279.7821641,-98.9043151
0.04177634167,0.1134964196,-0.9500040173,6.769984287,1,478.6391688,6.836314423,1020.154608,0,-420.3279515,-778.4895442,97.98792232
0.04177634167,0.1173601275,NaN,NaN,0,428.1724402,2.820460634,-584.8508008,0,-252.5135539,731.8333639,98.70127508
0.04177634167,0.1212238354,NaN,NaN,0,310.3226404,1.704433154,-232.918692,0,-229.8932458,339.2246224,99.1592261
0.04564004958,0.01690372206,NaN,NaN,0,-8.849462918,0.3768761802,-3.060489951,0,7.571135936,4.362004348,-35.75118828
0.04564004958,0.02076742997,NaN,NaN,0,-8.340541613,0.3834730341,-5.279412626,0,6.785057973,5.437862584,-37.70588649
0.04564004958,0.02463113787,NaN,NaN,0,-7.313141595,0.3979271321,-9.215823757,0,5.793997996,7.496649059,-41.10326748
0.04564004958,0.02849484577,NaN,NaN,0,-5.624867592,0.4218802668,-12.63845278,0,5.369641348,8.931498328,-45.15251391
0.04564004958,0.03235855367,NaN,NaN,0,-3.587317533,0.4564048608,-15.33625809,0,5.672396601,10.26970747,-49.09412167
0.04564004958,0.03622226157,NaN,NaN,0,-1.374410513,0.5018099958,-17.30398207,0,6.335576968,11.99841508,-52.4866383
0.04564004958,0.04008596947,NaN,NaN,0,1.084468559,0.5577226604,-18.35342052,0,6.397584274,14.24395556,-55.23366069
0.04564004958,0.04394967737,NaN,NaN,0,3.729406645,0.621645409,-18.32201039,0,5.047516909,16.1694763,-57.44818124
0.04564004958,0.04781338527,NaN,NaN,0,6.090915809,0.6882204827,-17.60284758,0,2.941492129,16.48970485,-59.24419974
0.04564004958,0.05167709317,NaN,NaN,0,8.125967874,0.7525964053,-17.56969917,0,2.424584978,15.09680519,-60.60611184
0.04564004958,0.05554080107,NaN,NaN,0,11.76612757,0.818061467,-16.52583096,0,2.712676652,15.43413607,-61.31164408
0.04564004958,0.05940450897,NaN,NaN,0,19.510862,0.8877200149,-9.597542342,2.970642954,-2.186016831,17.38952064,-61.37206279
0.04564004958,0.06326821687,NaN,NaN,0,27.17331537,0.941705001,11.75071465,3.230929988,-16.26711404,14.80991946,-60.78433283
0.04564004958,0.06713192477,NaN,NaN,0,7.571963343,0.9188183287,40.71886354,0,-21.59916498,5.953885528,-59.41839107
0.04564004958,0.07099563267,NaN,NaN,0,-46.72157652,0.7982259342,53.39671943,0,-17.48756341,-1.294225333,-59.47355921
0.04564004958,0.07485934057,NaN,NaN,0,-86.68857642,0.6198267805,11.48909867,15.09622746,-7.369348317,-49.2319018,-69.27191665
0.04564004958,0.07872304847,NaN,NaN,0,-124.8978835,0.4549257003,-73.15405477,1.702390673,100.7708707,-97.11365049,-84.69828824
0.04564004958,0.08258675637,0.126157612,-0.4871329252,1,-248.4050016,0.5032039645,-152.1440704,7.214280768,192.0509164,-169.7682542,-75.48054662
0.04564004958,0.08645046427,-0.1757004367,-0.3848848015,1,61.81465452,0.4230921341,-761.6858521,0,-2.320691035,729.1538418,-114.5367624
0.04564004958,0.09031417218,0.3560249087,-6.247302029,1,356.3490671,6.257438484,-636.8383659,0,-189.8304467,581.1052293,-86.73832247
0.04564004958,0.09417788008,0.4676788725,-5.090663093,1,370.360872,5.112100767,30.85948985,19.84949957,-351.4892153,-127.9997191,-84.75097494
0.04564004958,0.09804158798,0.4289394781,-5.633516448,1,670.9057775,5.649822709,83.23463923,0,-738.0907212,240.3365385,-85.64586463
0.04564004958,0.1019052959,0.2080958747,-5.697658942,1,-236.7484952,5.701457824,647.1227467,0,126.4003534,-131.1410057,-87.90831318
0.04564004958,0.1057690038,0.002586490642,-2.62653264,2,1141.220478,2.626533913,712.4467355,0,-1128.102174,57.27984496,-89.94357772
0.04564004958,0.1096327117,0.2587811667,-3.166285451,2,187.8315528,3.176842969,561.9662576,0,-142.0692602,-3.666018586,-85.32758922
0.04564004958,0.1134964196,0.1793986219,-0.4410947451,1,1519.315423,0.4761810997,646.9310268,0,-1575.621461,-181.5358304,-67.8678238
0.04564004958,0.1173601275,NaN,NaN,0,636.0485166,0.05386934418,175.3085779,0,-679.4398814,38.77414465,40.05826058
0.04564004958,0.1212238354,NaN,NaN,0,398.8137588,0.0872290261,82.84279914,0,-414.0757912,56.04681239,82.2605082
0.04950375748,0.01690372206,NaN,NaN,0,-13.74111208,0.3587868888,-2.900791394,0,10.95771382,6.23316841,-30.35299463
0.04950375748,0.02076742997,NaN,NaN,0,-12.85399952,0.3635066967,-5.842526714,1.174763665,9.311841241,7.036893356,-33.18246791
0.04950375748,0.02463113787,NaN,NaN,0,-11.2975941,0.375448238,-10.80741652,0,7.231959641,8.539461277,-37.98405194
0.04950375748,0.02849484577,NaN,NaN,0,-8.727099609,0.3976893889,-14.96250665,0,6.259991427,8.941889105,-43.48990906
0.04950375748,0.03235855367,NaN,NaN,0,-5.899443361,0.4319993388,-17.99810026,0,6.917325121,9.419917476,-48.47556308
0.04950375748,0.03622226157,NaN,NaN,0,-3.14522994,0.4792212678,-20.37293647,0,8.762539728,11.10348622,-52.39092136
0.04950375748,0.04008596947,NaN,NaN,0,0.1219692445,0.5412796567,-21.60724213,0,9.54960787,14.88650672,-55.30597248
0.04950375748,0.04394967737,NaN,NaN,0,4.160774953,0.616316387,-20.91430695,0,6.634002888,18.95497187,-57.6457909
0.04950375748,0.04781338527,NaN,NaN,0,7.348898132,0.6937317646,-18.56190095,0,0.8919995949,19.55395495,-59.71969731
0.04950375748,0.05167709317,NaN,NaN,0,8.016636477,0.7595380071,-21.23516202,0,1.339587063,14.02360058,-61.56495405
0.04950375748,0.05554080107,NaN,NaN,0,11.05226576,0.8304490896,-26.58414961,0,9.100079816,15.50674876,-62.30600271
0.04950375748,0.05940450897,NaN,NaN,0,28.99363451,0.9396633215,-27.17869623,1.317849256,6.789717555,26.47933305,-62.11175871
0.04950375748,0.06326821687,NaN,NaN,0,73.18937656,1.078587665,11.95275667,11.27193162,-33.5854103,25.69724855,-60.92117299
0.04950375748,0.06713192477,NaN,NaN,0,54.41237445,1.063918748,84.40202924,0,-43.04437843,4.350721928,-56.15521534
0.04950375748,0.07099563267,0.5681296551,-0.6333388526,1,-36.58556989,0.8508169058,104.3101849,0,-79.99792288,-11.57389362,-48.10665625
0.04950375748,0.07485934057,0.1420996394,-0.4358948403,1,-71.5843363,0.4584720486,217.9941971,0,-183.5485365,37.6600958,-71.94427853
0.04950375748,0.07872304847,-0.4176292412,0.0634194392,1,-286.1421957,0.4224171024,796.3519442,0,6.33465079,517.5429681,171.3652708
0.04950375748,0.08258675637,-0.9389949824,0.6413416035,1,139.7582168,1.137115047,-15.40575008,22.88124256,49.58672777,493.4923778,145.6665898
0.04950375748,0.08645046427,0.3139443171,-1.902814278,2,488.844048,1.928539139,-563.0847882,0,-37.24561051,1013.513159,-80.6312023
0.04950375748,0.09031417218,0.8058494684,-5.450172342,1,-82.22135009,5.509425734,-295.9163474,0,503.4949359,683.7543452,-81.58932064
0.04950375748,0.09417788008,1.941622399,-5.687975673,1,317.6466036,6.010238331,126.7029806,51.36560598,0.3938500196,319.5752402,-71.15237324
0.04950375748,0.09804158798,2.034664882,-6.195374415,1,-15.74896998,6.52092979,307.2288355,0,-148.8195572,207.873118,-71.81895228
0.04950375748,0.1019052959,1.30577768,-5.304094202,1,-102.8877633,5.462460129,369.7454517,0,-97.93774062,113.4420695,-76.16977553
0.04950375748,0.1057690038,1.258733796,-5.205093012,1,450.7941537,5.35512876,229.7964519,0,-399.1995134,263.9561763,-76.40531121
0.04950375748,0.1096327117,1.505124299,-5.436077399,1,404.8864842,5.640597189,114.9651362,0,-511.1540195,110.5276346,-74.52381876
0.04950375748,0.1134964196,0.84814708,-5.187947802,1,623.6721425,5.256819939,471.3289117,0,-909.5784417,-341.7276556,-80.71518705
0.04950375748,0.1173601275,NaN,NaN,0,261.2972328,2.329346956,535.2133441,0,-412.1439313,-430.1498251,-80.10041584
0.04950375748,0.1212238354,NaN,NaN,0,256.5037693,1.482009565,264.6672817,0,-326.4605965,-168.3871,-79.68691849
0.05336746538,0.01690372206,NaN,NaN,0,-20.53219292,0.3422834702,-2.493607286,0,14.97784518,9.994857297,-21.3776693
0.05336746538,0.02076742997,NaN,NaN,0,-18.73259986,0.3421041628,-6.66597627,2.315759138,11.57678396,10.2205711,-25.79973875
0.05336746538,0.02463113787,NaN,NaN,0,-16.29613568,0.3476137885,-13.20880896,1.026846082,7.562007901,10.68241359,-33.13526408
0.05336746538,0.02849484577,NaN,NaN,0,-12.08649338,0.365233276,-18.40605703,0,5.521039597,8.876679337,-41.33072386
0.05336746538,0.03235855367,NaN,NaN,0,-8.138126363,0.3973435934,-21.32069983,0,6.974372729,7.364587107,-48.03027617
0.05336746538,0.03622226157,NaN,NaN,0,-5.429035128,0.4435069068,-24.5824214,0,12.24764895,8.109105608,-52.53727124
0.05336746538,0.04008596947,NaN,NaN,0,-1.612136595,0.5129927055,-26.78830459,0,16.40430459,15.24361322,-55.29625339
0.05336746538,0.04394967737,NaN,NaN,0,5.44282579,0.6095187194,-25.16607434,0,11.04688718,25.20994951,-57.56468821
0.05336746538,0.04781338527,NaN,NaN,0,11.12726529,0.7116823425,-14.49528727,0,-7.3470837,28.7475425,-60.00612749
0.05336746538,0.05167709317,NaN,NaN,0,5.539414141,0.7622933233,-22.22489833,0,-7.058316137,5.936893435,-63.38357973
0.05336746538,0.05554080107,NaN,NaN,0,-4.567335513,0.8051854271,-41.39690924,0,25.558338,6.089925336,-64.24228334
0.05336746538,0.05940450897,0.4226221917,-0.8649852154,1,70.37498515,0.9627091668,-87.64365804,0,-4.322733909,44.16600585,-63.96037785
0.05336746538,0.06326821687,0.6051132667,-1.234456017,1,89.28795533,1.37478861,178.0295729,0,11.07036034,256.3416136,-63.88654511
0.05336746538,0.06713192477,0.8103774089,-1.167560066,1,66.58165665,1.421234693,495.16968,0,-25.52257228,397.0422682,-55.23634728
0.05336746538,0.07099563267,0.7637535753,-0.8553203604,1,212.3751946,1.146687596,316.2966031,0,-109.6827929,276.1131057,-48.23691676
0.05336746538,0.07485934057,1.207150853,-1.012302769,1,728.91177,1.575426951,443.5943158,73.97619794,398.1889263,46.98411591,-39.98280865
0.05336746538,0.07872304847,5.11854144,0.6770656025,1,422.4761118,5.163127377,396.8424392,0,-224.1707897,351.0901323,7.535172156
0.05336746538,0.08258675637,1.973344693,-0.8355292199,2,-86.65175022,2.142941519,-0.8286209772,0,-833.1688762,800.1137002,-22.94817046
0.05336746538,0.08645046427,1.564623219,-2.417541572,2,119.8222148,2.879679334,-174.1842677,0,-150.5768812,640.7676511,-57.0892176
0.05336746538,0.09031417218,1.854517645,-3.984265387,1,-116.3033905,4.394724835,-326.2970537,0,278.6718606,682.8096366,-65.0398883
0.05336746538,0.09417788008,2.19196756,-6.316435063,1,72.64091399,6.68596094,-192.6919931,0,73.49469839,367.2356713,-70.86189327
0.05336746538,0.09804158798,2.419142965,-6.147662328,1,-114.2782754,6.606512301,256.9963379,0,84.00263197,91.89546099,-68.52005691
0.05336746538,0.1019052959,2.074991318,-5.678533501,1,-139.7703132,6.045769735,283.8685904,0,8.072846184,222.5279179,-69.92720534
0.05336746538,0.1057690038,1.910302421,-5.910659887,1,-191.4646833,6.21169507,76.78488888,29.47719618,-53.11176383,342.6085247,-72.08936801
0.05336746538,0.1096327117,1.130019366,-6.705598383,1,-153.3900273,6.800146575,-32.59651687,0,-164.9990523,85.02812396,-80.43445779
0.05336746538,0.1134964196,0.6801400191,-6.365127141,1,-59.5557941,6.401361883,616.2253692,0,-117.1794962,-454.8408277,-83.90085295
0.05336746538,0.1173601275,0.4471658289,-2.567311456,1,35.87357025,2.605963428,559.1203312,0,-112.5860094,-527.7003204,-80.11953098
0.05336746538,0.1212238354,NaN,NaN,0,114.8668382,2.199701111,126.3184989,0,-147.6955451,-81.43108435,-79.95314313
0.05723117328,0.01690372206,NaN,NaN,0,-31.09930659,0.3414504342,-1.95924509,0,20.42259798,17.57602327,-7.421424644
0.05723117328,0.02076742997,NaN,NaN,0,-26.63665824,0.3283284459,-8.241078268,3.826491451,13.06685458,16.29023631,-14.43445901
0.05723117328,0.02463113787,NaN,NaN,0,-23.0678554,0.3180832981,-16.955786,2.553025491,5.918248406,15.09294263,-25.88926861
0.05723117328,0.02849484577,NaN,NaN,0,-15.18461187,0.3250456724,-24.1322127,0,1.28778633,8.517827551,-39.25273314
0.05723117328,0.03235855367,NaN,NaN,0,-9.137533581,0.3525407747,-24.29622063,0,3.211477244,3.052646004,-48.74551134
0.05723117328,0.03622226157,NaN,NaN,0,-8.820647616,0.3863727768,-29.84774471,0,16.84937876,-1.275264117,-53.68733224
0.05723117328,0.04008596947,NaN,NaN,0,-6.584306284,0.4586662591,-35.79748049,0,32.77307436,12.76889105,-54.93782436
0.05723117328,0.04394967737,NaN,NaN,0,8.095399512,0.5982310882,-38.46639854,0,28.49632493,37.89367046,-56.52222108
0.05723117328,0.04781338527,0.4048674553,-0.6704646979,1,-15.89229422,0.7832244682,-6.551498521,2.150966504,7.801311875,49.76614905,-58.8738612
0.05723117328,0.05167709317,0.2987311741,-0.7165793814,1,-36.60333575,0.7763545094,204.4115556,0,-3.599679847,191.0702957,-67.36947828
0.05723117328,0.05554080107,0.2495347463,-0.6189179667,1,-26.81895893,0.6673282844,179.9054745,0,19.78165721,284.0963617,-68.04174122
0.05723117328,0.05940450897,0.2715410959,-1.119142535,1,186.203282,1.151613903,304.8046913,0,319.2582405,466.805989,-76.36169972
0.05723117328,0.06326821687,2.202490424,-1.244843661,1,442.7405743,2.529940673,303.7432966,0,532.5529924,334.8942984,-29.47505639
0.05723117328,0.06713192477,4.039790555,-1.239500907,1,116.2758307,4.225668021,249.3976182,0,53.13068754,413.1867034,-17.05722112
0.05723117328,0.07099563267,2.857027727,-1.877676843,1,-129.1015706,3.418812332,148.3667883,0,-389.1154387,271.1013246,-33.31345266
0.05723117328,0.07485934057,2.037551402,-1.713711304,1,52.8896456,2.662409088,177.4052457,0,-152.4996556,321.6600584,-40.06598606
0.05723117328,0.07872304847,2.472163745,-2.435035303,1,369.2918915,3.470013041,-384.8626083,0,-340.3927889,-247.8773022,-44.56650171
0.05723117328,0.08258675637,2.149209093,-2.242982514,1,212.0346392,3.106456226,-8.67060013,0,-304.0388828,123.9797222,-46.22308078
0.05723117328,0.08645046427,2.116686222,-2.947557401,1,163.7154093,3.628836618,-103.5868753,0,-154.8894682,331.5186951,-54.3172922
0.05723117328,0.09031417218,2.183309951,-3.924103344,1,47.42327444,4.490593435,-150.4972123,0,81.81060616,557.9205999,-60.90911894
0.05723117328,0.09417788008,2.616008187,-5.684676899,1,-112.3923692,6.257719256,33.35064188,0,422.8120389,422.9172452,-65.28877903
0.05723117328,0.09804158798,3.382680882,-5.429274907,1,-153.5015187,6.396839529,293.8283785,0,320.7858216,47.48328597,-58.07524937
0.05723117328,0.1019052959,3.26234587,-4.732871419,1,-317.1183486,5.748301701,284.8813095,0,186.7944595,88.50591511,-55.42168812
0.05723117328,0.1057690038,2.879147441,-4.670537744,1,-492.4924393,5.486657708,100.896988,83.50659429,90.12217827,294.5088968,-58.34829302
0.05723117328,0.1096327117,1.707704714,-5.480931281,1,-497.7520759,5.740806833,205.6769052,76.38686537,133.4756684,397.2160252,-72.69442823
0.05723117328,0.1134964196,1.471689808,-5.410588956,1,-414.4136215,5.607168959,584.976477,0,107.4957259,-91.22953561,-74.78357851
0.05723117328,0.1173601275,0.5218636159,-2.868268768,1,-40.9521141,2.915357158,447.9404784,0,-226.3917113,-312.4840096,-79.6881886
0.05723117328,0.1212238354,NaN,NaN,0,6.620592449,2.511157417,105.9054129,0,-49.64261199,-98.94336153,-79.93759094
0.06109488118,0.01690372206,NaN,NaN,0,-50.0208754,0.3862850051,-2.412660788,0,29.33128739,33.71258728,11.0894443
0.06109488118,0.02076742997,NaN,NaN,0,-36.31604828,0.3391330611,-12.2671228,5.664796445,11.68061083,27.15522534,0.7619448221
0.06109488118,0.02463113787,NaN,NaN,0,-34.15401579,0.2944134981,-22.24104409,4.560254645,1.756344811,24.88129308,-15.3666194
0.06109488118,0.02849484577,NaN,NaN,0,-16.44656512,0.2780138465,-36.87078712,0,-9.499619926,7.049042228,-39.69218936
0.06109488118,0.03235855367,NaN,NaN,0,-4.406748474,0.3083576557,-21.88422528,0,-12.26562884,-2.396566525,-53.44876961
0.06109488118,0.03622226157,0.1495107407,-0.2528517578,1,-18.31452411,0.2937472945,-6.087243491,0,23.34812312,-0.4040863068,-59.40425968
0.06109488118,0.04008596947,0.2030880781,-0.269669376,1,-18.9693527,0.3375890102,17.4687112,0,64.31180144,64.76972998,-53.01658695
0.06109488118,0.04394967737,0.3247007181,-0.4356090778,1,-13.38879175,0.5433100634,128.8579963,0,96.12174469,194.8977947,-53.2993474
0.06109488118,0.04781338527,0.522744042,-0.5248278669,1,122.3937029,0.7407466661,67.76941018,0,277.441058,98.40950946,-45.11397233
0.06109488118,0.05167709317,1.869545443,-0.5539934715,1,152.9598586,1.949899723,135.8974637,0,266.308425,141.1522454,-16.50588502
0.06109488118,0.05554080107,2.142674222,-0.5451308085,1,177.8826585,2.210932025,270.7395868,0,219.2371731,218.1751187,-14.27413478
0.06109488118,0.05940450897,3.403900473,-0.3508997208,1,-50.71131278,3.421939369,331.7707269,0,291.3993228,420.3685888,-5.885690472
0.06109488118,0.06326821687,3.072622388,-0.8874470674,1,-174.5536152,3.198213663,28.69804467,8.133523411,165.8855722,303.2101872,-16.10998633
0.06109488118,0.06713192477,3.370409687,-1.411534455,1,-147.540699,3.65405131,-336.1808449,0,-30.56969874,-84.48197058,-22.72403497
0.06109488118,0.07099563267,2.384455837,-1.859937997,1,-126.4593266,3.024069938,-57.46252455,16.14511622,65.6327108,44.598136,-37.95516375
0.06109488118,0.07485934057,3.135393411,-1.805867035,1,5.454503942,3.618265827,136.3484758,0,69.43816904,189.4090881,-29.94030183
0.06109488118,0.07872304847,2.67381925,-2.064948704,1,-178.2904917,3.378360923,-69.52794585,28.92350243,-7.160368296,195.4039681,-37.67834657
0.06109488118,0.08258675637,2.418865459,-2.829486564,1,-7.633403386,3.722486309,-94.16812413,0,-51.5154928,315.6943941,-49.47360001
0.06109488118,0.08645046427,2.445285192,-3.648537754,1,185.2832347,4.392180257,-22.00844625,29.53829102,76.07636455,242.4826188,-56.16962532
0.06109488118,0.09031417218,3.428682607,-3.851402782,1,118.2107702,5.15646854,95.28246416,0,272.4937673,250.5798689,-48.3231639
0.06109488118,0.09417788008,3.9548534,-4.248561563,1,-264.8561977,5.804407013,72.87735973,0,344.8800869,192.9050154,-47.050494
0.06109488118,0.09804158798,3.73787154,-4.315154584,1,-401.4873463,5.708961616,287.881108,0,288.3310404,154.0718311,-49.10024742
0.06109488118,0.1019052959,3.517650487,-3.731561603,1,-317.4634216,5.128198216,364.8098791,0,239.860175,195.1419295,-46.6902042
0.06109488118,0.1057690038,3.438035263,-3.659607186,1,-230.5271602,5.021236025,193.8352199,0,215.4564188,332.3439195,-46.78806055
0.06109488118,0.1096327117,3.459421545,-4.26671876,1,-366.5832156,5.492948789,364.3195545,0,146.5351925,542.6494654,-50.96513651
0.06109488118,0.1134964196,2.587833977,-4.348621872,1,-378.6229195,5.060375172,361.8706307,0,-265.5488325,107.4717753,-59.24342376
0.06109488118,0.1173601275,0.9705300574,-3.283795893,1,-266.3807138,3.424214371,376.5240152,0,-297.1166153,-132.1240846,-73.53488817
0.06109488118,0.1212238354,NaN,NaN,0,-284.5149544,2.41847192,153.3223198,0,-5.302587241,-312.780049,-80.22408892
0.06495858908,0.01690372206,NaN,NaN,0,-91.01914061,0.5292097795,-9.425688474,0,47.51878408,72.82058724,29.73591298
0.06495858908,0.02076742997,NaN,NaN,0,-39.62504071,0.3895179356,-25.20502008,5.37214436,-2.604440458,42.7680967,15.42486927
0.06495858908,0.02463113787,0.2963614741,-0.000138614649,1,-39.33309957,0.2963615065,-33.68927789,0,-22.52635485,39.40916467,-0.02679846904
0.06495858908,0.02849484577,0.1364806557,-0.178829169,1,-17.04107199,0.2249596432,-17.89900624,0,-23.77679435,58.52027497,-52.64948401
0.06495858908,0.03235855367,0.1386531614,-0.2954003952,1,1.385022265,0.3263220689,40.57990717,0,16.01933649,33.21307176,-64.85587667
0.06495858908,0.03622226157,0.2037260142,-0.1503658688,1,27.86105395,0.2532077869,47.78476616,0,86.68691018,-14.78278775,-36.43025148
0.06495858908,0.04008596947,0.5812330354,-0.05365764285,1,135.4884878,0.5837045349,13.57767689,0,220.9474011,-5.703840761,-5.274420122
0.06495858908,0.04394967737,1.580890174,-0.07586771675,1,-90.65383123,1.582709592,367.5323162,0,211.1860341,372.1261842,-2.747545369
0.06495858908,0.04781338527,1.04693426,-0.07140700717,1,-191.7371013,1.049366621,396.3693957,0,136.940037,448.8490133,-3.901862442
0.06495858908,0.05167709317,1.369170324,-0.2786336299,1,74.84358523,1.397234438,-127.9213035,0,207.6891851,-27.56972289,-11.50292451
0.06495858908,0.05554080107,2.138558357,-0.459136202,1,143.1594681,2.187290081,66.15343533,0,324.8928367,-58.41774671,-12.11713543
0.06495858908,0.05940450897,3.177587712,0.2026730303,1,85.16819344,3.184044602,-10.65982753,0,263.2868553,-147.7432025,3.649498225
0.06495858908,0.06326821687,3.484886882,0.07051391701,1,-266.040205,3.485600205,-100.3897527,41.73134066,68.53164048,155.9008844,1.159176391
0.06495858908,0.06713192477,2.414472311,-0.7875591291,1,-275.2484725,2.539670436,-198.5594247,28.63027441,99.88237039,113.5768104,-18.06543093
0.06495858908,0.07099563267,2.807323487,-1.135489321,1,-53.87002587,3.028267023,-19.30354579,0,282.0733961,156.4183256,-22.0220512
0.06495858908,0.07485934057,3.296183475,-1.466497112,1,-86.35468721,3.607691683,-9.034785668,0,125.4850881,156.1819411,-23.98464529
0.06495858908,0.07872304847,2.958511926,-1.773838493,1,-130.5730727,3.449535595,-1.798304921,20.86109661,55.24088121,243.0527557,-30.94568734
0.06495858908,0.08258675637,3.005121892,-2.412530089,1,-103.5733686,3.853707179,-85.22507993,0,106.1672753,327.7622359,-38.7577082
0.06495858908,0.08645046427,2.968534024,-3.369500848,1,-81.9175274,4.490626929,65.65065578,0,215.0795317,302.5911397,-48.6199124
0.06495858908,0.09031417218,3.51962098,-3.327998909,1,-102.2522805,4.843893948,104.2892812,0,276.7943638,93.76393866,-43.39706766
0.06495858908,0.09417788008,3.64291365,-3.328833999,1,-48.58318091,4.934770071,188.9836857,0,455.0934566,43.01489931,-42.42054933
0.06495858908,0.09804158798,5.090257944,-2.764018156,1,-42.95834146,5.792281269,302.1744355,0,504.4120778,108.242031,-28.50203063
0.06495858908,0.1019052959,5.425836097,-2.579535836,1,-252.7661092,6.007803466,251.6571523,0,206.6684204,299.1165656,-25.42721858
0.06495858908,0.1057690038,4.912149939,-2.947387467,1,-232.948268,5.728552165,186.2803676,0,177.5952183,424.0974648,-30.96459276
0.06495858908,0.1096327117,5.211968082,-3.498391633,1,-1729.517135,6.277209197,-317.8838166,191.4159463,1308.403994,206.5647954,-33.87041135
0.06495858908,0.1134964196,3.28509177,-4.973703712,2,125.0536609,5.960667459,232.6710314,0,-1094.540646,100.3193284,-56.55555514
0.06495858908,0.1173601275,1.466153559,-2.987023313,2,-575.7910127,3.327448652,568.8547222,0,-320.3529479,-357.708046,-63.85630181
0.06495858908,0.1212238354,NaN,NaN,0,-887.6867734,1.404973812,47.5050711,0,36.94943415,-777.2402408,-97.25166428
0.06882229698,0.01690372206,0.6240117075,0.609568587,1,39.1205592,0.8723327767,-437.9249081,0,-151.4737915,-198.7650112,44.32919483
0.06882229698,0.02076742997,0.4069616718,0.1475465954,1,-7.196405525,0.4328831253,-246.8192159,0,-75.11404391,-85.66568779,19.92844134
0.06882229698,0.02463113787,0.3059881737,-0.01308157268,1,0.75358667,0.306267677,-50.40749017,0,-10.09306553,40.47116961,-2.448012147
0.06882229698,0.02849484577,0.3708766536,-0.2035820004,1,23.36367715,0.4230781524,46.76974371,0,18.76322996,92.86200355,-28.7633099
0.06882229698,0.03235855367,0.4687542375,-0.1911686012,1,-53.60455231,0.5062370683,80.41276122,0,29.31288468,34.3388414,-22.18674831
0.06882229698,0.03622226157,0.2770207454,-0.02556583237,1,-76.54121897,0.2781979604,37.67877169,11.41984096,15.65567517,-27.4626702,-5.272806286
0.06882229698,0.04008596947,0.2335102809,0.06051890251,1,333.3028544,0.2412251829,9.034747522,0,418.6961163,-186.6782428,14.52967278
0.06882229698,0.04394967737,3.18252511,0.7306119947,1,366.6928094,3.265311618,-32.50957631,0,553.3847164,-209.6880029,12.92935792
0.06882229698,0.04781338527,3.788421086,0.7450845889,1,-338.7100371,3.860995386,-28.59217803,52.72088865,-156.6047288,171.0421868,11.12658913
0.06882229698,0.05167709317,1.268773536,-0.04071687774,1,-307.9176148,1.269426701,46.01694567,50.04233065,-110.2968219,198.215497,-1.838078127
0.06882229698,0.05554080107,2.172562663,0.1570338437,1,35.23864015,2.17823051,187.5988725,0,358.9691877,89.76134238,4.134176077
0.06882229698,0.05940450897,2.791877435,0.3372987602,1,72.70209138,2.812178882,16.86661263,0,215.7613618,-47.37400233,6.888763473
0.06882229698,0.06326821687,3.287101186,0.4052408152,1,-45.08955119,3.311986462,-81.6545392,0,109.841924,-4.154577733,7.02808315
0.06882229698,0.06713192477,3.042061689,0.03786154683,1,-211.0603238,3.042297293,-43.76919053,30.29208599,114.5535742,206.5581073,0.7130673407
0.06882229698,0.07099563267,2.914227295,-0.5619507433,1,-46.51025022,2.967913302,-107.9276567,0,217.8134042,157.4240715,-10.91438859
0.06882229698,0.07485934057,3.703927038,-0.9873800216,1,-16.91187499,3.833274685,-4.626035414,0,195.9442189,198.564045,-14.92659555
0.06882229698,0.07872304847,3.605955977,-1.347017862,1,-143.526857,3.84933444,68.52099994,20.1418875,53.46599757,335.5520453,-20.48335561
0.06882229698,0.08258675637,3.355958184,-2.019109981,1,-67.3263665,3.916536793,18.73096324,0,135.164815,317.4103762,-31.03319086
0.06882229698,0.08645046427,3.868063927,-2.50102787,1,-77.52169798,4.606197884,145.5836831,0,294.3973611,240.7687478,-32.88605837
0.06882229698,0.09031417218,4.193902397,-2.386877268,1,-84.88938096,4.825557005,208.0526348,0,339.3507079,156.6704611,-29.64551911
0.06882229698,0.09417788008,4.851228166,-2.30250216,1,-68.93005493,5.369909768,292.4202445,0,361.3171908,244.1241252,-25.39006923
0.06882229698,0.09804158798,5.323600884,-2.20027517,1,-59.62313356,5.760376481,61.14027977,0,265.2419606,-28.42688921,-22.45559207
0.06882229698,0.1019052959,5.645679252,-1.956440781,1,-104.1638306,5.975061067,4.855781988,0,226.5219498,-27.98523471,-19.11313028
0.06882229698,0.1057690038,5.796356916,-2.073387074,1,-553.1567133,6.156028546,1282.917233,0,-124.0067672,-1157.060668,-19.68239462
0.06882229698,0.1096327117,3.029317363,7.47092111,1,-476.1977832,8.061725989,-1163.2393,0,-21.23771256,645.2284041,67.92837539
0.06882229698,0.1134964196,3.874411461,-9.06077803,1,-507.1696047,9.854377843,-1125.735524,0,185.4635501,1402.348686,-66.84832632
0.06882229698,0.1173601275,1.786339138,-2.296857823,1,-920.311913,2.909735964,1253.736845,0,-705.9109456,-1399.141769,-52.12666137
0.06882229698,0.1212238354,-2.408838646,1.18917003,1,-1339.742731,2.686378414,567.7012698,0,-831.8385019,-1236.797384,153.7258544
0.07268600488,0.01690372206,-2.000460017,-0.4739112449,1,543.6910587,2.055828823,-441.1902193,0,21.21861596,-604.2973682,-166.6722664
0.07268600488,0.02076742997,-0.9091370306,-0.158812055,1,362.5731947,0.922903792,-407.6603382,0,221.9509228,-519.4349199,-170.0913008
0.07268600488,0.02463113787,0.2579704338,-0.04204691046,1,224.1655168,0.2613746112,-80.07212459,16.92204225,186.0916797,-70.29087321,-9.257303722
0.07268600488,0.02849484577,0.6759769408,-0.1966039532,1,22.26685501,0.7039871724,50.29019565,0,61.60320184,32.94538766,-16.21676424
0.07268600488,0.03235855367,0.5820198351,0.02496836119,1,-109.1463091,0.582555154,63.69406022,15.62180191,-2.864977947,-40.47011654,2.456454231
0.07268600488,0.03622226157,0.2431980462,0.2058559995,1,-128.8998116,0.3186251437,4.831208643,21.01070096,-48.94732225,-60.21217017,40.2463844
0.07268600488,0.04008596947,-0.1051295409,0.2762769778,1,-2.838989145,0.2956030934,-17.30045942,0,106.8611974,-131.07699,110.8329342
0.07268600488,0.04394967737,0.645109474,0.6454552795,1,145.7291125,0.9125671215,-191.8394148,0,294.8965944,-283.9575931,45.01535235
0.07268600488,0.04781338527,1.597319484,0.6321947111,1,104.0487878,1.717876505,116.4550172,0,327.5841698,158.005749,21.59290443
0.07268600488,0.05167709317,2.312813142,0.4849153888,1,49.86334174,2.36310126,453.2225165,0,367.5796347,411.9488578,11.84138077
0.07268600488,0.05554080107,3.21019721,0.7916640723,1,-23.39971468,3.306372352,242.854676,0,216.7121871,172.8450164,13.85324613
0.07268600488,0.05940450897,3.059716069,0.7554122636,1,-65.23287092,3.151588506,54.29408099,0,50.51858786,86.0097784,13.86839472
0.07268600488,0.06326821687,3.153345519,0.6691238816,1,-37.97986967,3.223556224,-82.52406795,0,33.76761168,-8.788058483,11.98017337
0.07268600488,0.06713192477,3.043441135,0.4705178613,1,-104.5558063,3.079597539,-134.6132413,0,64.49523588,68.13081463,8.788385247
0.07268600488,0.07099563267,2.998563176,-0.114219929,1,32.3715183,3.000737795,-113.5860856,0,226.9809447,174.8935899,-2.181430585
0.07268600488,0.07485934057,4.045503295,-0.6440833403,1,132.9536327,4.096454597,20.7575651,0,260.7533986,253.3050917,-9.046120531
0.07268600488,0.07872304847,4.519732144,-1.012715645,1,-29.31210097,4.631800042,137.4159517,0,96.18323937,392.6319247,-12.62940559
0.07268600488,0.08258675637,4.303873841,-1.630163312,1,-90.16672564,4.602256236,134.0719125,0,75.04001801,372.1330239,-20.74500999
0.07268600488,0.08645046427,4.461286964,-1.932514242,1,-74.29468963,4.861861029,187.4852875,0,236.0384502,202.6768641,-23.42101428
0.07268600488,0.09031417218,4.928804487,-1.688859126,1,14.69291494,5.210120806,247.1573962,0,310.0411072,178.303867,-18.91406813
0.07268600488,0.09417788008,5.715964371,-1.666484317,1,-127.5339371,5.953941439,156.3929125,0,202.0345075,109.7991209,-16.253997
0.07268600488,0.09804158798,5.216652929,-1.508834325,1,-199.8168961,5.430474087,56.12006766,28.68237833,101.59681,-38.25087149,-16.1316763
0.07268600488,0.1019052959,5.336470648,-1.301862573,1,-119.2733553,5.492974161,-50.34224572,0,166.3188409,-107.1676842,-13.70984268
0.07268600488,0.1057690038,5.398422944,-1.28927743,1,-432.0547016,5.55024383,-179.3483423,66.1083373,-118.1797912,-65.80553522,-13.43205103
0.07268600488,0.1096327117,3.210525291,-1.740558814,1,991.184335,3.651988175,-444.7211364,0,-1261.540879,-183.7557332,-28.46395631
0.07268600488,0.1134964196,4.353844229,-2.29757152,1,-1300.789781,4.92288477,-604.6239447,160.7523803,703.9087676,-496.4165443,-27.82110407
0.07268600488,0.1173601275,0.9043514037,-2.158640602,1,-1021.957396,2.34042319,155.136746,104.0423265,-819.8958412,-586.6970969,-67.26900309
0.07268600488,0.1212238354,-2.762538675,0.5686577599,1,-777.9069804,2.820459463,787.5016501,0,-1120.212739,-624.2501861,168.3683597
0.07654971278,0.01690372206,-3.415446944,-1.409112318,1,62.39712042,3.694709102,264.9351342,0,62.03430587,-259.6053103,-157.5804054
0.07654971278,0.02076742997,-3.175063602,-0.3957767877,1,414.3155791,3.199635626,74.50702856,15.07189684,398.4985611,-248.7380489,-172.8946387
0.07654971278,0.02463113787,-0.2749705288,-0.1601877579,1,505.5875625,0.3182277636,18.46717221,17.50403445,495.4038001,-70.6127868,-149.7764892
0.07654971278,0.02849484577,0.6924746344,-0.05159784635,1,79.52652928,0.6943943095,56.80293802,0,136.1873193,-41.45997035,-4.26136289
0.07654971278,0.03235855367,0.5584847722,0.2194714175,1,-111.2934601,0.6000607835,74.50942567,11.38811266,-51.61475241,-12.18063663,21.45366275
0.07654971278,0.03622226157,0.06304488683,0.2833472322,1,-194.7187047,0.290276268,422.4110268,0,-37.76823218,353.8507294,77.45600206
0.07654971278,0.04008596947,-0.3397768426,0.4843683799,1,82.27656683,0.591659556,525.1589389,0,249.3063574,260.230956,125.0490593
0.07654971278,0.04394967737,1.344184451,1.306951573,1,557.5560009,1.874821125,347.0660458,0,785.3597405,56.05242372,44.19538397
0.07654971278,0.04781338527,4.848857317,1.608760011,1,230.5690767,5.108769524,658.7971619,0,615.0845397,689.8827157,18.35487728
0.07654971278,0.05167709317,4.61154301,1.186846074,1,-252.439666,4.761820296,399.9494731,0,-24.53584444,535.5715047,14.4326679
0.07654971278,0.05554080107,3.778704849,1.084756096,1,-62.67948546,3.931323711,-160.2232372,0,-267.9802016,-56.09593314,16.01723062
0.07654971278,0.05940450897,3.333970565,0.784528586,1,-74.68705925,3.425032092,-367.2804777,0,-143.8613064,-263.1566722,13.24157712
0.07654971278,0.06326821687,2.934297802,0.6824521258,1,-98.79393061,3.012614229,-344.1444296,0,-43.23998265,-319.9440516,13.09295429
0.07654971278,0.06713192477,2.785193012,0.691025394,1,3.245964393,2.869636947,-109.9037761,0,52.86691676,17.56157673,13.93410776
0.07654971278,0.07099563267,3.151101584,0.1899632352,1,212.1167646,3.15682233,-108.6088824,0,299.7314728,197.994122,3.44988407
0.07654971278,0.07485934057,4.762825091,-0.4935990565,1,283.7350631,4.788334039,-70.77180588,0,364.0376529,201.5323607,-5.916769917
0.07654971278,0.07872304847,5.653906145,-0.8621405245,1,22.13813577,5.719260527,6.332299236,0,119.9432844,235.9563668,-8.67000756
0.07654971278,0.08258675637,5.311786196,-1.38079938,1,-171.0571635,5.488322105,88.14384101,19.06482189,99.00988721,201.9854545,-14.57153842
0.07654971278,0.08645046427,5.375536514,-1.301991266,1,-96.36418291,5.530965022,162.5186976,0,232.4961728,127.5623137,-13.61522495
0.07654971278,0.09031417218,5.837760441,-1.245738124,1,-68.76615147,5.9691968,95.76785452,0,199.2573602,25.15037617,-12.04585348
0.07654971278,0.09417788008,5.879716428,-1.029145957,1,-218.3349776,5.969104345,-68.37651639,31.72162627,103.1300465,-122.7381495,-9.92809474
0.07654971278,0.09804158798,5.392642239,-1.035700653,1,-260.0920868,5.491198972,12.18854329,45.21211197,42.00895045,-33.40237736,-10.87173615
0.07654971278,0.1019052959,5.037106892,-0.8529959565,1,-42.2117132,5.108820602,-81.2760329,0,-98.45324125,-126.5782539,-9.611424
0.07654971278,0.1057690038,4.849153943,-0.8606661033,1,-598.6314234,4.924940619,-135.2714754,34.42619827,-549.4989967,-36.93196566,-10.06449671
0.07654971278,0.1096327117,0.6010663165,-1.232951097,1,-844.3865279,1.37165926,107.8422973,117.2836664,-508.9355794,225.486363,-64.01066667
0.07654971278,0.1134964196,-0.379687375,-1.315208409,1,-313.4023403,1.368917698,-144.9717344,35.97974599,188.6128045,-71.67429367,-106.1028943
0.07654971278,0.1173601275,0.1189160013,-1.516150998,1,-421.3888912,1.520807307,-485.9573994,0,59.45798562,-791.8317057,-85.51531145
0.07654971278,0.1212238354,-1.778082674,-0.1333994355,1,-391.5051818,1.783079753,893.2052699,0,-590.4524219,177.441243,-175.7094613
0.08041342068,0.01690372206,-1.979867134,-0.4753130544,2,-105.7410676,2.036122877,386.207328,0,311.5290537,254.008586,-166.5003007
0.08041342068,0.02076742997,-1.582314801,-0.2199243924,1,207.4760663,1.597525232,442.3837674,0,319.5726127,340.4301337,-172.0872085
0.08041342068,0.02463113787,0.05649501074,-0.081393994,1,275.4545055,0.09907910223,90.58161031,0,324.3766791,27.88505365,-55.23575139
0.08041342068,0.02849484577,0.7352576862,0.02231678889,1,78.0552964,0.7355962915,12.21214348,0,120.2891641,-74.99513464,1.738527044
0.08041342068,0.03235855367,0.8228400697,0.2555494554,1,304.4381001,0.861609717,114.714619,0,344.4694014,-89.73924029,17.25322761
0.08041342068,0.03622226157,3.242446727,0.8122667802,1,244.6174214,3.342639391,204.3541658,0,300.5965507,31.95970403,14.06376626
0.08041342068,0.04008596947,2.929387601,0.9216312994,1,-171.9508257,3.07094708,343.7276136,0,-97.17025275,159.0978161,17.46439339
0.08041342068,0.04394967737,2.202641489,1.525622388,1,527.2723788,2.679394185,333.5927997,0,476.6433108,23.98894903,34.70775502
0.08041342068,0.04781338527,6.808224583,2.117850143,1,475.2906697,7.130021823,-203.5490248,0,488.7447962,-162.0983751,17.27947136
0.08041342068,0.05167709317,5.927392935,1.365469185,1,-557.1296142,6.082638663,-364.857127,0,-590.4264573,183.6853934,12.97267393
0.08041342068,0.05554080107,2.374403123,-0.001557926658,1,-625.2733621,2.374403634,-172.7487921,0,-747.3722932,54.31961706,-0.03759370454
0.08041342068,0.05940450897,0.6238910723,0.4881431783,1,-311.4675839,0.7921640188,-285.1744995,0,-151.0160099,-514.3134662,38.04024165
0.08041342068,0.06326821687,0.5875016071,0.8837681092,1,189.6755105,1.06122769,-241.5474986,0,344.2071821,-286.6066887,56.38527343
0.08041342068,0.06713192477,2.68665785,0.662238727,1,324.242617,2.767072557,-134.1194663,0,389.1705334,36.56382936,13.84689855
0.08041342068,0.07099563267,3.343921633,0.2242977113,1,183.6462273,3.351435715,-113.4955712,0,298.8089899,144.3024669,3.837437549
0.08041342068,0.07485934057,4.550723884,-0.3338175897,1,170.1732271,4.562951025,-101.242021,0,376.4372306,121.1150652,-4.195408026
0.08041342068,0.07872304847,5.455864777,-0.6348251194,1,14.8276407,5.492673611,-78.61775843,0,211.4122384,-13.16624626,-6.636889637
0.08041342068,0.08258675637,5.424848692,-0.5867031143,1,-201.5409687,5.456482739,14.29821278,0,234.2066064,21.30411705,-6.172607386
0.08041342068,0.08645046427,5.582075259,-0.6618938871,1,-212.7564196,5.621180278,-40.66136598,6.757237156,205.2891154,-23.42625041,-6.762265477
0.08041342068,0.09031417218,5.39599721,-0.6532945665,1,-287.2741237,5.4354006,-234.6126232,17.95880011,130.8124686,-296.0708208,-6.903214337
0.08041342068,0.09417788008,4.977553126,-0.4244373633,1,-215.3217963,4.995616298,-185.5834682,0,147.6903019,-266.2547853,-4.873837554
0.08041342068,0.09804158798,5.134688871,-0.3416041611,1,-255.9398925,5.146039565,-332.5656403,0,140.9801854,-49.2300273,-3.806204672
0.08041342068,0.1019052959,4.533382398,-1.51916341,1,-116.6087947,4.781151894,-381.8623526,0,12.6646733,-185.7191806,-18.52630721
0.08041342068,0.1057690038,4.733079148,-1.099444085,1,-116.5842346,4.859096162,50.53034157,0,107.532689,-227.6193279,-13.07728423
0.08041342068,0.1096327117,4.49840987,-0.4444743342,1,-346.2461296,4.52031512,550.4275741,0,31.44699853,358.5102592,-5.642907452
0.08041342068,0.1134964196,3.516787258,-0.3579316387,1,-1302.083108,3.534955117,518.5477431,137.2583493,-905.915671,481.3592151,-5.811439595
0.08041342068,0.1173601275,-4.032652457,-0.3007887248,1,-478.1899737,4.043854559,327.6955074,59.91734903,-76.37072247,286.8240493,-175.7343036
0.08041342068,0.1212238354,1.374126715,-0.2000162635,1,1406.556202,1.388607481,579.9246757,0,1392.195314,527.7610733,-8.281743458
0.08427712858,0.01690372206,-0.9418396588,0.203097547,1,103.8790818,0.9634887422,345.4865381,0,305.7483185,431.2932434,167.8311193
0.08427712858,0.02076742997,-0.1504993473,0.03733152434,1,111.7429788,0.1550602987,237.1371911,0,179.3219113,282.2400614,166.0689015
0.08427712858,0.02463113787,0.1827500567,0.02883323083,1,51.02839431,0.1850106441,39.56320066,0,104.366076,20.34592041,8.965884199
0.08427712858,0.02849484577,0.4498994954,0.1115814819,1,26.1722492,0.4635299161,-1.919015387,0,96.05031409,-91.29105142,13.92911061
0.08427712858,0.03235855367,0.6549823401,0.3741406725,1,28.80290572,0.7543096902,38.96916619,0,107.3857428,-61.46615774,29.73598133
0.08427712858,0.03622226157,0.9760926527,0.4996342365,1,122.3252816,1.096536017,-220.7786543,0,123.0378326,-324.0882233,27.10662331
0.08427712858,0.04008596947,1.602993743,0.7732986704,1,211.0437969,1.779769584,-88.69685201,0,241.8070063,-247.0166376,25.75308155
0.08427712858,0.04394967737,2.725775879,1.111335643,1,274.9454927,2.943623796,167.135869,15.63536166,199.4974191,-62.55130654,22.18138581
0.08427712858,0.04781338527,3.436102569,1.660742825,1,222.4485504,3.816394581,-429.5146306,0,84.45158377,-415.7613019,25.79548469
0.08427712858,0.05167709317,3.911548352,1.058196798,1,-9.658987503,4.052158804,-195.4510471,0,-20.09829812,75.72404194,15.13795152
0.08427712858,0.05554080107,3.32112911,0.6130014912,1,-704.5871212,3.377228063,133.7228152,114.1246613,-244.388798,44.10170219,10.45773964
0.08427712858,0.05940450897,0.2449825954,1.4044666,1,-505.771,1.42567279,169.2794997,81.2215167,-122.5023779,-3.227297378,80.10538686
0.08427712858,0.06326821687,0.893664296,1.279517366,1,171.678037,1.56070515,123.9712761,0,388.2203785,243.6953118,55.06806587
0.08427712858,0.06713192477,2.408266527,0.9418878972,1,198.8213584,2.585904189,-177.0623933,0,416.2526057,-10.22813155,21.36077461
0.08427712858,0.07099563267,3.270130431,0.6349185107,1,166.7833509,3.331197165,-131.1373369,0,462.4935676,34.12958027,10.98766721
0.08427712858,0.07485934057,4.839608728,0.3033448036,1,65.09795461,4.849106177,-211.1442766,0,460.0838609,-20.26194516,3.586585301
0.08427712858,0.07872304847,5.299279561,-0.1025950614,1,-148.7590991,5.300272598,-159.4259076,0,306.569805,-159.2854116,-1.109118643
0.08427712858,0.08258675637,5.449343199,0.3028019682,1,-272.9554843,5.457749567,-31.23793462,25.71755087,228.6045964,-138.8572585,3.180466154
0.08427712858,0.08645046427,5.127920685,0.3132145704,1,-472.24789,5.137477388,-37.45736306,82.68262691,42.09410606,-54.75276411,3.495296912
0.08427712858,0.09031417218,3.787354626,0.3696263458,1,-383.8077653,3.805348696,-20.85929724,63.79098763,126.5483369,-36.44333885,5.574120946
0.08427712858,0.09417788008,4.133945398,0.3734267551,1,-250.2627988,4.150777288,-20.01613988,0,283.9456441,-53.21125859,5.161622348
0.08427712858,0.09804158798,3.917495301,0.4978825882,1,-354.8691297,3.949007028,-255.3972745,43.28903872,21.04271374,-67.24956491,7.243008495
0.08427712858,0.1019052959,2.844137638,-0.3535210368,1,554.1087401,2.866024428,-378.2893907,0,-490.0670133,-250.7884574,-7.085418357
0.08427712858,0.1057690038,4.164933827,0.005256225122,1,-799.6040602,4.164937144,28.27080881,0,1127.993006,-121.8093415,0.07230831708
0.08427712858,0.1096327117,4.112936604,0.2263448258,1,-297.6336615,4.119160046,-126.4507369,42.42520752,121.3074988,-180.8571845,3.149947624
0.08427712858,0.1134964196,3.483661039,0.2154668465,1,-334.8233242,3.490318066,-64.30885304,56.00108175,-84.38448801,-15.13753536,3.53927504
0.08427712858,0.1173601275,2.493240068,0.03636121722,1,-255.6556424,2.493505198,317.5625951,0,1.503527546,422.2166144,0.8355379123
0.08427712858,0.1212238354,2.501691505,-0.1888857147,1,36.18935486,2.50881211,-401.5200118,0,-31.81457396,-284.9237589,-4.317822232
0.08814083648,0.01690372206,1.021383044,0.3046507105,1,-101.9463559,1.065849604,209.8960727,0,-207.0707161,346.2779393,16.60840737
0.08814083648,0.02076742997,0.4244071932,0.04118086283,1,-89.99249464,0.4264004328,51.58184802,0,-99.82948679,98.15976926,5.542145078
0.08814083648,0.02463113787,0.2879663551,0.1246872283,1,-28.59010443,0.3138017313,49.78672732,0,15.83396969,-15.20896177,23.41224238
0.08814083648,0.02849484577,0.3751212146,0.2923052203,1,18.50697721,0.4755610029,60.08406844,0,97.43137064,-52.36836503,37.92674506
0.08814083648,0.03235855367,0.7359182657,0.5591705839,1,62.50781581,0.9242550707,90.69287125,0,134.742875,-44.59547406,37.22855117
0.08814083648,0.03622226157,1.137240267,0.8150198689,1,61.87543928,1.399132878,69.16693456,0,170.1220347,-55.40789949,35.62782999
0.08814083648,0.04008596947,1.632288739,1.040491354,1,132.6069934,1.935714025,32.96716122,0,247.7233682,-75.50201174,32.51519651
0.08814083648,0.04394967737,2.60672569,1.234113069,1,211.4535172,2.884103654,-19.31716423,0,282.8997295,-160.1608389,25.33447495
0.08814083648,0.04781338527,3.542325284,1.584670173,1,357.7505566,3.880624689,-153.9488059,0,381.9733416,-177.5069192,24.10150273
0.08814083648,0.05167709317,5.46480276,1.325134738,1,-149.6765658,5.623170927,-144.6653428,5.107605198,25.2209442,-194.3181122,13.63030294
0.08814083648,0.05554080107,3.061465115,1.77651397,1,-720.5000552,3.539572084,-4.696079312,109.3999438,-366.3663927,-171.3356028,30.12583411
0.08814083648,0.05940450897,1.265468278,1.968981181,1,-224.7873154,2.34057618,253.6081998,0,-47.85420794,268.1252148,57.2710611
0.08814083648,0.06326821687,2.008057907,1.720424465,1,8.714558653,2.644268689,56.17084982,0,171.8254068,176.9490345,40.58865944
0.08814083648,0.06713192477,1.963021969,1.502329555,1,29.04685359,2.47193231,-121.4168809,0,219.6919523,-29.90146044,37.42736102
0.08814083648,0.07099563267,2.969111997,1.366835612,1,36.35989019,3.268618308,-167.7441467,0,401.9796301,-87.50076764,24.71905739
0.08814083648,0.07485934057,3.656637837,1.192292577,1,-73.52043153,3.846109964,-257.7482793,0,398.4273267,-195.0098806,18.0592068
0.08814083648,0.07872304847,4.224457335,1.124432765,1,-164.7495192,4.37154307,-116.4624636,0,452.300427,-157.5851257,14.90495968
0.08814083648,0.08258675637,4.767650551,1.351178532,1,-245.6927966,4.955418771,-100.2913442,0,504.8596263,-152.2985319,15.82302305
0.08814083648,0.08645046427,5.225802262,1.325373347,1,-357.5910791,5.39125438,-38.51803679,0,462.9163319,-30.07894276,14.23134207
0.08814083648,0.09031417218,5.174596562,1.318572338,1,-454.8012105,5.339951553,135.3703321,52.25987464,317.3222841,54.04568768,14.29567698
0.08814083648,0.09417788008,4.694623848,1.639588018,1,-585.0887716,4.972699664,-108.0450241,91.13601308,252.113074,-54.27208259,19.25165319
0.08814083648,0.09804158798,3.888075729,1.110809398,1,-1120.042342,4.043640735,-702.0044895,131.948172,449.2321855,1159.71532,15.94445064
0.08814083648,0.1019052959,2.102809346,-5.553553518,1,885.0972506,5.938330053,683.5841031,0,-759.9330654,-671.9579481,-69.26122292
0.08814083648,0.1057690038,4.37167358,6.348227931,1,175.0937853,7.707887373,770.5695883,0,137.6245958,-970.696995,55.44696426
0.08814083648,0.1096327117,3.311061826,1.174191937,1,23.45827293,3.513097938,-978.5612726,0,-324.1652597,506.679643,19.52588088
0.08814083648,0.1134964196,3.20982962,0.6096908714,1,208.9127245,3.267220401,-739.0444959,0,-1369.824373,-614.4510335,10.75492187
0.08814083648,0.1173601275,-1.17436168,0.6927991919,1,-798.1928755,1.363486735,643.9689531,53.01488417,-363.3652029,921.5402602,149.4620806
0.08814083648,0.1212238354,-1.278091505,-0.4627635805,1,-67.15627629,1.35928953,-698.0677842,0,13.461832,-99.90518901,-160.0960003
0.09200454438,0.01690372206,1.207054266,-0.2030722738,1,-35.60594866,1.224017299,37.35003975,0,-367.6314406,-67.41799092,-9.54989171
0.09200454438,0.02076742997,0.4280585225,-0.0006757399275,1,-120.2599852,0.4280590558,55.01789762,0,-110.2713712,-49.42766638,-0.09044794509
0.09200454438,0.02463113787,0.3163484426,0.200474877,1,-16.02823195,0.3745217129,77.81233029,0,29.39678841,-30.16633553,32.36306432
0.09200454438,0.02849484577,0.4797107197,0.4165222843,1,41.99429501,0.6353055862,52.47489539,0,91.74789991,-64.70812569,40.96706486
0.09200454438,0.03235855367,0.8330892178,0.6532358413,1,45.17832541,1.058657031,38.38064493,0,97.05365476,-91.37688103,38.10044523
0.09200454438,0.03622226157,1.029253545,0.9178674625,1,61.29066586,1.379073435,26.51720269,0,95.44020059,-119.6736819,41.72593308
0.09200454438,0.04008596947,1.438651505,1.218074717,1,115.4627458,1.885052829,-2.24074029,0,144.1510191,-123.7601426,40.25385829
0.09200454438,0.04394967737,2.0323253,1.387382937,1,82.29562007,2.460727035,-102.5900902,0,103.2264172,-241.383676,34.31970839
0.09200454438,0.04781338527,2.155454466,1.754332591,1,63.10333939,2.779148574,-221.2381622,0,84.29134287,-310.9361313,39.14227412
0.09200454438,0.05167709317,2.601815298,1.733949689,1,-0.5241229836,3.126663457,-432.1441533,0,126.1908803,-490.8799417,33.68101306
0.09200454438,0.05554080107,2.640994109,1.981270521,1,-84.10606507,3.301557626,-77.65511509,5.649211253,-4.152984451,-169.3118255,36.87718555
0.09200454438,0.05940450897,2.260808111,2.088084445,1,-149.3551375,3.077555843,107.9795836,13.40667033,-69.76667397,126.495601,42.72559604
0.09200454438,0.06326821687,1.794371435,1.909730039,1,-118.4697074,2.620465162,-101.3628391,10.77335391,5.316366981,4.649205447,46.7838133
0.09200454438,0.06713192477,1.823616656,1.678484871,1,-15.22148309,2.478485257,-17.79669365,0,141.9306485,-53.47132363,42.62694391
0.09200454438,0.07099563267,2.283938639,2.047566388,1,17.04814054,3.067393652,-71.43910442,0,310.7889594,-187.4748467,41.87644071
0.09200454438,0.07485934057,3.090283449,2.126813086,1,38.60206665,3.751424489,-129.9577333,0,467.777074,-190.5056081,34.53675531
0.09200454438,0.07872304847,4.240439725,2.281505691,1,-126.5953916,4.815246336,-21.23267401,0,484.5743812,-299.6968428,28.28181405
0.09200454438,0.08258675637,4.473409699,3.202717294,1,-274.3344611,5.501708135,-51.71566535,0,435.4341829,-362.792454,35.60059703
0.09200454438,0.08645046427,4.862881993,3.483415537,1,-409.1559634,5.981789454,-218.1388692,0,421.0080752,-257.005342,35.61506213
0.09200454438,0.09031417218,4.519202798,3.352885992,1,-597.0465831,5.627169662,-215.1753882,88.10353866,246.0670275,-247.4538644,36.57245104
0.09200454438,0.09417788008,3.506799511,3.60813014,1,-234.6439145,5.031525208,205.6275963,0,536.6215703,-624.7185554,45.81594973
0.09200454438,0.09804158798,5.685956252,6.561100979,1,-499.881854,8.682058774,-1355.120061,0,339.9986996,1315.25981,49.0872688
0.09200454438,0.1019052959,2.889057704,-6.709437665,1,-1088.870491,7.305012539,-682.395907,121.5201217,495.073981,1051.848743,-66.70347695
0.09200454438,0.1057690038,3.391699985,-0.1395137784,2,624.9137603,3.394568143,677.7605978,0,-780.0325986,-769.7263359,-2.355469806
0.09200454438,0.1096327117,2.289723823,-1.116770963,2,-562.4012771,2.547550308,-628.1370781,0,-767.2930082,858.7243819,-25.9999603
0.09200454438,0.1134964196,-1.745850331,-5.884312149,1,834.6821534,6.137843501,151.6717506,43.12884308,783.5008773,-581.6081369,-106.5253983
0.09200454438,0.1173601275,8.541910383,1.716408331,1,-140.0487281,8.712651178,1146.745992,0,441.4191694,-407.9551943,11.36168942
0.09200454438,0.1212238354,-0.5814429757,0.1225991072,1,-2707.40687,0.594227629,-198.5218295,0,-2015.182722,626.493552,168.0934094
0.09586825228,0.01690372206,0.905209264,-0.9781988058,1,0.7111222733,1.332770316,249.9833073,0,-238.4118295,-297.663038,-47.21932837
0.09586825228,0.02076742997,0.4460062138,0.07977394975,1,-52.84354528,0.4530843474,154.0578955,0,-59.26449023,-176.8146955,10.14085297
0.09586825228,0.02463113787,0.4720565615,0.3001962383,1,-30.15517281,0.5594239705,67.38712071,0,-0.4244234798,-37.37355926,32.45361779
0.09586825228,0.02849484577,0.327855586,0.4845386166,1,-0.4586355563,0.585035859,36.83302757,0,15.75475255,-82.06971489,55.91635881
0.09586825228,0.03235855367,0.5311562896,0.7596017038,1,49.23221305,0.9268882092,-8.176794361,0,67.09522881,-127.8610695,55.03658705
0.09586825228,0.03622226157,0.7773108422,0.9469636961,1,86.60134605,1.22513362,-11.67256611,8.12521126,72.39148116,-113.0603441,50.61929455
0.09586825228,0.04008596947,1.145458132,1.151334463,1,91.50153399,1.624082934,-49.43584064,11.80806122,38.01154051,-144.686276,45.1465906
0.09586825228,0.04394967737,1.277711531,1.314983556,1,63.21876255,1.833501707,-109.840538,0,24.96107359,-243.1839428,45.82361501
0.09586825228,0.04781338527,1.486159262,1.666534429,1,104.1008064,2.232936711,-99.12589311,0,56.57276305,-228.4682125,48.27449559
0.09586825228,0.05167709317,1.898507271,1.814724497,1,56.15985416,2.626319642,-117.7723932,0,104.591877,-226.1902398,43.70743728
0.09586825228,0.05554080107,2.107256996,2.08542932,1,19.07412196,2.964717102,-64.26453193,0,51.55870985,-183.7775157,44.70171334
0.09586825228,0.05940450897,2.171411902,2.276487757,1,-83.76150195,3.146017507,-57.57064011,8.289215885,-38.62671445,-86.88661889,46.3532867
0.09586825228,0.06326821687,1.634384677,2.198697698,1,-125.0139168,2.739613995,-24.12558156,21.63087782,-0.1893196178,19.088935,53.37502222
0.09586825228,0.06713192477,1.687663168,2.109519488,1,-66.15951561,2.701532794,49.28584664,0,152.698004,-29.15347738,51.3394038
0.09586825228,0.07099563267,1.968744118,2.501764334,1,-10.28357089,3.183516639,44.01659651,0,199.427767,-147.7629001,51.79929686
0.09586825228,0.07485934057,2.418461093,2.850499444,1,-12.67545372,3.738221654,-18.36413568,0,275.5667833,-273.0546909,49.68758856
0.09586825228,0.07872304847,2.984479425,3.485814245,1,-127.5283114,4.588901654,-119.574499,0,321.0344412,-441.2907978,49.43057058
0.09586825228,0.08258675637,3.166112255,4.093517249,1,-120.9249877,5.175050751,-176.6039221,0,225.877123,-447.6053756,52.28000439
0.09586825228,0.08645046427,3.38998382,4.532884702,1,-182.4405451,5.66030335,-306.4805418,0,239.6446647,-431.3864144,53.20848777
0.09586825228,0.09031417218,3.387132264,4.576117056,1,-310.8277303,5.693286598,-296.7008982,0,229.402056,-319.1269888,53.4920415
0.09586825228,0.09417788008,3.075378798,4.619532565,1,-215.9682792,5.549597812,-179.9376023,0,305.7615835,-122.9316037,56.34695325
0.09586825228,0.09804158798,3.734067363,4.355862529,2,173.3461853,5.737316223,-918.0917054,0,-55.61254636,130.9491166,49.39513476
0.09586825228,0.1019052959,3.530267189,0.5663452532,2,-1310.423953,3.575406742,-367.9620541,0,1383.482651,521.3228073,9.114052084
0.09586825228,0.1057690038,4.016344831,0.9199255841,2,-302.5743586,4.120350578,176.7645577,0,476.427207,224.3341777,12.90081085
0.09586825228,0.1096327117,4.201983813,0.3825501364,2,-634.0462928,4.219361631,796.576464,0,-4.631342122,928.0522967,5.201888569
0.09586825228,0.1134964196,1.548681007,0.4119413705,2,-1632.666381,1.60253192,823.1991192,178.7619527,979.9582271,161.4329529,14.89548127
0.09586825228,0.1173601275,1.680110161,2.939421301,1,-386.2353538,3.38570048,-734.027033,0,82.58538431,-1199.861151,60.24864128
0.09586825228,0.1212238354,0.3754662209,2.211788331,2,-784.2250907,2.243430967,-109.4921651,0,108.8924966,267.1579279,80.36549536
0.09973196018,0.01690372206,1.022833714,-1.126973512,1,-260.5997064,1.521925787,95.24013073,0,-92.79182162,-474.9319136,-47.77332323
0.09973196018,0.02076742997,0.3401328944,-0.02548439565,1,-81.26082944,0.3410862651,101.8457409,0,-71.57723487,-271.4535242,-4.284869863
0.09973196018,0.02463113787,0.4323120771,0.3153458081,1,-4.734727828,0.5351043923,34.20928934,0,-4.376602995,-96.40370954,36.10851472
0.09973196018,0.02849484577,0.3049293735,0.47916608,1,-4.056863689,0.5679630754,43.77211267,0,-28.2523667,-61.54317484,57.52833924
0.09973196018,0.03235855367,0.3074786484,0.7222533164,1,54.6759506,0.7849795999,10.76553852,9.345509127,8.059806665,-88.56873445,66.93951051
0.09973196018,0.03622226157,0.5473220145,0.8629646953,1,77.96674599,1.02189503,-7.259689019,13.19446791,20.67986768,-82.09756438,57.61571848
0.09973196018,0.04008596947,0.688620349,1.011405007,1,38.78330411,1.223575937,-36.16788287,2.089203342,-7.461109751,-133.6394611,55.75080542
0.09973196018,0.04394967737,0.6683418242,1.239566402,1,27.90683953,1.408263349,-22.28934347,0,24.14320874,-167.0448793,61.66761339
0.09973196018,0.04781338527,0.8897265317,1.570698114,1,74.25549403,1.805188596,-7.439716447,0,82.20103609,-183.8273974,60.4704887
0.09973196018,0.05167709317,1.272844156,1.921076879,1,79.37910497,2.304488798,-31.6541332,0,125.8397104,-170.4025529,56.47281727
0.09973196018,0.05554080107,1.68263209,2.10678148,1,58.01014436,2.696252762,-52.56761486,0,53.23618011,-140.9270899,51.38653918
0.09973196018,0.05940450897,1.702667459,2.26247208,1,13.98316315,2.831581959,-66.56649548,0,9.900426423,-140.3904875,53.03599713
0.09973196018,0.06326821687,1.774911304,2.392015821,1,-3.723505999,2.978598634,36.76819168,0,55.15979379,-30.94249587,53.42403558
0.09973196018,0.06713192477,1.90140225,2.524086399,1,-51.04094291,3.160117508,81.02817757,0,79.04045136,-39.53319314,53.00916986
0.09973196018,0.07099563267,1.883093226,2.857829742,1,-54.3841905,3.422459777,55.07306797,0,70.6700946,-130.3473917,56.61814528
0.09973196018,0.07485934057,1.964326226,3.240496894,1,-33.20761542,3.789379586,40.6931336,0,82.46776283,-258.706156,58.77657089
0.09973196018,0.07872304847,2.073420047,4.014621142,1,-25.35678068,4.518434862,0.9637113071,0,50.54529929,-336.0603312,62.68513109
0.09973196018,0.08258675637,2.061647305,4.54265935,1,-34.87766542,4.988601365,-64.86923785,0,18.97572775,-349.4684837,65.58948156
0.09973196018,0.08645046427,2.011979604,5.114229497,1,-28.37835069,5.495762484,-138.5779624,0,48.61187317,-370.8721108,68.52491905
0.09973196018,0.09031417218,2.139823725,5.440176086,1,-25.17811397,5.845884144,-197.9088952,0,109.1963086,-329.8320242,68.52843894
0.09973196018,0.09417788008,2.336601367,5.623941933,1,-42.02559122,6.090026996,-156.9340789,0,172.6885454,-218.0917127,67.43838824
0.09973196018,0.09804158798,2.644667214,5.676471319,1,-26.78178154,6.262315171,-438.4116927,0,323.1285864,59.79143683,65.01919478
0.09973196018,0.1019052959,3.481598858,3.699030565,2,-364.9187074,5.079798985,-456.3472681,0,959.3635213,269.937085,46.73440418
0.09973196018,0.1057690038,4.941428337,2.870320725,2,109.2590513,5.714582669,-399.3167771,0,1306.890118,217.6879427,30.15096023
0.09973196018,0.1096327117,8.953185592,1.315104554,1,-911.9074697,9.049255893,338.5562634,146.4264792,165.7465211,-8.205319534,8.356236882
0.09973196018,0.1134964196,2.058480385,4.210106193,1,-1599.174463,4.686399007,521.235149,255,-441.1594505,-51.45052594,63.94423936
0.09973196018,0.1173601275,1.069931329,3.527794721,1,-573.3284275,3.686473741,93.66257903,99.38830615,47.73255956,258.4684142,73.12817537
0.09973196018,0.1212238354,0.02773147773,3.573344586,1,-630.7708068,3.573452191,261.9664718,0,91.2891078,238.3881548,89.55535642
0.1035956681,0.01690372206,-0.561808877,-0.3298381557,1,-62.97713083,0.6514771088,-219.1673011,0,245.4444228,-450.565066,-149.5827924
0.1035956681,0.02076742997,-0.2093087183,0.1171885306,1,83.77774261,0.2398818277,-27.50311132,0,121.6115845,-190.9259425,150.7562485
0.1035956681,0.02463113787,0.2317554888,0.3015799281,1,75.55794814,0.3803433444,-15.22513954,10.26549232,45.69917666,-86.10672193,52.45875969
0.1035956681,0.02849484577,0.2591933928,0.3910542605,1,28.56574007,0.4691531194,22.28785277,0,-28.8783988,-49.64062092,56.46331509
0.1035956681,0.03235855367,0.2305474668,0.5794905402,1,59.40495912,0.6236677165,14.44021087,9.826909982,-14.66370849,-72.15268898,68.30510676
0.1035956681,0.03622226157,0.4320605163,0.7256239317,1,57.40503844,0.8445154706,4.774974827,9.945317334,9.583640689,-96.98453327,59.22903071
0.1035956681,0.04008596947,0.4893721556,0.9726595555,1,33.39687563,1.088830436,42.36905964,0,-3.860770535,-106.4046232,63.29175609
0.1035956681,0.04394967737,0.5461793989,1.300441986,1,27.36742071,1.410482646,104.4475053,0,39.35264562,-83.08585545,67.21782779
0.1035956681,0.04781338527,0.7471590031,1.697233683,1,73.70846645,1.854413317,112.4553946,0,74.2426397,-67.11116109,66.23986689
0.1035956681,0.05167709317,1.117819257,1.994234705,1,81.87799451,2.286152215,24.67789043,2.617821597,76.64614573,-71.02044978,60.72826112
0.1035956681,0.05554080107,1.359649976,2.066984116,1,44.07605282,2.474079909,-24.27907434,5.24370733,21.65648217,-93.24871589,56.66331672
0.1035956681,0.05940450897,1.371790571,2.260713254,1,36.42706228,2.644358862,8.039167321,0,40.50512189,-84.9340755,58.75081332
0.1035956681,0.06326821687,1.656893464,2.426205569,1,50.68845032,2.937987307,10.61637981,0,72.56028064,-80.33323463,55.67022427
0.1035956681,0.06713192477,1.847987667,2.612115998,1,-11.49886083,3.199720051,19.64903024,0,16.93732962,-124.9612791,54.72182703
0.1035956681,0.07099563267,1.677906119,2.984937564,1,-57.7822637,3.424211034,27.58254006,8.67437996,-12.58154703,-149.7909405,60.65859857
0.1035956681,0.07485934057,1.576122456,3.297435317,1,-1.215359398,3.654756033,29.00314525,0,4.284392886,-176.5352048,64.4529306
0.1035956681,0.07872304847,1.689763968,3.779077711,1,55.91980228,4.139653441,40.45229369,0,-58.73837159,-219.44202,65.9088337
0.1035956681,0.08258675637,1.565232327,4.30159103,1,52.51857249,4.57751435,34.51218837,0,-121.9198905,-237.577409,70.00492552
0.1035956681,0.08645046427,1.421617547,4.830352438,1,76.66071404,5.035206165,20.56877556,0,-132.8597923,-184.8581265,73.60035463
0.1035956681,0.09031417218,1.348095505,5.095300574,1,139.3189205,5.270621351,-34.05674852,18.32498565,-86.3203133,-194.2067518,75.18046143
0.1035956681,0.09417788008,1.626388684,5.449125271,1,229.8833167,5.686660388,-93.86523739,36.97069029,9.03065111,-252.3951842,73.38132724
0.1035956681,0.09804158798,2.271189289,5.707813982,1,237.1146679,6.143080762,-64.8681861,38.32042315,69.23457949,-125.3954562,68.30195646
0.1035956681,0.1019052959,2.810032692,5.682984962,1,-59.49714087,6.339763546,-108.7491842,0,329.5472602,-67.18502143,63.68925201
0.1035956681,0.1057690038,3.314584069,5.547222198,1,18.79984409,6.462053982,-359.9449135,0,671.8141313,-65.74705563,59.1407785
0.1035956681,0.1096327117,5.478363365,4.546290375,1,-497.2001004,7.119074472,-624.7008332,0,509.9359228,-453.6089468,39.6880209
0.1035956681,0.1134964196,3.363791567,4.886173125,1,-401.9985235,5.932097564,493.6150863,0,-228.9295814,288.4419237,55.45528268
0.1035956681,0.1173601275,3.040641461,5.339019544,2,-707.5845333,6.144154147,577.8988984,0,434.5045674,548.019879,60.33792129
0.1035956681,0.1212238354,2.308690345,5.001616928,2,-515.4432483,5.5087406,408.3074429,0,136.5579209,582.9596809,65.22248189
0.107459376,0.01690372206,-1.564816524,0.06467728162,1,210.0141698,1.566152581,-15.80470226,0,339.200929,-44.80132313,177.6331876
0.107459376,0.02076742997,-0.5038131664,0.1206945182,1,202.253214,0.5180684061,-4.98131016,0,213.3092274,-40.00025017,166.5279948
0.107459376,0.02463113787,0.04079536336,0.1999802368,1,121.6238646,0.2040988897,-7.907366841,18.56948847,60.34109016,-43.24238495,78.47003601
0.107459376,0.02849484577,0.199246267,0.2572187068,1,37.28543406,0.3253621645,8.993362308,4.442327242,-25.97528108,-52.11202907,52.23798852
0.107459376,0.03235855367,0.08449449076,0.4360736202,1,23.56713818,0.4441841073,43.64552344,0,-25.6881712,-65.31149064,79.03414141
0.107459376,0.03622226157,0.191051215,0.678196783,1,56.07709385,0.7045931047,36.17217253,4.030544747,36.24643432,-75.47672428,74.26722286
0.107459376,0.04008596947,0.441205636,0.8674523449,1,93.97074011,0.9732091162,76.04815604,3.757635559,50.92266256,-81.23004489,63.04109476
0.107459376,0.04394967737,0.7508769996,1.28587381,1,98.15351951,1.489055985,104.696073,0,63.27632584,-77.85128226,59.71750736
0.107459376,0.04781338527,1.064923405,1.572762004,1,79.21442114,1.899379419,90.69107486,0,9.537899759,-68.47953236,55.89791488
0.107459376,0.05167709317,1.093790043,1.900862543,1,49.14837611,2.19309258,13.08870814,8.267427756,-6.801584447,-102.7059677,60.08311349
0.107459376,0.05554080107,1.228539038,2.020158808,1,67.53035833,2.364392052,-1.946075236,11.6750168,13.16361731,-99.61545868,58.69454957
0.107459376,0.05940450897,1.405567994,2.278228512,1,48.14137684,2.676928564,51.02623662,0,23.55314815,-67.08915635,58.32721746
0.107459376,0.06326821687,1.505545741,2.476522185,1,26.94106301,2.89824604,3.456518451,4.66055947,-3.922115868,-88.61229994,58.70343495
0.107459376,0.06713192477,1.494506482,2.633955533,1,3.858394855,3.028410701,-16.22155707,0,-28.35043203,-160.1118141,60.42942167
0.107459376,0.07099563267,1.410915663,3.032472108,1,6.86751829,3.344633028,7.748146487,0,-32.80142496,-154.7358751,65.048895
0.107459376,0.07485934057,1.394305442,3.26174633,1,34.97156317,3.547263282,8.645584099,0,-42.49274161,-130.894815,66.85464537
0.107459376,0.07872304847,1.381856027,3.57161545,1,58.5433575,3.829616561,-10.29199026,0,-88.88799994,-167.3778174,68.84857371
0.107459376,0.08258675637,1.277062607,3.868680082,1,100.7132849,4.074012086,11.3749816,0,-101.9148472,-178.3619318,71.73179223
0.107459376,0.08645046427,1.377213541,4.304703462,1,133.8006111,4.51964479,42.92600344,0,-138.7653684,-138.1673741,72.25884873
0.107459376,0.09031417218,1.257880236,4.568371995,1,97.83248843,4.738384258,6.28029947,0,-195.7853645,-114.3106702,74.60535156
0.107459376,0.09417788008,0.99875224,4.770631744,1,246.994119,4.874057168,-45.7948182,40.51019141,-78.33130682,-164.7115974,78.17565909
0.107459376,0.09804158798,1.909544076,5.027831694,1,359.8892219,5.378238571,-26.33021184,60.42777945,106.7837989,-138.0241489,69.20348584
0.107459376,0.1019052959,2.801840478,5.202184491,1,238.3864513,5.908725204,-24.45935977,36.00082895,120.6300357,-119.0693823,61.69357334
0.107459376,0.1057690038,3.296678913,5.393377186,1,274.5536348,6.321124056,-101.8763942,15.54890918,239.2199601,-102.9632965,58.56481783
0.107459376,0.1096327117,4.786911575,5.206383964,1,169.1526668,7.072549499,-349.218652,0,292.4353637,-216.0348898,47.40360118
0.107459376,0.1134964196,5.080120233,4.878794032,1,-100.4714301,7.043454606,580.6210544,0,264.3660737,-127.017698,43.84188473
0.107459376,0.1173601275,5.420152605,7.940493402,1,-200.0139739,9.614025677,384.0530595,0,-116.3717803,69.9266675,55.68269362
0.107459376,0.1212238354,3.857698096,6.092486654,2,-447.5806417,7.211118376,-279.5827944,0,-361.2043645,677.0147515,57.65844192
0.1113230839,0.01690372206,NaN,NaN,0,78.56340751,0.8137787593,143.1302285,0,135.1528146,147.9939552,167.9922528
0.1113230839,0.02076742997,NaN,NaN,0,86.18271426,0.415137051,17.15366847,0,128.6628865,44.20037101,157.344599
0.1113230839,0.02463113787,0.03412778869,0.06480118815,1,50.23755862,0.07323865063,-15.65595107,0,72.88245975,-12.2208049,62.2262982
0.1113230839,0.02849484577,0.09259545933,0.1466333356,1,1.24405529,0.1734221848,20.82239184,0,27.92707058,-63.13354695,57.72856482
0.1113230839,0.03235855367,0.1468364982,0.3891824121,1,16.38765486,0.415961425,67.66448033,0,32.16771078,-62.35847513,69.32876992
0.1113230839,0.03622226157,0.2801992091,0.6490040558,1,49.2422201,0.7069072508,50.12149497,0,34.23053739,-57.84524496,66.64834482
0.1113230839,0.04008596947,0.4693508507,0.8063343582,1,53.49693947,0.9329873088,38.49619148,0,42.18850813,-95.23095726,59.79718444
0.1113230839,0.04394967737,0.649899829,1.165686697,1,70.73741292,1.334614275,9.866576123,11.64395819,23.37608476,-151.0383408,60.85922731
0.1113230839,0.04781338527,0.8329779153,1.428023957,1,12.75588853,1.653210401,-5.40178752,0,18.73316731,-163.8955763,59.74464233
0.1113230839,0.05167709317,0.7715643428,1.778060401,1,33.35613755,1.938249294,-25.48993672,3.786032925,1.394926274,-136.4980573,66.54224431
0.1113230839,0.05554080107,0.9672458752,1.856926909,1,89.11766961,2.093738792,-27.2251018,12.06860819,50.1692052,-127.5564752,62.48565664
0.1113230839,0.05940450897,1.309728142,2.165711521,1,63.830744,2.530947292,12.97392461,9.715461396,29.5071926,-103.5028804,58.8362757
0.1113230839,0.06326821687,1.327876398,2.306959261,1,26.06806237,2.661825832,-18.11838386,0,-63.08978287,-101.4474001,60.07544375
0.1113230839,0.06713192477,1.166687028,2.487670499,1,11.75726064,2.747665033,-10.91833761,0,-68.15073893,-146.7228826,64.8739973
0.1113230839,0.07099563267,1.109988471,2.831668354,1,59.96497602,3.041450324,-30.29345067,0,-76.24464644,-162.4114533,68.59526824
0.1113230839,0.07485934057,1.103787136,2.99813587,1,61.56440371,3.194865371,-40.58542874,0,-89.17744935,-138.3613646,69.78842182
0.1113230839,0.07872304847,1.003299728,3.20944601,1,67.07570264,3.362611193,-39.66864817,0,-114.6319913,-174.3991345,72.64031812
0.1113230839,0.08258675637,0.9200435281,3.518695115,1,90.92414761,3.636989882,-22.46958207,7.25875529,-77.89702858,-169.4245574,75.34676313
0.1113230839,0.08645046427,1.053632711,3.777237109,1,101.8114167,3.921436225,-19.39024988,2.352076553,-99.05391547,-133.8274311,74.41394378
0.1113230839,0.09031417218,0.9306977075,3.960846956,1,80.21219098,4.068722997,-26.77198483,0,-142.4786286,-134.1625418,76.77683786
0.1113230839,0.09417788008,0.8130533836,4.192162853,1,564.5949615,4.270279287,270.0887399,55.73430939,-382.0049837,71.04636309,79.02397785
0.1113230839,0.09804158798,1.636172047,4.72988856,1,1823.476529,5.004888086,828.3169176,129.1070332,-1450.149608,560.2206373,70.91837628
0.1113230839,0.1019052959,2.255479557,5.228008569,1,135.973324,5.693791499,-48.52763224,15.14337592,93.59146519,-224.7352177,66.66355476
0.1113230839,0.1057690038,2.523143337,5.4107032,1,114.9589091,5.970088895,-409.3431116,0,153.9302665,-356.1843662,64.99920849
0.1113230839,0.1096327117,3.29438879,5.022618705,1,357.6483894,6.006637674,-197.550078,0,313.5304802,-426.6293702,56.73870702
0.1113230839,0.1134964196,5.116382438,6.295798671,1,122.3700855,8.112610564,21.36226987,0,265.9350783,-144.1703894,50.90040752
0.1113230839,0.1173601275,4.794686519,5.662188548,1,150.7780213,7.41952815,-576.5993631,0,-480.0293866,-328.0171558,49.74239636
0.1113230839,0.1212238354,NaN,NaN,0,-7.733168049,6.576034067,-211.0675252,0,-484.2476992,-41.88345442,54.22631746
0.1151867918,0.01690372206,NaN,NaN,0,15.52130774,0.5233253966,70.10340934,0,74.15350253,69.32525819,147.2218069
0.1151867918,0.02076742997,NaN,NaN,0,16.09731824,0.3902383491,27.20620176,0,80.46418343,26.13176769,133.124024
0.1151867918,0.02463113787,NaN,NaN,0,-9.398319605,0.2951580558,-3.807915677,0,87.69807981,-23.34577688,103.102854
0.1151867918,0.02849484577,NaN,NaN,0,-24.79035398,0.3620850893,16.74155194,0,69.28326813,-37.49899423,84.33083052
0.1151867918,0.03235855367,NaN,NaN,0,-13.44007857,0.5080117247,24.48594804,0,45.90645068,-42.77636804,78.07219738
0.1151867918,0.03622226157,0.1612089012,0.6201960259,1,2.264467297,0.6408052905,22.42444654,0,28.01828989,-62.13596299,75.42942395
0.1151867918,0.04008596947,0.2219990732,0.8237598694,1,-8.532990392,0.8531494071,23.20329512,0,19.97837835,-101.7252604,74.9174027
0.1151867918,0.04394967737,0.205430537,1.102883473,1,31.65621048,1.12185278,38.82721111,0,17.21103683,-161.0058543,79.44861934
0.1151867918,0.04781338527,0.4108078427,1.595856463,1,53.76939874,1.647883774,2.955823271,9.131965235,14.16669284,-171.6149008,75.56425036
0.1151867918,0.05167709317,0.4679157508,1.777373759,1,69.61968487,1.837934337,-33.83133164,10.49143273,-12.7571064,-104.7002643,75.25083531
0.1151867918,0.05554080107,0.6305082364,1.869673318,1,95.70541035,1.97312416,-41.7349984,11.47094085,56.44760355,-137.0420417,71.364397
0.1151867918,0.05940450897,1.055790553,2.145612335,1,79.17125294,2.391306334,-96.08860902,0,27.73906508,-163.9946212,63.79960451
0.1151867918,0.06326821687,1.043578477,2.132042314,1,7.395934762,2.373743976,-98.64237553,0,-51.48925204,-145.1267457,63.91947098
0.1151867918,0.06713192477,0.8854268544,2.325214363,1,-23.02829048,2.488092151,-36.90087546,0,-74.60286671,-133.7393553,69.15348463
0.1151867918,0.07099563267,0.6663602034,2.506197913,1,39.29262696,2.593272816,-40.9930011,0,-86.53210684,-132.6431692,75.11040868
0.1151867918,0.07485934057,0.7029073027,2.679323842,1,31.9931848,2.769991864,-31.77963117,0,-60.87724195,-125.8219588,75.30000297
0.1151867918,0.07872304847,0.5547606436,2.869549997,1,27.22410752,2.92268311,-3.870779318,0,-70.51609603,-142.8772834,79.05818073
0.1151867918,0.08258675637,0.5356397047,3.21640437,1,104.6263898,3.260700379,23.61781305,16.12922451,-44.97785032,-146.9614621,80.54509075
0.1151867918,0.08645046427,0.7852251769,3.528618491,1,66.61063041,3.614931124,39.70929176,6.135380614,-40.61577479,-87.51444233,77.45436251
0.1151867918,0.09031417218,0.6360762337,3.707959716,1,239.9851248,3.762121507,-337.169028,0,156.414783,287.9746153,80.26602695
0.1151867918,0.09417788008,2.316798633,1.113246057,2,861.500048,2.570383763,-1500.87682,0,856.6348456,1431.141717,25.66477319
0.1151867918,0.09804158798,7.274447596,-7.620503472,1,1520.902223,10.53516307,898.9881989,0,-1668.627155,-116.9238244,-46.3309191
0.1151867918,0.1019052959,1.746032645,5.038433368,1,-793.9195578,5.33239541,1585.529581,0,-1001.128988,-1821.677936,70.88661119
0.1151867918,0.1057690038,0.3389043489,5.543951127,1,198.8089957,5.554300159,-158.1151064,20.28485762,-35.95199907,-157.4659584,86.50183509
0.1151867918,0.1096327117,2.37526451,5.03592525,1,443.7468943,5.567982095,-293.994865,0,660.5604945,-265.4047383,64.74843671
0.1151867918,0.1134964196,4.605625532,5.433487229,1,63.0816904,7.122820369,-466.830302,0,-179.6241175,-587.7795556,49.71415157
0.1151867918,0.1173601275,1.924978614,5.503237837,1,499.89274,5.830194624,-189.0916997,0,-946.4213542,116.8614323,70.72066377
0.1151867918,0.1212238354,NaN,NaN,0,689.8292675,5.135241588,-449.8400847,0,-195.2831952,198.1717076,55.8817714
0.1190504997,0.01690372206,NaN,NaN,0,-6.702743103,0.4720933998,40.21473181,0,48.23756903,33.60911762,123.0203659
0.1190504997,0.02076742997,NaN,NaN,0,-5.497726874,0.4452989526,25.57018271,0,53.7609675,14.15268064,113.4241801
0.1190504997,0.02463113787,NaN,NaN,0,-9.931213908,0.4456114865,15.11669988,0,58.95582053,-11.15491085,99.14025181
0.1190504997,0.02849484577,NaN,NaN,0,-14.8057229,0.5102568968,19.56509949,0,52.84012133,-26.64096913,88.60807837
0.1190504997,0.03235855367,NaN,NaN,0,-13.8270792,0.6231525529,25.09540615,0,43.42837068,-36.6077498,82.97920606
0.1190504997,0.03622226157,NaN,NaN,0,-16.67748778,0.7591677496,31.12626041,0,39.91870002,-46.00531902,80.38774856
0.1190504997,0.04008596947,NaN,NaN,0,-14.1056596,0.9313997687,35.79776553,0,27.32398049,-57.73038697,79.7357256
0.1190504997,0.04394967737,NaN,NaN,0,-3.476439851,1.124032063,40.33834684,0,7.452825233,-52.45249545,80.89677346
0.1190504997,0.04781338527,0.1813285049,1.275010669,1,44.83507121,1.287840143,14.7848627,5.318316442,-29.69896814,-75.77730847,81.90583103
0.1190504997,0.05167709317,0.2363187211,1.459780542,1,50.69137579,1.478785234,20.68144811,6.744646144,-26.05827454,-90.67157156,80.8043653
0.1190504997,0.05554080107,0.2765036128,1.705246211,1,35.11679393,1.72751813,9.846856336,5.092951857,-17.38155336,-121.4291205,80.7897199
0.1190504997,0.05940450897,0.3048425103,1.96699257,1,54.87335154,1.990474498,-70.36096947,0,-26.52749611,-167.2103944,81.19044289
0.1190504997,0.06326821687,0.3860237184,2.0794441,1,40.9534756,2.114970939,-69.15263619,0,11.46780331,-152.3392641,79.48344421
0.1190504997,0.06713192477,0.5073830197,2.288401402,1,28.76184456,2.343974937,-32.3626911,0,-15.02237181,-101.227689,77.49864825
0.1190504997,0.07099563267,0.4391090278,2.345518336,1,33.99782605,2.386267588,2.006683014,0,-37.23885567,-88.81546914,79.39628988
0.1190504997,0.07485934057,0.494860628,2.639311669,1,15.34917799,2.685303172,2.948664163,0,-16.07411607,-122.911802,79.38056094
0.1190504997,0.07872304847,0.4363080788,2.831806414,1,-6.060107254,2.865221161,37.96170078,0,-7.238240504,-40.03497219,81.24107872
0.1190504997,0.08258675637,0.4434796967,2.94066803,1,97.33590161,2.973920427,99.82661774,0,14.63412955,-37.64215593,81.4238981
0.1190504997,0.08645046427,0.8689275728,3.362945601,1,106.738746,3.473390021,84.57291041,10.20754586,-29.83200839,-95.89816913,75.5126052
0.1190504997,0.09031417218,0.7406248664,3.637955566,1,18.795076,3.712579412,95.01426934,0,-102.9914657,-114.7374904,78.492825
0.1190504997,0.09417788008,0.5436173166,4.173365132,1,191.0814916,4.208621664,-1714.849126,0,822.7672735,1192.067534,82.57850957
0.1190504997,0.09804158798,4.65784035,-7.5935213,1,-1831.536635,8.908256982,-73.34361951,0,2038.450303,-139.0956722,-58.47518768
0.1190504997,0.1019052959,1.343071292,4.427411857,1,545.6597567,4.626642006,1986.206459,0,-1413.740407,-1144.769511,73.12463751
0.1190504997,0.1057690038,1.303830284,4.50365529,2,407.7659323,4.688590873,452.1977824,0,-462.128005,81.33349765,73.85401087
0.1190504997,0.1096327117,1.133032123,5.860323124,1,127.0851155,5.968848207,36.63359752,0,-194.9350386,-184.5008815,79.0574723
0.1190504997,0.1134964196,1.041678,5.358054323,1,641.2925598,5.45837331,-1254.601696,0,234.18194,242.9933387,78.99816853
0.1190504997,0.1173601275,4.515609864,0.07405335581,1,849.2821681,4.516217039,-664.4458012,65.6797417,-375.5920528,226.5430609,0.9395329909
0.1190504997,0.1212238354,NaN,NaN,0,-59.17416189,3.452094099,261.697654,0,-791.6829246,-691.5215382,33.703161
0.1229142076,0.01690372206,NaN,NaN,0,-12.72860456,0.5191982384,25.86746653,0,34.20144265,16.4525509,107.3424719
0.1229142076,0.02076742997,NaN,NaN,0,-11.07056224,0.5261240161,21.39450092,0,37.77000351,6.37334454,102.4339131
0.1229142076,0.02463113787,NaN,NaN,0,-10.02308625,0.5560327975,19.13943302,0,41.52411347,-8.78557804,95.32525192
0.1229142076,0.02849484577,NaN,NaN,0,-10.67424451,0.6217350093,21.30673998,0,39.69302598,-21.30222165,89.22318343
0.1229142076,0.03235855367,NaN,NaN,0,-10.38502757,0.7208062304,25.20431666,0,35.0482107,-31.00834299,85.18408597
0.1229142076,0.03622226157,NaN,NaN,0,-10.30277822,0.8452550349,29.6540034,0,30.16525761,-39.08059635,82.95151616
0.1229142076,0.04008596947,NaN,NaN,0,-8.211944001,0.9933604149,33.77580921,0,22.42224197,-45.48582356,82.05773004
0.1229142076,0.04394967737,NaN,NaN,0,-4.023426628,1.156045416,37.58872037,0,13.83084961,-46.28066558,82.1133662
0.1229142076,0.04781338527,NaN,NaN,0,-2.158243501,1.319554671,41.0941504,0,12.21836023,-45.79765828,82.37234433
0.1229142076,0.05167709317,NaN,NaN,0,-0.6251989351,1.493947082,39.05037862,0,6.897959025,-53.8542461,82.40347027
0.1229142076,0.05554080107,NaN,NaN,0,-0.584817579,1.678718025,33.57264289,0,-14.84340897,-57.0832031,83.17868567
0.1229142076,0.05940450897,0.137884197,1.831103237,1,19.77195576,1.836287318,29.58276043,0,-22.77127384,-61.33592671,85.6936884
0.1229142076,0.06326821687,0.1877984718,2.018118289,1,47.55017214,2.026837362,19.624118,7.321306215,12.33749434,-64.4768835,84.68358148
0.1229142076,0.06713192477,0.3692726472,2.156044941,1,51.49259103,2.187439616,-3.319333676,8.696289891,-14.44063409,-58.40680408,80.28107144
0.1229142076,0.07099563267,0.3309564106,2.230960183,1,27.67656106,2.255374799,28.64544311,0,-61.28879863,-75.36564725,81.56187859
0.1229142076,0.07485934057,0.2394047793,2.557913412,1,71.57469569,2.569092383,46.01151537,9.262041465,-15.72323811,-118.0893607,84.65304798
0.1229142076,0.07872304847,0.5467501285,2.864998035,1,83.84189237,2.916701809,25.21408059,10.2327543,55.01371875,-62.51394546,79.19570616
0.1229142076,0.08258675637,0.775902301,2.89686888,1,25.25738291,2.998978774,20.36941327,0,25.13916927,-14.81724076,75.00574616
0.1229142076,0.08645046427,0.7414676853,3.000948988,1,44.78814884,3.09119219,-0.9477747817,0,-100.7009761,-89.08673921,76.12144887
0.1229142076,0.09031417218,0.5598714686,3.237412093,1,30.97045502,3.285466956,32.98299502,0,-146.0268803,-110.1298981,80.18842953
0.1229142076,0.09417788008,0.2969232661,3.553895403,1,920.5359012,3.566277606,506.8309718,83.57708888,604.8829218,-552.92397,85.22410523
0.1229142076,0.09804158798,6.453644227,7.331995634,1,-821.1378439,9.767685692,-1353.610762,0,2037.631451,221.5631597,48.64566996
0.1229142076,0.1019052959,4.997099229,-2.532116524,1,-391.0888358,5.602018814,-944.2300685,0,-657.989138,388.4432903,-26.87212055
0.1229142076,0.1057690038,2.400313371,2.182935049,2,-214.5559991,3.244489129,843.2825797,0,-611.8912362,-793.4482816,42.28456047
0.1229142076,0.1096327117,1.803948517,3.791733436,2,115.6830748,4.198984723,456.8080552,0,-556.5153239,22.61486437,64.55684483
0.1229142076,0.1134964196,0.6970663276,3.860530711,2,-224.4602016,3.922957919,-563.3372732,0,-182.1176818,218.56754,79.76482267
0.1229142076,0.1173601275,0.2330503364,0.770681632,1,-80.31642354,0.8051475872,-876.6476903,0,215.5722829,-245.2964153,73.1749415
0.1229142076,0.1212238354,NaN,NaN,0,299.1216946,1.872777193,-131.5907056,0,211.5820899,-468.3098296,49.3637116
0.1267779155,0.01690372206,NaN,NaN,0,-12.28939089,0.5847277037,17.89750432,0,24.71987288,7.470853073,99.22601473
0.1267779155,0.02076742997,NaN,NaN,0,-10.66462175,0.6013631737,17.35465034,0,26.96169993,1.319995758,96.65910276
0.1267779155,0.02463113787,NaN,NaN,0,-8.416324362,0.6398574833,18.73979128,0,29.67760385,-9.058524201,92.75741497
0.1267779155,0.02849484577,NaN,NaN,0,-7.483141306,0.7048200546,21.31811075,0,29.35965843,-18.77399642,88.99094137
0.1267779155,0.03235855367,NaN,NaN,0,-6.736008345,0.7958375094,24.76111711,0,26.90618854,-27.04280417,86.12789166
0.1267779155,0.03622226157,NaN,NaN,0,-5.936653537,0.9093648616,28.50962732,0,23.27187775,-33.82289981,84.2983526
0.1267779155,0.04008596947,NaN,NaN,0,-4.415911548,1.041873043,32.06274755,0,18.36888017,-38.85164535,83.34624703
0.1267779155,0.04394967737,NaN,NaN,0,-2.247079158,1.187651694,35.14657502,0,13.22997101,-41.38668503,83.02353548
0.1267779155,0.04781338527,NaN,NaN,0,-0.5047167229,1.340523566,37.39086355,0,9.528897515,-42.84018934,83.0091809
0.1267779155,0.05167709317,NaN,NaN,0,1.229744581,1.499583992,37.82263174,0,4.596304343,-44.89519281,83.13980798
0.1267779155,0.05554080107,NaN,NaN,0,3.56546049,1.66056733,38.35440821,0,-2.779518707,-42.85518106,83.58041719
0.1267779155,0.05940450897,NaN,NaN,0,9.361794202,1.811798244,44.99664932,0,-2.358144049,-30.89868924,84.22975357
0.1267779155,0.06326821687,NaN,NaN,0,24.02776416,1.955000519,33.03742354,0,-1.579456728,-26.75920881,83.75321544
0.1267779155,0.06713192477,NaN,NaN,0,21.80755029,2.051354153,-9.823755677,2.952616445,-9.935516193,-24.93607174,82.46800118
0.1267779155,0.07099563267,0.2585958059,2.001782173,1,5.420941567,2.018416126,22.60606808,0,-19.01367877,-46.85137539,82.63913721
0.1267779155,0.07485934057,0.2163728875,2.302017952,1,33.5948749,2.312164328,91.61194709,0,-24.89947372,-94.38570514,84.63039062
0.1267779155,0.07872304847,0.2921922962,2.720422771,1,73.45665355,2.736069515,42.24719501,10.47391763,-9.124983446,-122.9291981,83.86953752
0.1267779155,0.08258675637,0.4649316695,2.940211287,1,65.67439554,2.976743837,-64.86617173,1.411239734,-6.439013499,-85.67399407,81.01429709
0.1267779155,0.08645046427,0.5210605098,2.800818119,1,34.96980716,2.848874548,-62.90523432,0,-40.7621451,-66.49719221,79.4612499
0.1267779155,0.09031417218,0.4425517677,2.954089563,1,-10.78641243,2.98705494,-21.61747011,0,-29.46846148,-61.20537547,81.47988873
0.1267779155,0.09417788008,0.3655274354,2.953774222,1,27.64151015,2.976305169,38.86379235,0,-68.69344481,-89.98617803,82.94555294
0.1267779155,0.09804158798,0.2839390834,3.451928212,1,378.7022169,3.46358626,-735.2787323,0,-681.4823285,-849.7834622,85.29770961
0.1267779155,0.1019052959,-0.804326474,3.396187051,1,-659.8691102,3.490132886,-588.6521672,0,973.6703609,-463.5236043,103.3239942
0.1267779155,0.1057690038,1.496375455,2.968467995,2,380.5979679,3.324295675,-146.1320203,0,600.2496573,-111.6982086,63.24777738
0.1267779155,0.1096327117,2.985382245,3.263144861,2,159.719874,4.422739143,1252.793138,0,-622.1738284,591.980902,47.5452647
0.1267779155,0.1134964196,-0.2904115422,5.521653451,1,-471.8949526,5.529285279,-353.3771427,32.17697627,-253.9975728,176.1307873,93.01069932
0.1267779155,0.1173601275,0.1807455595,1.217280888,1,-127.0955456,1.230626555,-525.971314,0,345.6548589,494.8996724,81.55425643
0.1267779155,0.1212238354,NaN,NaN,0,9.614405946,1.671781264,-30.7855229,0,183.6156483,-217.1480929,70.64588337
0.1306416234,0.01690372206,NaN,NaN,0,-9.193003472,0.6411050135,12.87972005,0,17.27841896,2.230688609,95.07823503
0.1306416234,0.02076742997,NaN,NaN,0,-7.774589007,0.6604427408,13.99346763,0,18.78693996,-2.112353192,93.57032581
0.1306416234,0.02463113787,NaN,NaN,0,-5.494448136,0.7009605465,17.14697102,0,20.86494359,-9.994518102,91.16073124
0.1306416234,0.02849484577,NaN,NaN,0,-4.105988011,0.7642458305,20.46479464,0,21.16181535,-17.69243566,88.63099027
0.1306416234,0.03235855367,NaN,NaN,0,-3.139210966,0.8498191373,24.01241372,0,19.94500728,-24.56597748,86.51222444
0.1306416234,0.03622226157,NaN,NaN,0,-2.291916033,0.9553494447,27.56064121,0,17.64718468,-30.31655336,85.00436821
0.1306416234,0.04008596947,NaN,NaN,0,-1.267969497,1.077600639,30.81897865,0,14.55142995,-34.711173,84.0861978
0.1306416234,0.04394967737,NaN,NaN,0,-0.0442617335,1.21239508,33.54396863,0,11.19125673,-37.57423984,83.6299273
0.1306416234,0.04781338527,NaN,NaN,0,1.156711186,1.35543358,35.50009704,0,8.07095448,-39.28122123,83.47205556
0.1306416234,0.05167709317,NaN,NaN,0,2.483433494,1.503503864,36.49487656,0,4.737879541,-40.03115473,83.50128187
0.1306416234,0.05554080107,NaN,NaN,0,4.255120755,1.652373336,37.02570891,0,1.487173848,-38.54363908,83.67644339
0.1306416234,0.05940450897,NaN,NaN,0,6.924743394,1.796150408,37.25823981,0,0.8549260915,-34.39820565,83.85225059
0.1306416234,0.06326821687,NaN,NaN,0,9.30497121,1.930859246,31.44957358,0,1.724907771,-32.62829969,83.69480088
0.1306416234,0.06713192477,NaN,NaN,0,1.89827011,2.046930091,22.01745089,0,4.630164793,-34.24262005,83.4083824
0.1306416234,0.07099563267,NaN,NaN,0,-23.76203748,2.149687383,34.52352138,0,22.13586927,-42.73628684,83.66285555
0.1306416234,0.07485934057,NaN,NaN,0,-5.613774232,2.343095087,54.23314759,0,5.028536001,-51.72071184,84.39897357
0.1306416234,0.07872304847,NaN,NaN,0,22.3699686,2.556751158,28.35070486,0,-31.28076523,-45.75826079,84.725885
0.1306416234,0.08258675637,0.1942590731,2.618243731,1,37.87507185,2.625440311,-11.24037142,0,-36.19894307,-53.27671019,85.75674762
0.1306416234,0.08645046427,0.2414945076,2.708342846,1,3.701096746,2.719088187,32.24592278,0,8.103396216,-109.3244016,84.90458912
0.1306416234,0.09031417218,0.2398681858,3.165230112,1,-33.6337193,3.174305973,31.67225089,1.917352443,-3.1426651,-90.83763948,85.66628169
0.1306416234,0.09417788008,0.09940130063,3.181685277,1,-30.37208817,3.183237632,-16.12224698,0,53.55156227,-34.37469244,88.2105637
0.1306416234,0.09804158798,0.329426903,3.23575223,1,132.5397033,3.252478221,84.18066621,10.59216246,82.90051856,-70.51983783,84.18683497
0.1306416234,0.1019052959,0.9317993878,3.779402837,1,81.08163003,3.892574457,136.1682794,0,197.0723617,189.0054032,76.15012674
0.1306416234,0.1057690038,1.404132678,3.031605017,1,948.0009538,3.340990505,-532.2583568,0,1122.501622,246.4439554,65.1480892
0.1306416234,0.1096327117,8.931616549,0.7707245611,1,-363.6722593,8.964808449,-147.2176375,58.63837313,3.423883791,-579.6565186,4.931934129
0.1306416234,0.1134964196,0.01223818388,4.702422539,1,-842.0227418,4.702438464,233.2667226,0,-1440.400823,-239.472571,89.8508865
0.1306416234,0.1173601275,NaN,NaN,0,-117.6437434,2.599708057,-361.3635101,0,182.2123423,313.8839023,87.50880388
0.1306416234,0.1212238354,NaN,NaN,0,-29.90654552,2.109759218,-186.8039355,0,106.8863816,73.97526487,82.87419091
0.1345053313,0.01690372206,NaN,NaN,0,-4.935790504,0.6803611073,9.34430923,0,10.90768405,-1.262555086,92.9797166
0.1345053313,0.02076742997,NaN,NaN,0,-3.724928798,0.7003377139,11.25478698,0,12.06405123,-4.667836893,91.94994744
0.1345053313,0.02463113787,NaN,NaN,0,-1.680891163,0.740968309,15.38983052,0,13.8334152,-11.11475936,90.24333554
0.1345053313,0.02849484577,NaN,NaN,0,-0.3071516374,0.8026713159,19.38168306,0,14.47765209,-17.43525063,88.34916244
0.1345053313,0.03235855367,NaN,NaN,0,0.5770685255,0.8847177583,23.26310193,0,14.06484054,-23.21211672,86.65615587
0.1345053313,0.03622226157,NaN,NaN,0,1.17616987,0.9851337651,26.90154517,0,12.82042375,-28.16616317,85.35978519
0.1345053313,0.04008596947,NaN,NaN,0,1.680211325,1.101060616,30.10855721,0,10.99839823,-32.10225344,84.4921294
0.1345053313,0.04394967737,NaN,NaN,0,2.181290535,1.229024499,32.71022379,0,8.91267147,-34.91788011,83.98995586
0.1345053313,0.04781338527,NaN,NaN,0,2.692389707,1.365376898,34.57067944,0,6.825784135,-36.67930103,83.75413491
0.1345053313,0.05167709317,NaN,NaN,0,3.292157452,1.506670924,35.63106855,0,4.797085491,-37.40456579,83.69524592
0.1345053313,0.05554080107,NaN,NaN,0,4.04684564,1.649290615,35.99531104,0,3.135408467,-36.89001488,83.7413427
0.1345053313,0.05940450897,NaN,NaN,0,4.777087411,1.78962588,35.56102743,0,2.565766796,-35.52219459,83.80227213
0.1345053313,0.06326821687,NaN,NaN,0,4.369107179,1.925392175,33.48518007,0,2.993996929,-35.11316426,83.79310439
0.1345053313,0.06713192477,NaN,NaN,0,0.2425964191,2.056192094,31.9204643,0,4.595398326,-36.66982194,83.81150997
0.1345053313,0.07099563267,NaN,NaN,0,-6.677410883,2.190895657,36.76350609,0,7.822278585,-40.60435293,84.05645096
0.1345053313,0.07485934057,NaN,NaN,0,-2.382356463,2.354018266,42.59642789,0,1.882967188,-43.85258377,84.48881174
0.1345053313,0.07872304847,NaN,NaN,0,3.371031256,2.523178165,38.67256003,0,-6.06887851,-41.78750795,84.88544475
0.1345053313,0.08258675637,NaN,NaN,0,-6.506668939,2.662758297,42.78491707,0,6.071128058,-36.07593856,85.35453288
0.1345053313,0.08645046427,NaN,NaN,0,-16.87719258,2.826657417,51.5430751,0,16.43654766,-56.61395192,85.4700131
0.1345053313,0.09031417218,NaN,NaN,0,11.11576061,3.079339895,57.27777231,0,-24.7890951,-61.83148402,86.01585222
0.1345053313,0.09417788008,0.1704220116,3.278030693,1,17.32721656,3.282457751,41.38554615,0,14.44706574,-7.33418531,87.02392083
0.1345053313,0.09804158798,0.3367205339,3.260136902,1,40.14837083,3.277479723,69.50385843,0,32.74213958,-77.06795271,84.10316206
0.1345053313,0.1019052959,0.4520496526,3.844341358,1,83.34459842,3.870827994,-27.99521588,6.595849353,-69.01857746,-127.0065061,83.2934826
0.1345053313,0.1057690038,0.3920720943,3.642687606,1,30.51966898,3.663726726,-41.47233566,0,-101.7198825,-258.1439353,83.85675371
0.1345053313,0.1096327117,0.1769528251,4.681497129,1,-302.4647228,4.684840197,-1182.190229,0,119.6193214,-1070.123716,87.83534508
0.1345053313,0.1134964196,-0.3143891278,3.209695331,1,514.4153481,3.225055758,-283.7999304,0,-560.9133251,312.9480569,95.59426691
0.1345053313,0.1173601275,NaN,NaN,0,186.242424,2.375838752,-148.0931302,14.99774246,-74.30593299,137.6068478,90.06515611
0.1345053313,0.1212238354,NaN,NaN,0,63.00523755,2.109143172,-91.41826779,0,-0.4733091009,48.34547942,86.79006281
0.1383690392,0.01690372206,NaN,NaN,0,-2.722117511,0.7002683407,7.817924883,0,7.817924883,-2.722117511,92.08870429
0.1383690392,0.02076742997,NaN,NaN,0,-1.633776251,0.7203355413,9.998186914,0,8.839444221,-5.778465716,91.24714165
0.1383690392,0.02463113787,NaN,NaN,0,0.240938942,0.7607629907,14.48310563,0,10.48903885,-11.65420719,89.825413
0.1383690392,0.02849484577,NaN,NaN,0,1.546537509,0.8215564078,18.75266234,0,11.28520387,-17.37803362,88.20183648
0.1383690392,0.03235855367,NaN,NaN,0,2.359560726,0.901852312,22.79461083,0,11.23518516,-22.64323053,86.70114669
0.1383690392,0.03622226157,NaN,NaN,0,2.823337718,0.9997816566,26.49395591,0,10.4872495,-27.21365355,85.5078437
0.1383690392,0.04008596947,NaN,NaN,0,3.092497719,1.112676233,29.69832309,0,9.247924414,-30.91895561,84.67176851
0.1383690392,0.04394967737,NaN,NaN,0,3.27761087,1.237348396,32.26867175,0,7.754458761,-33.66474424,84.15608645
0.1383690392,0.04781338527,NaN,NaN,0,3.447886932,1.370409872,34.10522406,0,6.213937823,-35.44964133,83.88638429
0.1383690392,0.05167709317,NaN,NaN,0,3.674306541,1.508524034,35.18621451,0,4.76092425,-36.29498517,83.78486499
0.1383690392,0.05554080107,NaN,NaN,0,3.948721549,1.648495303,35.60032888,0,3.605903127,-36.25277045,83.78237996
0.1383690392,0.05940450897,NaN,NaN,0,4.012112299,1.787672031,35.41437143,0,3.034276828,-35.77840095,83.81814358
0.1383690392,0.06326821687,NaN,NaN,0,3.182703102,1.924895905,34.69831203,0,3.058985398,-35.94368376,83.86352791
0.1383690392,0.06713192477,NaN,NaN,0,0.603052407,2.061628993,34.76400496,0,3.712519858,-37.3708657,83.96865124
0.1383690392,0.07099563267,NaN,NaN,0,-2.549208798,2.203829036,37.44105664,0,4.416242347,-39.73127333,84.20708402
0.1383690392,0.07485934057,NaN,NaN,0,-1.288874327,2.359031461,40.42586558,0,1.429535008,-41.58839463,84.55535598
0.1383690392,0.07872304847,NaN,NaN,0,0.4791947685,2.519341017,40.7056611,0,-1.424857001,-41.71577788,84.9221899
0.1383690392,0.08258675637,NaN,NaN,0,-3.460475736,2.675914541,43.56591489,0,3.180675611,-41.22407389,85.2802311
0.1383690392,0.08645046427,NaN,NaN,0,-4.706205885,2.845722278,46.19451822,0,5.248008624,-46.89315349,85.527682
0.1383690392,0.09031417218,NaN,NaN,0,12.92170627,3.034655437,45.31136781,0,-10.57585301,-41.0046315,85.79959713
0.1383690392,0.09417788008,NaN,NaN,0,37.90069551,3.178958676,39.04540507,0,-17.73160399,-7.705664851,85.83352984
0.1383690392,0.09804158798,NaN,NaN,0,26.91101068,3.221156132,-6.843083142,0,-0.5238716854,-12.06056213,84.65245627
0.1383690392,0.1019052959,NaN,NaN,0,162.2213894,3.20803728,-119.6687234,0,-176.1195744,58.00172074,84.04333556
0.1383690392,0.1057690038,0.2465029251,2.520670017,1,276.9943521,2.532694421,-139.8035745,0,-303.8039989,64.45151745,84.41465538
0.1383690392,0.1096327117,0.2293333658,2.401534018,1,574.3551845,2.412459208,-241.7680549,0,-605.8391626,268.8821857,84.54510768
0.1383690392,0.1134964196,0.1248580305,0.5476666484,1,668.684951,0.561719045,8.738841067,0,-709.2808534,218.6319486,77.15710819
0.1383690392,0.1173601275,NaN,NaN,0,199.4161359,1.592219031,187.7604971,0,-207.0684518,-148.842217,87.39081999
0.1383690392,0.1212238354,NaN,NaN,0,72.5836222,1.850656165,60.77679805,0,-60.77679805,-72.5836222,87.0484908
