PIVlab, ASCII chart output - 19-Sep-2021
FRAME: 846, filenames: A: 72_12_75_60 846.jpg & B: 72_12_75_60 847.jpg, conversion factor xy (px -> m): 0.00024148, conversion factor uv (px/frame -> m/s): 1
x [m],y [m],u [m/s],v [m/s],Vector type [-],vorticity [1/s],magnitude [m/s],divergence [1/s],dcev [1],simple shear [1/s],simple strain [1/s],vector direction [degrees]
0.03791263377,0.01690372206,NaN,NaN,0,-4.291660079,0.6533064996,-1.840876669,0,1.840876669,4.291660079,-61.08489576
0.03791263377,0.02076742997,NaN,NaN,0,-4.698760138,0.6614612234,-3.576303312,0,1.266657306,5.538942157,-61.94009159
0.03791263377,0.02463113787,NaN,NaN,0,-5.329977949,0.6783277127,-6.848439509,0,0.306818896,8.067913104,-63.50440737
0.03791263377,0.02849484577,NaN,NaN,0,-5.504300342,0.7045799552,-9.877017686,0,-0.3960227408,10.41187215,-65.53974651
0.03791263377,0.03235855367,NaN,NaN,0,-5.237830615,0.7403878556,-12.41978134,0,-0.9928882678,12.54571847,-67.79366522
0.03791263377,0.03622226157,NaN,NaN,0,-4.576317931,0.7848550804,-14.2617794,0,-1.714924078,14.25688852,-70.05982402
0.03791263377,0.04008596947,NaN,NaN,0,-3.533063266,0.8356818167,-15.18752939,0,-2.740921715,15.15790622,-72.19618421
0.03791263377,0.04394967737,NaN,NaN,0,-2.047234916,0.8890238626,-14.89539656,0,-4.159283071,14.79008575,-74.10878463
0.03791263377,0.04781338527,NaN,NaN,0,-0.07878205291,0.9393390131,-12.94538703,0,-5.971294501,12.73781498,-75.73014817
0.03791263377,0.05167709317,NaN,NaN,0,2.314546846,0.9793229359,-8.941554679,0,-8.0872951,8.594470134,-77.01502666
0.03791263377,0.05554080107,NaN,NaN,0,4.809470089,1.000239009,-2.957933149,0,-9.932741856,2.006064719,-77.92554425
0.03791263377,0.05940450897,NaN,NaN,0,6.595827748,0.9938443298,4.578967084,0,-10.37569712,-6.313903452,-78.37560548
0.03791263377,0.06326821687,NaN,NaN,0,6.458203345,0.9560439667,12.52172422,0,-8.470769144,-14.32139499,-78.25380535
0.03791263377,0.06713192477,NaN,NaN,0,0.7816767226,0.890789776,17.07053945,0,-1.292579742,-18.27419424,-77.52131367
0.03791263377,0.07099563267,NaN,NaN,0,-13.78074089,0.8223470844,8.360990554,0,16.20513636,-13.02793275,-76.45118432
0.03791263377,0.07485934057,NaN,NaN,0,-35.0169685,0.8125742914,-29.99689797,0,51.3723866,6.801794898,-75.61697484
0.03791263377,0.07872304847,NaN,NaN,0,-58.11117742,0.9757794951,-108.4819174,0,112.0172679,56.57567569,-74.79950989
0.03791263377,0.08258675637,NaN,NaN,0,-60.88907954,1.482690087,-224.0017311,0,179.5734754,146.3513622,-73.94216585
0.03791263377,0.08645046427,NaN,NaN,0,-30.69814937,2.477802014,-378.4288035,0,250.9358484,252.972566,-73.24238294
0.03791263377,0.09031417218,NaN,NaN,0,294.9610393,4.064945114,-385.2512865,0,48.70971249,263.8414185,-71.92706486
0.03791263377,0.09417788008,NaN,NaN,0,837.0373215,5.290547922,98.76939238,0,-468.1241747,-27.84431418,-67.29298325
0.03791263377,0.09804158798,NaN,NaN,0,222.3685565,4.313794994,340.5551625,0,172.5730042,-463.5370684,-51.48252635
0.03791263377,0.1019052959,NaN,NaN,0,1636.840313,3.984722564,886.870962,0,-994.858944,-1257.968674,-26.43141306
0.03791263377,0.1057690038,5.166858479,4.911841827,2,-1273.173375,7.128998294,2048.608766,0,1171.316898,-189.8353619,43.55058089
0.03791263377,0.1096327117,3.17464727,6.874989863,1,306.6133655,7.572573598,-1178.588529,0,-2129.188277,576.3777128,65.21403929
0.03791263377,0.1134964196,-1.875038607,-1.868835107,1,-624.6638985,2.647322126,-680.6191939,0,-447.7267778,1640.151658,-135.0949375
0.03791263377,0.1173601275,NaN,NaN,0,186.1119436,2.305228632,115.6150184,0,124.9769612,200.4577561,-114.8499537
0.03791263377,0.1212238354,NaN,NaN,0,103.663882,2.297450391,49.38863555,0,49.38863555,103.663882,-107.0357949
0.04177634167,0.01690372206,NaN,NaN,0,-6.110646374,0.6453009821,-1.189704327,0,3.171718399,5.109951724,-60.20828164
0.04177634167,0.02076742997,NaN,NaN,0,-6.538317277,0.6531338753,-3.145823405,1.297291942,2.490559537,6.217292016,-61.17100309
0.04177634167,0.02463113787,NaN,NaN,0,-7.146097916,0.6696692274,-6.772492601,0.4505589977,1.409046673,8.572429934,-62.90835328
0.04177634167,0.02849484577,NaN,NaN,0,-7.138457861,0.6960431994,-10.16019314,0,0.6913665471,10.82462394,-65.12596532
0.04177634167,0.03235855367,NaN,NaN,0,-6.564055848,0.7328949872,-13.01954032,0,0.06346429259,13.06940136,-67.53375511
0.04177634167,0.03622226157,NaN,NaN,0,-5.501982423,0.7796577165,-15.15272624,0,-0.867039741,15.09234207,-69.92193687
0.04177634167,0.04008596947,NaN,NaN,0,-3.964937987,0.8342074071,-16.42555686,0,-2.35925696,16.40659976,-72.16778959
0.04177634167,0.04394967737,NaN,NaN,0,-1.782778745,0.8928933601,-16.58624436,0,-4.512713682,16.44156495,-74.19302967
0.04177634167,0.04781338527,NaN,NaN,0,1.151686325,0.9502777835,-15.06041568,0,-7.322649745,14.76768322,-75.92275852
0.04177634167,0.05167709317,NaN,NaN,0,4.771173113,0.9987666424,-11.12443284,0,-10.91606955,10.83644172,-77.31153213
0.04177634167,0.05554080107,NaN,NaN,0,8.67582439,1.027733344,-4.793749973,0,-14.49302207,3.455089353,-78.35792417
0.04177634167,0.05940450897,NaN,NaN,0,11.6947247,1.025330723,3.918959473,0,-15.89849524,-6.880530793,-78.92822634
0.04177634167,0.06326821687,NaN,NaN,0,13.02630777,0.9836165666,15.63093603,0,-14.77323278,-18.66081738,-78.79409305
0.04177634167,0.06713192477,NaN,NaN,0,5.384777404,0.8942053336,29.01316403,0,-7.329316136,-28.78899452,-77.72226503
0.04177634167,0.07099563267,NaN,NaN,0,-20.68923623,0.7639337972,33.07637627,0,12.11790756,-32.54435282,-76.09071663
0.04177634167,0.07485934057,NaN,NaN,0,-61.59022906,0.6397857367,1.785712726,7.278269034,54.3259974,-31.48687846,-75.79149132
0.04177634167,0.07872304847,NaN,NaN,0,-117.6083504,0.6324115105,-83.68193075,0,144.286808,4.339062447,-75.75921409
0.04177634167,0.08258675637,NaN,NaN,0,-146.6828839,0.9949060728,-210.0224998,0,228.5922818,104.5778172,-74.84413034
0.04177634167,0.08645046427,NaN,NaN,0,-254.3107155,1.888450402,-544.4343929,0,452.6686649,330.3239176,-75.52458762
0.04177634167,0.09031417218,NaN,NaN,0,272.8629888,4.459853968,-859.3747713,0,168.9984209,583.1156807,-76.69309596
0.04177634167,0.09417788008,2.179269009,-7.401863296,1,219.0553666,7.716008921,-112.4280206,28.78712866,149.0717613,-337.2696144,-73.59442824
0.04177634167,0.09804158798,2.448846909,-3.471389753,1,279.9543368,4.248222923,-294.4631588,0,-106.0241711,-435.2865091,-54.79943998
0.04177634167,0.1019052959,2.851284364,-6.857763005,1,453.2862209,7.426892753,1436.128673,0,1179.572803,-1955.853876,-67.42369466
0.04177634167,0.1057690038,8.757737222,9.634240017,1,552.3623476,13.01985184,660.4250719,0,-769.7753768,-1675.967863,47.72846919
0.04177634167,0.1096327117,2.011263925,2.169376837,1,150.656242,2.958272881,-1781.581054,0,-2422.851624,1107.161764,47.16590887
0.04177634167,0.1134964196,-0.02136202547,-1.527018432,2,-5.115405733,1.527167845,-306.4097703,0,-608.1334751,827.0277516,-90.80147956
0.04177634167,0.1173601275,NaN,NaN,0,61.00866226,2.238728729,16.720262,0,-153.1597308,217.1691833,-99.2057042
0.04177634167,0.1212238354,NaN,NaN,0,34.00763122,2.33223346,50.32656868,0,-43.97537054,97.74207924,-99.3126713
0.04564004958,0.01690372206,NaN,NaN,0,-9.950145058,0.6299803044,0.4121846044,0,5.801804075,7.051697272,-58.30083516
0.04564004958,0.02076742997,NaN,NaN,0,-10.42385103,0.6368267123,-2.129047681,2.253169812,4.871438135,7.713417972,-59.52077703
0.04564004958,0.02463113787,NaN,NaN,0,-10.98683779,0.6521847084,-6.630645948,2.011863965,3.556640925,9.484759071,-61.66177865
0.04564004958,0.02849484577,NaN,NaN,0,-10.61644674,0.6782688036,-10.83800835,0,2.966047364,11.37850594,-64.28411344
0.04564004958,0.03235855367,NaN,NaN,0,-9.439188079,0.716820916,-14.31397628,0,2.483654219,13.84640526,-67.00582444
0.04564004958,0.03622226157,NaN,NaN,0,-7.61796639,0.7679636237,-16.90525112,0,1.257906245,16.6352559,-69.62052941
0.04564004958,0.04008596947,NaN,NaN,0,-5.239962902,0.8297546607,-18.78313322,0,-1.118317314,18.92718002,-72.07001642
0.04564004958,0.04394967737,NaN,NaN,0,-1.742616362,0.8990219029,-19.98993605,0,-4.737676989,19.77556336,-74.32711005
0.04564004958,0.04781338527,NaN,NaN,0,3.170261096,0.970835616,-19.63749151,0,-9.363649355,19.00301823,-76.27115122
0.04564004958,0.05167709317,NaN,NaN,0,9.543095378,1.038238074,-15.78878216,0,-16.36177179,16.44175304,-77.82646198
0.04564004958,0.05554080107,NaN,NaN,0,17.11348264,1.086954524,-9.249560483,0,-24.91033461,7.620414659,-79.17931494
0.04564004958,0.05940450897,NaN,NaN,0,22.72382011,1.09645159,-0.1740493464,0,-28.19491021,-6.436225784,-80.08408315
0.04564004958,0.06326821687,NaN,NaN,0,32.29976877,1.059345204,16.61997871,0,-31.12659373,-25.10226691,-80.05665313
0.04564004958,0.06713192477,NaN,NaN,0,28.93892547,0.9389908127,49.97389069,0,-25.88792369,-45.97752735,-78.1174001
0.04564004958,0.07099563267,NaN,NaN,0,-20.2672217,0.7003165632,91.9789022,0,-7.233718076,-58.0403411,-73.8572601
0.04564004958,0.07485934057,NaN,NaN,0,-94.64369988,0.3502395507,81.9465276,8.967697269,31.12422623,-110.3427941,-75.6019995
0.04564004958,0.07872304847,NaN,NaN,0,-246.5812226,0.08663707311,-30.98557894,24.27628083,224.7437961,-125.286925,125.8259067
0.04564004958,0.08258675637,0.002715758665,0.02511368539,1,-400.0709019,0.02526009777,-99.83331512,12.92033556,383.9876907,-174.564444,83.82809829
0.04564004958,0.08645046427,-0.112851618,0.3589845262,1,593.2788917,0.3763049,-492.7860721,0,-543.8556006,617.755031,107.4512424
0.04564004958,0.09031417218,0.193672919,-4.265692749,1,-118.3123223,4.270087098,-883.5101478,0,226.3959145,542.5455429,-87.40041627
0.04564004958,0.09417788008,0.3047518108,-5.150878113,1,-449.7609924,5.159885561,-444.3571515,0,365.1835619,-288.856918,-86.61404118
0.04564004958,0.09804158798,-0.1331095674,-4.866500229,1,308.670015,4.86832031,413.9197478,0,16.24397742,-1186.442671,-91.56677591
0.04564004958,0.1019052959,1.56012457,1.032454808,1,154.8936758,1.870815759,79.0197403,0,201.2945699,-1129.660679,33.49568093
0.04564004958,0.1057690038,1.243097772,-0.1965121443,1,1618.787201,1.258534502,-1585.568104,0,-1875.337764,-524.2177841,-8.983128997
0.04564004958,0.1096327117,0.5688881327,-3.068292809,1,765.5834925,3.120585598,-733.5902939,0,-1051.997631,302.256293,-79.49614252
0.04564004958,0.1134964196,0.1364772004,-4.198720786,1,339.4006909,4.20093826,-11.78928931,0,-503.4826324,-50.35790969,-88.13828644
0.04564004958,0.1173601275,NaN,NaN,0,41.82229072,2.92000018,274.5135472,0,-103.2827193,-165.6787827,-91.27702767
0.04564004958,0.1212238354,NaN,NaN,0,-12.97304405,2.49998676,175.9428879,0,-5.616033026,-42.15264821,-92.31511534
0.04950375748,0.01690372206,NaN,NaN,0,-14.6880723,0.6093233125,2.83702598,0,7.990121155,10.05000196,-55.00440698
0.04950375748,0.02076742997,NaN,NaN,0,-15.25718925,0.6135990952,-0.8117841435,3.450787382,6.599662759,9.759801695,-56.74068636
0.04950375748,0.02463113787,NaN,NaN,0,-15.76095547,0.6256676686,-6.783035162,3.348909244,4.980031528,10.27468244,-59.66410909
0.04950375748,0.02849484577,NaN,NaN,0,-14.90130323,0.6497532521,-12.24721802,1.699019907,5.132527763,11.35823549,-63.01192556
0.04950375748,0.03235855367,NaN,NaN,0,-12.95828334,0.6898185271,-16.49310533,0,5.647198974,14.30245782,-66.21014583
0.04950375748,0.03622226157,NaN,NaN,0,-10.29073216,0.7471679525,-19.37116875,0,4.533327816,18.67509627,-69.09423732
0.04950375748,0.04008596947,NaN,NaN,0,-7.634330869,0.8192359172,-21.81178884,0,1.365758447,22.89130104,-71.78966759
0.04950375748,0.04394967737,NaN,NaN,0,-3.117984899,0.9038108096,-24.95287512,0,-3.956027606,24.73049023,-74.44338078
0.04950375748,0.04781338527,NaN,NaN,0,3.728879045,0.9967550961,-27.71083214,0,-9.032498896,25.02707331,-76.73655004
0.04950375748,0.05167709317,NaN,NaN,0,13.11746466,1.097139061,-23.14364382,0,-20.25703365,28.30713754,-78.33114514
0.04950375748,0.05554080107,NaN,NaN,0,27.51119068,1.186129584,-16.24166045,0,-40.59163437,17.02104203,-80.23878857
0.04950375748,0.05940450897,NaN,NaN,0,29.78730434,1.215125626,-11.98557509,0,-40.84421725,-1.382520096,-81.89285007
0.04950375748,0.06326821687,NaN,NaN,0,64.51002173,1.220246781,1.049137462,8.195034719,-55.65030826,-29.33449711,-82.54241539
0.04950375748,0.06713192477,NaN,NaN,0,98.33837739,1.104884979,62.28351782,12.42118015,-57.86206682,-71.97850686,-79.27604426
0.04950375748,0.07099563267,0.314767157,-0.6911757325,1,54.73107002,0.7594749873,117.5239583,0,-95.69502856,-128.6915461,-65.51508702
0.04950375748,0.07485934057,0.04732139358,-0.1342834639,1,335.3089032,0.1423775367,315.0634182,0,-532.7842,-176.5006881,-70.58757996
0.04950375748,0.07872304847,-0.4482197072,1.208084389,1,380.3027789,1.288552985,356.2754661,0,-599.6258139,-213.9942071,110.3557042
0.04950375748,0.08258675637,-0.8000787495,2.069071978,1,766.2407414,2.218374372,-860.8697397,0,-403.0898807,1062.190088,111.1407302
0.04950375748,0.08645046427,0.9548891426,-6.222057062,1,511.0980565,6.294903285,-405.8145879,0,-379.3069528,908.2940782,-81.2749822
0.04950375748,0.09031417218,-0.290876421,-3.008260058,1,-390.2404919,3.022290136,405.006968,0,-26.08112669,-104.5816266,-95.52290729
0.04950375748,0.09417788008,-0.6536559844,-4.253155583,1,-171.4187598,4.303091744,-83.83283934,25.98831289,107.9875696,328.4598412,-98.73727066
0.04950375748,0.09804158798,-0.5359560119,-4.601238545,1,12.69691206,4.632347676,-308.6669527,0,-156.1936155,319.0533572,-96.64391925
0.04950375748,0.1019052959,-1.208085331,-6.678483504,1,1435.756445,6.786870566,-500.8130043,179.569573,-1140.160386,-691.0966257,-100.253479
0.04950375748,0.1057690038,0.6061408164,-3.866038213,1,756.1222093,3.913266942,260.4240796,154.5871717,-354.2283008,-211.9868377,-81.08936251
0.04950375748,0.1096327117,0.3447153382,-4.853225711,1,71.60659792,4.865452545,3.859784364,0,-296.1632901,241.3609614,-85.93721346
0.04950375748,0.1134964196,-0.2614806493,-4.783673388,1,-146.8623346,4.790814462,351.514485,0,73.7822192,-187.5241069,-93.12873437
0.04950375748,0.1173601275,NaN,NaN,0,-182.7441476,2.771239654,389.7989927,0,286.5305178,-259.9924205,-88.71069011
0.04950375748,0.1212238354,NaN,NaN,0,-102.6079169,2.277346958,200.9879191,0,142.5511279,-56.5206124,-86.48762721
0.05336746538,0.01690372206,NaN,NaN,0,-21.22607049,0.5882741434,6.983494419,0,9.199708731,15.26568998,-49.65771826
0.05336746538,0.02076742997,NaN,NaN,0,-21.83036599,0.5861014952,1.024676293,5.199726816,6.88257243,12.8043484,-52.40240325
0.05336746538,0.02463113787,NaN,NaN,0,-21.89849161,0.5901693289,-7.442492538,5.042874858,4.631294665,10.4959335,-56.81023709
0.05336746538,0.02849484577,NaN,NaN,0,-20.26952735,0.6078053241,-14.87472323,2.989010779,6.936833188,9.477295743,-61.40851925
0.05336746538,0.03235855367,NaN,NaN,0,-17.2019099,0.6476580478,-20.04005829,0,10.4392861,13.33009427,-65.2105607
0.05336746538,0.03622226157,NaN,NaN,0,-12.95234802,0.7135490879,-22.27452969,0,9.8624476,20.87137033,-68.22126195
0.05336746538,0.04008596947,NaN,NaN,0,-11.88864352,0.7980887265,-24.13997826,0,6.004050892,29.23243765,-71.01652115
0.05336746538,0.04394967737,NaN,NaN,0,-6.823871408,0.9019089563,-30.29894344,0,-3.419692984,31.22802322,-74.43523347
0.05336746538,0.04781338527,NaN,NaN,0,1.745775323,1.016505499,-43.10931812,0,-2.553284977,28.06764722,-77.49858699
0.05336746538,0.05167709317,NaN,NaN,0,11.68669353,1.168520033,-32.83330052,0,-15.04222953,54.73868179,-78.20354419
0.05336746538,0.05554080107,NaN,NaN,0,50.0265111,1.346771673,-20.58786241,0,-76.35495197,33.53913601,-81.15545234
0.05336746538,0.05940450897,0.1371615733,-1.352971844,1,69.485049,1.359906654,-35.82694293,0,-104.0208803,9.968385566,-84.21124597
0.05336746538,0.06326821687,0.07363535704,-1.507697166,1,129.9302032,1.509494257,-12.33294852,8.272814766,-125.083922,31.51372848,-87.20391765
0.05336746538,0.06713192477,0.1558861882,-1.522382597,1,175.0000158,1.530342862,108.9361833,0,-154.8312421,43.25053388,-84.15350671
0.05336746538,0.07099563267,0.1515616072,-1.253907004,1,341.7647935,1.263033529,-208.882848,39.19454495,-221.0080142,352.9905677,-83.10800783
0.05336746538,0.07485934057,0.6224551105,-3.693297352,1,478.2075932,3.74538325,-208.2837324,46.70343167,-388.2782201,428.9294401,-80.43347595
0.05336746538,0.07872304847,0.4990224366,-3.715912573,1,724.1594906,3.749270548,199.1232327,33.65952291,-683.2392984,406.0594055,-82.35131798
0.05336746538,0.08258675637,0.7805587803,-4.492838278,1,1117.46591,4.560139011,565.3361601,144.5886206,-773.3508903,401.0814477,-80.14415044
0.05336746538,0.08645046427,1.828582358,-3.081280343,1,-73.39159543,3.583015768,473.076694,0,221.9198793,50.12780978,-59.31303521
0.05336746538,0.09031417218,1.354428684,-2.858687332,1,108.8914476,3.163316349,336.1765087,0,-258.6603439,592.4208609,-64.64869021
0.05336746538,0.09417788008,1.249919091,-4.07133367,2,-264.7865708,4.258879617,308.6649768,0,-109.8297968,997.215103,-72.93326102
0.05336746538,0.09804158798,-0.09297953452,-5.519043895,2,-571.0519362,5.519827054,-304.5857647,0,-540.5707032,950.3749762,-90.96517279
0.05336746538,0.1019052959,-3.045066084,-8.9201354,1,-84.66819472,9.425563273,370.7728336,0,478.9072779,103.552397,-108.8483622
0.05336746538,0.1057690038,1.430245126,-4.486582183,1,636.6381908,4.70903608,868.3775342,0,543.9416218,-278.4190877,-72.31861428
0.05336746538,0.1096327117,1.516349466,-4.489248231,1,-193.2018071,4.738424357,348.5202608,0,22.34080442,53.37178381,-71.33639011
0.05336746538,0.1134964196,0.7700881199,-3.34621468,1,-375.8616513,3.433684377,747.6264201,0,96.36553618,-127.9867537,-77.03977549
0.05336746538,0.1173601275,0.4364581175,-1.106134694,1,-260.1282224,1.189129787,337.3840819,0,179.1447224,-127.3227391,-68.46682228
0.05336746538,0.1212238354,NaN,NaN,0,-124.0565331,1.616714799,-30.16529838,0,134.788925,199.9704066,-73.57318073
0.05723117328,0.01690372206,NaN,NaN,0,-31.71223817,0.5789714076,14.69642148,0,8.173967627,25.33507907,-41.23113014
0.05723117328,0.02076742997,NaN,NaN,0,-31.94630305,0.5601645416,3.298938545,7.918527448,4.093033124,17.76651733,-45.88272368
0.05723117328,0.02463113787,NaN,NaN,0,-29.73311764,0.5466795854,-9.136888053,7.109937649,-0.2742584842,9.427407429,-53.15698043
0.05723117328,0.02849484577,NaN,NaN,0,-27.07640468,0.5473944064,-19.76912407,4.245321382,7.544224224,2.724919718,-59.96252419
0.05723117328,0.03235855367,NaN,NaN,0,-22.62748087,0.581959677,-26.5178749,0,19.31066463,8.669253169,-64.30395392
0.05723117328,0.03622226157,NaN,NaN,0,-12.42810652,0.6634118376,-25.54691347,0,18.47312559,22.24785313,-66.81444339
0.05723117328,0.04008596947,NaN,NaN,0,-20.14402378,0.7607828509,-22.17465108,0,16.2076905,41.93905599,-68.75359933
0.05723117328,0.04394967737,NaN,NaN,0,-14.03463253,0.8921299694,-28.99360227,0,-13.17351025,42.88151779,-73.99473399
0.05723117328,0.04781338527,0.1705677843,-0.9867773935,1,13.19996154,1.001410502,-38.38499267,0,2.472720091,44.48601426,-80.19313671
0.05723117328,0.05167709317,0.3065378271,-1.177737127,1,6.20528929,1.216975834,206.3067727,0,14.64808622,379.8399568,-75.41092151
0.05723117328,0.05554080107,0.251139136,-1.657258928,1,-23.48160941,1.676179591,325.8806067,0,-37.3627729,505.9203154,-81.38302366
0.05723117328,0.05940450897,0.07145290652,-1.873357972,1,65.97335941,1.874720142,79.89472768,0,-70.80076596,219.1304448,-87.81570501
0.05723117328,0.06326821687,0.2324874472,-2.195225068,1,177.5688031,2.207501645,15.27541835,44.39490667,9.336184904,141.2171123,-83.95456951
0.05723117328,0.06713192477,0.7935991854,-2.35995989,1,183.5272365,2.489821349,40.943789,44.72595428,-18.12398625,214.4404468,-71.41341458
0.05723117328,0.07099563267,0.8715572919,-2.865565476,1,179.8504797,2.995175723,38.35758922,21.99764391,-152.3554477,328.7966403,-73.08294261
0.05723117328,0.07485934057,0.8998319577,-3.482131546,1,18.11746995,3.596517435,-4.666832252,0,245.4821519,348.3950427,-75.51092739
0.05723117328,0.07872304847,1.890029234,-4.229693432,1,229.6945727,4.632765592,89.60112668,0,296.7542924,543.6624408,-65.92262495
0.05723117328,0.08258675637,2.933876597,-5.236491833,1,84.83636496,6.002372748,287.3575129,0,196.3363613,507.7070772,-60.73917084
0.05723117328,0.08645046427,2.976398518,-5.081059784,1,217.2119181,5.888643024,272.9307287,0,-123.2410526,63.77438572,-59.63895262
0.05723117328,0.09031417218,3.296952572,-4.428372818,1,457.0198699,5.5209041,461.7871472,0,-90.66591253,92.55325337,-53.33207503
0.05723117328,0.09417788008,4.391883197,-3.654447871,1,-29.45548048,5.713460183,460.5331837,0,-316.7838678,474.7928398,-39.76354799
0.05723117328,0.09804158798,1.959184867,-4.483467964,2,-650.5371031,4.892840722,279.4856597,123.0519455,-324.5144496,498.587271,-66.39564465
0.05723117328,0.1019052959,0.6245688097,-4.500992498,1,-409.5236457,4.54411924,400.6147097,0,649.2889397,333.5088903,-82.09994394
0.05723117328,0.1057690038,2.885567927,-4.224190679,1,74.0113712,5.115690487,144.0894489,0,255.4493513,19.71139273,-55.66280186
0.05723117328,0.1096327117,1.897508806,-4.02043202,1,-237.7555011,4.445718535,305.2062344,0,42.88002878,-22.21634507,-64.73426415
0.05723117328,0.1134964196,2.132626025,-2.959125472,1,-189.6593242,3.647535788,627.8941622,0,-75.25149292,-134.8747629,-54.2199076
0.05723117328,0.1173601275,0.8739707888,-1.073315697,1,-160.0830789,1.38413566,426.5392378,0,-185.9651092,-9.870446018,-50.84504256
0.05723117328,0.1212238354,NaN,NaN,0,-66.33682139,1.501138467,25.77011664,0,25.7675633,129.1165585,-57.99483684
0.06109488118,0.01690372206,NaN,NaN,0,-51.57597655,0.6110190319,30.40196328,0,1.617525443,46.37789809,-28.79013868
0.06109488118,0.02076742997,NaN,NaN,0,-50.39405802,0.5462714893,3.951880063,12.57859574,-4.294716712,26.15889882,-36.52570133
0.06109488118,0.02463113787,NaN,NaN,0,-38.01127123,0.4995516346,-12.63487415,7.881448059,-17.36558595,6.722259164,-49.53672847
0.06109488118,0.02849484577,NaN,NaN,0,-35.67549284,0.4588799643,-28.5470101,5.272050909,4.203657566,-16.67427747,-60.63548121
0.06109488118,0.03235855367,NaN,NaN,0,-33.80350238,0.4716676999,-40.71540378,0,40.7860226,-3.625854439,-64.56282073
0.06109488118,0.03622226157,0.2519967013,-0.5432251697,1,-5.321469509,0.5988287923,-22.36159129,0,39.84459573,26.37073994,-65.11388807
0.06109488118,0.04008596947,0.3359785604,-0.6142302011,1,-35.97925718,0.7001145142,41.48345167,0,47.28164041,124.8959774,-61.32172547
0.06109488118,0.04394967737,0.2956658087,-0.8655068044,1,-59.5844076,0.9146148364,27.48300198,9.80409136,35.67745989,136.0889244,-71.13931813
0.06109488118,0.04781338527,0.2436090977,-1.033851761,1,240.8748546,1.062165174,36.92079729,0,330.5764497,100.516088,-76.74110948
0.06109488118,0.05167709317,2.503586728,-1.111220432,1,349.6984073,2.739116163,173.3640384,0,472.6459572,264.0899428,-23.93410774
0.06109488118,0.05554080107,3.420907516,-1.384390155,1,-236.0317328,3.690412488,174.5981424,34.85035365,-77.41826509,373.9420631,-22.03244363
0.06109488118,0.05940450897,1.292507495,-1.881427113,1,-383.1937955,2.282617709,45.18330548,49.04803322,-326.6504273,245.3300887,-55.51161609
0.06109488118,0.06326821687,0.6782767842,-2.157698863,1,-76.11356263,2.261796582,72.15318822,0,37.31890707,180.8769626,-72.54935924
0.06109488118,0.06713192477,1.142616278,-2.301504019,1,42.48823694,2.569531612,17.43480764,0,188.3422356,115.7224674,-63.5972086
0.06109488118,0.07099563267,1.570138304,-2.53745367,1,-21.59516614,2.983958013,84.08279431,0,230.6959201,216.9403053,-58.25139883
0.06109488118,0.07485934057,1.950520513,-2.814826634,1,10.75732899,3.424584537,53.34456456,0,345.2813821,291.2920899,-55.28016318
0.06109488118,0.07872304847,2.945767886,-3.456813404,1,22.66717342,4.541707536,-76.70683361,0,469.5893983,246.0940248,-49.56359769
0.06109488118,0.08258675637,3.852456118,-4.062034861,1,-234.9917339,5.598352021,-52.77798698,0,282.5483009,190.479991,-46.51685963
0.06109488118,0.08645046427,3.129512569,-4.396691175,1,-204.7692363,5.396734402,-20.57204243,42.6718101,112.5733308,215.6648522,-54.55719046
0.06109488118,0.09031417218,3.49623807,-4.974785217,1,220.2258717,6.080474372,-95.60532536,0,228.6261411,107.5144435,-54.90076739
0.06109488118,0.09417788008,4.863745637,-5.181486631,1,63.3865197,7.106604346,-33.9006579,0,-214.2703571,-219.0589676,-46.81172018
0.06109488118,0.09804158798,2.913266995,-4.259387593,1,-652.1713131,5.160378595,99.04246808,0,-660.6537498,7.862236182,-55.62928447
0.06109488118,0.1019052959,-0.2086269306,-4.829192848,1,-125.4382837,4.833697215,2.588306133,20.69172732,-94.59472214,-120.0474571,-92.47370832
0.06109488118,0.1057690038,2.063123732,-3.785558826,1,250.4527529,4.311256795,120.9787345,0,478.9933491,-247.6408319,-61.40968395
0.06109488118,0.1096327117,2.609739737,-3.404954517,1,-40.19208191,4.29004158,182.5504383,0,198.5496368,-45.56788989,-52.53150891
0.06109488118,0.1134964196,2.674971068,-2.904176239,1,-72.59285575,3.94838066,213.5242765,0,-73.2243569,-355.5713371,-47.35252942
0.06109488118,0.1173601275,2.04634462,-1.206135299,1,-63.407516,2.375350219,193.1055518,0,-355.708708,-249.2978225,-30.5155085
0.06109488118,0.1212238354,NaN,NaN,0,-278.0907837,1.594377288,-57.98837478,0,-234.7410575,-63.82549974,-48.54019395
0.06495858908,0.01690372206,NaN,NaN,0,-95.23569721,0.7529510535,67.68516287,0,-21.64073833,92.51214183,-13.52362759
0.06495858908,0.02076742997,NaN,NaN,0,-92.53229404,0.553640922,-9.252491129,22.68927625,-18.01345224,37.76290438,-23.86989085
0.06495858908,0.02463113787,0.3049579353,-0.3577285949,1,-73.57610603,0.4700734942,-7.177608493,16.57983297,-31.76333654,17.6068779,-49.55293603
0.06495858908,0.02849484577,0.09928536837,-0.3197969531,1,-48.62650048,0.3348547082,23.49510851,10.43826386,-9.3343232,-7.954687409,-72.75232451
0.06495858908,0.03235855367,0.08101424289,-0.23621577,1,2.13681476,0.2497222408,9.059985819,0,43.77680521,38.96019906,-71.06971723
0.06495858908,0.03622226157,0.2766821846,-0.4353226432,1,80.88704417,0.5158089132,29.22602203,0,135.8786622,68.34941602,-57.56079358
0.06495858908,0.04008596947,0.9185336151,-0.3873771364,1,16.50515194,0.9968776494,74.00165614,0,139.1212925,88.01956096,-22.86682161
0.06495858908,0.04394967737,0.8779773075,-0.4894837328,1,-106.2801434,1.005205689,39.84573019,21.3154804,50.12945686,105.2801527,-29.14023345
0.06495858908,0.04781338527,0.7015837638,-0.6401966318,1,82.33281265,0.9497744495,7.480399647,0,207.2219239,62.66572416,-42.3805157
0.06495858908,0.05167709317,1.996732231,-0.7027037071,1,132.1999907,2.116773984,-216.4117635,0,299.7567049,-111.790452,-19.38833988
0.06495858908,0.05554080107,2.370538262,-1.04442282,1,-208.6388006,2.590419015,-346.592933,0,0.8538312082,-100.1490426,-23.7775541
0.06495858908,0.05940450897,1.193911803,-1.654890914,1,-276.7887314,2.040610038,-63.28448762,67.45430262,-23.54872981,121.1322276,-54.19164616
0.06495858908,0.06326821687,1.21012204,-1.756955139,1,-134.626708,2.133374489,116.5143641,0,164.1755768,153.1454277,-55.44244796
0.06495858908,0.06713192477,1.308080001,-1.796422643,1,-69.63520396,2.222207822,109.6080436,0,283.0314029,144.2460848,-53.93945536
0.06495858908,0.07099563267,2.03462262,-1.890786413,1,-61.2008479,2.777546123,43.49312668,0,300.1752594,145.2621232,-42.90148692
0.06495858908,0.07485934057,2.231407322,-2.189628319,1,-119.5652136,3.126283867,-27.00731267,0,251.5289271,131.4234237,-44.4585682
0.06495858908,0.07872304847,2.544491862,-2.5029165,1,-88.43756948,3.569177755,-193.8230028,0,407.9517841,77.22232972,-44.52806693
0.06495858908,0.08258675637,3.465916918,-3.236868312,1,-119.7544017,4.742351374,-346.2145555,0,426.6327465,3.714666658,-43.0428414
0.06495858908,0.08645046427,3.730180148,-3.854940801,1,-265.2372808,5.364215927,-190.699107,0,233.4152604,109.2843155,-45.94232042
0.06495858908,0.09031417218,3.342965926,-4.395916631,1,-287.8800777,5.522635622,-173.3850354,25.50585154,206.1815998,52.38051464,-52.7480738
0.06495858908,0.09417788008,3.414521094,-4.72723294,1,-330.383628,5.831439408,-230.2341106,56.12534698,79.13986581,-199.0917486,-54.15909395
0.06495858908,0.09804158798,2.372233417,-4.516241622,1,-424.1111725,5.101365481,146.8265565,0,-415.4399056,57.42772931,-62.28852873
0.06495858908,0.1019052959,0.1707409603,-4.381821985,1,-127.1444621,4.385147248,709.2053282,0,133.3429544,405.0764759,-87.76855614
0.06495858908,0.1057690038,2.396182581,-3.341176572,1,202.7469363,4.111587509,316.1864282,0,381.1554855,-16.08978512,-54.35314638
0.06495858908,0.1096327117,2.42676936,-3.098003755,1,-148.3539641,3.935331853,49.88528221,31.4751693,-61.90647142,-48.36519988,-51.92722096
0.06495858908,0.1134964196,1.583797675,-2.961565408,1,-234.0182553,3.358464641,70.07756015,0,-224.067381,-161.6484542,-61.86284333
0.06495858908,0.1173601275,0.6568602686,-2.202682122,1,-36.2114072,2.298537349,100.1174072,0,-289.6035947,-380.273504,-73.39493073
0.06495858908,0.1212238354,NaN,NaN,0,-251.0292259,1.152242996,51.90968333,0,79.21676014,-516.0457113,-73.61981465
0.06882229698,0.01690372206,1.154446306,-0.009919079143,1,-160.821678,1.154488918,-108.6173629,0,-152.510556,-94.48919396,-0.4922770196
0.06882229698,0.02076742997,0.5491341923,-0.03721263818,1,-116.0248176,0.5503936242,-63.61541,10.03491553,-88.4319924,-9.626201844,-3.876779782
0.06882229698,0.02463113787,0.3644849141,-0.2185176092,1,-55.70123515,0.4249696438,-19.87629748,12.68395854,-12.64561417,34.70750035,-30.94371679
0.06882229698,0.02849484577,0.2850619306,-0.2481084891,1,-15.61325114,0.3779128559,32.74326723,0,21.73233134,44.78877889,-41.03523446
0.06882229698,0.03235855367,0.3881272526,-0.2650579478,1,12.12216281,0.4699983829,66.68028845,0,76.89537435,88.07039705,-34.32975752
0.06882229698,0.03622226157,0.6289996922,-0.3307536207,1,14.42408688,0.7106606577,101.1435959,0,134.1000716,68.89977702,-27.73721923
0.06882229698,0.04008596947,0.961981217,-0.14047725,1,-45.25311878,0.9721839947,26.18212188,0,104.1059469,8.176665327,-8.308127611
0.06882229698,0.04394967737,0.8563898291,-0.261185796,1,-222.329893,0.8953332114,505.090443,0,106.547852,611.4233947,-16.96090392
0.06882229698,0.04781338527,0.5146332304,-0.5513167158,1,-13.97829796,0.7541866367,56.468229,0,112.1015039,108.9164058,-46.97099287
0.06882229698,0.05167709317,1.235509235,-0.4638302311,1,120.9851762,1.319705101,-156.5628771,0,184.4710889,-150.4404933,-20.57695087
0.06882229698,0.05554080107,1.694827015,-0.5749718184,1,-87.07394661,1.789701429,-331.193805,0,159.6739042,-217.5331716,-18.73955855
0.06882229698,0.05940450897,1.516014265,-0.9029817182,1,-219.1511043,1.764560918,-3.546073241,0,225.708649,107.291057,-30.77924488
0.06882229698,0.06326821687,1.720163452,-1.003214114,1,-94.66335288,1.991331429,-97.9297926,0,251.8750858,-88.63262357,-30.25110451
0.06882229698,0.06713192477,2.123434479,-0.9389032636,1,-111.6704288,2.321747903,69.05871796,0,261.5963593,104.7725552,-23.85322083
0.06882229698,0.07099563267,2.299433455,-1.141201949,1,-162.5738284,2.56704813,-1.56920231,0,222.236565,112.8607749,-26.39506736
0.06882229698,0.07485934057,2.353953866,-1.381027271,1,-228.5583246,2.729163814,25.28203711,0,279.2411128,128.2163162,-30.39947018
0.06882229698,0.07872304847,2.495256944,-1.538909937,1,-267.4849722,2.931646467,-33.98064278,0,312.8255441,113.5272081,-31.66354838
0.06882229698,0.08258675637,2.529136592,-1.950954519,1,-289.9329555,3.194175236,-210.0327089,0,372.6754041,30.96208139,-37.64628973
0.06882229698,0.08645046427,2.814949596,-2.470043412,1,-338.6833294,3.745004097,-220.5117247,0,467.9827919,68.05064063,-41.26609065
0.06882229698,0.09031417218,3.028711947,-3.06587521,1,428.9176185,4.309604026,-729.1819083,0,-327.9766734,-436.933092,-45.34937096
0.06882229698,0.09417788008,3.204955923,-3.599207472,1,-266.6096876,4.819339882,-754.6971787,0,440.9846567,-454.4650778,-48.31616388
0.06882229698,0.09804158798,3.702445893,-4.22588435,1,-186.9217933,5.618380917,140.6848425,0,417.7043935,198.540688,-48.77725857
0.06882229698,0.1019052959,4.096632479,-3.822745559,1,-271.1853945,5.603193846,779.3357966,0,146.9947459,486.9627512,-43.01924944
0.06882229698,0.1057690038,3.222609503,-3.096240305,1,-322.3671332,4.468994969,292.354236,30.50407839,-60.94848656,97.77459343,-43.85430784
0.06882229698,0.1096327117,2.615612891,-3.070946657,1,-183.9726385,4.033874585,92.00427578,38.06691817,-49.33734373,32.34362241,-49.578016
0.06882229698,0.1134964196,2.321167881,-2.865728967,1,-224.7317063,3.687847996,220.6817702,0,-202.7616855,-8.574163315,-50.99340371
0.06882229698,0.1173601275,0.9639032954,-2.185168696,1,-396.9441836,2.388319868,501.2344373,0,-394.7371744,-261.4640489,-66.19716702
0.06882229698,0.1212238354,-0.7376576366,0.08111519953,1,-532.2188985,0.7421040792,564.0788984,0,-348.5728051,-609.0345738,173.7247844
0.07268600488,0.01690372206,-0.05266999996,-0.143963092,1,114.7344603,0.1532954688,-180.373825,0,28.11899422,-194.1102524,-110.0954334
0.07268600488,0.02076742997,0.2233020106,-0.1174263204,1,68.17625871,0.2522949239,-79.6128898,0,39.21575477,-67.34199324,-27.73823252
0.07268600488,0.02463113787,0.362261371,-0.191374252,1,7.49960292,0.4097040459,-24.22073735,0,37.93461247,-9.189008216,-27.84645132
0.07268600488,0.02849484577,0.3988465475,-0.175504531,1,8.352918689,0.4357526923,45.84034145,0,73.60574026,-7.327045028,-23.75094475
0.07268600488,0.03235855367,0.6789256891,0.01404899919,1,3.832196325,0.6790710314,73.63739428,0,134.5927505,21.20720534,1.18545153
0.07268600488,0.03622226157,0.933680108,0.02707040425,1,-34.20186718,0.9340724548,48.64978707,0,130.5756752,3.187326939,1.660724609
0.07268600488,0.04008596947,1.051285933,0.1897026656,1,464.7267796,1.06826458,74.98139445,0,637.3701296,-120.2024611,10.22884642
0.07268600488,0.04394967737,5.191860643,0.7812038089,1,-48.85682906,5.250304403,14.88737268,0,123.7319901,103.601059,8.556933381
0.07268600488,0.04781338527,1.340581684,-0.1530611052,1,-628.2266835,1.349291278,-3.227111789,93.65263367,-505.735788,317.3500451,-6.513548072
0.07268600488,0.05167709317,0.810560883,-0.4574126849,1,-220.2875568,0.9307176314,72.08533952,49.94576263,-61.86735891,56.03860217,-29.43674374
0.07268600488,0.05554080107,0.2504175068,-0.09106119927,1,-41.1253928,0.2664602592,23.10881349,0,244.0887775,-111.8211367,-19.98316466
0.07268600488,0.05940450897,1.594752116,0.06391722986,1,-171.1967389,1.596032495,31.32909876,0,233.0238381,115.955226,2.295170766
0.07268600488,0.06326821687,0.4892993587,-0.4180318357,1,-142.0383403,0.6435561188,-41.57829688,0,241.6734987,66.64573185,-40.50884852
0.07268600488,0.06713192477,1.979713265,-0.354228805,1,59.4061319,2.011154558,-44.62319576,0,451.8440558,-48.25710924,-10.14454401
0.07268600488,0.07099563267,2.464620748,-0.4039914555,1,-92.59227953,2.497511667,70.02836724,0,311.2337711,37.26471451,-9.308927473
0.07268600488,0.07485934057,2.824480123,-0.2276396211,1,-225.0273653,2.833638608,112.5810784,0,325.2460716,75.51169181,-4.60780686
0.07268600488,0.07872304847,2.851836555,-0.2607661735,1,-311.1162056,2.863733705,15.97610222,22.04743499,298.0614394,132.2125126,-5.224482191
0.07268600488,0.08258675637,2.77404032,-0.6767431583,1,-262.7842368,2.855395068,23.32947097,0,337.6549323,146.9030881,-13.70984535
0.07268600488,0.08645046427,3.141115053,-0.7382185343,1,-901.3133743,3.226696512,-602.1033295,165.9348367,-117.5530189,1117.382744,-13.22552779
0.07268600488,0.09031417218,-1.162561813,-7.320335087,1,-1031.084653,7.412074997,148.0541594,255,-107.3149971,472.8914865,-99.02393261
0.07268600488,0.09417788008,-1.25732867,-1.993295081,1,140.2515318,2.356713955,1159.653291,0,1113.845237,-170.7248254,-122.2428681
0.07268600488,0.09804158798,3.682901779,-2.180142647,2,236.8305413,4.279811617,355.6032725,0,1399.079185,555.6186493,-30.62397513
0.07268600488,0.1019052959,5.063348664,-2.766096073,1,-382.6614055,5.769643592,149.0793748,0,439.7631967,188.1580627,-28.64768139
0.07268600488,0.1057690038,3.903526421,-2.331131282,1,-524.0243641,4.546613198,88.18192981,129.5252795,-34.02386371,39.45056216,-30.84505712
0.07268600488,0.1096327117,2.907213317,-2.577812303,1,-410.8045478,3.885486525,58.17060486,102.0363458,22.52288972,199.3687486,-41.56325257
0.07268600488,0.1134964196,2.403319511,-2.876679665,1,-297.6425327,3.748497108,101.8854741,69.36105592,-45.02061334,2.58774538,-50.12296012
0.07268600488,0.1173601275,1.583263013,-2.194154884,1,-340.8572857,2.705741566,445.3869525,0,-242.0209985,-196.6800312,-54.18645594
0.07268600488,0.1212238354,0.1512480797,-0.3959203879,1,-262.4296246,0.423826539,659.6540053,0,-478.8349688,-271.1795578,-69.09232332
0.07654971278,0.01690372206,-0.292450782,-0.3445759399,1,100.0665063,0.4519513672,32.4913682,0,41.65964837,-68.69038722,-130.3221542
0.07654971278,0.02076742997,-0.01865655036,-0.1491075661,1,59.25862652,0.1502702004,-12.72146251,0,77.35889524,-75.78273004,-97.13186606
0.07654971278,0.02463113787,0.2353994162,-0.1009256224,1,30.15458206,0.2561227565,-21.84483043,0,86.96674808,-61.47435811,-23.20684773
0.07654971278,0.02849484577,0.4338660582,0.004009353114,1,15.92925676,0.433884583,42.20056878,0,118.4441686,-46.07946414,0.5294548143
0.07654971278,0.03235855367,0.7545790815,0.2401626383,1,14.50267059,0.7918760528,84.95614983,0,87.83868417,6.821537589,17.65490194
0.07654971278,0.03622226157,0.8292831592,0.3058986717,1,-46.80815734,0.8839030238,48.47122465,0,55.26664954,-25.65539019,20.24756511
0.07654971278,0.04008596947,0.7872602246,0.5265662257,1,-0.8057009608,0.9471275792,-6.018625854,0,126.3098467,-31.83535913,33.77694832
0.07654971278,0.04394967737,1.314194519,0.4056469881,1,106.7759662,1.375375117,-542.2895788,0,136.7859927,-385.8041724,17.15367147
0.07654971278,0.04781338527,1.72831249,-0.07804767525,1,-13.91166915,1.730073843,254.6434913,0,121.6703851,321.2602893,-2.585624065
0.07654971278,0.05167709317,1.730542721,0.1482591392,2,-185.7207109,1.736881942,365.6757045,0,88.34171944,209.0748135,4.896690059
0.07654971278,0.05554080107,1.352068511,0.5270124248,1,-54.52699347,1.451148288,256.6896737,0,146.2873341,124.549928,21.29495812
0.07654971278,0.05940450897,2.085077874,0.6588085187,1,5.529541477,2.186682054,-199.8647703,0,114.8077614,-187.5253088,17.53463512
0.07654971278,0.06326821687,1.817016699,0.4793363498,1,-194.4448575,1.879178815,-95.90861296,31.96485385,111.4919607,-74.82879085,14.77818108
0.07654971278,0.06713192477,1.764572111,0.5773622435,1,-74.97046367,1.856626482,-73.88196886,0,307.122041,-58.28234319,18.11792765
0.07654971278,0.07099563267,2.713982582,0.4190639529,1,-38.19581428,2.746145672,24.80001618,0,378.8316262,-18.60551956,8.777675378
0.07654971278,0.07485934057,3.080689389,0.7450685549,1,-146.8521989,3.169506943,32.45046844,0,238.4305202,-69.96684694,13.59598262
0.07654971278,0.07872304847,3.067814466,0.8147745435,1,-198.4548813,3.174168104,-65.65919511,0,225.935242,31.68292353,14.87369888
0.07654971278,0.08258675637,3.186865475,0.368967042,1,-39.72856751,3.2081534,6.742769261,0,489.5618162,73.15484926,6.604153643
0.07654971278,0.08645046427,4.805838743,0.5581776653,1,18.14549548,4.838145133,85.38058508,0,561.8670539,50.61246334,6.624976804
0.07654971278,0.09031417218,5.427864545,0.5033009087,1,-840.9458649,5.451148991,760.326125,0,1415.535861,862.7415916,5.29762571
0.07654971278,0.09417788008,7.02588665,0.1624742178,1,-152.2757297,7.027765014,817.58505,0,616.9269748,879.3381633,1.324733596
0.07654971278,0.09804158798,7.223141231,0.2647049171,1,-633.1168115,7.227989896,148.0578464,145.2052862,212.2083834,357.0827947,2.098767017
0.07654971278,0.1019052959,5.399619431,-0.6451371262,2,-957.2873358,5.438022794,-120.9759443,238.3089984,49.50725737,258.8991537,-6.813302368
0.07654971278,0.1057690038,3.71574417,-1.2030215,1,-545.5628584,3.905638932,69.53873115,134.387715,82.54915463,264.0562532,-17.94004865
0.07654971278,0.1096327117,3.610669725,-1.396696013,1,-446.8062068,3.871394531,149.7857916,94.3520253,190.3369522,327.5037193,-21.1476983
0.07654971278,0.1134964196,2.724821885,-1.889671661,1,-560.655876,3.315948325,102.7440449,134.9344834,124.330052,207.9792618,-34.74141727
0.07654971278,0.1173601275,1.924834192,-1.803294152,1,-504.1591154,2.637585348,222.1240809,113.7303606,-3.521014562,-71.54714169,-43.13277194
0.07654971278,0.1212238354,0.7632941554,-0.7550118386,1,-283.4315011,1.073620438,266.5887749,0,-317.82515,-276.0414345,-44.68745622
0.08041342068,0.01690372206,-0.1925324357,-0.3696301302,1,-2.484280142,0.4167675275,130.2611977,0,40.72738764,-36.48948289,-117.5140441
0.08041342068,0.02076742997,-0.1186523374,-0.04749216915,1,14.49078117,0.1278040817,60.54773245,0,45.78106278,-42.4003949,-158.1855894
0.08041342068,0.02463113787,0.04034036392,0.02813136272,1,49.60636918,0.04918046899,20.90439067,0,80.4531434,-48.47852335,34.8900009
0.08041342068,0.02849484577,0.3838596289,0.2205831439,1,93.93408309,0.4427246752,35.88676875,0,163.1214518,-33.80446529,29.88362775
0.08041342068,0.03235855367,1.033527865,0.2973979343,1,55.0809898,1.075465192,88.87064765,0,110.0386868,36.88056369,16.0531877
0.08041342068,0.03622226157,1.021833828,0.421457642,1,-60.19036978,1.105337467,160.1409967,0,26.93250545,60.89900244,22.41380847
0.08041342068,0.04008596947,0.9050291918,0.6808400115,1,16.02081642,1.132528569,255.5660021,0,135.166507,132.446927,36.95360023
0.08041342068,0.04394967737,1.605977484,0.8971537851,1,210.2245378,1.839578374,42.27028016,0,478.4083887,122.5174599,29.18921464
0.08041342068,0.04781338527,3.565705671,0.370788349,1,-12.55517321,3.584932486,358.8559845,0,381.4369709,435.3807375,5.936700103
0.08041342068,0.05167709317,3.031229,0.6014844923,2,-374.78174,3.090328922,477.358456,0,-102.0373545,396.0794454,11.2233704
0.08041342068,0.05554080107,1.723415968,0.6848267047,2,-456.931555,1.854494598,122.2866385,80.44601969,-302.2456573,152.1408986,21.67118462
0.08041342068,0.05940450897,0.09799000684,0.4861363516,1,-310.7418152,0.4959138975,-108.6236748,57.61970031,-179.4080911,-129.1200382,78.60365546
0.08041342068,0.06326821687,-0.1703800973,0.7640186659,1,83.72857992,0.7827859857,-135.4266455,0,271.1323455,-300.0169015,102.5715481
0.08041342068,0.06713192477,1.469068968,1.122065024,1,260.1256674,1.848565268,-46.02263612,0,428.0564207,-160.7471718,37.37234843
0.08041342068,0.07099563267,2.488554474,1.207280761,1,-10.17323067,2.765941106,-102.8717899,0,323.4626558,-138.8256571,25.87957019
0.08041342068,0.07485934057,2.679527795,1.260980265,1,-102.373733,2.961408521,-95.60719061,0,162.4216711,-140.0392602,25.20157894
0.08041342068,0.07872304847,2.720562166,1.378953299,1,-82.65789599,3.050077163,-48.58870556,0,187.0171268,-76.35995978,26.8787803
0.08041342068,0.08258675637,3.082741379,1.368280279,1,-101.2874892,3.372756341,-34.67221284,0,346.1275047,-30.43003078,23.93412722
0.08041342068,0.08645046427,3.666552469,1.362562747,1,81.93956208,3.911544994,-199.3716249,0,442.3641428,-207.0768932,20.38605262
0.08041342068,0.09031417218,5.108497746,1.398051185,1,42.74531571,5.296347453,-150.5042162,0,379.7851988,-51.14803519,15.30547131
0.08041342068,0.09417788008,5.299086956,0.9786794851,1,-189.0382348,5.388704492,-278.2798535,0,325.2079278,-197.5014392,10.46395038
0.08041342068,0.09804158798,5.634617665,1.085946987,1,-174.5262638,5.738309602,-244.8122348,0,251.4359861,-282.3887467,10.90873251
0.08041342068,0.1019052959,5.596243657,1.123864151,1,-337.700204,5.707978075,-212.2603955,34.7693345,223.2563386,44.0314743,11.35536165
0.08041342068,0.1057690038,5.192439998,0.09571006524,1,-407.6718188,5.193322015,26.73660516,90.52376783,188.9898925,347.6566718,1.055989451
0.08041342068,0.1096327117,4.751320571,-0.1160772458,1,-508.1939025,4.752738274,275.2257412,104.5507723,97.04056673,359.5499699,-1.399487466
0.08041342068,0.1134964196,3.603863606,-0.2300941234,1,-682.3853392,3.61120149,195.5749129,164.2541634,13.00962148,232.7822422,-3.653177187
0.08041342068,0.1173601275,2.165048322,-0.259835498,1,-758.037641,2.180584491,-11.30586,186.9517326,-145.0166094,66.00673323,-6.843548216
0.08041342068,0.1212238354,0.1147257643,-0.5288074007,1,-627.307704,0.541109294,-277.3038314,0,-434.0160868,-138.073895,-77.75926899
0.08427712858,0.01690372206,0.06985573349,-0.1776186778,1,-51.75870124,0.1908617777,30.52894021,0,42.23610127,-46.81004288,-68.53075848
0.08427712858,0.02076742997,0.05145946111,-0.02821105776,1,6.130802516,0.05868509111,33.42042093,0,9.140871714,-17.27595304,-28.73239323
0.08427712858,0.02463113787,0.1288610219,0.01825730288,1,42.67155537,0.1301479622,49.07553445,0,58.38474068,-28.45108033,8.064114206
0.08427712858,0.02849484577,0.4419114705,0.2713291363,1,127.3904707,0.5185607467,51.80905445,0,160.3082987,-60.58190123,31.54950066
0.08427712858,0.03235855367,1.24044503,0.4525031263,1,138.3789379,1.320402572,66.87804839,0,182.9201126,-29.19207036,20.0415121
0.08427712858,0.03622226157,1.68331715,0.6425160131,1,118.1903582,1.801772309,133.8887429,0,152.5298518,-4.425865624,20.891673
0.08427712858,0.04008596947,2.286428844,0.9869103718,1,4.970146433,2.490331091,212.2023023,0,64.28174032,5.324593391,23.34687998
0.08427712858,0.04394967737,1.950886212,1.441831051,1,267.8088978,2.425867637,181.8544326,0,381.976854,63.49338549,36.46679708
0.08427712858,0.04781338527,4.797011187,1.444222885,1,247.8138024,5.009700198,-116.5384972,0,568.5950748,-54.4822338,16.75532678
0.08427712858,0.05167709317,5.105251641,1.202063776,1,-408.1272118,5.244859544,-203.8042135,71.66342137,-209.0609646,-121.0988582,13.24932571
0.08427712858,0.05554080107,2.412376354,1.12467355,2,-608.1566591,2.661663064,-13.57554515,112.5321165,-411.2646146,-4.304629571,24.99539541
0.08427712858,0.05940450897,1.166505612,1.166243666,2,-471.361329,1.649502844,259.0532612,94.39763829,-118.1724523,238.6748549,44.99356623
0.08427712858,0.06326821687,0.1345900257,1.203409759,1,-167.2791665,1.210912682,136.3515747,0,115.3001746,120.8343677,83.61852671
0.08427712858,0.06713192477,0.9656739705,1.226197622,1,139.193659,1.560796856,-31.4226303,0,286.7040185,-162.0551255,51.77831792
0.08427712858,0.07099563267,1.780134247,1.708135563,1,35.93876618,2.467104586,-69.0101266,0,275.8204028,-209.2803132,43.81756995
0.08427712858,0.07485934057,2.170220335,1.76816065,1,-13.6926169,2.799329989,-64.12980439,0,222.0197198,-102.5862562,39.17100766
0.08427712858,0.07872304847,2.58504932,1.85672006,1,-11.30323646,3.182748713,-12.75905744,0,209.3278043,-98.03652852,35.68792
0.08427712858,0.08258675637,2.935329422,2.097647889,1,-60.27163945,3.607808959,-38.84734158,0,228.6050354,-63.18481946,35.55039417
0.08427712858,0.08645046427,3.235440392,1.950752965,1,87.94123642,3.77803013,-132.0958504,0,355.5213052,-56.48886135,31.08715114
0.08427712858,0.09031417218,4.648739148,1.805524568,1,118.0434296,4.9870527,-147.0757725,0,387.213792,-198.4818878,21.22568038
0.08427712858,0.09417788008,5.187606711,2.149371179,1,-122.6286662,5.61525243,-112.0930817,0,261.7311812,-139.2623352,22.50560074
0.08427712858,0.09804158798,5.186190634,1.910498627,1,-226.2864137,5.526895901,-282.1788296,0,112.930357,-119.8642614,20.22288294
0.08427712858,0.1019052959,4.749632019,1.522235099,1,-135.1564207,4.987605038,-296.55667,0,128.9706006,-87.38103338,17.77041443
0.08427712858,0.1057690038,5.162290432,1.102305068,1,-65.91652637,5.278666401,-179.2626233,0,405.9074548,-29.02302774,12.05336503
0.08427712858,0.1096327117,6.063257655,0.9417531872,1,-360.6344113,6.135958968,-25.40290844,81.19887348,158.1290348,53.58176983,8.828710504
0.08427712858,0.1134964196,4.379868809,0.7971313424,1,-747.955015,4.451816389,23.18221666,175.3381716,-268.4456469,120.6308712,10.31486967
0.08427712858,0.1173601275,2.136182388,0.5652400507,1,-817.8548587,2.209699416,-71.70454963,154.7170595,-533.5601528,136.7275714,14.82096564
0.08427712858,0.1212238354,-0.8416040476,-0.008189490329,1,-851.9471103,0.8416438918,-204.7001169,0,-689.4667399,92.12850253,-179.4424832
0.08814083648,0.01690372206,-0.2554378608,-0.00646166917,1,34.98401863,0.2555195763,-107.7618876,0,68.11022999,-92.54310161,-178.5509296
0.08814083648,0.02076742997,-0.0562748293,-0.03586214101,1,46.38585275,0.06673042463,-25.5227208,0,50.79154799,-50.18923094,-147.4919469
0.08814083648,0.02463113787,0.1200272302,0.08884252094,1,28.58837452,0.14933027,40.06446945,0,76.5538234,-59.22620342,36.50834069
0.08814083648,0.02849484577,0.3499639115,0.3477680162,1,113.2366424,0.4933734209,30.09051704,0,160.8804165,-68.42870642,44.81967987
0.08814083648,0.03235855367,1.179135476,0.469492023,1,137.7251723,1.269166353,-22.38229784,0,165.6302283,-75.79404733,21.71078103
0.08814083648,0.03622226157,1.522040569,0.5541354147,1,81.99550807,1.619775772,-5.483643327,12.61905245,64.58754524,-119.4960567,20.00525024
0.08814083648,0.04008596947,1.745489577,0.9100026854,1,171.3045912,1.968461011,-14.38422179,35.50916499,95.7676732,-217.3317595,27.53506939
0.08814083648,0.04394967737,2.553929787,1.338265419,1,195.3268641,2.883316093,28.297556,40.81331449,104.7584358,-152.9249427,27.6546478
0.08814083648,0.04781338527,2.904931521,1.610193486,1,-72.58675241,3.321347649,-437.7620275,0,-128.7823397,-446.1355655,28.99945155
0.08814083648,0.05167709317,1.775898435,1.370618324,1,-169.0165402,2.243303333,-520.6712842,0,-154.6619981,-478.0610669,37.66055373
0.08814083648,0.05554080107,1.654332196,1.445560052,1,-20.49558466,2.196920317,-84.94653464,0,83.94956011,-209.214904,41.14705109
0.08814083648,0.05940450897,2.021066061,1.850755005,1,-193.3571713,2.740438307,36.64197186,47.39593549,-21.72661787,-69.54168821,42.48133546
0.08814083648,0.06326821687,0.8233112601,1.855822699,1,-281.6084038,2.030251048,60.34224521,67.74086067,-54.7365427,101.4305064,66.07616387
0.08814083648,0.06713192477,0.7215274343,1.692001965,1,-38.12625018,1.839421781,25.25972293,0,190.8319562,-46.7671083,66.90494417
0.08814083648,0.07099563267,1.413321503,2.134113335,1,88.4032054,2.559671346,26.00278592,0,251.6479149,-98.1530584,56.48539033
0.08814083648,0.07485934057,2.035385635,2.171703882,1,24.94511681,2.976422758,-25.51782476,0,202.5976751,-50.6992985,46.85585036
0.08814083648,0.07872304847,2.292480386,2.231407195,1,-7.108595778,3.199163076,-29.98086298,0,176.1517261,-110.9164554,44.22654499
0.08814083648,0.08258675637,2.688518913,2.48441537,1,2.733506361,3.66066301,-78.52933769,0,164.3173833,-121.2361836,42.740507
0.08814083648,0.08645046427,2.937916228,2.396413972,1,31.74280852,3.791325849,-97.41162107,0,249.035397,-85.41057696,39.20360665
0.08814083648,0.09031417218,3.773363884,2.438046841,1,54.61508889,4.492476755,-203.564742,0,305.1447205,-220.9883396,32.86732123
0.08814083648,0.09417788008,4.327923046,2.463733664,1,-22.82796325,4.980050347,-207.1050115,0,102.5122256,-196.3730054,29.65133031
0.08814083648,0.09804158798,4.081240598,2.396581504,1,-112.1365757,4.73287732,-298.0270673,0,56.46401157,-215.370753,30.42225992
0.08814083648,0.1019052959,4.11282052,2.14437381,1,-91.05790476,4.638278955,-251.1527001,0,170.3714793,-127.4680408,27.53697972
0.08814083648,0.1057690038,4.387685083,1.918700109,1,-82.8669541,4.788861085,-231.4479077,0,276.3015926,-165.1642659,23.61937981
0.08814083648,0.1096327117,4.860195461,1.88827318,1,-209.6565782,5.214122699,-349.9807853,0,150.6019814,-273.3419436,21.23204197
0.08814083648,0.1134964196,4.15951537,1.622590011,1,-482.4163155,4.464791872,-233.22127,99.18980172,-150.1152419,38.45479965,21.31031504
0.08814083648,0.1173601275,2.416278285,0.838596203,1,-647.9235366,2.557663845,-106.0763584,96.31698245,-511.5154162,288.2652325,19.13989874
0.08814083648,0.1212238354,-0.3202180714,0.09896929034,1,-711.0371084,0.3351634433,95.49239512,0,-705.4759547,478.3510023,162.8252731
0.09200454438,0.01690372206,-0.7040642359,-0.04962867321,1,122.0665144,0.7058112024,10.99360194,0,117.5969606,-8.904348917,-175.967956
0.09200454438,0.02076742997,-0.241069405,-0.01118873824,1,92.77692156,0.2413289164,28.35613879,0,103.6380079,-37.17947269,-177.3426418
0.09200454438,0.02463113787,0.05482567892,0.2035817867,1,55.07271918,0.210835004,52.42997522,0,83.35733922,-68.33471842,74.92752373
0.09200454438,0.02849484577,0.2937839053,0.4554107627,1,95.30879501,0.541948287,35.58146632,0,113.3753632,-56.74909645,57.17407803
0.09200454438,0.03235855367,0.8611203097,0.5603201115,1,101.3041774,1.02736888,-60.20933214,0,133.3533623,-91.22771396,33.051545
0.09200454438,0.03622226157,1.200432096,0.5752567296,1,50.6494356,1.331148948,-87.06026232,0,86.53113827,-121.9328969,25.60411609
0.09200454438,0.04008596947,1.391145977,0.6950577851,1,57.5973752,1.555118148,-51.16324332,5.923419997,12.00682488,-184.8804867,26.54807332
0.09200454438,0.04394967737,1.469362393,1.091901099,1,32.2178471,1.830648479,-136.6884808,0,-34.61370698,-274.3908586,36.61649016
0.09200454438,0.04781338527,1.381889074,1.22709955,1,9.814853477,1.848077574,-221.6932656,0,-67.51094063,-264.5599727,41.6046604
0.09200454438,0.05167709317,1.246441566,1.257525534,1,-31.2603201,1.770589463,-43.30776165,0,3.808298086,-121.2431384,45.25362173
0.09200454438,0.05554080107,1.27582248,1.528219081,1,-54.70023982,1.990772855,13.42807055,13.32238687,1.11160093,-134.5770252,50.14343062
0.09200454438,0.05940450897,1.039390718,1.829373992,1,-71.92959828,2.104030006,-68.02919661,0,-61.66999273,-210.8343193,60.39617249
0.09200454438,0.06326821687,0.7596326844,2.079976362,1,-47.76477001,2.214349448,20.53381408,10.68615652,7.17810912,-52.31104586,69.93719119
0.09200454438,0.06713192477,0.8825757157,2.110825253,1,22.16562852,2.287908027,51.10262334,0,169.8090248,-15.90272029,67.3092785
0.09200454438,0.07099563267,1.501366669,2.338865437,1,88.5499683,2.779279297,37.06606347,0,168.4994628,-51.898475,57.30274542
0.09200454438,0.07485934057,1.875739634,2.454558243,1,17.55073847,3.089215975,-36.78531117,0,122.0293185,-95.25737533,52.61343519
0.09200454438,0.07872304847,2.040663238,2.564784413,1,-27.00452844,3.277563964,-64.46281023,0,101.4806983,-133.6716,51.49259044
0.09200454438,0.08258675637,2.163493799,2.721960791,1,15.81364073,3.477035514,-89.44978757,0,110.5948755,-147.8195321,51.52129888
0.09200454438,0.08645046427,2.529068821,2.790308056,1,38.86338043,3.765900709,-111.8979608,0,179.8116009,-125.2367264,47.81158673
0.09200454438,0.09031417218,3.008390053,2.773497885,1,81.08820584,4.091784602,-189.8731757,0,203.5131969,-149.3268913,42.67360881
0.09200454438,0.09417788008,3.628685509,2.633649057,1,-23.19262106,4.48368887,-217.5018061,0,73.45039728,-162.7420154,35.97161869
0.09200454438,0.09804158798,3.20257142,2.561922049,1,-78.76351864,4.101208149,-191.5472368,0,-9.735262062,-165.3218638,38.65833458
0.09200454438,0.1019052959,3.286752071,2.532321876,1,-21.53611331,4.149143678,-157.784739,0,132.1359399,-139.1770618,37.61293239
0.09200454438,0.1057690038,3.629896843,2.490027419,1,-50.99720324,4.401861838,-193.3310255,0,146.2861437,-141.9206055,34.44924432
0.09200454438,0.1096327117,3.654920703,2.33368703,1,-80.25017009,4.33642024,-262.199043,0,79.59049695,-156.3468917,32.55845581
0.09200454438,0.1134964196,3.627348059,2.081045626,1,-215.619435,4.181914016,-294.3428902,0,4.730376185,26.95620363,29.84332166
0.09200454438,0.1173601275,2.84010698,1.092281183,1,-417.9285259,3.042907465,-147.6480543,89.08777794,-164.8766179,387.5239866,21.03632203
0.09200454438,0.1212238354,1.375559221,0.01329718325,1,-471.0110556,1.375623489,209.0024547,0,-287.0937481,767.5250075,0.5538465654
0.09586825228,0.01690372206,-0.2473655973,-0.02373071979,1,24.42642075,0.2485012793,115.0897461,0,56.84265404,99.6472516,-174.5201684
0.09586825228,0.02076742997,-0.09036561419,0.006101924126,1,33.86117266,0.09057139563,72.5972497,0,45.32223186,15.17656564,176.1369755
0.09586825228,0.02463113787,0.05857594828,0.1981260308,1,49.80994545,0.2066036442,71.41179713,0,42.98795623,-35.08435758,73.52968949
0.09586825228,0.02849484577,0.2681783717,0.4175719585,1,82.33855116,0.4962720822,43.76905238,10.36201389,56.24620476,-58.51473599,57.2900962
0.09586825228,0.03235855367,0.5940269646,0.5933207121,1,48.97743706,0.8395817423,-30.82326937,0,66.55243448,-102.0501533,44.9659196
0.09586825228,0.03622226157,0.7145520491,0.6927718327,1,3.526843728,0.9952474281,-87.19371273,0,58.44952566,-123.5663909,44.11334209
0.09586825228,0.04008596947,0.8334855527,0.733854116,1,13.29720673,1.110513408,-85.23153757,0,51.68887743,-185.4658185,41.36276001
0.09586825228,0.04394967737,0.9656392959,1.080047816,1,15.12080555,1.448779671,-48.83235398,0,34.75498602,-198.3196089,48.201029
0.09586825228,0.04781338527,1.026191043,1.311429204,1,-1.135834604,1.665207078,-19.42209621,0,46.29518186,-129.6958065,51.95688251
0.09586825228,0.05167709317,1.140121823,1.506113222,1,-25.03624452,1.888982479,42.39126797,0,66.46198993,-48.1361496,52.87442088
0.09586825228,0.05554080107,1.186248022,1.661200702,1,-54.98017396,2.041267289,20.95148157,12.73171156,4.121533552,-78.50787517,54.46972041
0.09586825228,0.05940450897,0.9436188919,1.890395124,1,-83.54739039,2.11282047,24.81370028,17.0188355,-42.16467592,-80.50099816,63.4732398
0.09586825228,0.06326821687,0.7005333186,2.068105935,1,-9.303189824,2.183531334,61.63088901,0,-12.97833775,-34.6646405,71.28712325
0.09586825228,0.06713192477,0.8575295778,2.262452922,1,59.44167151,2.419514456,59.08042707,0,110.2088548,-37.95301954,69.24196497
0.09586825228,0.07099563267,1.356013397,2.443014829,1,67.40270207,2.794117712,-18.7736746,0,105.4058287,-99.76470266,60.96721218
0.09586825228,0.07485934057,1.525211263,2.575378597,1,9.954771959,2.99313286,-64.83617567,0,34.28602118,-138.5533816,59.36479581
0.09586825228,0.07872304847,1.526946899,2.72783658,1,18.53115705,3.126125276,-76.9614399,0,45.28534018,-148.199687,60.76143347
0.09586825228,0.08258675637,1.771779568,2.850622375,1,47.12401193,3.356374646,-72.73343643,0,80.92660083,-127.9032761,58.1373414
0.09586825228,0.08645046427,2.021697063,2.940996726,1,57.45863812,3.568854264,-111.2509092,0,121.38882,-126.8936213,55.49462809
0.09586825228,0.09031417218,2.462793905,2.911061246,1,64.26014002,3.813086859,-160.3662502,0,152.3905351,-133.4846456,49.76836492
0.09586825228,0.09417788008,2.858771988,2.837134058,1,-37.98909007,4.027642852,-215.9757799,0,100.0043189,-151.8470394,44.78234259
0.09586825228,0.09804158798,2.702402635,2.663286524,1,-26.27509767,3.794216007,-87.97456558,0,53.88455422,-62.3472862,44.58231864
0.09586825228,0.1019052959,2.965446864,2.738117736,1,30.26363973,4.036231391,-57.58404668,0,70.66740444,-62.15447778,42.71754861
0.09586825228,0.1057690038,3.092370707,2.680945335,1,-3.188314978,4.092703811,-139.1346784,0,75.03881962,-79.01965047,40.92380641
0.09586825228,0.1096327117,3.243056226,2.505850828,1,-61.56296257,4.098377979,-128.5155543,0,70.3733102,-74.94317688,37.69261249
0.09586825228,0.1134964196,3.126411317,2.473957317,1,-117.8504189,3.986842426,-178.622319,0,143.7407285,-0.1574903566,38.35488462
0.09586825228,0.1173601275,3.34308882,1.816314859,1,-164.1929888,3.804634349,-181.9305014,0,248.6681849,248.8435933,28.51542788
0.09586825228,0.1212238354,3.4527988,0.8095720443,1,-103.1417793,3.546438558,0.2469155966,0,159.931776,521.3747239,13.19568077
0.09973196018,0.01690372206,0.1256167985,0.07561818347,1,-25.80370557,0.1466209049,-43.84149848,0,11.54081593,-21.82910116,31.04689305
0.09973196018,0.02076742997,0.09806297881,0.03309344676,1,6.928135073,0.1034964928,8.434968131,0,11.07723628,-17.86242084,18.64806556
0.09973196018,0.02463113787,0.1951842941,0.177223613,1,22.92061663,0.2636382325,42.56804901,0,12.98994282,-40.64323902,42.238849
0.09973196018,0.02849484577,0.2368108911,0.3545975577,1,32.41957205,0.4264021882,56.63821433,0,7.063723925,-60.08933509,56.26381165
0.09973196018,0.03235855367,0.3477362167,0.6282247679,1,31.10178448,0.7180437559,25.46825048,4.066158918,7.541335261,-86.56515968,61.03450808
0.09973196018,0.03622226157,0.3861166181,0.7874619297,1,-7.289752782,0.8770304063,-39.35619059,0,6.646393275,-95.04549841,63.87987708
0.09973196018,0.04008596947,0.3452504635,0.8433919865,1,-13.79254405,0.9113220756,-48.72264139,0,47.00488483,-147.1513833,67.73779809
0.09973196018,0.04394967737,0.5144394016,1.167761837,1,46.69898449,1.276054704,-47.39982199,0,72.48460899,-194.1415456,66.22485223
0.09973196018,0.04781338527,0.8057410552,1.410359143,1,90.92044456,1.624294173,-4.063132286,0,92.79054955,-118.7938933,60.26058419
0.09973196018,0.05167709317,1.224245021,1.611047985,1,29.17673091,2.02342568,-2.054303771,0,34.93275618,-91.66037154,52.76858031
0.09973196018,0.05554080107,1.053441387,1.756570815,1,-57.93494003,2.048238215,17.07802752,7.890014366,-45.59611512,-80.81154826,59.04826332
0.09973196018,0.05940450897,0.8242312653,1.989264713,1,-20.13665593,2.153260615,28.2029885,0,-28.94029296,-51.82527871,67.49383346
0.09973196018,0.06326821687,0.8638223918,2.065776663,1,36.27576352,2.239111955,70.00128125,0,-0.04771899741,-12.22804746,67.30733466
0.09973196018,0.06713192477,0.9642058471,2.30697482,1,29.82102878,2.50036512,64.94544574,0,16.64899879,-43.73817246,67.31739022
0.09973196018,0.07099563267,1.043369004,2.485698418,1,21.62094796,2.695795894,-50.50135343,0,10.91151832,-113.0299579,67.2298284
0.09973196018,0.07485934057,1.089901794,2.548567083,1,32.485656,2.771836953,-85.23544087,0,0.4716513151,-132.4585615,66.84589158
0.09973196018,0.07872304847,1.170706413,2.668154762,1,59.96925457,2.913692389,-57.36086728,0.717099514,17.25976002,-136.0409968,66.30957267
0.09973196018,0.08258675637,1.388292148,2.852564121,1,64.59925458,3.172456012,-70.97321636,0,48.82585818,-166.5189596,64.04863821
0.09973196018,0.08645046427,1.608947917,3.037315605,1,59.84738891,3.437149907,-79.79675128,0,65.61340924,-147.463323,62.08862564
0.09973196018,0.09031417218,1.873036025,3.114007989,1,52.61612911,3.633911075,-89.23552592,0,102.3069846,-122.7524686,58.97362889
0.09973196018,0.09417788008,2.207525576,3.166815281,1,51.48912614,3.860296387,-125.712127,0,142.2976941,-62.98159307,55.12039415
0.09973196018,0.09804158798,2.621771693,2.871635529,1,38.68405028,3.888441516,-65.58567264,0,120.9014639,58.22934464,47.60426405
0.09973196018,0.1019052959,2.824117388,2.688430221,1,34.21430824,3.899140428,-19.15680433,6.791873034,8.553041279,1.383390146,43.58999267
0.09973196018,0.1057690038,2.787012239,2.792274217,1,3.838586867,3.945153042,-25.76588604,0,7.730146812,-65.88797412,45.0540372
0.09973196018,0.1096327117,2.868815596,2.84345025,1,-54.65118923,4.039221738,-6.78215291,0,93.36603563,-84.29401438,44.74557947
0.09973196018,0.1134964196,2.936595097,3.091757409,1,-245.5439882,4.264100684,-84.55819067,0,305.0267525,-44.18399785,46.47439672
0.09973196018,0.1173601275,3.098639622,2.687456162,2,-328.8736178,4.101705515,-346.9708424,0,446.4699228,186.7187905,40.93516269
0.09973196018,0.1212238354,3.39095287,1.029736557,1,-16.79700948,3.543856479,-313.8511153,0,168.1093009,544.2466743,16.89205342
0.1035956681,0.01690372206,-0.501097612,0.120557603,1,91.21344649,0.5153959181,-191.6107133,0,102.5419222,-140.6623672,166.4724666
0.1035956681,0.02076742997,-0.1267905377,0.02213283925,1,80.92134342,0.1287078204,-55.4693923,0,65.85747072,-65.61488104,170.0980932
0.1035956681,0.02463113787,0.06601285183,0.159756808,1,60.36274091,0.1728581335,8.412927163,11.50879469,38.41149273,-68.57827821,67.54917591
0.1035956681,0.02849484577,0.2548442492,0.3196043677,1,54.41367712,0.4087695478,41.58263244,7.038242256,21.14935962,-47.07138052,51.43204851
0.1035956681,0.03235855367,0.3579663539,0.5022900183,1,26.18836337,0.6167942712,63.06632167,0,-41.60906006,-47.45255647,54.52371875
0.1035956681,0.03622226157,0.1952631815,0.7466170304,1,-13.86857152,0.7717283849,34.6096506,0,-58.93217461,-86.12090564,75.3436718
0.1035956681,0.04008596947,0.07668553591,0.9687576223,1,-33.41729016,0.9717880438,31.74100567,1.44141304,-8.736304254,-80.3427537,85.47398175
0.1035956681,0.04394967737,0.03239400575,1.179675937,1,69.56018518,1.180120624,9.649493694,10.95701007,53.33260547,-80.91043737,88.4270481
0.1035956681,0.04781338527,0.5515073821,1.318654743,1,124.2137112,1.429339262,-25.5169813,25.19017896,68.77232836,-115.7610924,67.30361838
0.1035956681,0.05167709317,0.7780356913,1.528352822,1,84.74910322,1.714993261,-52.87054114,16.16413804,15.80014706,-153.8666786,63.02080645
0.1035956681,0.05554080107,0.9400003148,1.708874318,1,32.26678272,1.950346642,6.37194672,7.242738714,-13.03303803,-78.52774773,61.18613177
0.1035956681,0.05940450897,0.8523492626,1.856380442,1,37.07313437,2.042705953,36.64667115,0,-41.27844616,-20.00571987,65.33797796
0.1035956681,0.06326821687,0.9237522184,1.927762608,1,47.32632519,2.137659195,46.65922077,0,-24.77828926,-45.26791577,64.39702361
0.1035956681,0.06713192477,0.9394682872,2.211560046,1,9.633057881,2.40283135,20.89288763,0,-61.28707672,-101.7546119,66.98426782
0.1035956681,0.07099563267,0.7241761777,2.401636721,1,-2.229937596,2.508443756,-38.93944188,0,-63.86280729,-101.0884953,73.22013226
0.1035956681,0.07485934057,0.6841052266,2.451685834,1,35.84942891,2.545341508,-62.97046916,0,-21.47918851,-104.6876102,74.40905734
0.1035956681,0.07872304847,0.7796985891,2.562819569,1,54.18029755,2.678800857,-44.01170084,7.518778298,-10.16197391,-131.4905563,73.07842038
0.1035956681,0.08258675637,0.8541791714,2.789678579,1,86.18119208,2.917520974,-64.61693402,14.18801775,8.011210405,-168.2622886,72.97579509
0.1035956681,0.08645046427,1.143630519,2.963274944,1,140.6944558,3.176301175,-95.76237952,20.37240882,63.65718376,-176.8693436,68.89666984
0.1035956681,0.09031417218,1.643734216,3.103052197,1,139.1581123,3.511523189,-93.94143527,0,116.058917,-152.1023783,62.08914681
0.1035956681,0.09417788008,2.129714571,3.187991839,1,123.041961,3.833924376,-119.1926063,0,143.6049344,-87.59042384,56.25538627
0.1035956681,0.09804158798,2.673979932,2.980950595,1,71.0663426,4.004526829,-147.7091093,0,127.4634199,-5.611994998,48.10717843
0.1035956681,0.1019052959,2.896775583,2.638970096,1,1.156614427,3.918605868,43.07114894,0,15.47689758,116.8265715,42.33360198
0.1035956681,0.1057690038,2.738246964,2.695981186,1,-12.2346376,3.842695797,71.96419981,0,10.78238914,-41.59926408,44.5543798
0.1035956681,0.1096327117,2.891164519,3.077746149,1,-72.94831585,4.222718749,222.5898602,0,44.67033512,-270.5169431,46.7904205
0.1035956681,0.1134964196,2.628989106,4.601201838,1,-256.5313852,5.29930581,172.9314507,0,213.2458102,-275.9300363,60.25764473
0.1035956681,0.1173601275,2.723921701,4.812015822,1,-85.31860592,5.529488738,-620.1438609,0,528.9315495,176.294664,60.48724657
0.1035956681,0.1212238354,4.342979941,1.523996017,2,716.6195672,4.602612152,-395.0773853,0,121.4656513,1306.924883,19.33649305
0.107459376,0.01690372206,-1.158189328,0.1193881044,1,204.2599942,1.164326431,-49.12111862,0,203.8547306,25.67597541,174.1146415
0.107459376,0.02076742997,-0.3697712847,-0.02510895719,1,140.425847,0.3706228039,-24.0327273,0,149.6872538,-17.05039243,-176.1153495
0.107459376,0.02463113787,-0.03727704811,0.09241040199,1,99.89301434,0.09964567583,26.79681191,20.41015468,51.61307038,-38.21403131,111.9684507
0.107459376,0.02849484577,0.2156039718,0.2260739514,1,85.8856245,0.312401191,20.1208809,19.64048201,29.37678773,-50.76049327,46.35794271
0.107459376,0.03235855367,0.4080632446,0.3662753273,1,28.83973845,0.5483367825,20.62041683,0,-36.21912568,-79.61370775,41.9109752
0.107459376,0.03622226157,0.1870921751,0.6133493304,1,7.290020368,0.6412494703,52.02983177,0,-72.1488931,-96.1378854,73.03653106
0.107459376,0.04008596947,0.1574675056,0.9387521067,1,34.96399718,0.9518673927,66.6310586,0,-21.50134503,-60.63370669,80.47778
0.107459376,0.04394967737,0.2391079305,1.10506321,1,26.16972526,1.130635794,55.57481317,0,0.3375425913,-11.04454171,77.79084625
0.107459376,0.04781338527,0.2598838458,1.196149835,1,34.02030353,1.224056388,-3.978770595,7.70253395,14.2144145,-65.98815519,77.74202901
0.107459376,0.05167709317,0.4254727917,1.344649359,1,86.31119259,1.410357754,-5.941511531,18.14344539,46.92056714,-105.6891413,72.4416319
0.107459376,0.05554080107,0.7746524485,1.58154554,1,91.04272568,1.761071467,3.076693409,21.68962587,28.8043902,-85.41025801,63.90405288
0.107459376,0.05940450897,0.8885270402,1.686537092,1,47.0125519,1.906275862,24.44679993,8.351090794,-22.54239479,-28.77667359,62.21816165
0.107459376,0.06326821687,0.8691979879,1.787185495,1,-17.82942478,1.987344242,-5.170417109,0,-43.4452062,-94.83119175,64.06402001
0.107459376,0.06713192477,0.6517797644,2.032960135,1,-17.34043774,2.134887298,-9.689880798,0,-77.60877682,-128.8452437,72.22382389
0.107459376,0.07099563267,0.5023419575,2.247567012,1,8.56124332,2.303020824,-12.31381701,0,-62.82513219,-88.43393863,77.40118464
0.107459376,0.07485934057,0.4421199482,2.327066051,1,24.58116007,2.368692984,-22.42863855,0,-27.09817273,-66.94235743,79.24257
0.107459376,0.07872304847,0.4926169558,2.41955502,1,39.81441385,2.469193787,-38.34846393,0,-27.8065425,-96.18722915,78.49197508
0.107459376,0.08258675637,0.4885148556,2.550538145,1,66.02747142,2.596900382,-29.77427062,7.946132507,-49.73182464,-112.6250133,79.15722566
0.107459376,0.08645046427,0.555578575,2.739666089,1,114.472862,2.7954316,-58.97763892,24.64868208,-2.17665484,-181.714997,78.53640945
0.107459376,0.09031417218,0.9223945985,3.024759445,1,148.4016172,3.162274734,-135.304701,0,72.37018958,-266.4218891,73.04101554
0.107459376,0.09417788008,1.408576349,3.246264604,1,143.3362285,3.538689194,-222.0901759,0,143.173301,-238.8559145,66.54364928
0.107459376,0.09804158798,2.029383731,3.089537362,1,226.743248,3.696436046,-301.6659611,0,299.5230168,-171.6082536,56.70081604
0.107459376,0.1019052959,3.441915474,2.743759612,1,49.22558084,4.401704095,106.9275556,0,177.2278087,160.8478006,38.56047432
0.107459376,0.1057690038,2.904333482,2.881205285,1,-236.6527352,4.091026383,296.2268745,0,40.39666554,152.8064186,44.77095634
0.107459376,0.1096327117,2.683639347,3.297894361,1,-28.29643064,4.251826356,139.2617694,0,-66.35224427,-385.0102608,50.86325907
0.107459376,0.1134964196,2.538638649,4.90683927,1,-18.23945058,5.524650017,135.6567963,0,-318.1998991,-320.6005153,62.64442832
0.107459376,0.1173601275,1.383735973,5.06073934,1,1036.177722,5.246504352,-1084.437552,0,96.26466627,514.1831924,74.70764372
0.107459376,0.1212238354,6.914065252,-1.269764329,1,1609.069603,7.029694144,-1833.185664,0,1253.636078,1443.720268,-10.4063804
0.1113230839,0.01690372206,NaN,NaN,0,71.43853194,0.6035292674,91.19514839,0,87.04088366,122.8101537,168.6290721
0.1113230839,0.02076742997,NaN,NaN,0,54.85780699,0.2913384243,2.776593419,0,103.948931,40.50578501,168.53358
0.1113230839,0.02463113787,0.02190005105,-0.02678279296,1,45.73267824,0.03459667953,3.623815374,0,63.48506276,-7.597146473,-50.72743949
0.1113230839,0.02849484577,0.1364617368,0.1012707287,1,13.972,0.1699340051,12.31688734,0,14.01496522,-59.55820545,36.5797798
0.1113230839,0.03235855367,0.1300335097,0.2509215709,1,-7.191578906,0.2826134257,-2.131640428,0,-21.69755905,-89.72044187,62.60573791
0.1113230839,0.03622226157,0.02484254624,0.4396882728,1,29.28609521,0.44038952,43.63800457,0,-37.09619851,-85.68607359,86.76620591
0.1113230839,0.04008596947,0.09985755188,0.7505920334,1,66.85087967,0.7572053429,68.02938049,0,-20.36614899,-97.66110969,82.42196139
0.1113230839,0.04394967737,0.2044459674,1.079867929,1,58.3767234,1.099050907,50.69690283,6.679949606,-11.44821045,-76.52248142,79.27936611
0.1113230839,0.04781338527,0.2811756181,1.242130573,1,33.30160308,1.273557258,35.82726282,0,3.523512101,-40.85840546,77.24516603
0.1113230839,0.05167709317,0.3467274559,1.376158951,1,38.62244104,1.419166441,7.075230426,0,49.56017042,-51.48846059,75.85848552
0.1113230839,0.05554080107,0.6218874707,1.468403569,1,79.7559823,1.594663936,-9.626993926,16.05168914,46.77854159,-64.36236713,67.04672831
0.1113230839,0.05940450897,0.8356198956,1.587640445,1,6.997053317,1.794118946,-4.65014392,0,-28.87040936,-97.925089,62.24090377
0.1113230839,0.06326821687,0.5373752122,1.828790711,1,-53.7288203,1.906107968,-31.4968566,0,-57.92839466,-132.7106008,73.62500561
0.1113230839,0.06713192477,0.404209032,1.978700788,1,-9.761482725,2.019564743,-18.06885565,0,-42.6386829,-94.94576104,78.45446763
0.1113230839,0.07099563267,0.3349162783,2.125820618,1,28.28865865,2.152041406,-0.4397851619,0,-45.21727498,-71.1778448,81.04682371
0.1113230839,0.07485934057,0.3388018033,2.252011988,1,20.35736559,2.27735475,-2.894350646,0,-39.77506262,-48.37691087,81.44435369
0.1113230839,0.07872304847,0.2598919689,2.301551945,1,28.93342015,2.316179007,-23.63034847,0,-37.94338444,-47.02924063,83.55743313
0.1113230839,0.08258675637,0.3039899331,2.342418472,1,42.27937533,2.362061426,-8.466503992,0,-54.24391571,-63.08329804,82.60570358
0.1113230839,0.08645046427,0.2136644797,2.512575284,1,28.99455078,2.521643723,-4.77007331,0,-83.97021746,-125.6049058,85.13937314
0.1113230839,0.09031417218,0.09158001545,2.809288969,1,82.8519531,2.810781282,-59.58137392,8.030496541,-47.88837825,-234.2289063,88.132876
0.1113230839,0.09417788008,0.34875352,3.187362335,1,125.835759,3.206385453,-210.1821762,0,69.26351187,-327.3911902,83.75567402
0.1113230839,0.09804158798,0.8453866097,3.262150363,1,381.242971,3.369911499,-638.1681486,0,546.008238,-624.2361897,75.47140525
0.1113230839,0.1019052959,3.931381342,3.133533315,1,377.0530224,5.027403932,-351.6256087,0,561.8879973,-482.139818,38.55682739
0.1113230839,0.1057690038,4.473180446,3.766419145,1,-295.5054659,5.84767103,-193.9938519,9.805389918,-219.4706301,-141.4992743,40.09738768
0.1113230839,0.1096327117,1.941664132,2.930709601,1,-205.0108687,3.515553778,-230.8655423,0,-457.2441241,-146.9624964,56.47458899
0.1113230839,0.1134964196,1.914420598,3.442242283,1,209.1414852,3.938786382,-471.3622661,0,-576.9329284,-18.36651093,60.91915299
0.1113230839,0.1173601275,0.5206254268,1.180466323,1,689.3930476,1.290175017,-583.8696645,0,-450.3017818,268.0419363,66.20090437
0.1113230839,0.1212238354,NaN,NaN,0,365.4483729,2.842197707,-1021.516267,0,834.2147714,-488.4730613,3.039477006
0.1151867918,0.01690372206,NaN,NaN,0,15.6746241,0.3769148385,46.80580306,0,50.99425326,54.62535259,151.5306436
0.1151867918,0.02076742997,NaN,NaN,0,9.958202429,0.2609681171,16.32858187,0,62.17626519,21.16088395,140.9060743
0.1151867918,0.02463113787,NaN,NaN,0,-9.206753089,0.1693839816,-2.999296097,0,70.18914127,-18.96198057,108.1018606
0.1151867918,0.02849484577,NaN,NaN,0,-16.22625425,0.2286451986,1.044208704,0,43.60991528,-37.5788008,81.68202823
0.1151867918,0.03235855367,NaN,NaN,0,-21.27616741,0.3147524908,3.306026295,2.209634715,19.09002927,-30.50283933,80.27392723
0.1151867918,0.03622226157,0.02463071859,0.3568675377,1,-8.807359231,0.3577165243,39.16656098,0,6.168839587,-36.29010766,86.05175149
0.1151867918,0.04008596947,0.0429791594,0.601770984,1,28.09746754,0.6033038417,56.40132554,0,1.587675037,-67.42079964,85.91480782
0.1151867918,0.04394967737,0.1393254385,0.835280061,1,62.14630293,0.8468201451,47.24638518,9.758865647,-11.03844851,-76.81190738,80.53019665
0.1151867918,0.04781338527,0.2404449803,1.081095989,1,61.57178688,1.107511773,45.10599818,6.823712535,-31.92472042,-97.66604963,77.46101985
0.1151867918,0.05167709317,0.2538730434,1.38690955,1,55.85101313,1.409953766,25.27763702,12.33510601,8.422528178,-71.27064306,79.62687885
0.1151867918,0.05554080107,0.4887791697,1.454130342,1,39.71944729,1.53407957,-6.187070602,8.169483862,21.96566584,-47.86882998,71.42087613
0.1151867918,0.05940450897,0.4922063024,1.547955693,1,-30.39087412,1.624325667,-12.35569089,0,-35.35706506,-94.35703076,72.36080187
0.1151867918,0.06326821687,0.2347483376,1.770959566,1,-6.2812092,1.78645027,-20.14711617,0,-65.43280556,-112.7981533,82.44921575
0.1151867918,0.06713192477,0.2151242969,1.905932237,1,29.52801121,1.918034451,-17.70962413,0,-31.88739839,-67.5586278,83.56022843
0.1151867918,0.07099563267,0.2256323547,1.963561556,1,49.23709874,1.97648272,3.897472706,6.48226818,-41.75763243,-44.96742087,83.44490747
0.1151867918,0.07485934057,0.24402277,2.094731913,1,51.63834703,2.108897555,-12.42096178,0,-53.19731882,-63.56380971,83.35536045
0.1151867918,0.07872304847,0.2196089431,2.161162581,1,39.86670416,2.172291829,-22.27135469,0,-48.13737333,-43.71925709,84.1977419
0.1151867918,0.08258675637,0.2120673202,2.177600343,1,11.57491807,2.187902146,-26.53183735,0,-54.99466132,-63.29461636,84.43774537
0.1151867918,0.08645046427,0.05184773806,2.303203221,1,-9.26548847,2.303786723,3.95147339,0,-100.6987826,-84.56884439,88.71042429
0.1151867918,0.09031417218,-0.2128025026,2.519616994,1,-51.14068696,2.528587491,25.51367691,0,-135.2858935,-161.9960323,94.82764555
0.1151867918,0.09417788008,-0.6684501138,3.027685966,1,-265.7662229,3.100597985,10.89975162,0,-416.3183057,-301.3715854,102.4499959
0.1151867918,0.09804158798,-2.848177884,3.726142226,1,131.9425576,4.690016327,-122.502899,0,98.13164685,-233.8524136,127.3934689
0.1151867918,0.1019052959,0.2204894075,3.457907965,2,490.8267781,3.464930457,-814.2274101,0,662.5378237,-671.5767339,86.35154177
0.1151867918,0.1057690038,1.608086039,3.174981681,1,301.0780226,3.558995558,-663.7457366,0,-41.39670422,-370.0979622,63.13839187
0.1151867918,0.1096327117,1.223822169,2.323338739,1,-104.789772,2.625955749,-332.1921003,0,-144.0945538,5.645119017,62.22191374
0.1151867918,0.1134964196,0.6464697035,1.869677348,1,-43.84100002,1.978286244,-460.2459764,0,-230.5980391,-29.04171401,70.92638614
0.1151867918,0.1173601275,0.1634698851,0.6572914237,1,97.64293675,0.6773141213,-267.9637081,0,14.53890057,75.81622396,76.03375722
0.1151867918,0.1212238354,NaN,NaN,0,151.0647116,1.20802624,-366.474996,0,323.3177692,-306.4915197,26.62691651
0.1190504997,0.01690372206,NaN,NaN,0,-3.771218529,0.3243008683,27.49028041,0,34.36725448,25.30841858,128.0275572
0.1190504997,0.02076742997,NaN,NaN,0,-4.825648946,0.2953284161,16.77633974,0,40.23995459,10.42926613,118.4463307
0.1190504997,0.02463113787,NaN,NaN,0,-9.033844465,0.2869696914,9.267176946,0,44.22752755,-9.571891677,102.671903
0.1190504997,0.02849484577,NaN,NaN,0,-13.27630576,0.3324933912,10.34761123,0,36.02773461,-22.49778388,90.80946529
0.1190504997,0.03235855367,NaN,NaN,0,-17.65356332,0.4076491896,16.4734594,0,28.17547078,-26.25537132,86.49062445
0.1190504997,0.03622226157,NaN,NaN,0,-24.47045613,0.4988494568,32.81957898,0,32.83769178,-29.62851001,85.86662172
0.1190504997,0.04008596947,NaN,NaN,0,-5.203463468,0.6506921368,40.96447363,0,19.24621862,-36.5650663,84.94961877
0.1190504997,0.04394967737,NaN,NaN,0,4.143318372,0.8021922055,23.23465132,0,1.244617234,-36.99801813,83.54293646
0.1190504997,0.04781338527,0.07809893212,0.8808873795,1,26.5724778,0.8843427043,34.42655521,0,-6.174846454,-68.01537955,84.933439
0.1190504997,0.05167709317,0.1690239151,1.192909139,1,75.04582181,1.204824177,56.13315442,12.17016686,11.64094051,-78.17326245,81.93541409
0.1190504997,0.05554080107,0.4130312606,1.399808143,1,51.41879689,1.459471706,17.93287111,11.5570327,14.39601139,-79.26479611,73.56063259
0.1190504997,0.05940450897,0.4233131098,1.568452534,1,-39.70482433,1.624572972,-5.138722284,0,-61.0579006,-57.01585245,74.89618168
0.1190504997,0.06326821687,0.02371352419,1.600246221,1,-2.680027077,1.600421913,2.157151316,0,-87.53271816,-42.60737418,89.15101477
0.1190504997,0.06713192477,0.07475741333,1.741409585,1,72.8514206,1.743013486,-0.08470775676,16.27291832,-33.37626491,-45.11847834,87.54184428
0.1190504997,0.07099563267,0.1762339951,1.774243556,1,56.59507041,1.782974654,-14.35088778,0,-64.24020629,-41.66869119,84.32746919
0.1190504997,0.07485934057,0.04521884141,1.846957598,1,41.64380944,1.847511058,-35.27604723,0,-85.98217008,-83.74926114,88.59751448
0.1190504997,0.07872304847,0.004923520791,1.961529896,1,41.7049518,1.961536075,-13.49037726,0,-64.55659831,-75.15535588,89.85618554
0.1190504997,0.08258675637,-0.04307324573,2.085213063,1,11.36618332,2.085657887,3.602912116,0,-37.95748293,-47.58466533,91.18336314
0.1190504997,0.08645046427,-0.0978174936,2.159303743,1,-24.73831925,2.161518197,44.03313357,0,-76.89324911,-59.22607178,92.59375298
0.1190504997,0.09031417218,-0.4357479394,2.48417647,1,-50.51430651,2.522104082,53.48261833,0,-124.3765814,-62.04612539,99.94900458
0.1190504997,0.09417788008,-0.7735447989,2.605673063,1,97.91507219,2.718069842,121.3218365,0,-122.6887585,-46.22147334,106.534547
0.1190504997,0.09804158798,-0.5314662268,3.13151488,1,10.23806703,3.17629372,473.325558,0,-278.3191682,164.9943885,99.6321949
0.1190504997,0.1019052959,-1.809331867,3.796974639,1,251.9585195,4.206031171,-241.0149188,18.30282632,9.494113875,-62.86531205,115.4787029
0.1190504997,0.1057690038,0.4787103785,2.443196837,1,435.0820229,2.489653472,-496.6576831,0,209.1990438,-233.1472781,78.9141321
0.1190504997,0.1096327117,0.6799819802,2.778847405,1,-116.66332,2.860833514,-61.86058675,24.85481438,-1.035664289,-133.6752285,76.24995436
0.1190504997,0.1134964196,0.02395588289,2.720667635,1,-239.7352726,2.720773101,-421.930764,0,6.343326538,74.86424554,89.49551518
0.1190504997,0.1173601275,-0.2217763259,0.8593766015,1,-38.29060141,0.8875319047,-313.9081064,0,93.70304213,178.9933977,104.4704016
0.1190504997,0.1212238354,NaN,NaN,0,53.46413546,0.8502455351,-169.5458762,0,184.5609459,-147.2168583,73.74087503
0.1229142076,0.01690372206,NaN,NaN,0,-9.273747608,0.3509433547,17.89702349,0,24.75643872,11.86231197,111.2747679
0.1229142076,0.02076742997,NaN,NaN,0,-8.806726231,0.3524195014,14.56478517,0,27.83778012,4.27418823,106.0484318
0.1229142076,0.02463113787,NaN,NaN,0,-8.826670068,0.3707123827,12.94405292,0,30.45327973,-7.257068391,98.34553825
0.1229142076,0.02849484577,NaN,NaN,0,-10.19156099,0.4169670301,14.60559986,0,28.09802484,-16.58507172,91.90588223
0.1229142076,0.03235855367,NaN,NaN,0,-11.59132398,0.487541082,19.42062112,0,24.74642746,-22.39235205,88.19234063
0.1229142076,0.03622226157,NaN,NaN,0,-11.63651463,0.5794693881,27.11259016,0,23.17931422,-26.96472648,86.34304253
0.1229142076,0.04008596947,NaN,NaN,0,-4.795941954,0.6988159981,32.09723101,0,17.52664876,-31.51804512,85.07642566
0.1229142076,0.04394967737,NaN,NaN,0,-0.07981394247,0.8285709563,32.59202223,0,13.19943669,-34.26926399,84.0320834
0.1229142076,0.04781338527,NaN,NaN,0,-1.025463842,0.9609635758,45.22332064,0,22.39578909,-37.04254701,83.38696571
0.1229142076,0.05167709317,NaN,NaN,0,29.10284699,1.154327969,42.81577598,0,7.427593665,-49.45704286,81.59554562
0.1229142076,0.05554080107,NaN,NaN,0,31.83519197,1.335047832,10.86080217,7.063874443,-10.26454555,-72.87276222,79.12801083
0.1229142076,0.05940450897,0.2520591809,1.465453644,1,7.393801187,1.486972835,-16.43767607,0,-52.26003823,-50.60911035,80.2405749
0.1229142076,0.06326821687,0.07846049195,1.443113553,1,1.756483509,1.445244885,14.27699935,0,-56.51910963,6.500571436,86.88795564
0.1229142076,0.06713192477,0.0404723897,1.49549949,1,36.2048059,1.496047037,6.548433671,0,-54.13354918,-7.317984378,88.44979469
0.1229142076,0.07099563267,0.009189064886,1.496689342,1,22.90756276,1.496717551,-0.7611961458,0,-89.25021873,-28.22779572,89.6482316
0.1229142076,0.07485934057,-0.2158562543,1.601622407,1,48.95827502,1.616102799,29.65487655,0,-83.14340098,-36.06169797,97.67570206
0.1229142076,0.07872304847,-0.1228922764,1.750598991,1,96.07487324,1.754907216,47.97698312,19.57847228,-29.30198726,-51.77323256,94.01558346
0.1229142076,0.08258675637,0.04213467283,1.987028104,1,62.20671326,1.987474784,41.00382545,8.533762337,-32.17366159,-49.86557381,88.78523249
0.1229142076,0.08645046427,-0.006853337358,2.101691806,1,3.962649924,2.10170298,26.28252844,0,-78.5086748,-37.69918071,90.18683325
0.1229142076,0.09031417218,-0.2458893924,2.234234739,1,-2.23924114,2.24772473,29.48151507,0,-93.89403796,10.42070666,96.2804295
0.1229142076,0.09417788008,-0.3782842473,2.175337202,1,32.9847375,2.20798345,102.8578037,0,-68.18581247,5.281426963,99.86490534
0.1229142076,0.09804158798,-0.3818960639,2.611241356,1,39.12601164,2.639019898,58.76555275,0,-188.0324012,-30.72338681,98.32056297
0.1229142076,0.1019052959,-0.9536150412,2.521096325,1,63.80914469,2.69542359,115.713081,0,-278.5694507,195.6895012,110.7193302
0.1229142076,0.1057690038,-1.211667155,2.30223583,1,205.9853739,2.601620093,-117.584588,12.17361116,162.0403601,-182.028875,117.7578407
0.1229142076,0.1096327117,0.4683288948,2.770090226,1,109.453615,2.809400615,-133.2637648,0,24.40050194,-267.3881239,80.40395733
0.1229142076,0.1134964196,-0.6944939458,2.820453175,1,-120.3445882,2.904699288,-434.9609295,0,-93.47334445,-20.12265488,103.8330285
0.1229142076,0.1173601275,-0.3578011409,1.167276307,1,38.75199194,1.220883137,-254.7422746,0,103.7336294,204.0194462,107.041691
0.1229142076,0.1212238354,NaN,NaN,0,10.82134954,1.057775464,-102.0920608,0,99.86507984,-40.31491833,97.82266345
0.1267779155,0.01690372206,NaN,NaN,0,-9.276133897,0.3961226756,12.52541794,0,18.03144572,5.114916047,102.3614279
0.1267779155,0.02076742997,NaN,NaN,0,-8.430165524,0.4069574999,12.1504024,0,19.77212024,0.5535653284,99.6027536
0.1267779155,0.02463113787,NaN,NaN,0,-7.274548585,0.4336864018,13.3386497,0,21.64978642,-7.145498398,95.42197117
0.1267779155,0.02849484577,NaN,NaN,0,-7.071944155,0.4805585847,15.71011419,0,21.16465755,-14.19308256,91.47206743
0.1267779155,0.03235855367,NaN,NaN,0,-6.883656983,0.5474489875,19.49083504,0,19.53289998,-19.7642387,88.5899814
0.1267779155,0.03622226157,NaN,NaN,0,-5.688336436,0.6331247178,24.11292954,0,17.6064889,-24.31999872,86.69252925
0.1267779155,0.04008596947,NaN,NaN,0,-2.26397578,0.7368217829,27.71983801,0,14.48162549,-28.27312371,85.36668705
0.1267779155,0.04394967737,NaN,NaN,0,1.358831654,0.8525325349,29.81288595,0,11.63069169,-31.51844571,84.36350245
0.1267779155,0.04781338527,NaN,NaN,0,5.282821629,0.9775557507,32.50086853,0,10.15078459,-34.98656226,83.55635639
0.1267779155,0.05167709317,NaN,NaN,0,15.46046941,1.118389121,28.29504453,0,1.033559232,-40.49038189,82.63510706
0.1267779155,0.05554080107,NaN,NaN,0,18.32588484,1.249244808,14.40286284,0,-12.91659609,-44.81621829,82.01973498
0.1267779155,0.05940450897,NaN,NaN,0,15.76561067,1.348013251,1.740482408,0,-33.73880477,-33.96079214,83.00075276
0.1267779155,0.06326821687,NaN,NaN,0,3.071916373,1.379012983,10.01628643,0,-27.0074259,-4.063723404,85.6751939
0.1267779155,0.06713192477,NaN,NaN,0,12.64934088,1.394217769,0.4895438545,0,-22.94074783,9.337961624,87.04870712
0.1267779155,0.07099563267,0.06422899821,1.34089865,1,9.93117751,1.342436052,-0.4623704685,0,-23.21358411,13.98314704,87.25763026
0.1267779155,0.07485934057,0.02046475487,1.336555308,1,16.99113405,1.336711973,50.69419369,0,-36.13675227,15.4400588,89.12278044
0.1267779155,0.07872304847,-0.009744078156,1.477110329,1,25.08412716,1.477142469,69.27052339,0,-50.3907006,-30.11575637,90.37795853
0.1267779155,0.08258675637,-0.07731245288,1.720554863,1,47.90699963,1.722290989,47.39532107,0,-82.11870208,-46.69779215,92.57283253
0.1267779155,0.08645046427,-0.1419281032,1.840658634,1,40.72266312,1.846122367,55.82998126,0,-93.59026138,-50.15480213,94.40919478
0.1267779155,0.09031417218,-0.28157741,2.130049108,1,6.205638513,2.148579772,77.19230466,0,-61.54064352,-19.6372138,97.53043422
0.1267779155,0.09417788008,-0.3557263992,2.21477961,1,-11.13716194,2.243165173,53.8342469,0,-25.49658015,21.79455313,99.12462019
0.1267779155,0.09804158798,-0.4231194887,2.253841125,1,22.82378923,2.293213885,56.14416472,0,-87.64153883,-10.97895934,100.63253
0.1267779155,0.1019052959,-0.6061632505,2.474123755,1,-14.36567129,2.547297046,87.78018254,0,-51.83732418,82.71639016,103.7663647
0.1267779155,0.1057690038,-0.6789085254,2.27340614,1,-22.36909662,2.372612961,110.467315,0,-45.40430757,116.6522377,106.6272321
0.1267779155,0.1096327117,-0.8680198877,2.45022702,1,-21.29488382,2.599436665,-24.64315636,0,-251.8742219,-167.2740556,109.5072511
0.1267779155,0.1134964196,-1.734354157,2.824490272,1,205.6420479,3.314472755,-177.1151351,13.71621384,-89.10493361,169.6451239,121.5516505
0.1267779155,0.1173601275,-0.4177545184,1.110446667,1,154.5723657,1.18642768,-229.5307562,0,213.5166803,201.1982614,110.6165023
0.1267779155,0.1212238354,NaN,NaN,0,-8.197981554,1.201538639,-16.97010331,0,62.85476145,-42.76527114,105.0584847
0.1306416234,0.01690372206,NaN,NaN,0,-7.040154088,0.4365651632,9.140911287,0,12.65011269,1.316787488,97.79083492
0.1306416234,0.02076742997,NaN,NaN,0,-6.174425428,0.4502531885,10.02538228,0,13.75829663,-1.881970038,96.16349896
0.1306416234,0.02463113787,NaN,NaN,0,-4.769414593,0.4794737898,12.55002928,0,15.20908816,-7.685407974,93.57260918
0.1306416234,0.02849484577,NaN,NaN,0,-3.938010064,0.5258952918,15.40537214,0,15.37791895,-13.27752141,90.87228321
0.1306416234,0.03235855367,NaN,NaN,0,-3.183023361,0.5895383303,18.71967533,0,14.61402603,-18.15152148,88.60786278
0.1306416234,0.03622226157,NaN,NaN,0,-1.969198353,0.6692714399,22.12845495,0,13.23211591,-22.27790599,86.90286207
0.1306416234,0.04008596947,NaN,NaN,0,0.06954361463,0.7631325705,24.85630554,0,11.16267261,-25.73600529,85.65326192
0.1306416234,0.04394967737,NaN,NaN,0,2.49629471,0.8674239333,26.43881504,0,8.690920004,-28.54483287,84.73757403
0.1306416234,0.04781338527,NaN,NaN,0,5.337449289,0.9786108136,26.67222298,0,5.543098356,-30.89487445,84.07235332
0.1306416234,0.05167709317,NaN,NaN,0,9.130324193,1.092975362,23.46067079,0,-0.5275452412,-32.70170415,83.61242335
0.1306416234,0.05554080107,NaN,NaN,0,10.2422673,1.197925564,16.71512225,0,-8.69659326,-31.94093689,83.56290452
0.1306416234,0.05940450897,NaN,NaN,0,8.234212221,1.280553145,10.67759894,0,-16.7345308,-24.656974,84.28268369
0.1306416234,0.06326821687,NaN,NaN,0,3.317560379,1.330769094,9.789595373,0,-16.03237129,-11.90115927,85.62745692
0.1306416234,0.06713192477,NaN,NaN,0,1.070393016,1.360253489,6.347123673,0,-11.43092275,-4.453875024,86.694037
0.1306416234,0.07099563267,NaN,NaN,0,-9.983625504,1.370005568,4.854326465,2.192265865,-0.05228345277,-5.074475499,87.43006476
0.1306416234,0.07485934057,NaN,NaN,0,-15.23427778,1.396915087,15.30629982,0,6.683142264,-8.080208553,88.37279478
0.1306416234,0.07872304847,NaN,NaN,0,0.5741294481,1.459262499,17.70934607,0,0.7620329699,-5.143054206,88.88522636
0.1306416234,0.08258675637,0.04482972082,1.484646773,1,21.50891669,1.485323447,30.73046863,0,-24.95545291,-1.30083389,88.27044814
0.1306416234,0.08645046427,0.01507389707,1.582745899,1,17.03318685,1.582817678,84.89330136,0,-34.72164978,-41.36782746,89.45433782
0.1306416234,0.09031417218,-0.02351333315,1.972482894,1,31.2671043,1.972623036,109.1623881,0,-57.44676249,-29.85192663,90.68297218
0.1306416234,0.09417788008,-0.08607665512,2.119856605,1,32.15006416,2.121603454,82.87191665,0,-79.74102462,28.01458598,92.32521447
0.1306416234,0.09804158798,-0.2073909031,2.184435596,1,16.01772698,2.194258384,76.30138351,0,-70.0563439,9.924678621,95.42342076
0.1306416234,0.1019052959,-0.2948660863,2.376316804,1,19.06506917,2.394541201,50.65406982,0,-51.87102784,43.20037292,97.07341083
0.1306416234,0.1057690038,-0.3341435448,2.213234503,1,21.91779792,2.23831608,-3.739902438,3.558495054,-16.30584859,124.9234958,98.58540368
0.1306416234,0.1096327117,-0.2731831533,1.879199016,1,23.64614705,1.89895181,1.151590477,0,-124.381594,138.739002,98.27126824
0.1306416234,0.1134964196,-0.7233558872,1.681636934,1,137.1414854,1.8306137,118.7965522,0,-187.3747009,244.1111741,113.2749508
0.1306416234,0.1173601275,NaN,NaN,0,-0.8419058487,1.471197296,-38.12664143,0,91.06216392,54.83535482,108.5185581
0.1306416234,0.1212238354,NaN,NaN,0,-8.644757029,1.374536671,-23.01346756,0,56.52542707,14.54681808,105.8221804
0.1345053313,0.01690372206,NaN,NaN,0,-3.851879942,0.4651401793,6.742381279,0,7.978618702,-1.153031183,95.47696528
0.1345053313,0.02076742997,NaN,NaN,0,-3.055477855,0.4796543659,8.216217103,0,8.804355096,-3.668855947,94.35503762
0.1345053313,0.02463113787,NaN,NaN,0,-1.690674297,0.509420343,11.430713,0,10.05035062,-8.436642053,92.49583242
0.1345053313,0.02849484577,NaN,NaN,0,-0.7276581448,0.5550464131,14.64166977,0,10.52390408,-13.08007361,90.42570824
0.1345053313,0.03235855367,NaN,NaN,0,0.05877195547,0.6162449883,17.85403918,0,10.31316927,-17.28641981,88.54326339
0.1345053313,0.03622226157,NaN,NaN,0,0.9250227684,0.6917383729,20.82490939,0,9.545276093,-20.90409848,87.02095109
0.1345053313,0.04008596947,NaN,NaN,0,2.015053883,0.7792978762,23.13811416,0,8.246029037,-23.8481586,85.87032206
0.1345053313,0.04394967737,NaN,NaN,0,3.219354281,0.8756141836,24.41384569,0,6.427217353,-26.03000604,85.04721188
0.1345053313,0.04781338527,NaN,NaN,0,4.440356626,0.9766503741,24.28853756,0,3.85823407,-27.3463985,84.51272023
0.1345053313,0.05167709317,NaN,NaN,0,5.481110766,1.077240341,22.16029341,0,0.009754706657,-27.48062338,84.26428744
0.1345053313,0.05554080107,NaN,NaN,0,5.278647967,1.169601439,18.31935641,0,-4.607700911,-25.58885112,84.37667009
0.1345053313,0.05940450897,NaN,NaN,0,3.61141053,1.24638146,14.46519574,0,-8.470353884,-20.8250077,84.92513014
0.1345053313,0.06326821687,NaN,NaN,0,0.8937199072,1.303850538,12.11737245,0,-8.956605726,-14.43006465,85.78493688
0.1345053313,0.06713192477,NaN,NaN,0,-1.701703688,1.346392634,10.255029,0,-6.698288407,-10.17782695,86.63199805
0.1345053313,0.07099563267,NaN,NaN,0,-5.854004689,1.380725827,10.39703349,0,-2.09555929,-9.576184808,87.36907099
0.1345053313,0.07485934057,NaN,NaN,0,-7.727154768,1.42206117,14.31031491,0,1.367977449,-11.20038145,88.05019
0.1345053313,0.07872304847,NaN,NaN,0,-5.576767833,1.478345806,17.27174726,0,2.473737864,-13.73274286,88.49574223
0.1345053313,0.08258675637,NaN,NaN,0,-11.49987156,1.541459828,19.89377978,0,8.247351138,-22.2565933,88.64707659
0.1345053313,0.08645046427,NaN,NaN,0,-10.41819411,1.640902907,33.62354146,0,7.431422529,-30.11174474,89.08367654
0.1345053313,0.09031417218,NaN,NaN,0,34.35177663,1.787457456,24.4933945,2.271119984,-22.32575291,-12.1998718,89.20326207
0.1345053313,0.09417788008,0.07270665703,1.782465126,1,23.75156329,1.78394736,30.86753997,0,-53.46970469,-3.811949712,87.6642031
0.1345053313,0.09804158798,-0.08996717128,1.921276058,1,-7.807798302,1.923381341,75.53055402,0,-74.04201119,-32.54756183,92.68101841
0.1345053313,0.1019052959,-0.2435370985,2.200047396,1,27.5367432,2.213485682,57.82897854,0,-58.78220744,4.914761781,96.31671339
0.1345053313,0.1057690038,-0.2106905183,2.125721135,1,16.7461759,2.136136896,18.10614195,0,-38.48343037,101.3827088,95.66037517
0.1345053313,0.1096327117,-0.3275235004,1.878291067,1,-34.51867615,1.90663289,-26.46307736,5.515908153,3.073703352,117.1985633,99.89139231
0.1345053313,0.1134964196,-0.3321847082,1.570654519,1,15.0824591,1.605397863,21.3655145,0,-21.72722386,128.1939627,101.9417633
0.1345053313,0.1173601275,NaN,NaN,0,-13.20882268,1.507496999,5.20713521,1.756968926,9.923492908,46.24978228,103.5499878
0.1345053313,0.1212238354,NaN,NaN,0,-14.12384268,1.453583332,-5.022945444,0,18.42989684,22.64965807,103.7249235
0.1383690392,0.01690372206,NaN,NaN,0,-2.178405848,0.4797195867,5.704386565,0,5.704386565,-2.178405848,94.49347327
0.1383690392,0.02076742997,NaN,NaN,0,-1.440790155,0.494431981,7.371550635,0,6.429382209,-4.44632796,93.56825184
0.1383690392,0.02463113787,NaN,NaN,0,-0.1472474703,0.5242257271,10.81628844,0,7.601156033,-8.810878093,92.00155408
0.1383690392,0.02849484577,NaN,NaN,0,0.8118309972,0.5693105147,14.15497654,0,8.201626312,-13.04128939,90.19851224
0.1383690392,0.03235855367,NaN,NaN,0,1.546384405,0.6292011155,17.3398605,0,8.243833022,-16.90002741,88.49586652
0.1383690392,0.03622226157,NaN,NaN,0,2.198300303,0.7025155557,20.16658917,0,7.786953446,-20.21634961,87.07454293
0.1383690392,0.04008596947,NaN,NaN,0,2.844967255,0.7869432753,22.32483172,0,6.850277704,-22.85508886,85.98528172
0.1383690392,0.04394967737,NaN,NaN,0,3.431724705,0.8792239821,23.49455692,0,5.407673502,-24.67599328,85.21686621
0.1383690392,0.04781338527,NaN,NaN,0,3.85883532,0.9752215909,23.37163715,0,3.31754271,-25.51624114,84.74914191
0.1383690392,0.05167709317,NaN,NaN,0,3.954655961,1.069832656,21.71614346,0,0.4364892257,-25.14200516,84.58058335
0.1383690392,0.05554080107,NaN,NaN,0,3.306510502,1.157060765,18.85080311,0,-2.800318445,-23.19484767,84.73298977
0.1383690392,0.05940450897,NaN,NaN,0,1.849882088,1.231816167,15.80761225,0,-5.393398158,-19.56298394,85.20368095
0.1383690392,0.06326821687,NaN,NaN,0,-0.1658767295,1.292153796,13.53137217,0,-6.111920184,-15.24456217,85.89385648
0.1383690392,0.06713192477,NaN,NaN,0,-2.220351546,1.340998217,12.11228792,0,-5.006637305,-12.29748181,86.6337465
0.1383690392,0.07099563267,NaN,NaN,0,-4.505480822,1.384656993,12.3266677,0,-2.497696724,-11.6938512,87.32590531
0.1383690392,0.07485934057,NaN,NaN,0,-5.570647628,1.432425394,14.69307383,0,-0.2623321791,-12.98549484,87.93227364
0.1383690392,0.07872304847,NaN,NaN,0,-5.240056635,1.490684702,17.59485113,0,1.103472078,-15.90963962,88.38301903
0.1383690392,0.08258675637,NaN,NaN,0,-6.891030307,1.561352474,20.73544164,0,3.417286412,-21.09497183,88.68981139
0.1383690392,0.08645046427,NaN,NaN,0,-4.367868104,1.651959931,25.53957057,0,1.335741393,-24.29680601,89.0065292
0.1383690392,0.09031417218,NaN,NaN,0,7.42681893,1.753661509,21.74659481,0,-10.06268358,-22.19683526,89.21632749
0.1383690392,0.09417788008,NaN,NaN,0,-18.552714,1.821589703,8.609817568,0,1.651223028,-36.69082976,89.41940959
0.1383690392,0.09804158798,NaN,NaN,0,-11.05163982,1.928968487,41.23104132,0,-7.298827045,-16.04798091,91.22733
0.1383690392,0.1019052959,NaN,NaN,0,62.54707503,2.043478631,58.68798829,0,-18.84717517,40.22968477,91.47056572
0.1383690392,0.1057690038,0.1275264718,1.999843437,1,49.38135432,2.00390538,85.16086026,0,-15.77765938,89.91292835,86.35129002
0.1383690392,0.1096327117,0.07739226052,2.024444989,1,-73.1597839,2.025923759,45.21604184,0,2.494963362,164.38353,87.81071273
0.1383690392,0.1134964196,-0.1455017536,1.539415071,1,-36.67053754,1.546276018,-21.57029633,0,-52.84124637,118.2043895,95.39941661
0.1383690392,0.1173601275,NaN,NaN,0,-25.73738925,1.508476357,10.13347989,0,-15.97511723,33.73205367,100.2512157
0.1383690392,0.1212238354,NaN,NaN,0,-19.24858873,1.480349651,0.5311509681,0,-0.5311509681,19.24858873,101.9558722
