PIVlab, ASCII chart output - 19-Sep-2021
FRAME: 296, filenames: A: 72_12_75_60 296.jpg & B: 72_12_75_60 297.jpg, conversion factor xy (px -> m): 0.00024148, conversion factor uv (px/frame -> m/s): 1
x [m],y [m],u [m/s],v [m/s],Vector type [-],vorticity [1/s],magnitude [m/s],divergence [1/s],dcev [1],simple shear [1/s],simple strain [1/s],vector direction [degrees]
0.03791263377,0.01690372206,NaN,NaN,0,-2.860471576,0.8024969699,-3.220289115,0,3.220289115,2.860471576,-72.10514042
0.03791263377,0.02076742997,NaN,NaN,0,-2.829639111,0.813894736,-4.842337309,0,3.427203068,4.366844471,-72.31267642
0.03791263377,0.02463113787,NaN,NaN,0,-2.671281878,0.8371122091,-8.113711642,0,3.826945595,7.473004964,-72.70308859
0.03791263377,0.02849484577,NaN,NaN,0,-2.358318273,0.872740058,-11.45015362,0,4.221595368,10.67563354,-73.23463695
0.03791263377,0.03235855367,NaN,NaN,0,-1.743762192,0.9210609389,-14.65761992,0,4.406485365,13.83324784,-73.85671171
0.03791263377,0.03622226157,NaN,NaN,0,-0.649827732,0.9813534216,-17.35639938,0,4.108546898,16.58877947,-74.51349902
0.03791263377,0.04008596947,NaN,NaN,0,1.059962811,1.051024947,-18.95519683,0,3.072456609,18.37541623,-75.14497108
0.03791263377,0.04394967737,NaN,NaN,0,3.283351622,1.124852304,-18.78396743,0,1.260266757,18.54135011,-75.69150847
0.03791263377,0.04781338527,NaN,NaN,0,5.652401392,1.195087229,-16.39279097,0,-1.070776466,16.5593952,-76.10407748
0.03791263377,0.05167709317,NaN,NaN,0,7.894474275,1.252677123,-11.58960959,0,-3.70257754,12.20246175,-76.34616579
0.03791263377,0.05554080107,NaN,NaN,0,9.859298548,1.28822786,-4.087215862,0,-6.734848088,5.60925625,-76.38670421
0.03791263377,0.05940450897,NaN,NaN,0,10.6259308,1.291935579,5.909075955,0,-9.771834548,-2.890407923,-76.21812396
0.03791263377,0.06326821687,NaN,NaN,0,8.693126904,1.256011098,17.03722333,0,-11.7704984,-12.19295588,-75.87535311
0.03791263377,0.06713192477,NaN,NaN,0,3.114171984,1.179517641,27.21277798,0,-12.25353301,-19.93306637,-75.47213792
0.03791263377,0.07099563267,NaN,NaN,0,-6.676829054,1.070791917,31.7875276,0,-9.715419369,-24.5614644,-75.32913034
0.03791263377,0.07485934057,NaN,NaN,0,-13.64444339,0.9528988233,25.04696925,0,-4.707818522,-28.35300547,-75.87472973
0.03791263377,0.07872304847,NaN,NaN,0,-22.94049753,0.8533947363,6.246080567,0,14.98070394,-23.72498098,-76.42635033
0.03791263377,0.08258675637,NaN,NaN,0,-21.26420723,0.8330967533,-18.60348826,0,32.66922456,-2.647233182,-75.98232288
0.03791263377,0.08645046427,NaN,NaN,0,-6.624100126,0.9241005415,-52.36790383,0,46.32389719,17.02906579,-74.66734479
0.03791263377,0.09031417218,NaN,NaN,0,62.60372112,1.133503089,-61.04876906,0,18.82376813,12.93222273,-71.73882194
0.03791263377,0.09417788008,NaN,NaN,0,204.857752,1.303030504,19.83671816,0,-75.23182193,-68.11705354,-64.59758197
0.03791263377,0.09804158798,NaN,NaN,0,-199.3368366,1.129306451,-245.4340343,0,530.1616311,-108.6833592,-40.71144471
0.03791263377,0.1019052959,NaN,NaN,0,-373.3399173,2.506721544,-923.1559888,0,1168.235571,349.1316642,-42.86995503
0.03791263377,0.1057690038,3.927263498,-5.652337794,2,805.4257225,6.882755344,734.9551302,0,-1022.923444,1863.855944,-55.20829584
0.03791263377,0.1096327117,0.9968279462,-6.067157511,2,-922.4648987,6.148501136,295.7432107,0,-982.5287285,480.4375266,-80.66971883
0.03791263377,0.1134964196,-3.433075429,-6.365942681,1,-580.657378,7.232650491,850.3813606,0,-172.6312888,704.2142754,-118.3374449
0.03791263377,0.1173601275,NaN,NaN,0,137.1522377,5.82568577,425.2095754,0,385.5449554,102.4093627,-109.176941
0.03791263377,0.1212238354,NaN,NaN,0,30.14193511,5.310322414,228.7457889,0,228.7457889,30.14193511,-105.437355
0.04177634167,0.01690372206,NaN,NaN,0,-4.394479027,0.791110036,-3.19328393,0,4.638621265,2.711395272,-71.89162716
0.04177634167,0.02076742997,NaN,NaN,0,-4.447745989,0.8021046047,-4.844459188,0,4.904865377,4.155989201,-72.11286465
0.04177634167,0.02463113787,NaN,NaN,0,-4.410520338,0.8247622291,-8.200970556,0,5.416670434,7.224210319,-72.52589187
0.04177634167,0.02849484577,NaN,NaN,0,-4.177051096,0.8601402378,-11.75176897,0,5.948495492,10.54800815,-73.08582585
0.04177634167,0.03235855367,NaN,NaN,0,-3.520150749,0.9092069814,-15.34574873,0,6.186324007,14.05588854,-73.74493569
0.04177634167,0.03622226157,NaN,NaN,0,-2.116775497,0.9720992666,-18.61551458,0,5.697790401,17.39854115,-74.45306118
0.04177634167,0.04008596947,NaN,NaN,0,0.3656655518,1.046979895,-20.83283785,0,4.029255164,19.88850497,-75.1496705
0.04177634167,0.04394967737,NaN,NaN,0,3.809590462,1.128524426,-21.04655424,0,1.10722033,20.64659913,-75.76360621
0.04177634167,0.04781338527,NaN,NaN,0,7.503617986,1.207775867,-18.75388825,0,-2.494258319,18.98528139,-76.23722945
0.04177634167,0.05167709317,NaN,NaN,0,11.10179105,1.274733985,-14.01987382,0,-6.232176237,14.70768191,-76.53216027
0.04177634167,0.05554080107,NaN,NaN,0,14.9076582,1.320085106,-6.053744001,1.997459593,-10.58029981,8.043084876,-76.59015823
0.04177634167,0.05940450897,NaN,NaN,0,17.49036859,1.331601039,5.614130354,1.648112544,-14.97515881,-1.250614192,-76.37834629
0.04177634167,0.06326821687,NaN,NaN,0,16.16473919,1.296632526,19.35334409,0,-17.11158889,-12.39186529,-75.90061878
0.04177634167,0.06713192477,NaN,NaN,0,9.359845759,1.211800035,34.01123777,0,-17.30830891,-21.84712407,-75.18058082
0.04177634167,0.07099563267,NaN,NaN,0,-8.652093303,1.080073026,42.28973861,0,-13.03302903,-26.21141832,-74.69159275
0.04177634167,0.07485934057,NaN,NaN,0,-17.80250016,0.9346000143,35.37059934,0,-12.90224356,-38.50927127,-75.99614191
0.04177634167,0.07872304847,NaN,NaN,0,-40.15005578,0.7744155615,10.5252964,7.21979768,23.21791957,-41.94416861,-77.58284237
0.04177634167,0.08258675637,NaN,NaN,0,-43.46196577,0.7222114313,-17.58039576,0,45.93701429,-9.137538609,-77.14014907
0.04177634167,0.08645046427,NaN,NaN,0,-50.51318464,0.8083328537,-85.95856161,0,76.78006926,32.29510041,-77.41805666
0.04177634167,0.09031417218,NaN,NaN,0,35.41791737,1.190239815,-159.4907783,0,39.5388232,81.00899915,-77.27244878
0.04177634167,0.09417788008,0.4656946813,-1.718142003,1,112.7788761,1.780135803,187.9354382,0,-136.1533696,-286.6575439,-74.83460632
0.04177634167,0.09804158798,0.1719157959,0.6726945597,1,437.792775,0.6943147784,255.6193667,0,-369.8399751,-518.4624891,75.6641677
0.04177634167,0.1019052959,0.7282444512,1.272684179,1,1336.318007,1.466309995,-1529.002805,0,935.0418804,1022.208665,60.22131614
0.04177634167,0.1057690038,8.947786938,-9.184441353,1,-82.73097328,12.82251356,-1497.266283,0,540.3357829,432.4541894,-45.74775858
0.04177634167,0.1096327117,2.49629577,-6.183192058,2,-1493.551655,6.668084927,398.6208999,255,-933.5496911,-534.872412,-68.01494569
0.04177634167,0.1134964196,-0.4298237088,-5.577695869,2,-649.3139073,5.594232711,608.9457322,0,-228.2556591,308.5503732,-94.40657026
0.04177634167,0.1173601275,NaN,NaN,0,-221.4117928,5.10156247,315.1973801,0,96.25502986,97.10828511,-100.0969472
0.04177634167,0.1212238354,NaN,NaN,0,-141.4274194,4.822355348,201.3904845,0,131.5839294,52.57549452,-100.9182402
0.04564004958,0.01690372206,NaN,NaN,0,-7.379827142,0.7687641891,-3.009512879,0,7.326482021,2.432225663,-71.43790915
0.04564004958,0.02076742997,NaN,NaN,0,-7.659520466,0.7787047686,-4.736287968,0,7.762212844,3.678803331,-71.69132887
0.04564004958,0.02463113787,NaN,NaN,0,-7.970559258,0.7997747696,-8.254119093,0,8.610932141,6.559662291,-72.15246005
0.04564004958,0.02849484577,NaN,NaN,0,-8.064193434,0.8339672204,-12.203833,0,9.61437057,10.04267018,-72.76528129
0.04564004958,0.03235855367,NaN,NaN,0,-7.580576099,0.8836690679,-16.56418447,0,10.23008666,14.23766398,-73.49100632
0.04564004958,0.03622226157,NaN,NaN,0,-5.852382716,0.9510074928,-21.11897735,0,9.656629193,18.86908665,-74.30078818
0.04564004958,0.04008596947,NaN,NaN,0,-1.793239019,1.036407594,-24.8590309,0,6.742676765,22.9885182,-75.13931525
0.04564004958,0.04394967737,NaN,NaN,0,4.591497905,1.134594994,-25.87617774,0,1.127846501,25.11060571,-75.89743481
0.04564004958,0.04781338527,NaN,NaN,0,11.1314835,1.232828965,-23.51468293,0,-5.462095369,24.0691004,-76.49489844
0.04564004958,0.05167709317,NaN,NaN,0,17.0006767,1.318451481,-19.52904038,0,-11.05083223,19.75311266,-76.92098087
0.04564004958,0.05554080107,NaN,NaN,0,25.32771128,1.385837402,-11.34150658,3.031114219,-18.52755276,13.48652563,-77.03615654
0.04564004958,0.05940450897,NaN,NaN,0,33.36258749,1.417842207,4.002512377,4.284148836,-27.53635331,2.991398573,-76.76401792
0.04564004958,0.06326821687,NaN,NaN,0,34.23152184,1.387267923,21.96185178,0,-29.50829579,-13.06570015,-76.09388962
0.04564004958,0.06713192477,NaN,NaN,0,30.65449141,1.291200181,49.00901829,0,-30.67701094,-27.03221841,-74.60021247
0.04564004958,0.07099563267,NaN,NaN,0,-18.72924218,1.104311241,69.79610554,0,-12.96579186,-18.12129772,-72.43228639
0.04564004958,0.07485934057,NaN,NaN,0,-10.99756437,0.931605992,62.79388406,0,-54.85189005,-58.35500174,-76.31384391
0.04564004958,0.07872304847,NaN,NaN,0,-85.87556003,0.5900216776,13.69517632,15.14622765,54.33650399,-100.7746087,-82.31573223
0.04564004958,0.08258675637,0.09856343743,-0.462876454,1,-263.5129792,0.4732540152,-61.06203622,10.05615139,252.6734076,-109.0310597,-77.97915654
0.04564004958,0.08645046427,0.03701326538,-0.3993849598,1,-437.1581915,0.4010964072,-82.01030149,14.11300259,425.0941439,72.66474236,-84.70519979
0.04564004958,0.09031417218,0.05195148107,-1.060495643,1,606.5589286,1.061767378,-501.5891346,0,-570.1900838,-51.38264318,-87.19544069
0.04564004958,0.09417788008,0.1775318582,-2.138851338,1,300.2270764,2.146206562,-378.4693185,0,-354.9624896,345.3305658,-85.25513423
0.04564004958,0.09804158798,-0.1595301673,-3.857046974,1,753.2366028,3.860344704,-145.2184081,0,-830.4838428,143.8761481,-92.36844366
0.04564004958,0.1019052959,-0.120928913,-3.255828258,1,869.8366452,3.258073272,-46.2169949,0,-876.9099632,-204.6288482,-92.12711859
0.04564004958,0.1057690038,-0.1868594019,-3.244989845,1,-590.9888496,3.250365446,-1285.11291,0,744.0337564,-1117.490187,-93.29567901
0.04564004958,0.1096327117,0.4703919024,-3.903473498,1,-205.0444481,3.931713862,-490.8162936,0,282.3590204,-104.1134696,-83.12864927
0.04564004958,0.1134964196,0.1118615219,-4.739096601,1,-305.4510046,4.740416606,23.29954331,66.89946399,100.7195151,119.4675995,-88.64784288
0.04564004958,0.1173601275,NaN,NaN,0,-296.617134,4.287045676,194.3522103,37.48739335,155.7842007,19.598897,-94.28919148
0.04564004958,0.1212238354,NaN,NaN,0,-229.9284726,4.086826695,164.7206581,0,172.1368243,55.42775184,-96.07170245
0.04950375748,0.01690372206,NaN,NaN,0,-10.19017324,0.7365741734,-2.333159631,0,9.473920643,2.140671276,-70.68266717
0.04950375748,0.02076742997,NaN,NaN,0,-10.85328576,0.7442843068,-4.197495347,0,10.19323556,2.927770807,-71.00328162
0.04950375748,0.02463113787,NaN,NaN,0,-11.74800279,0.7617976016,-7.875384853,0,11.65047472,5.29296533,-71.54865046
0.04950375748,0.02849484577,NaN,NaN,0,-12.52858728,0.792449924,-12.24525944,0,13.66796799,8.825346318,-72.22658213
0.04950375748,0.03235855367,NaN,NaN,0,-12.8855775,0.840693759,-17.58817881,0,15.46302287,13.98301055,-73.0202685
0.04950375748,0.03622226157,NaN,NaN,0,-11.91894025,0.9120719011,-24.43717944,0,15.95596295,20.85162326,-73.97022714
0.04950375748,0.04008596947,NaN,NaN,0,-6.277736816,1.013249986,-31.60813066,0,12.1569762,28.08587547,-75.06671892
0.04950375748,0.04394967737,NaN,NaN,0,5.218156677,1.140785171,-34.0844429,0,2.123584278,32.73820512,-76.07290154
0.04950375748,0.04781338527,NaN,NaN,0,15.4301414,1.27062576,-29.89962536,0,-9.431137423,32.42740182,-76.83119801
0.04950375748,0.05167709317,NaN,NaN,0,20.44172098,1.38055366,-29.24009819,0,-13.98150457,26.74914271,-77.54487788
0.04950375748,0.05554080107,NaN,NaN,0,36.03992273,1.487159424,-23.78575433,2.451939169,-24.94272567,23.15850642,-77.79363029
0.04950375748,0.05940450897,NaN,NaN,0,56.40074826,1.566913618,-0.224426046,7.209166554,-47.1344059,12.795383,-77.44438073
0.04950375748,0.06326821687,NaN,NaN,0,56.74426925,1.544088846,15.48253237,7.914378233,-42.70823003,-15.83011546,-76.88979172
0.04950375748,0.06713192477,NaN,NaN,0,97.75584023,1.462760656,70.26687807,5.975646825,-62.9256472,-55.09475171,-74.33928019
0.04950375748,0.07099563267,0.4848113901,-1.01948233,1,117.0796082,1.128887198,75.24771658,0,-156.3026481,-10.73061702,-64.56673316
0.04950375748,0.07485934057,0.2433118145,-1.076263477,1,194.0589912,1.103423632,225.7685553,0,-363.5179751,17.44007099,-77.26123039
0.04950375748,0.07872304847,-0.1699286248,-0.2145619194,1,199.0877505,0.2737015798,396.4237714,0,-390.5518649,-216.0864061,-128.3784993
0.04950375748,0.08258675637,-0.4964495972,1.290296934,1,452.3043044,1.382508004,333.0247687,0,-372.0953827,-380.5726455,111.0445334
0.04950375748,0.08645046427,0.1399752199,2.542570048,1,-487.4669783,2.546420136,-907.6782938,0,130.855181,903.5107674,86.84889636
0.04950375748,0.09031417218,-1.874293416,-5.70760855,1,-956.3057013,6.007476273,-291.6493154,0,1007.469248,1466.292363,-108.1794079
0.04950375748,0.09417788008,0.3376562206,-4.249603105,1,608.8636682,4.262996396,86.64833489,139.0130508,-80.60864391,19.02678616,-85.45705403
0.04950375748,0.09804158798,0.1667296952,-5.446338638,1,147.826641,5.448890103,42.9834619,0,-297.5809314,360.4586484,-88.24654214
0.04950375748,0.1019052959,-0.2409506147,-5.476234491,1,177.0488703,5.48153276,281.4529527,0,-306.9498198,-86.07862882,-92.51935062
0.04950375748,0.1057690038,-0.3351696295,-4.026303963,1,241.7553306,4.040230474,218.091587,0,-128.234441,-86.33801693,-94.75861481
0.04950375748,0.1096327117,0.1976609434,-4.300007425,1,141.755625,4.304548026,-5.71537476,32.51105555,-23.48673147,-10.35660028,-87.36810427
0.04950375748,0.1134964196,0.121786829,-4.008371623,1,-170.2636649,4.010221328,161.5631651,0,101.574969,-103.83006,-88.25971093
0.04950375748,0.1173601275,NaN,NaN,0,-365.7390977,3.275305937,147.2835418,24.38019582,317.9636019,-66.70033048,-91.18493997
0.04950375748,0.1212238354,NaN,NaN,0,-239.116046,3.182220247,120.3355289,0,241.6671612,72.19261444,-91.13085271
0.05336746538,0.01690372206,NaN,NaN,0,-12.72363434,0.6968991507,-0.7036684969,0,10.51581685,1.973215189,-69.50707279
0.05336746538,0.02076742997,NaN,NaN,0,-13.99450967,0.7002740946,-2.963606661,1.645875693,11.70727088,1.717101016,-69.98209583
0.05336746538,0.02463113787,NaN,NaN,0,-15.63957888,0.7108958357,-6.804665527,0,14.12976317,2.859081903,-70.68461805
0.05336746538,0.02849484577,NaN,NaN,0,-17.4165754,0.7335867179,-11.31364112,0,17.9440038,5.982739208,-71.40859787
0.05336746538,0.03235855367,NaN,NaN,0,-19.51420636,0.7748992819,-17.10609189,0,21.99807387,12.01740864,-72.17699807
0.05336746538,0.03622226157,NaN,NaN,0,-22.66006397,0.8437241919,-27.43343096,0,26.54722353,22.46852038,-73.22739367
0.05336746538,0.04008596947,NaN,NaN,0,-16.61692467,0.9640868807,-43.05186938,0,23.80568082,35.76515531,-74.83541101
0.05336746538,0.04394967737,NaN,NaN,0,7.128724216,1.144951436,-48.95383783,0,4.640651831,45.32893747,-76.29567363
0.05336746538,0.04781338527,NaN,NaN,0,24.92920446,1.32857342,-32.75927743,0,-20.40453403,46.15315906,-77.05277287
0.05336746538,0.05167709317,NaN,NaN,0,13.29614307,1.446363346,-43.74597267,0,-10.50132297,31.65754995,-78.48481176
0.05336746538,0.05554080107,NaN,NaN,0,41.98951041,1.615851167,-54.3369865,0,-20.12743946,39.60297433,-78.99454684
0.05336746538,0.05940450897,0.3732028308,-1.780207255,1,89.97739024,1.818905776,-12.75705509,6.977832544,-83.87149123,24.70168198,-78.15997197
0.05336746538,0.06326821687,0.3320613107,-1.730863696,1,115.1370387,1.762428395,211.0895873,0,-107.8126432,233.2083686,-79.1399198
0.05336746538,0.06713192477,0.4015021554,-1.865667765,1,186.3105419,1.908381563,272.3033667,0,-121.4683788,370.191887,-77.85486063
0.05336746538,0.07099563267,0.5825924886,-2.109076346,1,403.2552105,2.188062394,-17.15744933,80.4628118,-206.9137446,291.8206263,-74.55819164
0.05336746538,0.07485934057,1.160108228,-3.059468797,1,334.2822191,3.272033071,47.10413093,39.42621041,-284.3114079,242.2126042,-69.23396583
0.05336746538,0.07872304847,0.775665107,-2.862918495,1,264.5666033,2.966135309,152.4262126,0,-586.8621625,304.7791483,-74.84049979
0.05336746538,0.08258675637,-0.08514767,-3.648116038,1,535.5469469,3.649109584,874.6873835,0,-730.8914102,-381.2434147,-91.33705081
0.05336746538,0.08645046427,0.02091116082,1.989631252,1,1533.0306,1.989741138,1467.893505,70.29216029,-322.9037224,-1165.606087,89.3978396
0.05336746538,0.09031417218,4.590429106,6.526957144,1,214.7294144,7.97954942,-598.0213721,0,-68.51792219,1159.979591,54.88116142
0.05336746538,0.09417788008,0.5858296583,-4.802770957,1,-307.9182942,4.838368037,-1479.296243,0,-518.0180567,1653.686164,-83.04556279
0.05336746538,0.09804158798,1.399252302,-5.577971731,1,-8.661409954,5.750797826,143.0626669,0,21.11337285,226.683601,-75.91775424
0.05336746538,0.1019052959,0.6339404058,-5.125857821,1,-337.9375176,5.164910342,364.0809614,0,59.17565939,130.2513073,-82.94974542
0.05336746538,0.1057690038,0.3221979078,-4.674522249,1,-94.04992701,4.68561306,250.6720513,0,35.64853484,99.5384408,-86.05704543
0.05336746538,0.1096327117,0.4082944855,-4.541921696,1,-50.21367671,4.560236516,351.9923006,0,53.50778404,96.86671913,-84.86322281
0.05336746538,0.1134964196,0.3349253763,-3.688791524,1,-124.3663467,3.703965161,571.3209324,0,16.29004357,-181.4560675,-84.81203063
0.05336746538,0.1173601275,-0.009280780851,-1.633411254,1,-220.7405698,1.63343762,223.858879,0,214.7026747,-159.8390077,-90.32554193
0.05336746538,0.1212238354,NaN,NaN,0,-95.24170474,2.228189847,-9.846634781,0,261.3399206,286.6994436,-81.96123958
0.05723117328,0.01690372206,NaN,NaN,0,-15.05041819,0.6543627076,2.849230954,0,9.302060917,2.398403123,-67.67521653
0.05723117328,0.02076742997,NaN,NaN,0,-17.31349409,0.6494148581,-0.8178181967,3.019117954,11.43831357,-0.2224429126,-68.55238273
0.05723117328,0.02463113787,NaN,NaN,0,-19.39922765,0.6482370149,-5.066029477,2.540110068,15.2173033,-1.556477941,-69.60881416
0.05723117328,0.02849484577,NaN,NaN,0,-21.98392908,0.6564323236,-9.098547616,0,21.98021016,0.2291199703,-70.29806516
0.05723117328,0.03235855367,NaN,NaN,0,-25.09460858,0.6821288434,-12.08911665,0,28.03804528,5.635364414,-70.66474769
0.05723117328,0.03622226157,NaN,NaN,0,-42.59018459,0.7248452753,-25.13858313,0,44.42917647,21.23989431,-71.27672715
0.05723117328,0.04008596947,NaN,NaN,0,-44.65862213,0.855188055,-64.21207808,0,51.87787173,47.17728793,-74.19276012
0.05723117328,0.04394967737,NaN,NaN,0,14.9844604,1.146855128,-85.91976162,0,13.03787625,66.65923038,-76.86765549
0.05723117328,0.04781338527,0.341224915,-1.412368562,1,27.11071774,1.453003578,-27.29104965,0,-29.57523613,56.34537118,-76.41774541
0.05723117328,0.05167709317,0.2510445656,-1.440009115,1,53.54206947,1.461728301,-0.3306352111,0,-75.20974686,72.44181708,-80.1107059
0.05723117328,0.05554080107,0.2575073387,-1.693540061,1,40.74303348,1.713005536,-26.65418981,7.052295315,-5.612786807,170.3414864,-81.35424614
0.05723117328,0.05940450897,0.3867775773,-2.201142866,1,275.2038382,2.234866173,4.819547633,45.62730325,193.0944723,178.6720887,-80.03391525
0.05723117328,0.06326821687,2.066875221,-2.365255497,1,417.9752363,3.141083689,71.25741723,80.04626359,226.6114298,173.8748087,-48.85145969
0.05723117328,0.06713192477,2.877272171,-2.597626492,1,74.93297285,3.876384725,35.73868022,0,-209.7375588,297.5963236,-42.07599975
0.05723117328,0.07099563267,1.546029677,-3.376996943,1,-84.69034546,3.71407002,14.61117392,0,-307.711213,239.4475466,-65.40112545
0.05723117328,0.07485934057,1.36114717,-3.466328561,1,26.76813231,3.723997222,82.83502234,0,-13.68493226,115.7663488,-68.56121039
0.05723117328,0.07872304847,1.59657934,-3.504233969,1,105.5541223,3.850807876,249.4293254,0,-92.89100304,284.7638781,-65.50530852
0.05723117328,0.08258675637,1.410073764,-3.602850952,1,71.13240175,3.868958904,303.9172722,0,-145.8414228,594.8254142,-68.62575733
0.05723117328,0.08645046427,1.307925505,-4.628218055,1,713.989658,4.809477258,82.06803385,0,-1002.087205,910.0660744,-74.21981029
0.05723117328,0.09031417218,0.2969489934,-6.801993523,1,1318.360688,6.808472265,-151.0512414,0,-1395.094638,-38.94412219,-87.50027288
0.05723117328,0.09417788008,1.011447935,-5.061367217,1,63.13344939,5.16144021,583.1909561,0,272.9096242,202.547288,-78.69905332
0.05723117328,0.09804158798,1.595321272,-5.331297575,1,-85.85831196,5.56487051,381.7285215,0,256.0463693,91.99076849,-73.34087341
0.05723117328,0.1019052959,1.669004877,-3.941905172,1,313.6087172,4.280676777,1184.149184,0,-463.0454425,716.6939237,-67.0521733
0.05723117328,0.1057690038,1.017941416,-3.525186991,1,-157.4962359,3.669216272,468.0824285,0,225.5438766,457.0445408,-73.89327163
0.05723117328,0.1096327117,1.931921084,-3.899257998,1,-104.4877264,4.351612576,384.1903684,0,262.4109928,368.5912144,-63.6434871
0.05723117328,0.1134964196,1.628110788,-3.464916417,1,-322.1639023,3.828366559,617.5168677,0,-131.3639419,20.4018588,-64.83189238
0.05723117328,0.1173601275,0.1796219692,-1.592180021,1,-64.62016802,1.602280022,554.8748419,0,-96.1673839,124.9657346,-83.56338489
0.05723117328,0.1212238354,NaN,NaN,0,137.349283,2.065854568,232.2150439,0,290.8677071,341.7953679,-60.83089231
0.06109488118,0.01690372206,NaN,NaN,0,-17.92489318,0.618046749,10.81769503,0,3.141285313,4.695921619,-64.68699394
0.06109488118,0.02076742997,NaN,NaN,0,-22.24691015,0.5955067824,2.021839355,4.800598897,8.089529869,-3.561504806,-66.68489641
0.06109488118,0.02463113787,NaN,NaN,0,-22.65990854,0.5765627676,-3.543086567,4.186161602,13.3209263,-9.091670724,-68.68753582
0.06109488118,0.02849484577,NaN,NaN,0,-26.0253047,0.56207887,-7.925403216,0,26.72148828,-9.1451458,-69.19858469
0.06109488118,0.03235855367,NaN,NaN,0,-16.29011429,0.5731654945,2.986756021,0,23.74472062,-10.94496527,-68.26580921
0.06109488118,0.03622226157,0.2284135209,-0.4716127276,1,-35.75341799,0.5240146003,-5.702407406,4.662840847,29.05953964,0.7957039424,-64.15796371
0.06109488118,0.04008596947,0.1863806475,-0.5575269739,1,-18.42944275,0.587855486,-71.12962308,0,10.25635648,96.65334682,-71.51527561
0.06109488118,0.04394967737,0.1968351029,-1.119877114,1,10.03641874,1.13704389,-98.06346355,0,47.82206897,149.4417595,-80.03123606
0.06109488118,0.04781338527,0.4099289436,-1.51381486,1,-5.968070037,1.568335796,-46.69911539,0,101.8644536,159.0185533,-74.84813871
0.06109488118,0.05167709317,0.5673507176,-1.914710096,1,120.1644923,1.996998144,-16.87454324,27.68436859,-2.736697136,48.1988458,-73.49483515
0.06109488118,0.05554080107,0.8636356434,-1.765239427,1,80.98260425,1.965181101,177.8070954,0,52.25992115,225.1046058,-63.93001104
0.06109488118,0.05940450897,1.082160916,-2.09745386,1,16.22245796,2.360166296,100.5265458,0,91.32837039,282.993269,-62.7089686
0.06109488118,0.06326821687,1.279180629,-2.470237547,1,58.22189345,2.781793777,-146.8911885,0,98.94586953,77.78875856,-62.62320312
0.06109488118,0.06713192477,1.689411243,-2.965551547,1,-2.890134557,3.413005468,-198.996893,0,76.65879224,-69.45131158,-60.33076095
0.06109488118,0.07099563267,1.564201174,-2.970763834,1,-116.5122867,3.357404216,74.41010276,0,178.1201199,139.1707113,-62.23177534
0.06109488118,0.07485934057,1.927445915,-3.215767622,1,66.04672299,3.749161127,86.25944321,0,264.0585714,256.7921743,-59.06264447
0.06109488118,0.07872304847,2.839631608,-3.629652494,1,122.8061744,4.608457974,41.19640061,0,255.0395816,370.0700964,-51.96241539
0.06109488118,0.08258675637,3.387331548,-4.486439519,1,129.2709622,5.621579366,167.0065643,0,133.3254792,428.7075042,-52.94662842
0.06109488118,0.08645046427,3.854227553,-4.640788483,1,1.080547128,6.032577208,339.7496328,0,120.3082802,202.7315407,-50.28998337
0.06109488118,0.09031417218,3.856342519,-3.957041634,1,-425.570469,5.525355745,543.6189483,0,365.386097,375.766873,-45.73838874
0.06109488118,0.09417788008,3.62169272,-3.992257093,1,-285.2724517,5.390248126,484.9205739,0,123.0507543,562.5429736,-47.7863376
0.06109488118,0.09804158798,3.229565265,-4.256951912,1,354.2078206,5.343382017,-374.2437169,0,773.3490062,695.8075516,-52.8139825
0.06109488118,0.1019052959,7.97824294,-8.126622634,1,17.35212018,11.38834298,209.7528741,0,155.293701,-65.21221122,-45.52787089
0.06109488118,0.1057690038,3.896618288,-3.19456714,1,-681.5090905,5.038739257,863.3071063,0,-524.9538268,-431.3793831,-39.3459506
0.06109488118,0.1096327117,3.316822635,-3.124332216,1,-249.6089603,4.556617625,42.7946888,56.67774259,-34.3051752,-20.09074069,-43.28825616
0.06109488118,0.1134964196,2.799657,-2.951596209,1,-131.5870905,4.06816906,259.3522365,0,-49.43021901,-94.97882829,-46.51331383
0.06109488118,0.1173601275,2.617424626,-1.755300482,1,138.4845457,3.15150622,421.2787786,0,-208.4307554,74.86242825,-33.84664368
0.06109488118,0.1212238354,NaN,NaN,0,-90.5414882,3.000021103,419.4615258,0,44.97937463,345.8763243,-32.5279584
0.06495858908,0.01690372206,NaN,NaN,0,-24.18226891,0.6080037985,30.91211611,0,-15.67265257,11.92076521,-59.50889735
0.06495858908,0.02076742997,NaN,NaN,0,-34.78524678,0.5394377401,3.161010509,8.060980265,0.761692323,-11.15827056,-64.58515924
0.06495858908,0.02463113787,0.1770468213,-0.4685961963,1,-32.17411147,0.5009271126,4.386180551,6.82828839,12.46130356,-14.51462087,-69.30223899
0.06495858908,0.02849484577,0.1553454783,-0.4142060237,1,-22.241819,0.4423786248,18.44083678,0,26.91464813,23.7145043,-69.44174529
0.06495858908,0.03235855367,0.1951012681,-0.4889721072,1,-0.531317303,0.5264581906,17.15150594,0,15.63859956,22.80982235,-68.2478592
0.06495858908,0.03622226157,0.2137156041,-0.4360681055,1,7.191861601,0.4856230556,-22.94451909,0,28.12906326,34.78299403,-63.89067153
0.06495858908,0.04008596947,0.3315710046,-0.7120143557,1,16.35577866,0.785432221,-9.433416278,0,47.14847033,128.9832571,-65.02953566
0.06495858908,0.04394967737,0.4590774727,-0.9708697002,1,-1.129985976,1.07393673,109.3947604,0,115.9480368,182.827028,-64.69279059
0.06495858908,0.04781338527,0.7751944145,-0.9957351883,1,-95.53051457,1.261909246,-53.28783154,7.195596703,73.01200281,191.0354289,-52.09872025
0.06495858908,0.05167709317,0.3720725209,-1.914863412,1,64.48848622,1.950676766,-41.31501855,0,204.4360997,168.0126404,-79.00401411
0.06495858908,0.05554080107,1.814240462,-1.804516118,1,125.3643862,2.558856556,240.2604422,0,261.9613727,239.2490166,-44.84603482
0.06495858908,0.05940450897,1.868586116,-1.910955559,1,-115.1772991,2.67270747,208.2729601,0,111.4614785,312.678842,-45.64227062
0.06495858908,0.06326821687,1.799883616,-2.207909949,1,-123.47883,2.848586908,92.14938045,0,116.0974767,190.3237576,-50.81315232
0.06495858908,0.06713192477,1.840066723,-2.290272675,1,-104.7675802,2.937889458,93.46199577,0,252.6462383,101.4112087,-51.22066728
0.06495858908,0.07099563267,2.371243556,-2.238623386,1,-79.23706445,3.261016814,95.76961341,0,298.3353281,202.1430645,-43.35212581
0.06495858908,0.07485934057,2.686598415,-2.701268618,1,-68.33770596,3.809811438,34.47709141,0,279.1065889,229.8074172,-45.15600583
0.06495858908,0.07872304847,3.185592954,-2.993322708,1,-40.98356484,4.371267929,-72.15610756,0,306.3091351,157.1357765,-43.21769374
0.06495858908,0.08258675637,3.711738916,-3.587185482,1,-235.3267914,5.161870346,-149.7045377,0,291.8324469,154.2092785,-44.02236369
0.06495858908,0.08645046427,3.403914301,-4.167556921,1,-236.4302383,5.38100021,-58.25431967,0,272.0044437,-17.15832804,-50.75925586
0.06495858908,0.09031417218,3.849187255,-3.74596839,1,17.65151858,5.371081986,176.1668388,0,410.5969052,-0.8215149978,-44.22139301
0.06495858908,0.09417788008,5.05854112,-3.48372562,1,-238.6566939,6.142082909,-81.33382498,51.94507635,-23.12221921,-90.16211277,-34.55448043
0.06495858908,0.09804158798,2.83775,-3.711858465,1,-518.1789127,4.672335425,-54.64277294,109.0448251,-214.5559147,-73.9989007,-52.60175434
0.06495858908,0.1019052959,2.227467778,-3.408939196,1,-720.1116045,4.072159028,-559.0574717,0,681.0387677,-763.9268104,-56.83861108
0.06495858908,0.1057690038,2.686783972,-2.920303182,1,-109.5601241,3.968246311,-128.2640378,0,55.77105004,-216.6641299,-47.38482785
0.06495858908,0.1096327117,2.019642508,-3.067387062,1,-123.7516441,3.67257665,-120.9224202,5.16718728,14.12059551,-62.12318188,-56.63811737
0.06495858908,0.1134964196,2.263201624,-3.147486264,1,21.59172585,3.876693355,13.92168311,3.821425918,-1.682311373,-20.97423958,-54.28195698
0.06495858908,0.1173601275,2.09656667,-2.93255941,1,397.9813209,3.604926698,410.734897,0,42.19556914,-72.53820168,-54.43798985
0.06495858908,0.1212238354,NaN,NaN,0,183.3254056,4.165537245,1040.576968,0,783.284871,185.2849639,-17.89934573
0.06882229698,0.01690372206,0.4297477122,-0.5258266379,1,-123.4567442,0.6790999553,-34.11166849,0,7.012853606,-94.30808743,-50.74155021
0.06882229698,0.02076742997,0.2047951221,-0.4095359482,1,-100.0016021,0.4578872513,-24.73876872,21.21393455,32.88290023,-66.44791157,-63.43191041
0.06882229698,0.02463113787,0.1704206533,-0.3646746932,1,-31.88611521,0.4025305341,3.606682524,0,72.69973411,-15.55142965,-64.95226232
0.06882229698,0.02849484577,0.3624870239,-0.3355145988,1,-10.95813155,0.4939300442,21.7495461,0,61.74408373,48.99530168,-42.7870573
0.06882229698,0.03235855367,0.366642738,-0.4699443343,1,-49.05951101,0.5960491378,61.67349864,0,26.1972512,75.96104281,-52.03923879
0.06882229698,0.03622226157,0.2741539301,-0.3907174961,1,-35.23552105,0.4773054988,103.0382603,0,108.1301553,94.91359683,-54.94389288
0.06882229698,0.04008596947,0.6482863121,-0.4385530079,1,80.18404155,0.7826901579,28.23202892,0,192.0261857,99.87417774,-34.07758242
0.06882229698,0.04394967737,1.325894736,-0.6675218325,1,-25.82085159,1.484446781,19.63927119,0,101.8770958,129.3946685,-26.72297361
0.06882229698,0.04781338527,0.9421454239,-0.8626158036,1,-75.11966406,1.277397364,-53.27875155,12.25929561,5.491881044,129.5693264,-42.47680444
0.06882229698,0.05167709317,1.05687332,-1.373993396,1,65.40098455,1.733447163,45.34410536,0,393.788672,142.3630253,-52.43257843
0.06882229698,0.05554080107,2.716320128,-1.237468571,1,110.2202688,2.984915996,-7.594778874,0,417.2764369,-46.98843252,-24.49249225
0.06882229698,0.05940450897,3.09496651,-1.221787825,1,-214.4495834,3.327398862,2.921455978,40.55816769,124.9640909,82.40885897,-21.54242573
0.06882229698,0.06326821687,2.370574324,-1.544584678,1,-337.5449654,2.829375276,102.9840815,63.69717642,168.6341307,196.8889876,-33.08688199
0.06882229698,0.06713192477,2.442344383,-1.584608952,1,-134.8048464,2.911362502,83.81065113,0,224.0130439,75.36014677,-32.97576996
0.06882229698,0.07099563267,2.715248741,-1.511934398,1,-114.6000504,3.107816171,-11.29867157,0,245.6191877,63.43146062,-29.11041175
0.06882229698,0.07485934057,2.948564059,-1.873344355,1,-173.4397982,3.493343539,-62.67757169,0,290.6120836,138.134852,-32.42947865
0.06882229698,0.07872304847,3.167968226,-2.287814946,1,-204.4132091,3.907700079,-25.92604389,0,322.4791973,123.2327085,-35.83572609
0.06882229698,0.08258675637,3.40473655,-2.449650205,1,-297.3885672,4.194403069,-53.02204886,0,399.592692,47.53690891,-35.73437536
0.06882229698,0.08645046427,3.562855111,-2.676345385,1,-291.2532668,4.456092589,314.2265367,0,583.4826771,311.4222963,-36.91314172
0.06882229698,0.09031417218,4.533825632,-2.438815439,1,-331.9194142,5.14814487,8.085640082,65.52429261,175.6517522,133.1337721,-28.27650015
0.06882229698,0.09417788008,2.95908251,-3.159494841,1,-369.5840682,4.328807798,-278.2449072,51.9600126,-96.6246267,-111.3001188,-46.87603689
0.06882229698,0.09804158798,2.732531414,-3.083841336,1,-159.8254208,4.120291897,123.8827602,0,135.8939034,8.318131151,-48.45647581
0.06882229698,0.1019052959,2.866618117,-2.712986871,1,-149.5829877,3.946871823,228.157211,0,105.9423148,91.4839496,-43.42279184
0.06882229698,0.1057690038,2.563916601,-2.555775777,1,-124.5713535,3.620173775,81.18636981,17.35127438,58.0471162,49.77801307,-44.90889403
0.06882229698,0.1096327117,2.609587896,-2.591634155,1,-122.8082326,3.677841293,48.27790353,0,176.7697083,173.9976854,-44.80222542
0.06882229698,0.1134964196,2.772407982,-3.041520291,1,-12.20884419,4.115469803,-51.05888747,0,352.4338321,88.26803908,-47.6501878
0.06882229698,0.1173601275,3.924117869,-3.129952702,1,531.2738636,5.019492501,585.9752703,0,631.6944148,-383.6745827,-38.57654334
0.06882229698,0.1212238354,7.265777707,0.7049235072,1,674.565092,7.299893344,990.8886551,0,1055.203267,-994.1869808,5.541475276
0.07268600488,0.01690372206,-0.1876725281,-0.01982529988,1,-119.7501199,0.1887167727,2.986101646,0,154.3613497,-20.83505837,-173.9697687
0.07268600488,0.02076742997,-0.1208086871,0.0261937022,1,-24.97123865,0.1236157308,-24.97728909,0,107.422693,-13.41282167,167.7665031
0.07268600488,0.02463113787,0.1308958075,-0.06450702402,1,23.60136581,0.1459276141,-24.4333257,0,118.6173544,16.84815997,-26.23463093
0.07268600488,0.02849484577,0.4286829056,-0.1333059001,1,24.10978049,0.4489315055,14.93969847,0,130.1423372,49.54245311,-17.2739287
0.07268600488,0.03235855367,0.7268809333,-0.1982019605,1,-5.954021231,0.7534188134,59.08432309,0,148.2683128,-5.920821533,-15.25230914
0.07268600488,0.03622226157,0.9785437584,0.1178549907,1,-85.7544999,0.9856153844,61.59021515,0,111.54709,82.73234634,6.867577088
0.07268600488,0.04008596947,0.8265359674,-0.2798889798,1,-93.47088013,0.8726394137,-0.9550356521,0,108.0572117,153.1293666,-18.70758678
0.07268600488,0.04394967737,1.034901083,-0.4774821318,1,-92.94330946,1.139740952,-36.10562938,0,155.9457284,68.55723727,-24.76763115
0.07268600488,0.04781338527,1.069958911,-0.6842757246,1,-93.36219223,1.270057219,90.83785765,0,109.5168715,134.4713781,-32.60032129
0.07268600488,0.05167709317,1.097318045,-0.6460693095,1,-151.680378,1.273386212,139.2859706,0,289.7311777,122.1690066,-30.48835321
0.07268600488,0.05554080107,1.603346877,-0.6181407753,1,-111.4217624,1.718376916,-31.61783887,0,396.3707056,-43.65525143,-21.08322394
0.07268600488,0.05940450897,2.198277528,-0.5995602635,1,0.6399129256,2.278573369,-196.4935666,0,350.1005468,-291.2106126,-15.25584718
0.07268600488,0.06326821687,2.958505562,-0.2521817761,1,-211.5743569,2.969234044,-70.13004683,0,278.0334865,8.640114333,-4.872091189
0.07268600488,0.06713192477,2.455056192,-0.9039051575,1,-225.3248761,2.616169994,-176.2403072,14.66469898,125.4632543,-22.33123637,-20.21275059
0.07268600488,0.07099563267,2.572669425,-0.8468414692,1,-118.0413596,2.708462376,-48.95239459,0,253.4261056,-47.81293511,-18.21991117
0.07268600488,0.07485934057,2.978143305,-0.9083076961,1,-92.75721896,3.113576788,-42.0828898,0,348.6999775,-13.42573233,-16.96124804
0.07268600488,0.07872304847,3.561557483,-0.957564355,1,-172.7851556,3.688037581,-20.93914702,0,357.1683055,-24.57664036,-15.04873874
0.07268600488,0.08258675637,3.690545938,-0.8942534844,1,6.402156446,3.797343626,39.31636198,0,578.4456673,-4.61335925,-13.6207728
0.07268600488,0.08645046427,5.82123864,-0.787832744,1,-224.9959141,5.874308448,-57.04336484,0,407.2746717,173.4627196,-7.707446437
0.07268600488,0.09031417218,4.394817814,-1.784861664,1,-548.6490054,4.743432805,-209.2180329,117.7142543,-38.29642975,215.5701157,-22.10348285
0.07268600488,0.09417788008,3.553452925,-2.42909007,1,-1876.766375,4.304358983,153.1152128,223.2105613,1605.968941,356.1387672,-34.35595826
0.07268600488,0.09804158798,3.348535628,-2.569285375,1,-252.3123279,4.220653764,555.5232665,0,228.7636872,553.6012777,-37.49853118
0.07268600488,0.1019052959,3.462467856,-2.421664066,1,-244.2900743,4.225297682,609.5851285,0,203.9807291,517.8166443,-34.96909767
0.07268600488,0.1057690038,3.192792093,-2.214718758,1,-273.2276471,3.885730372,423.6012501,0,122.0730014,291.1485196,-34.7475778
0.07268600488,0.1096327117,2.878450457,-1.909905405,1,-285.2384598,3.454448681,43.29412062,62.79495307,81.85217999,-79.93084762,-33.56501367
0.07268600488,0.1134964196,2.406966917,-1.738613474,1,-307.0482643,2.969219856,-180.5910872,0,306.9827774,-16.32962005,-35.84153999
0.07268600488,0.1173601275,2.878197435,-2.544563733,1,-105.699044,3.841721628,-108.4251208,0,505.3684567,-607.6937182,-41.47933268
0.07268600488,0.1212238354,3.951172784,0.1904145501,1,383.529023,3.955758344,-271.1448514,0,171.8832271,-1686.872103,2.759058247
0.07654971278,0.01690372206,0.3607845571,0.5332600128,1,-170.7736968,0.6438413918,540.7133913,0,13.24749817,763.9520482,55.91913086
0.07654971278,0.02076742997,0.05646694793,0.1019955314,1,-4.339273703,0.1165830375,-45.84100129,0,-52.51563722,91.54533691,61.03013106
0.07654971278,0.02463113787,0.1411137886,0.002439332463,1,73.4696483,0.1411348705,75.26419132,0,70.21623292,82.46745406,0.990332254
0.07654971278,0.02849484577,0.6116272224,0.07416422829,1,42.38849441,0.6161072893,-6.754114045,0,69.14612505,-38.71470397,6.913774734
0.07654971278,0.03235855367,0.572050979,0.1259257163,1,-33.62215683,0.5857470517,1.652219634,0,90.60030694,-75.32926936,12.41453575
0.07654971278,0.03622226157,0.8317741511,0.3715982155,1,-7.610793054,0.9110068453,264.0017795,0,179.5162567,208.5713583,24.07288246
0.07654971278,0.04008596947,1.236243477,0.3400926727,1,-103.7996583,1.28217041,351.5202092,0,264.138932,371.5749101,15.381668
0.07654971278,0.04394967737,1.451278269,0.2941127094,1,-140.3399961,1.480780504,504.7401301,0,289.5311451,613.1445556,11.45627537
0.07654971278,0.04781338527,1.812674498,-0.07875036226,1,-36.99231212,1.814384319,240.5511908,0,196.3678984,230.8767509,-2.487610383
0.07654971278,0.05167709317,2.067058981,0.3314919191,1,-67.18159137,2.093470736,292.1936847,0,225.7889219,84.29920043,9.110883049
0.07654971278,0.05554080107,2.425486894,0.724493199,1,-356.2715063,2.531378492,57.0999985,75.61817842,134.6090556,109.6572666,16.63089111
0.07654971278,0.05940450897,1.210620019,0.1284259872,1,-234.1850756,1.217412857,-180.3767824,0,158.482741,-82.7047549,6.055450572
0.07654971278,0.06326821687,2.132995186,0.3471170148,1,-28.6585164,2.161054993,-499.6637906,0,148.8803172,-407.086381,9.243109669
0.07654971278,0.06713192477,1.675121941,-0.2292660816,1,-165.3187606,1.690738434,-102.4568659,0,219.2515609,7.233008012,-7.793383098
0.07654971278,0.07099563267,2.341375772,-0.07669261786,1,-49.95801475,2.342631483,2.920996074,0,324.0400735,-13.01793779,-1.876073404
0.07654971278,0.07485934057,2.734094957,-0.1676826969,1,-120.5583801,2.739232141,-51.05407365,0,288.9802079,-8.727645928,-3.509567958
0.07654971278,0.07872304847,2.992108519,-0.2402295711,1,-121.0760462,3.00173677,-91.28633551,0,329.3536593,-72.71389752,-4.590301194
0.07654971278,0.08258675637,3.538818816,-0.2394411723,1,-81.0398798,3.54691002,-26.28166092,0,345.1791467,-28.03982787,-3.870808665
0.07654971278,0.08645046427,4.012665491,-0.2334365275,1,-83.42825546,4.019449833,-295.7607267,0,347.3067458,-236.874032,-3.329425303
0.07654971278,0.09031417218,4.558368224,-0.4669621601,1,-261.0032392,4.582223753,1328.626127,0,497.5702023,-1396.790471,-5.849013276
0.07654971278,0.09417788008,4.926691136,10.29677711,1,-101.3604613,11.41472314,77.4394191,0,737.924228,273.660768,64.43031924
0.07654971278,0.09804158798,7.017864678,-1.225104136,1,-77.21601588,7.123995002,-1339.344163,0,671.4322913,1579.55572,-9.902303012
0.07654971278,0.1019052959,7.222569254,-0.9809994261,1,-569.4763119,7.288886506,469.2299231,68.59141406,131.4608645,418.3320283,-7.734818574
0.07654971278,0.1057690038,5.325500934,-1.028449538,1,-903.416998,5.42389792,121.7712303,193.9433929,-327.1457391,171.5430371,-10.93028606
0.07654971278,0.1096327117,2.468034284,-1.173303149,1,-623.1494548,2.732733706,43.71390345,133.9878913,-234.5595464,-49.29670794,-25.42640788
0.07654971278,0.1134964196,2.011563889,-0.6690837038,1,-382.1109348,2.119920348,-30.522578,88.09100663,42.85381069,-135.1725123,-18.39808841
0.07654971278,0.1173601275,1.157243853,-0.7689663714,1,-621.1944964,1.38943248,-236.3485898,133.6039851,23.06652776,-380.3216052,-33.60327648
0.07654971278,0.1212238354,-0.2994278688,-0.1128140267,1,-298.1042274,0.3199750822,-495.8826374,0,-455.9236441,-835.53168,-159.3553326
0.08041342068,0.01690372206,4.853173638,0.6911788451,1,-1271.63357,4.902144689,429.3116948,0,-1211.677408,869.8856518,8.105437959
0.08041342068,0.02076742997,0.05577951557,-0.1599456941,1,-491.8077311,0.1693929734,-158.8605035,0,-572.6746087,39.97857433,-70.77427592
0.08041342068,0.02463113787,0.7403248119,-0.07707727072,1,20.70907596,0.7443263617,166.0243501,0,30.33649057,132.3718416,-5.943808429
0.08041342068,0.02849484577,0.2530046742,-0.02992223123,1,-45.16938222,0.2547679436,0.7256107895,7.421063454,-31.98719517,-92.14751372,-6.74489784
0.08041342068,0.03235855367,0.4422143342,0.2817573542,1,301.8689616,0.5243479036,94.06364225,0,358.4872858,-131.3109215,32.50329491
0.08041342068,0.03622226157,2.804428325,0.8408592513,1,357.5614726,2.927774327,240.0004406,0,465.0032865,17.42644526,16.69044849
0.08041342068,0.04008596947,3.620364293,1.141718258,1,240.5775721,3.796124101,315.489001,0,419.3203073,226.8293118,17.50319247
0.08041342068,0.04394967737,5.354080975,1.183414393,1,-206.9787955,5.483306731,126.2389733,37.93867958,18.31403684,365.4802198,12.46371568
0.08041342068,0.04781338527,2.891418774,0.2173599644,1,-469.9637625,2.89957719,80.79810214,89.89668008,-255.2733589,261.3322506,4.299075758
0.08041342068,0.05167709317,2.551976579,0.4858831772,1,-67.07955107,2.597819648,59.69020982,0,-99.54032585,-214.9471056,10.77980005
0.08041342068,0.05554080107,2.247648239,1.27847833,1,-240.8335778,2.585813111,22.27651987,49.13051682,-113.7919014,-89.458196,29.63152733
0.08041342068,0.05940450897,1.181807314,0.9175934816,1,-532.9334388,1.496210655,-48.86297525,115.3471773,-189.8335382,169.7617069,37.82692255
0.08041342068,0.06326821687,-0.54491224,0.433776418,1,29.67356842,0.696484982,-219.7705159,0,204.6432405,-132.9028597,141.4785193
0.08041342068,0.06713192477,2.08713902,0.5819622321,1,205.8661736,2.166755484,84.2012872,0,590.9254345,41.65110343,15.58019903
0.08041342068,0.07099563267,2.533657791,0.5981778992,1,-78.2172269,2.603313005,21.58238584,0,249.0441113,-2.246421211,13.28386281
0.08041342068,0.07485934057,2.747164202,0.6740297821,1,-151.2415876,2.828644075,27.57513991,0,253.2810549,-20.19931988,13.78547375
0.08041342068,0.07872304847,2.927908487,0.7827644569,1,-150.2147455,3.030737254,-2.093645533,0,340.0581263,-22.41157733,14.96774685
0.08041342068,0.08258675637,3.480663573,0.7525323357,1,-131.3071297,3.561084641,-68.575693,0,347.5204279,-92.81070995,12.19978352
0.08041342068,0.08645046427,3.763293515,0.8764014834,1,-171.1165486,3.863995036,-98.06327184,0,339.5524508,-199.9116024,13.10946905
0.08041342068,0.09031417218,4.131450699,1.146044535,1,-201.8329524,4.287458799,-149.3060712,0,498.6224629,-133.0676107,15.50375836
0.08041342068,0.09417788008,4.910001492,0.8136608153,1,1057.44594,4.976962786,-199.0976209,45.62370548,-1019.867474,13.85106795,9.40926031
0.08041342068,0.09804158798,4.276642916,0.3232730039,1,-153.0308478,4.288843674,-467.2782506,0,665.9439714,-330.8527265,4.322788128
0.08041342068,0.1019052959,6.89174798,0.2865524399,1,-317.0808281,6.897702699,-497.4322834,0,329.8741942,-416.8237193,2.380933528
0.08041342068,0.1057690038,4.326072745,0.01182505801,1,-776.5003084,4.326088907,-315.4871304,152.9295923,-267.7990933,-135.5925928,0.1566141554
0.08041342068,0.1096327117,2.856880131,-0.4085075062,1,-531.3606242,2.885938749,220.8926739,108.2697903,-131.0350134,248.974219,-8.137605684
0.08041342068,0.1134964196,1.766769487,-0.09667382974,1,-433.5256636,1.769412402,86.77162077,89.80341724,-177.6272137,-4.638027976,-3.131978665
0.08041342068,0.1173601275,0.4955639305,-0.05532732418,1,-505.6959152,0.4986428802,-107.2643664,97.76763851,-260.3538991,-23.74880173,-6.370416691
0.08041342068,0.1212238354,-1.193023233,-0.419353577,1,-395.9076627,1.264579715,-147.7097815,0,-478.168332,40.72384864,-160.6331725
0.08427712858,0.01690372206,5.38050361,0.764913112,1,-1495.700311,5.434603128,58.56645836,0,-1497.984439,563.4511958,8.091170322
0.08427712858,0.02076742997,-0.4028581009,-0.2104504625,1,-549.4147359,0.4545151776,145.2522739,34.87366889,-508.24133,332.9673601,-152.4177249
0.08427712858,0.02463113787,1.294029512,0.03963685035,1,45.46355289,1.294636419,59.12829469,0,125.6823545,-27.71750724,1.754453333
0.08427712858,0.02849484577,0.2583996938,0.1250963485,1,-156.2609699,0.2870879624,62.44269866,29.36314574,-67.84788148,-16.5088009,25.83253244
0.08427712858,0.03235855367,0.4281383718,0.344682383,1,185.4871502,0.5496438943,145.5503385,0,220.3397887,-25.69077742,38.83658166
0.08427712858,0.03622226157,1.826396444,0.786722001,1,375.1878936,1.988631559,-26.52577998,0,376.2831621,-204.0806121,23.304007
0.08427712858,0.04008596947,3.331603027,1.030702391,1,202.8839287,3.487395324,-49.63783045,10.22747399,191.7476522,-147.434148,17.19056718
0.08427712858,0.04394967737,3.351137601,1.164578406,1,-26.29988675,3.547726889,-346.4493568,0,-24.69692437,-273.9925998,19.16322552
0.08427712858,0.04781338527,3.134566245,0.7507506464,1,-343.1181703,3.223217659,-259.6846462,39.92188031,-144.4823323,-11.60547891,13.46902341
0.08427712858,0.05167709317,1.467191686,0.2060729671,1,-194.872872,1.481592897,-9.582658553,43.39886111,-55.83182637,-129.8284157,7.995122041
0.08427712858,0.05554080107,2.165916521,1.215345128,1,31.38702443,2.483597825,124.7878612,0,23.1061523,-198.2155461,29.29777618
0.08427712858,0.05940450897,1.677737404,1.454063784,1,-225.3603022,2.220158617,2.663610411,41.85014626,-135.833732,52.40764226,40.91486494
0.08427712858,0.06326821687,0.7703682779,1.023148719,1,-83.71204442,1.280742201,183.0751542,0,208.8875042,233.6932035,53.0224938
0.08427712858,0.06713192477,2.161378817,1.258490427,1,64.34202851,2.50107108,-76.00795949,0,361.6001121,-118.6097516,30.21065033
0.08427712858,0.07099563267,2.416084292,1.1877496,1,-72.63111207,2.692250437,-57.51713262,0,228.2366002,-92.91944808,26.17878027
0.08427712858,0.07485934057,2.762592971,1.395274633,1,-110.7012428,3.094949309,17.73968957,0,235.281883,-102.9454163,26.79650528
0.08427712858,0.07872304847,2.897427496,1.654041597,1,-166.4374553,3.336306296,-31.57789875,0,205.9528454,-87.31037584,29.7205581
0.08427712858,0.08258675637,2.915268896,1.610608645,1,-169.2527314,3.330593482,-132.1573724,0,159.922347,-154.311667,28.91948459
0.08427712858,0.08645046427,2.861377616,1.73963932,1,-95.21537608,3.348705246,-80.93198329,0,238.1065874,-243.6731463,31.29845704
0.08427712858,0.09031417218,3.467358798,2.239392962,1,-15.92709741,4.12764556,-74.43766757,0,365.2223818,-211.8718522,32.85638744
0.08427712858,0.09417788008,4.210952566,2.270644865,1,-191.4531725,4.7841352,-200.0244103,0,312.259644,-122.3224653,28.33459232
0.08427712858,0.09804158798,3.934119716,1.939175343,1,-348.9697896,4.386080135,-177.35362,49.07425561,214.1766152,17.27782717,26.23924711
0.08427712858,0.1019052959,3.690151113,1.518645805,1,-289.4132494,3.990426082,-556.8174392,0,198.4490559,-297.4417298,22.36913942
0.08427712858,0.1057690038,3.582660643,0.9370233658,1,-174.6505984,3.703170273,-227.8846513,0,328.210757,68.51656703,14.65704769
0.08427712858,0.1096327117,4.283462711,0.3734380756,1,-426.8311644,4.299710315,72.50626163,94.96136951,102.3354792,232.2984154,4.982525701
0.08427712858,0.1134964196,2.328904101,0.3196331589,1,-610.9037574,2.350735984,135.4584738,115.5503793,-329.2334279,185.7921342,7.81480227
0.08427712858,0.1173601275,0.6510472404,0.1789635143,1,-486.3003851,0.6751966,96.23086662,86.0432352,-300.9471092,290.4169704,15.37015752
0.08427712858,0.1212238354,-0.7127902629,-0.4306452245,1,-413.1056847,0.832781645,70.51013449,0,-292.8677162,386.0664625,-148.8609624
0.08814083648,0.01690372206,7.256468163,0.6823536386,1,-1335.334669,7.288479724,-561.0722733,0,-1435.572349,-207.4133858,5.371946328
0.08814083648,0.02076742997,1.903480494,-0.0008636802949,1,-844.4369689,1.90348069,102.6064027,49.58748712,-810.6522376,218.94255,-0.02599723638
0.08814083648,0.02463113787,0.8616869195,0.232864747,1,-205.2780777,0.8925975228,-56.89120874,20.73976092,-175.9620921,-137.7833997,15.1225443
0.08814083648,0.02849484577,0.4304798379,0.3116801171,1,-20.72426931,0.5314672015,87.73798173,0,32.01646554,40.23102039,35.90564868
0.08814083648,0.03235855367,0.9053166673,0.4164177689,1,171.5344835,0.9964948702,175.9868238,0,212.2814742,37.93008005,24.70097295
0.08814083648,0.03622226157,1.913432586,0.8450910489,1,233.7443646,2.091746433,84.13508536,0,271.888855,-92.44999507,23.82924043
0.08814083648,0.04008596947,2.858935733,1.098690939,1,113.4369692,3.062782281,-97.87414512,0,156.6253457,-187.0415282,21.02180162
0.08814083648,0.04394967737,2.956874485,1.189607771,1,-136.8764782,3.187204633,-143.9363548,0,-126.0064272,-114.4672229,21.91587641
0.08814083648,0.04781338527,1.843232974,0.9848308213,1,-217.2754887,2.08983242,-135.190562,39.09092365,-26.93075023,-92.09449684,28.11538324
0.08814083648,0.05167709317,2.013332911,1.023097164,1,-192.5911805,2.258370478,87.21955183,0,223.8337438,19.49894663,26.93789915
0.08814083648,0.05554080107,1.963945113,1.246483459,1,-124.8634866,2.326112942,-20.19991156,27.47904923,-35.27966573,-82.42015202,32.40262024
0.08814083648,0.05940450897,1.394586548,1.263497998,1,-148.9423799,1.881833901,-62.70512832,24.69631533,-83.62855454,-144.960867,42.17663596
0.08814083648,0.06326821687,1.065358956,1.564295606,1,-136.6165492,1.892619996,28.95696066,13.01215667,121.2443944,-91.90689651,55.74329396
0.08814083648,0.06713192477,1.335193032,1.730480638,1,-6.143159967,2.185704388,-132.5598486,0,235.7298297,-183.378196,52.34717331
0.08814083648,0.07099563267,1.952414786,1.760642856,1,-0.7311389824,2.629027722,-76.49517754,0,280.9700077,-149.0490268,42.04341572
0.08814083648,0.07485934057,2.417954163,2.010807519,1,-64.76453391,3.144813065,-79.4743419,0,198.3523073,-198.7713902,39.74742636
0.08814083648,0.07872304847,2.468558921,2.221571804,1,-122.113834,3.321018583,-127.8091283,0,110.6939021,-131.3190127,41.98552971
0.08814083648,0.08258675637,2.373830882,2.024368687,1,-127.5237199,3.119798333,-111.3164975,0,138.020163,-96.48317716,40.45706565
0.08814083648,0.08645046427,2.509114111,2.164260187,1,-38.3626213,3.313559383,0.3149773147,0,206.9580432,-153.5077541,40.77972425
0.08814083648,0.09031417218,3.025234345,2.61869479,1,82.86300678,4.001200475,-27.96477226,0,216.1847578,-182.1171648,40.88002616
0.08814083648,0.09417788008,3.664547322,2.759860004,1,26.75809119,4.587563004,-182.0048021,0,137.0541019,-151.0530387,36.9842955
0.08814083648,0.09804158798,3.65815681,2.499106217,1,-100.224859,4.430309598,-152.822471,0,81.22568921,-0.5464356547,34.33932479
0.08814083648,0.1019052959,3.59114008,2.171509883,1,-137.638245,4.196634633,-93.19025337,0,151.1393196,47.70336003,31.16073988
0.08814083648,0.1057690038,3.710321019,1.95473445,1,-144.9824241,4.193741627,-81.17275909,0,259.7468684,57.41744025,27.7819215
0.08814083648,0.1096327117,4.03455637,1.636037835,1,-341.4322428,4.353649607,-196.0136939,53.41442614,159.6552974,53.25887713,22.07286191
0.08814083648,0.1134964196,3.007987999,0.9916180477,1,-448.4690232,3.167222467,52.04345797,101.9562954,-80.84069412,304.4471768,18.24540186
0.08814083648,0.1173601275,1.989458233,0.6608235924,1,-489.5709149,2.096337731,193.7497437,99.35559051,-141.1529104,438.6976695,18.37455667
0.08814083648,0.1212238354,0.5710553722,0.04521081172,1,-499.9980313,0.5728422607,224.376898,0,-234.2204434,543.0411431,4.526700761
0.09200454438,0.01690372206,2.411299497,0.3776239966,1,-376.4067149,2.440689482,-1119.65708,0,-437.2088117,-882.8171647,8.900569891
0.09200454438,0.02076742997,0.839513128,-0.07991612937,1,-239.2265955,0.8433082946,-297.5081908,0,-244.6184198,-239.34677,-5.437795569
0.09200454438,0.02463113787,0.5418636889,0.1529052555,1,14.13548405,0.563024222,-16.66057936,0,-36.56952718,-122.4623849,15.75821649
0.09200454438,0.02849484577,0.7528345383,0.3288711425,1,99.80354372,0.8215327567,88.0069576,0,84.67911722,-2.37554707,23.59781557
0.09200454438,0.03235855367,1.254650803,0.5021168529,1,126.8970049,1.351395565,82.27464909,0,142.6460221,-74.37022237,21.81150787
0.09200454438,0.03622226157,1.794270062,0.9341011699,1,117.8309954,2.022856903,12.98073829,0,134.8074832,-167.0154797,27.50159024
0.09200454438,0.04008596947,2.230772089,1.197569662,1,60.27665227,2.531899921,-128.5472006,0,84.26626061,-199.0690788,28.2287219
0.09200454438,0.04394967737,2.352741656,1.206577108,1,-1.879322127,2.644091832,-125.666743,0,8.513125441,-200.366348,27.15050937
0.09200454438,0.04781338527,2.256403167,1.486187116,1,-147.7780372,2.701871092,50.42295921,31.79108472,25.29961072,-107.0527468,33.37102529
0.09200454438,0.05167709317,1.879520792,1.815017237,1,-137.9193354,2.612831028,3.96476457,31.96874611,11.87963236,-15.52007492,43.99976506
0.09200454438,0.05554080107,1.769422571,1.561470845,1,-203.0177925,2.359882928,-117.8780314,36.12303917,-56.87352452,-89.77033984,41.42759134
0.09200454438,0.05940450897,0.8753766573,1.706417327,1,-253.9885542,1.917848896,57.87412997,55.37396425,-67.53535218,-60.65896086,62.84258658
0.09200454438,0.06326821687,0.5271481134,2.019448084,1,-81.24861328,2.087116599,74.99476717,0,98.15202384,-50.94634778,75.37021222
0.09200454438,0.06713192477,0.9406864983,2.193017008,1,48.63254353,2.386255369,11.29708519,0,214.7153286,-55.14491011,66.78326701
0.09200454438,0.07099563267,1.544647368,2.276160546,1,2.49910791,2.7507894,-41.08272792,0,190.7986927,-97.72889493,55.83841208
0.09200454438,0.07485934057,1.687532738,2.411881251,1,-30.53323432,2.943626659,-93.49905382,0,121.5299378,-165.2907491,55.02048352
0.09200454438,0.07872304847,1.89623205,2.553542687,1,-12.04164694,3.180609413,-107.3781805,0,122.0030944,-165.5376993,53.40283618
0.09200454438,0.08258675637,2.112391651,2.636592643,1,-68.3355801,3.378434438,-80.010503,0,164.9405599,-114.6777258,51.29890632
0.09200454438,0.08645046427,2.269485474,2.687486709,1,-28.27014759,3.517548739,-60.95545625,0,168.8790965,-91.47448731,49.8201158
0.09200454438,0.09031417218,2.655663558,2.754509265,1,39.47584983,3.826208335,-99.73058039,0,129.9543706,-102.1401113,46.04669702
0.09200454438,0.09417788008,2.924114355,2.696796433,1,62.02697191,3.977833048,-147.232384,0,115.49253,-117.6592363,42.68413617
0.09200454438,0.09804158798,3.34154706,2.64024726,1,38.83608685,4.258737178,-88.05013464,0,113.9416862,-71.90024133,38.31322311
0.09200454438,0.1019052959,3.514403043,2.634397962,1,-64.25270336,4.392161356,-68.9530554,0,102.9020977,-32.85609029,36.85524215
0.09200454438,0.1057690038,3.49087703,2.500779131,1,-60.5445607,4.294195932,-116.8522711,0,116.8367958,-32.76102833,35.61688786
0.09200454438,0.1096327117,3.731899797,2.309493964,1,-67.31745078,4.388717177,-186.2464819,0,123.0677192,10.64663526,31.75137988
0.09200454438,0.1134964196,3.706279783,1.740041638,1,-232.3820132,4.094417508,-25.88150927,51.40793265,67.44705793,177.1216868,25.14933697
0.09200454438,0.1173601275,3.094639307,1.525148911,1,-33.98747312,3.450053861,53.60668434,0,-342.3326148,349.6435293,26.23572642
0.09200454438,0.1212238354,2.252288886,0.5962417416,1,-382.5004559,2.329873267,224.5480591,0,-53.53168897,705.3852203,14.82761216
0.09586825228,0.01690372206,-0.480507397,0.4474320966,1,46.32030292,0.6565689908,-712.6640748,0,114.0112466,-469.8257323,137.0413757
0.09586825228,0.02076742997,-0.1707702598,-0.02169611457,1,75.90604325,0.1721429726,-270.0346255,0,132.3560307,-163.7955637,-172.7594452
0.09586825228,0.02463113787,0.3241564235,0.03695539446,1,133.9651632,0.3262561694,-33.2957639,16.99082799,107.2810384,-104.4553527,6.503914646
0.09586825228,0.02849484577,0.7613345953,0.253243751,1,95.72944587,0.8023482806,19.38617773,16.24416904,62.59014132,-94.57481204,18.39874237
0.09586825228,0.03235855367,0.9358570633,0.477267371,1,77.24063855,1.050529669,-21.98083861,7.382845236,66.90916716,-192.1384967,27.02062293
0.09586825228,0.03622226157,1.318287339,0.9106832387,1,122.5074587,1.602256368,-81.41276463,18.19926764,47.60505483,-266.2384362,34.63702084
0.09586825228,0.04008596947,1.593122126,1.191379778,1,75.79331599,1.989327495,-156.5177787,0,22.27064924,-239.1011216,36.790133
0.09586825228,0.04394967737,1.697177856,1.229761153,1,-2.877921695,2.095882909,-143.0208903,0,10.98150816,-262.6397979,35.9267786
0.09586825228,0.04781338527,1.624432017,1.653552297,1,18.08727032,2.317976397,-106.0989057,0,52.18427142,-202.4093608,45.50897902
0.09586825228,0.05167709317,1.968686567,1.601876619,1,-34.83523796,2.538057427,-66.30472034,0,-84.94078243,-107.0919456,39.13448516
0.09586825228,0.05554080107,1.16165246,1.811142221,1,-121.21101,2.151667396,-37.71185334,25.87683194,-30.16166287,-136.586328,57.32420492
0.09586825228,0.05940450897,1.383826775,1.983898708,1,-49.29723094,2.418849029,98.04349589,0,48.4230872,-17.46861191,55.10311094
0.09586825228,0.06326821687,1.158275024,2.257447265,1,-67.73752785,2.537256232,153.1016,0,11.302379,52.60815984,62.83806598
0.09586825228,0.06713192477,1.165777844,2.372176007,1,-0.7313157145,2.64315285,81.3699434,0,67.45794316,21.6526483,63.82873648
0.09586825228,0.07099563267,1.416087222,2.48817745,1,2.065461331,2.862923338,-7.282017699,0,63.23142938,-65.81625403,60.35465756
0.09586825228,0.07485934057,1.418065957,2.598335198,1,-25.48463096,2.960110954,-34.62108192,0,24.96814737,-99.66328671,61.37607866
0.09586825228,0.07872304847,1.41409168,2.73948153,1,-7.273529173,3.082923018,-61.24445576,0,59.95517138,-145.967308,62.69769079
0.09586825228,0.08258675637,1.621612434,2.925679552,1,33.98923722,3.345030303,-90.37560903,0,96.99314215,-138.6467914,61.00177111
0.09586825228,0.08645046427,1.920169334,2.925987279,1,56.94613785,3.499778826,-102.1797452,0,104.4668212,-113.2048574,56.72524639
0.09586825228,0.09031417218,2.245264959,2.968277365,1,57.7811321,3.721812093,-123.5513472,0,128.8049557,-134.0200537,52.8954027
0.09586825228,0.09417788008,2.641083476,2.966435303,1,48.80613605,3.971783017,-145.4239225,0,156.9263728,-99.09923771,48.32061496
0.09586825228,0.09804158798,3.040155279,2.789292315,1,41.95697716,4.12585697,-127.3517408,0,102.1263277,-88.76494839,42.53586837
0.09586825228,0.1019052959,3.197779279,2.817347209,1,-22.36536959,4.261835005,-139.2008997,0,46.20352084,-100.5830435,41.38109715
0.09586825228,0.1057690038,3.132258932,2.640084199,1,-27.32233542,4.096472946,-157.2668862,0,68.29607874,-41.90705583,40.12650339
0.09586825228,0.1096327117,3.356089855,2.371630521,1,14.85117052,4.10949759,-167.8555738,0,104.225361,-41.03071734,35.24750321
0.09586825228,0.1134964196,3.592335868,2.150069999,1,-105.6748959,4.186606978,-544.4180317,0,155.2152389,206.7159989,30.90118997
0.09586825228,0.1173601275,3.547499269,-0.5305319678,2,1191.919269,3.586950688,-76.28466147,132.6947742,-1043.949992,139.5235685,-8.505602735
0.09586825228,0.1212238354,4.164045931,1.316250036,1,533.7021836,4.367126363,676.0051688,0,-214.5545269,-279.9584036,17.54168433
0.09973196018,0.01690372206,-2.157495713,0.6391620303,1,353.6256827,2.250181293,-323.0935743,0,330.0780264,-63.77174657,163.4979813
0.09973196018,0.02076742997,-0.8366800014,0.138190133,1,306.9514299,0.8480152933,-49.84509716,38.42072436,253.9422452,102.6913922,170.6214199
0.09973196018,0.02463113787,0.009633611273,0.04980559138,1,159.5334243,0.05072872361,-58.33042558,0,176.6740874,-74.54293911,79.05279088
0.09973196018,0.02849484577,0.4623276179,0.2008305497,1,56.56692247,0.5040632261,-13.49320206,4.419908615,51.54751981,-120.2283602,23.47965023
0.09973196018,0.03235855367,0.4273562361,0.4621990652,1,-2.770785538,0.6294929137,-38.81397831,0,-0.1487539274,-153.6957505,47.24306129
0.09973196018,0.03622226157,0.4510473702,0.6447001604,1,76.2440769,0.7868176581,-89.60958657,0,-5.10516339,-226.4146092,55.02246087
0.09973196018,0.04008596947,0.7022162182,0.9907737118,1,78.70298174,1.214388803,-113.8790201,0,7.830443787,-273.1627319,54.67268665
0.09973196018,0.04394967737,0.7853872501,1.260125896,1,42.9257936,1.484840196,-108.9025431,0,50.81864359,-271.221816,58.06632463
0.09973196018,0.04781338527,1.064417341,1.617927969,1,66.49797636,1.936665998,-48.51023946,3.249571166,43.28761942,-142.0209711,56.65951397
0.09973196018,0.05167709317,1.209566724,1.621424049,1,-6.697219065,2.02288596,-50.1887145,0,14.86760108,-126.6259,53.27741593
0.09973196018,0.05554080107,1.09598531,1.913258926,1,-7.655596487,2.204936171,35.67448852,0,1.735829434,-84.04368249,60.19432683
0.09973196018,0.05940450897,1.186694473,2.083980092,1,9.236319926,2.398169468,5.193697626,0,49.24771491,-101.3299529,60.34123151
0.09973196018,0.06326821687,1.321950538,2.324835197,1,3.856452953,2.674399356,45.27210499,0,35.49466533,-51.1379507,60.37652267
0.09973196018,0.06713192477,1.3387357,2.456480386,1,-25.94478611,2.797589884,14.91570549,4.296365044,10.48462664,-33.652351,61.41044515
0.09973196018,0.07099563267,1.262216998,2.51248798,1,-27.17425503,2.811723244,-36.71891756,0,-16.83490464,-75.62860402,63.3260838
0.09973196018,0.07485934057,1.168697162,2.606816049,1,-13.46059352,2.856806428,-36.42329055,0,-29.65619498,-114.2777184,65.85218046
0.09973196018,0.07872304847,1.095626321,2.813294748,1,7.791323459,3.019109865,-46.35215167,0,7.432092225,-117.0627971,68.72177401
0.09973196018,0.08258675637,1.227515993,2.880021328,1,67.94241259,3.13070573,-107.4629912,0,20.48972832,-122.4221968,66.91544011
0.09973196018,0.08645046427,1.437302283,2.871092749,1,67.04244551,3.210764929,-114.5953615,0,45.01750291,-153.1343113,63.40692284
0.09973196018,0.09031417218,1.660482901,3.028924573,1,64.44499552,3.454213012,-97.7605396,0,75.84666737,-160.7696238,61.26806206
0.09973196018,0.09417788008,1.979348289,3.114541446,1,97.24492022,3.690282925,-141.6749118,0,121.7292934,-101.247291,57.56329199
0.09973196018,0.09804158798,2.506535301,2.872724055,1,64.634624,3.812513962,-77.2703882,0,92.88236597,-21.56914861,48.89435592
0.09973196018,0.1019052959,2.587947928,2.899328126,1,-3.141972401,3.886332212,-73.21017614,0,58.73411387,-72.56227468,48.24781518
0.09973196018,0.1057690038,2.721327097,2.870220753,1,-7.714252065,3.955222919,-100.1795702,0,94.90413931,-36.89362759,46.52533124
0.09973196018,0.1096327117,2.924824184,2.65480973,1,-161.5588426,3.950014077,-82.33908555,26.65532202,78.78102029,-50.71768901,42.22945465
0.09973196018,0.1134964196,2.401497771,2.748044913,1,-113.8638031,3.649512623,-1431.70749,0,221.0540459,1096.539157,48.85001089
0.09973196018,0.1173601275,3.338975972,-7.113596817,1,88.67896012,7.858245365,-809.1250132,0,268.7497499,496.0586771,-64.85560556
0.09973196018,0.1212238354,3.782497901,-2.294803622,2,425.8031489,4.424185127,1205.838083,0,-196.2195774,-1288.549856,-31.24476923
0.1035956681,0.01690372206,-1.975241994,0.356450831,1,554.4933587,2.007146763,-157.9314,0,485.2614225,143.8299993,169.770537
0.1035956681,0.02076742997,0.03341238775,-0.2265081202,1,268.5034569,0.228959202,44.17835206,42.0269415,193.7505732,109.7290944,-81.60876892
0.1035956681,0.02463113787,-0.1892274455,0.10318191,1,20.70390413,0.2155308161,58.26893587,0,33.97444018,-60.88043498,151.3972558
0.1035956681,0.02849484577,0.2446735387,0.2338502453,1,47.87782494,0.3384539522,18.35002938,0,50.80539815,-81.09232888,43.7042999
0.1035956681,0.03235855367,0.1920557032,0.4873981353,1,-16.79014365,0.5238724419,33.01658759,0,-21.36268408,-60.81123284,68.49343937
0.1035956681,0.03622226157,0.09726215672,0.5963735363,1,-5.218933024,0.6042526971,35.30561214,0,-19.20057669,-76.02548987,80.73721976
0.1035956681,0.04008596947,0.09770585061,0.9175489937,1,33.58754222,0.9227364678,10.99864181,7.386106119,0.3762596099,-160.8267913,83.92172379
0.1035956681,0.04394967737,0.2284883662,1.26025682,1,116.571623,1.280802165,18.37273846,17.26139499,88.04250487,-148.9083501,79.72372824
0.1035956681,0.04781338527,0.8882750731,1.563874257,1,166.7782412,1.798536988,33.14353479,28.79918888,106.8030451,-76.83889042,60.40357745
0.1035956681,0.05167709317,1.285526544,1.685196785,1,16.57684349,2.119543984,4.435697183,3.463042548,5.809152722,-68.95331098,52.66235586
0.1035956681,0.05554080107,0.9747680235,1.847427948,1,-4.067530682,2.088818499,-3.857908106,0,-66.62678296,-121.1789576,62.18229313
0.1035956681,0.05940450897,1.012384366,2.138491051,1,18.74721393,2.366023263,28.05009826,0,22.8819906,-109.708796,64.66662851
0.1035956681,0.06326821687,1.13561111,2.379688076,1,4.32786868,2.636764671,1.179631212,0,16.63659225,-95.73182674,64.48905366
0.1035956681,0.06713192477,1.093384919,2.512928617,1,-24.97275301,2.740492805,-59.86480462,0,-14.78229542,-98.28323773,66.48595651
0.1035956681,0.07099563267,0.9820092152,2.52812568,1,-29.94389476,2.712150724,-79.1395973,0,-36.72357796,-85.04881942,68.7721522
0.1035956681,0.07485934057,0.8358012779,2.535760125,1,-2.308281377,2.669951907,-49.30144416,0,-49.27562938,-103.6450673,71.7574797
0.1035956681,0.07872304847,0.7827040517,2.738093566,1,15.61123071,2.847767899,-39.87531704,0,-42.11376753,-93.34108647,74.04702835
0.1035956681,0.08258675637,0.7334032169,2.742336241,1,35.95637526,2.838712443,-83.15276153,0,-9.288719931,-109.7582325,75.02736386
0.1035956681,0.08645046427,0.8857400823,2.840889334,1,74.60414002,2.975766742,-94.50713415,0,58.16384362,-164.3866025,72.68342603
0.1035956681,0.09031417218,1.246379924,3.012330095,1,109.4469974,3.259999312,-72.72895711,0,101.9465603,-129.7069795,67.52221387
0.1035956681,0.09417788008,1.702503041,3.061035769,1,189.4677959,3.502635663,-59.29581691,8.776332934,175.9553395,-29.81720226,60.91783221
0.1035956681,0.09804158798,2.65826818,2.898433338,1,127.8917807,3.932849543,123.3286008,0,113.3412761,124.5236801,47.47482993
0.1035956681,0.1019052959,2.634557109,3.056418332,1,-103.9113759,4.03516842,130.1891429,0,89.51586611,94.43634968,49.23947361
0.1035956681,0.1057690038,2.602648135,3.036571688,1,-48.63785205,3.999318058,11.55437577,0,102.3272716,-51.54957048,49.40009329
0.1035956681,0.1096327117,2.841997344,3.300233548,1,-183.6024507,4.355283041,10.89431277,35.03200537,104.5838471,-94.58028843,49.26660168
0.1035956681,0.1134964196,2.297343332,3.444094738,1,-123.6565109,4.139996974,-475.7329617,0,-6.812707615,335.670142,56.295191
0.1035956681,0.1173601275,2.337902393,0.1652089654,2,-1421.41573,2.343732409,-1035.186476,0,1821.841567,137.5623298,4.042113732
0.1035956681,0.1212238354,3.844471802,-1.087064087,2,239.3986352,3.995206098,-113.1075275,0,540.4581485,535.1159325,-15.78879803
0.107459376,0.01690372206,-2.211979406,0.3716700512,1,526.5392768,2.242987186,-16.53967554,0,493.1821265,253.824047,170.4619155
0.107459376,0.02076742997,-0.2420265846,-0.1506331742,1,248.4782971,0.285074062,-88.47145042,0,323.9052795,-18.43743341,-148.1025777
0.107459376,0.02463113787,-0.0004564584889,0.1010790664,1,75.61078857,0.101080097,85.57535206,0,43.94697721,-8.317618354,90.25873772
0.107459376,0.02849484577,0.2199096996,0.2121418374,1,54.93717169,0.3055559444,33.80032756,7.691334042,27.99412446,-55.09175411,43.96998914
0.107459376,0.03235855367,0.3199658456,0.4445321046,1,26.38653889,0.5477106302,44.7869241,0,-7.283656583,-53.1856312,54.25437039
0.107459376,0.03622226157,0.2937176569,0.5906791733,1,-12.76929096,0.6596756383,43.12004584,0,-38.12529982,-65.04623456,63.56094854
0.107459376,0.04008596947,0.1233240131,0.8624550168,1,21.38962721,0.871227564,69.31859253,0,-24.67193563,-75.41764485,81.86233565
0.107459376,0.04394967737,0.2810357759,1.149897717,1,134.7579792,1.183742315,94.42094056,16.46462713,65.11925191,-41.13441881,76.26609823
0.107459376,0.04781338527,0.8955912501,1.38620133,1,131.9584232,1.650344756,38.31116627,27.56239776,43.84517045,-72.96099277,57.13447238
0.107459376,0.05167709317,0.9602895097,1.579820837,1,-3.111014037,1.848780631,-50.74056877,0,-70.06011406,-124.5936981,58.70679534
0.107459376,0.05554080107,0.6128793844,1.671548249,1,16.29769155,1.780363639,2.093048398,0,-39.35854254,-132.5275901,69.86435043
0.107459376,0.05940450897,0.8711891176,2.099955662,1,67.64615752,2.273496043,46.61078768,10.27496743,21.32254753,-134.7808387,67.468358
0.107459376,0.06326821687,0.956628473,2.372392509,1,4.271218946,2.558003959,-10.95067131,0,-41.40944528,-113.4164079,68.0390498
0.107459376,0.06713192477,0.7276978591,2.495853338,1,-18.92749059,2.599774617,-55.4303963,0,-66.16889008,-84.91004603,73.74528272
0.107459376,0.07099563267,0.6278409147,2.486293265,1,6.407440217,2.564339761,-95.08351809,0,-45.21506903,-76.83539897,75.82789886
0.107459376,0.07485934057,0.577756517,2.425347936,1,21.64704134,2.49321383,-59.85112413,0,-33.79181661,-86.76023693,76.60095821
0.107459376,0.07872304847,0.5809170505,2.590262216,1,22.33840811,2.654604108,-28.09427232,0,-47.07947499,-100.5271705,77.35945549
0.107459376,0.08258675637,0.4821642615,2.705207497,1,3.808359533,2.747840966,-41.94722296,0,-41.05355176,-98.19113046,79.89397679
0.107459376,0.08645046427,0.437012507,2.807572246,1,84.62690223,2.841380272,-71.48060653,9.685321586,17.90810363,-147.7642144,81.1526254
0.107459376,0.09031417218,0.8783295737,2.999945075,1,185.4027437,3.125881203,-125.8507341,12.73415107,124.6696367,-191.7876582,73.68092521
0.107459376,0.09417788008,1.635041613,3.062333261,1,322.3058583,3.471490469,-144.6379431,0,346.9565728,-97.16025473,61.90134045
0.107459376,0.09804158798,3.464164116,2.816505155,1,190.9202369,4.464653885,40.89848886,0,280.3352648,-110.33997,39.11250217
0.107459376,0.1019052959,3.455835218,3.646674489,1,-238.9473917,5.02404537,75.91339274,52.71172433,6.692057552,-88.95433407,46.53912561
0.107459376,0.1057690038,2.566797347,3.453505894,1,-286.4931768,4.302923608,286.0885494,0,65.37159575,254.6154362,53.37864658
0.107459376,0.1096327117,2.601486018,3.768277405,1,-172.5987185,4.579044017,-58.85427575,37.69008417,-10.24672874,6.888441186,55.38016752
0.107459376,0.1134964196,1.860335948,3.199495239,1,-218.3732026,3.701029536,96.75509437,0,-488.3747246,-330.0692578,59.82428111
0.107459376,0.1173601275,-0.1291815316,5.417402027,1,-30.52668137,5.418942017,-298.1555865,0,950.0266161,822.8123938,91.36599686
0.107459376,0.1212238354,5.41301511,-1.131597603,1,1131.929084,5.530031258,-1696.208612,0,1736.919589,1693.799017,-11.8077061
0.1113230839,0.01690372206,NaN,NaN,0,191.9320216,1.082632065,168.617815,0,159.436249,252.8109488,167.8659657
0.1113230839,0.02076742997,NaN,NaN,0,105.4924367,0.3851628823,-42.97837934,0,196.7349556,20.879024,170.2964003
0.1113230839,0.02463113787,0.1092738706,-0.01915780811,1,58.32395273,0.1109405264,-2.920215193,0,81.97184885,-19.6995564,-9.943990178
0.1113230839,0.02849484577,0.1624096857,0.1297501808,1,-0.5087573536,0.2078749995,20.76171247,0,13.53553964,-76.67426168,38.62159073
0.1113230839,0.03235855367,0.1596055522,0.357306335,1,-9.571314748,0.391333297,6.951807764,0,-29.21627515,-88.46305103,65.93011064
0.1113230839,0.03622226157,0.01254576817,0.4984053246,1,13.66836248,0.4985631995,-2.222294546,0,-35.7882174,-101.1620292,88.55806556
0.1113230839,0.04008596947,0.074140894,0.7395805694,1,99.0320917,0.7432874887,41.32545555,20.81385319,10.14442058,-86.21725917,84.27538294
0.1113230839,0.04394967737,0.4343719212,0.9911931191,1,134.9333792,1.082193497,45.40638,27.98249451,41.12997447,-79.82301867,66.33545936
0.1113230839,0.04781338527,0.7543982647,1.223430386,1,61.55967035,1.437323433,-9.022957205,13.63681428,-16.59917263,-121.6950097,58.34096148
0.1113230839,0.05167709317,0.6080861515,1.426525018,1,-5.934118048,1.550723185,-39.62310117,0,-67.46460089,-145.469128,66.91285776
0.1113230839,0.05554080107,0.4708070544,1.632388517,1,13.84153161,1.698926588,-3.493564627,3.056757839,2.628370585,-141.4401042,73.91158956
0.1113230839,0.05940450897,0.6717210427,1.959510153,1,56.46517227,2.071446161,-22.22377214,11.90815419,-8.768505299,-169.9582362,71.07826012
0.1113230839,0.06326821687,0.6550930434,2.203191333,1,34.69853277,2.298521034,-54.74049202,0,-65.90446312,-150.7341605,73.44077306
0.1113230839,0.06713192477,0.5511504431,2.330401648,1,14.91982363,2.394689678,-64.97786552,0,-102.2267099,-97.45445361,76.69378684
0.1113230839,0.07099563267,0.3177647372,2.328671383,1,11.8275878,2.350252079,-75.37094272,0,-84.76597925,-73.08270638,82.22955274
0.1113230839,0.07485934057,0.2693378038,2.321560572,1,21.88148776,2.337132076,-43.51353499,0,-30.16792431,-80.06178431,83.38236649
0.1113230839,0.07872304847,0.2857483668,2.469883142,1,22.11348719,2.486357751,-33.11514657,0,-42.14301637,-97.15786266,83.40061493
0.1113230839,0.08258675637,0.1919495537,2.56900292,1,21.12197375,2.576163937,-54.85626012,0,-85.07769647,-84.16081561,85.7269408
0.1113230839,0.08645046427,0.03864213562,2.583107385,1,41.98919308,2.583396403,-64.46895766,0,-86.72124828,-118.4772303,89.14294459
0.1113230839,0.09031417218,0.0191179586,2.777675109,1,145.0684396,2.7777409,-112.272699,18.79949965,43.77174123,-260.6202345,89.60565545
0.1113230839,0.09417788008,0.7682654344,3.15627893,1,304.8606162,3.248434771,-245.8839745,0,308.7594303,-366.5534947,76.31974823
0.1113230839,0.09804158798,2.38996658,3.243906888,1,146.1222354,4.029252059,-384.7870954,0,323.8680779,-604.5807508,53.61886046
0.1113230839,0.1019052959,2.584170721,4.005497413,1,322.7809018,4.766754434,-129.0615042,26.55702404,272.9690551,-427.2640421,57.17167191
0.1113230839,0.1057690038,4.691770396,4.396074389,1,25.20955388,6.429477388,-113.4875974,0,-10.44502754,-93.30408416,43.13639443
0.1113230839,0.1096327117,2.641216538,3.927514213,1,-591.989913,4.733010955,-428.3656917,73.16402465,-261.0468396,88.0260016,56.07953758
0.1113230839,0.1134964196,1.395885555,2.400887724,1,-207.9068383,2.777185328,-152.4384245,0,654.0602616,-159.2366285,59.82611257
0.1113230839,0.1173601275,4.365023045,3.953780488,1,939.0191196,5.889465708,-68.83295883,205.8723239,-307.6887142,228.9238195,42.16986986
0.1113230839,0.1212238354,NaN,NaN,0,-403.8173625,4.03386573,-1176.621521,0,129.5413417,222.7275239,18.05839583
0.1151867918,0.01690372206,NaN,NaN,0,55.81040046,0.633467262,78.2624532,0,76.8547646,101.1495928,157.1374436
0.1151867918,0.02076742997,NaN,NaN,0,33.21252196,0.3846592838,8.740649175,0,95.12251932,22.63099755,148.3396068
0.1151867918,0.02463113787,NaN,NaN,0,-1.101013381,0.2115518328,-23.54248979,0,86.84558529,-40.23723822,114.5367731
0.1151867918,0.02849484577,NaN,NaN,0,-19.69080371,0.266433151,-6.508654697,0,43.73062818,-52.10787986,89.16559883
0.1151867918,0.03235855367,NaN,NaN,0,-26.33700819,0.3686640347,-8.288997982,5.799291125,-2.031884032,-42.76067641,89.21820742
0.1151867918,0.03622226157,-0.1057291715,0.3995933949,1,-11.29073267,0.4133443346,12.60090045,0,-2.98441847,-26.32266923,104.8203762
0.1151867918,0.04008596947,-0.05012480321,0.5190190196,1,44.0249168,0.5214338296,41.53836411,0,21.66045985,-58.85104839,95.51629209
0.1151867918,0.04394967737,0.1480599372,0.7874687611,1,77.76722126,0.8012669934,30.56788892,14.34196953,36.28384659,-115.7162986,79.35156123
0.1151867918,0.04781338527,0.3905352087,1.084218391,1,40.4404545,1.152409332,-0.2483939691,8.7116727,-15.31245133,-143.7934749,70.19099181
0.1151867918,0.05167709317,0.2451472016,1.342085025,1,-15.66524829,1.364290791,16.67070903,0,-71.72158174,-124.1281023,79.64839067
0.1151867918,0.05554080107,0.05289802313,1.62822387,1,2.940649078,1.629082924,10.3297111,0,-33.09127929,-120.5877326,88.13921914
0.1151867918,0.05940450897,0.1286539734,1.847911786,1,38.61399538,1.852384899,-67.56147733,0,-10.18627402,-159.5632689,86.0174212
0.1151867918,0.06326821687,0.1627344348,1.983691919,1,43.97140012,1.990355779,-67.87002508,0,-51.3599372,-118.4229057,85.31017712
0.1151867918,0.06713192477,0.1001068243,2.04323335,1,56.45779096,2.045684213,-66.47657432,0,-84.53316823,-99.96565289,87.19507528
0.1151867918,0.07099563267,0.05425937779,2.113083936,1,57.8373763,2.113780453,-42.21633107,0,-57.78800528,-89.06533341,88.52909281
0.1151867918,0.07485934057,0.1002975795,2.224244211,1,34.97694648,2.226504416,-22.55652836,0,-28.94108189,-81.80270465,87.41811726
0.1151867918,0.07872304847,0.0775801955,2.341993856,1,18.65587255,2.343278453,-36.42472094,0,-58.83869585,-54.707361,88.10273072
0.1151867918,0.08258675637,-0.05495711234,2.294882992,1,4.808476773,2.295540945,-46.75275292,0,-94.72684768,-38.54272262,91.37183851
0.1151867918,0.08645046427,-0.2698381246,2.310272697,1,-10.3802822,2.325977762,-4.220765217,0,-120.9605697,-85.40734486,96.66191954
0.1151867918,0.09031417218,-0.5624197996,2.608564221,1,6.323913402,2.668505823,44.86510217,0,-125.7428144,-153.6810775,102.167015
0.1151867918,0.09417788008,-0.7312378757,3.07739714,1,124.8632697,3.163081091,-59.27320031,19.30967433,-72.0757512,-290.8380529,103.3664934
0.1151867918,0.09804158798,-0.3584642475,3.503263171,1,323.2356632,3.521554978,-323.9133807,0,204.1317614,-421.4411786,95.84234047
0.1151867918,0.1019052959,1.306355809,3.454216063,1,390.1454846,3.692989861,-386.3962101,0,160.1753459,-337.863513,69.28379857
0.1151867918,0.1057690038,1.767814693,3.315747006,1,186.5902725,3.757571955,-481.1717283,0,-191.7259973,-893.3997616,61.93536641
0.1151867918,0.1096327117,1.286512869,5.046944772,1,60.61945604,5.208336289,99.76453446,0,-348.3482749,-732.1144299,75.69933079
0.1151867918,0.1134964196,0.6561145828,6.529884333,1,-677.3603548,6.562764338,-722.6614746,0,471.0429785,428.1650805,84.26224967
0.1151867918,0.1173601275,0.4893627918,0.6004871193,1,536.1253283,0.7746358644,-1249.77762,0,-258.8443378,199.7987556,50.82192737
0.1151867918,0.1212238354,NaN,NaN,0,361.0660259,1.961474969,-300.233541,0,279.8129311,-470.3589882,28.27453998
0.1190504997,0.01690372206,NaN,NaN,0,10.7843023,0.4783431411,41.48693003,0,44.50316985,43.94879731,139.7799923
0.1190504997,0.02076742997,NaN,NaN,0,5.814555332,0.3991015856,17.49922775,0,53.22106303,14.45439655,130.357739
0.1190504997,0.02463113787,NaN,NaN,0,-3.155713355,0.3487436981,2.623768777,0,53.46333366,-15.66700695,113.1584676
0.1190504997,0.02849484577,NaN,NaN,0,-12.2919735,0.3802285322,5.348503542,0,38.04880941,-28.44599609,99.70046053
0.1190504997,0.03235855367,NaN,NaN,0,-17.95045126,0.4527810898,12.89470071,0,24.05762714,-27.40504039,94.76796605
0.1190504997,0.03622226157,NaN,NaN,0,-22.45730106,0.5320400057,36.48258893,0,34.07443625,-15.7875646,94.36258078
0.1190504997,0.04008596947,NaN,NaN,0,-8.719457408,0.6532110727,47.20224097,0,46.46932881,-30.55078488,89.36408308
0.1190504997,0.04394967737,NaN,NaN,0,13.34012836,0.8375696112,35.60670108,0,35.99404072,-56.23424871,82.77186507
0.1190504997,0.04781338527,0.1978625578,1.008017444,1,18.17125134,1.027253016,13.06003283,2.749631136,4.480262812,-85.03906087,78.89466919
0.1190504997,0.05167709317,0.1929021723,1.20993972,1,-1.73673243,1.225220541,46.10886932,0,-37.87813912,-79.45813497,80.94150084
0.1190504997,0.05554080107,0.04480226561,1.49317167,1,-20.48434235,1.49384366,76.87862692,0,-82.71310842,-68.32397668,88.28136921
0.1190504997,0.05940450897,-0.2058226336,1.770960167,1,26.16773059,1.782880498,42.87718037,0,-54.5059729,-45.5578748,96.62922774
0.1190504997,0.06326821687,-0.06468842509,1.834858892,1,57.28990762,1.835998841,-18.82643679,10.80272011,-27.81331899,-22.62941545,92.01914126
0.1190504997,0.06713192477,-0.09193370516,1.785653765,1,46.62880721,1.788018785,-23.5726212,0,-78.92442717,-35.75516502,92.9472492
0.1190504997,0.07099563267,-0.1894692671,1.881928682,1,42.85069943,1.891442351,-2.955672344,0,-53.70609667,-77.74036683,95.74906607
0.1190504997,0.07485934057,-0.1338757892,2.07459998,1,56.70118276,2.078915055,-10.52196124,11.60833207,-24.83803677,-85.20102374,93.69222839
0.1190504997,0.07872304847,-0.06635937817,2.170466766,1,56.43205177,2.171480958,-27.49045947,0,-57.3978235,-55.91587948,91.75120317
0.1190504997,0.08258675637,-0.1376072491,2.1844275,1,8.146644167,2.188757469,-27.53643278,0,-70.59839503,-23.75526914,93.60456467
0.1190504997,0.08645046427,-0.3076547014,2.155857454,1,-9.975551305,2.177698964,6.405262947,0,-58.27700365,-15.07160633,98.12163916
0.1190504997,0.09031417218,-0.4013151849,2.26740785,1,26.31973288,2.30264896,40.59956936,0,-97.9626951,-21.38923283,100.037002
0.1190504997,0.09417788008,-0.5844621805,2.395364079,1,111.6353424,2.465636857,89.30549973,0,-134.5538799,-44.32684643,103.7120866
0.1190504997,0.09804158798,-0.4898657191,2.783724201,1,219.9717042,2.82649763,82.66202837,37.63601519,-124.1298608,-104.1005091,99.98043699
0.1190504997,0.1019052959,-0.2141572932,3.116959971,1,70.92193854,3.124308372,-204.3926417,0,-104.3889123,-243.3828117,93.93045007
0.1190504997,0.1057690038,-0.61917233,2.934370829,1,96.80520586,2.998984251,-410.7901556,0,9.869148144,-211.6090502,101.9150193
0.1190504997,0.1096327117,0.1980012511,2.34738236,1,547.2360262,2.355718243,352.891138,62.63157271,-320.1976829,-657.4367717,85.17852514
0.1190504997,0.1134964196,0.2580375107,6.837982756,1,580.739002,6.842849664,-80.78279194,37.37942753,-552.2145481,298.4209393,87.83891695
0.1190504997,0.1173601275,0.3082114091,0.8822499079,1,14.68493796,0.934536876,-764.0289598,0,140.5493323,763.3842467,70.74328873
0.1190504997,0.1212238354,NaN,NaN,0,133.3224864,1.269996434,-139.9103139,0,151.174164,-167.9944116,47.51099921
0.1229142076,0.01690372206,NaN,NaN,0,-3.502385925,0.4538592992,24.71482625,0,29.20334491,20.22668552,123.9707938
0.1229142076,0.02076742997,NaN,NaN,0,-3.761021536,0.435743734,16.5300962,0,33.6170973,7.520265109,117.9081958
0.1229142076,0.02463113787,NaN,NaN,0,-5.044421868,0.4338245668,11.18983361,0,35.73787693,-8.439190035,108.5826556
0.1229142076,0.02849484577,NaN,NaN,0,-8.370925681,0.4687450464,12.38419938,0,30.94364864,-18.60405717,100.4925441
0.1229142076,0.03235855367,NaN,NaN,0,-10.71552229,0.5333836853,18.03670836,0,26.13914695,-22.62592447,95.49038931
0.1229142076,0.03622226157,NaN,NaN,0,-10.69322237,0.6185525452,27.95259949,0,27.57986699,-24.15167801,92.38770209
0.1229142076,0.04008596947,NaN,NaN,0,-4.597223549,0.732390265,33.22412511,0,28.96002824,-33.28746245,88.88814269
0.1229142076,0.04394967737,NaN,NaN,0,3.05794304,0.8776632325,30.42479092,0,22.36264069,-46.97962183,85.53271151
0.1229142076,0.04781338527,NaN,NaN,0,2.087315696,1.037430542,25.46566575,0,10.31896944,-59.28409616,83.77847596
0.1229142076,0.05167709317,NaN,NaN,0,0.3533684358,1.208055893,30.73044156,0,-7.206520191,-61.53059219,84.47577773
0.1229142076,0.05554080107,NaN,NaN,0,22.75553484,1.390449161,45.72981322,0,-22.23759382,-40.6553337,86.45599873
0.1229142076,0.05940450897,0.1182965532,1.536212161,1,32.80698408,1.540760162,68.23504164,0,-54.38976519,-0.8922893664,85.59660857
0.1229142076,0.06326821687,0.002561130929,1.65487791,1,9.971878348,1.654879892,11.68035561,0,-74.00750721,6.007005868,89.91132767
0.1229142076,0.06713192477,-0.129118412,1.558132327,1,1.497333995,1.563473029,16.74778817,0,-68.8128982,-5.287720908,94.73713013
0.1229142076,0.07099563267,-0.2575265463,1.740016681,1,29.52345909,1.758970713,64.09217511,0,-65.86928684,-26.77084209,98.41879427
0.1229142076,0.07485934057,-0.2695480738,1.909200484,1,59.05489667,1.928134501,27.49290246,0,-55.72933185,-14.48019466,98.03611934
0.1229142076,0.07872304847,-0.2446775353,1.902188467,1,80.51483887,1.917860282,4.201378376,5.926918498,-76.26637911,-16.87544201,97.3296793
0.1229142076,0.08258675637,-0.2531332663,1.990635162,1,59.07716213,2.006665093,21.28479154,0,-74.25553747,-36.03360109,97.24695479
0.1229142076,0.08645046427,-0.303322344,2.123649994,1,2.015190356,2.145202494,28.13392554,0,-62.85400384,-7.515265324,98.1286157
0.1229142076,0.09031417218,-0.4881966706,2.128373222,1,9.247023054,2.183645704,3.557431939,0,-75.02092734,2.89902219,102.9187764
0.1229142076,0.09417788008,-0.5574534976,2.126193897,1,75.66980027,2.198057071,34.71829765,5.122495401,-63.5310991,22.9725821,104.6913511
0.1229142076,0.09804158798,-0.441296275,2.173755236,1,144.5474738,2.218096984,109.5859608,0,-109.9341559,-58.82020861,101.4757196
0.1229142076,0.1019052959,-0.4237177479,2.776866144,1,87.10797356,2.809007353,75.20525081,0,-137.7478681,-133.4275594,98.67575497
0.1229142076,0.1057690038,-0.6369540356,2.979851473,1,81.24218028,3.047166757,-106.4073267,0,56.85191471,173.4874982,102.0656055
0.1229142076,0.1096327117,0.109837498,1.695434298,1,216.5742348,1.698988444,-140.8559705,0,335.7342996,73.28255752,86.29331378
0.1229142076,0.1134964196,1.497004812,2.15248275,1,622.3592681,2.621870592,-70.54258742,76.1236685,-524.7757239,86.98586434,55.18222896
0.1229142076,0.1173601275,0.4868718088,1.086790374,1,-118.2104399,1.190864172,-167.0063964,0,-130.0514425,131.7647518,65.86807172
0.1229142076,0.1212238354,NaN,NaN,0,8.707599222,1.133782125,-99.18846022,0,17.65133273,-53.28847416,61.68388922
0.1267779155,0.01690372206,NaN,NaN,0,-6.757517438,0.4755525557,16.11067769,0,20.26268867,9.227768968,113.7606179
0.1267779155,0.02076742997,NaN,NaN,0,-5.886593935,0.4781048859,13.83853238,0,22.7313441,2.717133218,110.2548035
0.1267779155,0.02463113787,NaN,NaN,0,-4.890026901,0.4946677847,13.22127008,0,24.9274281,-7.005961126,104.8196361
0.1267779155,0.02849484577,NaN,NaN,0,-5.431785058,0.5340093971,14.961752,0,23.84876128,-14.90511809,99.49589046
0.1267779155,0.03235855367,NaN,NaN,0,-5.847489869,0.5961863951,18.91533385,0,21.97544503,-20.3429223,95.32864492
0.1267779155,0.03622226157,NaN,NaN,0,-5.002842571,0.6788644194,24.06697556,0,21.14585653,-24.90576051,92.17680448
0.1267779155,0.04008596947,NaN,NaN,0,-2.034157459,0.7828576004,27.31686905,0,19.42827647,-31.46776508,89.48730963
0.1267779155,0.04394967737,NaN,NaN,0,1.401551654,0.9064480382,27.40267174,0,14.17752435,-39.11268001,87.380947
0.1267779155,0.04781338527,NaN,NaN,0,2.855160287,1.041991207,26.37921726,0,5.551034147,-44.85529017,86.3024287
0.1267779155,0.05167709317,NaN,NaN,0,4.960566709,1.18304086,27.29365335,0,-5.682528332,-45.04856854,86.41865169
0.1267779155,0.05554080107,NaN,NaN,0,12.10150431,1.320902612,27.27824026,0,-17.15605218,-38.2875027,87.20509047
0.1267779155,0.05940450897,NaN,NaN,0,13.60803842,1.435087707,13.44356577,0,-29.33339877,-36.00523249,87.82875819
0.1267779155,0.06326821687,NaN,NaN,0,14.78308388,1.510391487,10.70249919,0,-41.18918026,-9.986996545,89.86152519
0.1267779155,0.06713192477,NaN,NaN,0,4.543243523,1.514745393,14.52069886,0,-17.20489193,13.7515154,91.80287805
0.1267779155,0.07099563267,-0.0452705378,1.513358976,1,26.48709199,1.514035935,44.7018247,0,-35.78984868,14.39112654,91.71343186
0.1267779155,0.07485934057,-0.0835984873,1.63110725,1,39.32117394,1.633248165,36.81244912,0,-57.45342462,23.52185867,92.93399043
0.1267779155,0.07872304847,-0.115328258,1.564709936,1,35.63503343,1.568954362,34.29573053,0,-64.36232251,24.4187816,94.21541103
0.1267779155,0.08258675637,-0.1945923411,1.669268895,1,52.49361701,1.680572767,87.39313833,0,-81.65264402,-0.7377218088,96.64915264
0.1267779155,0.08645046427,-0.227990221,1.905221836,1,53.34172117,1.918814683,80.12039387,0,-100.3890124,9.578775386,96.8239059
0.1267779155,0.09031417218,-0.3763693321,1.941821104,1,76.35648268,1.977959321,46.79195199,0,-110.9272254,59.13485498,100.9692205
0.1267779155,0.09417788008,-0.3615614727,1.857532464,1,83.53438786,1.892393605,40.38243155,8.970639593,-62.1436273,76.96376474,101.0146742
0.1267779155,0.09804158798,-0.2937216815,1.800481518,1,66.90085397,1.824282358,94.60828775,0,-86.97219895,-6.499307459,99.26533348
0.1267779155,0.1019052959,-0.4391112869,2.248182679,1,108.8767159,2.29066455,135.8328628,0,-126.0292702,-133.2486713,101.0517788
0.1267779155,0.1057690038,-0.3599941413,2.840133967,1,149.3785486,2.862858141,92.18770809,24.52843483,-52.05529906,-52.647093,97.22386221
0.1267779155,0.1096327117,-0.06308267857,2.807782044,1,10.67068149,2.808490597,-86.9896613,0,165.7307672,25.42715532,91.28705264
0.1267779155,0.1134964196,0.3215695296,2.405788225,1,92.87745477,2.427184366,-468.3389254,0,-32.02123244,41.86587326,82.38668986
0.1267779155,0.1173601275,0.1720479884,0.8364997326,1,-18.36940301,0.8540095509,-246.2545476,0,4.683461932,125.0799334,78.37770428
0.1267779155,0.1212238354,NaN,NaN,0,14.6027727,1.007547966,-22.31543155,0,35.42329812,-91.96900145,74.533306
0.1306416234,0.01690372206,NaN,NaN,0,-5.800776302,0.5053772102,11.10088359,0,13.93617316,3.417279022,107.9442873
0.1306416234,0.02076742997,NaN,NaN,0,-4.761517055,0.5150269095,11.21281273,0,15.49445512,-0.594267261,105.7716364
0.1306416234,0.02463113787,NaN,NaN,0,-3.197306744,0.5386650424,12.89496235,0,17.39173011,-7.396669599,102.2435867
0.1306416234,0.02849484577,NaN,NaN,0,-2.618697779,0.580318461,15.32620468,0,17.54852333,-13.66753176,98.43678165
0.1306416234,0.03235855367,NaN,NaN,0,-2.239809554,0.640935878,18.59589947,0,16.76801535,-18.93488612,95.06174494
0.1306416234,0.03622226157,NaN,NaN,0,-1.436500589,0.7196314366,22.08309986,0,15.59983764,-23.66067667,92.31038768
0.1306416234,0.04008596947,NaN,NaN,0,0.06188463144,0.8151789903,24.5737038,0,13.42969675,-28.56515735,90.12836301
0.1306416234,0.04394967737,NaN,NaN,0,1.727260746,0.9246485071,25.48980974,0,9.368146106,-33.14804294,88.56740331
0.1306416234,0.04781338527,NaN,NaN,0,2.971207091,1.04254469,25.35487821,0,3.390171122,-35.97581596,87.74378454
0.1306416234,0.05167709317,NaN,NaN,0,4.532233806,1.162302392,24.78671432,0,-3.918575105,-35.52088909,87.6481829
0.1306416234,0.05554080107,NaN,NaN,0,7.081877261,1.275486507,22.64592869,0,-11.37068779,-31.44087608,88.04942953
0.1306416234,0.05940450897,NaN,NaN,0,8.048643234,1.370652429,16.93832977,0,-17.90665926,-25.47429358,88.69881192
0.1306416234,0.06326821687,NaN,NaN,0,7.725688277,1.438627288,13.79045955,0,-20.92743616,-13.07619193,89.78789747
0.1306416234,0.06713192477,NaN,NaN,0,4.536514174,1.474237969,12.99810079,0,-13.47462978,-2.732731751,90.77276333
0.1306416234,0.07099563267,NaN,NaN,0,2.843816264,1.499681242,11.8035691,0,-7.127550478,-4.032984998,91.11599571
0.1306416234,0.07485934057,NaN,NaN,0,19.108482,1.535723948,10.98980866,0,-16.16135629,6.737126819,91.35942818
0.1306416234,0.07872304847,NaN,NaN,0,24.82655038,1.515932656,6.621455955,5.406383408,5.743018107,22.91629803,90.67360385
0.1306416234,0.08258675637,0.08167795116,1.472333193,1,33.16553137,1.474597002,30.46318736,0,-17.35924958,26.87817239,86.82476082
0.1306416234,0.08645046427,0.04324904494,1.529679344,1,36.24151509,1.530290618,22.71853214,0,-77.80893813,40.2067883,88.3804921
0.1306416234,0.09031417218,-0.07892642965,1.40476368,1,50.70164089,1.406979167,50.7038603,0,-88.82851814,41.99273211,93.21577355
0.1306416234,0.09417788008,-0.1040620719,1.563336599,1,66.84609461,1.566796169,68.41436891,0,-72.52522013,23.25799824,93.80822337
0.1306416234,0.09804158798,-0.1008689118,1.579234706,1,8.930666287,1.582452778,84.31379203,0,-89.07935322,5.135593596,93.65463275
0.1306416234,0.1019052959,-0.4137331868,1.86925803,1,21.36309254,1.914497514,141.5023724,0,-120.5713523,-19.56964299,102.4803848
0.1306416234,0.1057690038,-0.4841806487,2.201569924,1,151.3370404,2.254183008,75.90225496,24.58024755,-77.38964285,-34.16899192,102.4033292
0.1306416234,0.1096327117,-0.1280220428,2.294541176,1,135.2816568,2.298109843,-87.79489165,21.0684468,-48.98678963,49.80847592,93.19346003
0.1306416234,0.1134964196,-0.1507624887,1.669910706,1,180.2727609,1.676702446,-198.1192237,0,-142.3013249,91.41644879,95.15877848
0.1306416234,0.1173601275,NaN,NaN,0,-4.525769102,1.176008414,-104.3245572,0,68.45250578,48.72737844,89.08944789
0.1306416234,0.1212238354,NaN,NaN,0,4.837158243,1.082847228,-59.78320777,0,35.30213607,-9.418542668,84.90144461
0.1345053313,0.01690372206,NaN,NaN,0,-3.114366585,0.529147731,7.759224927,0,8.820303526,-0.1617292161,104.8386861
0.1345053313,0.02076742997,NaN,NaN,0,-2.127542024,0.5413127931,8.937773726,0,9.952422324,-3.035712827,103.2958711
0.1345053313,0.02463113787,NaN,NaN,0,-0.5189852404,0.5676122907,11.8195619,0,11.59651389,-8.318918246,100.6891352
0.1345053313,0.02849484577,NaN,NaN,0,0.3941102379,0.6101060926,14.85220489,0,12.18558659,-13.43345325,97.69476707
0.1345053313,0.03235855367,NaN,NaN,0,0.9434500222,0.6694540576,18.05895951,0,11.94825542,-18.06841374,94.85652824
0.1345053313,0.03622226157,NaN,NaN,0,1.434765138,0.744880528,21.0958206,0,11.05578192,-22.23690268,92.45300076
0.1345053313,0.04008596947,NaN,NaN,0,1.990935827,0.8345180267,23.40503655,0,9.322526785,-25.98414472,90.57788403
0.1345053313,0.04394967737,NaN,NaN,0,2.474399608,0.935098187,24.6279852,0,6.475192199,-28.93851846,89.27505799
0.1345053313,0.04781338527,NaN,NaN,0,2.770173524,1.041769455,24.76377152,0,2.560079339,-30.37904164,88.56098731
0.1345053313,0.05167709317,NaN,NaN,0,3.115284162,1.148536876,23.85239702,0,-2.011255422,-29.61829579,88.38220171
0.1345053313,0.05554080107,NaN,NaN,0,3.645127699,1.248406902,21.58043044,0,-6.501464609,-26.48081894,88.60338969
0.1345053313,0.05940450897,NaN,NaN,0,3.778968978,1.333945191,17.87336506,0,-9.995114323,-21.37487382,89.08123103
0.1345053313,0.06326821687,NaN,NaN,0,3.534511816,1.399694451,14.52290843,0,-11.13927533,-14.11074584,89.73760512
0.1345053313,0.06713192477,NaN,NaN,0,3.033308634,1.444427882,11.87767568,0,-8.638640561,-7.573265476,90.31705668
0.1345053313,0.07099563267,NaN,NaN,0,4.088077735,1.474911341,9.182511855,0,-5.929267994,-3.869491975,90.59232022
0.1345053313,0.07485934057,NaN,NaN,0,9.200663671,1.494911229,5.827977604,1.033319981,-5.565744453,1.649552696,90.57901087
0.1345053313,0.07872304847,NaN,NaN,0,10.18507753,1.490977226,-0.2327466644,2.364365118,0.7020576584,5.145247075,90.04622947
0.1345053313,0.08258675637,NaN,NaN,0,2.62980123,1.474302386,-12.4062927,0,1.598738209,-5.570231888,88.95227645
0.1345053313,0.08645046427,NaN,NaN,0,4.23174056,1.464642399,-13.72237078,0,-15.92379917,4.741388803,89.40792531
0.1345053313,0.09031417218,NaN,NaN,0,-5.206966119,1.40283561,-8.839260458,0,-0.6167298613,28.82450405,90.74404562
0.1345053313,0.09417788008,-0.00736622346,1.319042415,1,28.52991392,1.319062983,16.52349811,4.843609903,-10.38636015,11.58469179,90.31996631
0.1345053313,0.09804158798,0.05188461645,1.421799431,1,15.6866244,1.422745809,65.26253449,0,-5.497607083,-33.28193065,87.91007723
0.1345053313,0.1019052959,0.03200116324,1.699789443,1,-5.015356543,1.700090652,124.2323015,0,-59.85332041,-14.1325689,88.92144582
0.1345053313,0.1057690038,-0.1987490032,1.956400874,1,23.90859675,1.966470327,111.3564892,0,-86.50449234,8.855689677,95.80072611
0.1345053313,0.1096327117,-0.2098510931,2.095822592,1,80.14319164,2.106302404,-103.3093608,0,-52.17778094,102.9548584,95.71786968
0.1345053313,0.1134964196,-0.09069882494,1.159456181,1,113.2842658,1.162998243,-133.9884341,0,-70.0388065,118.9696432,94.47287177
0.1345053313,0.1173601275,NaN,NaN,0,28.22323613,1.119283673,-24.55349886,3.072404977,-4.408152691,-6.258081482,92.18957127
0.1345053313,0.1212238354,NaN,NaN,0,12.61039711,1.088768827,-26.54833188,0,10.2065303,-11.17530769,89.93076204
0.1383690392,0.01690372206,NaN,NaN,0,-1.6148329,0.5418429643,6.35936014,0,6.35936014,-1.6148329,103.4845017
0.1383690392,0.02076742997,NaN,NaN,0,-0.6956729632,0.5548269304,7.885513274,0,7.331758974,-4.102395734,102.1930041
0.1383690392,0.02463113787,NaN,NaN,0,0.8540380807,0.5820031439,11.18504131,0,8.857076031,-8.818102645,99.96446684
0.1383690392,0.02849484577,NaN,NaN,0,1.831484062,0.6246973279,14.46666558,0,9.58824361,-13.41637712,97.32632088
0.1383690392,0.03235855367,NaN,NaN,0,2.385282497,0.6833027366,17.70366318,0,9.583089578,-17.65666283,94.75023066
0.1383690392,0.03622226157,NaN,NaN,0,2.685509024,0.7569573303,20.63709191,0,8.908174089,-21.43347018,92.5304012
0.1383690392,0.04008596947,NaN,NaN,0,2.82432276,0.8435864801,22.88595471,0,7.497807449,-24.63268225,90.80087655
0.1383690392,0.04394967737,NaN,NaN,0,2.78883422,0.9398396003,24.15856223,0,5.270410683,-26.93760531,89.60602572
0.1383690392,0.04781338527,NaN,NaN,0,2.586600122,1.041104523,24.33797033,0,2.319412568,-27.86539167,88.93518307
0.1383690392,0.05167709317,NaN,NaN,0,2.362933086,1.141798875,23.37179093,0,-1.034392778,-26.99931435,88.7244212
0.1383690392,0.05554080107,NaN,NaN,0,2.220971044,1.235786472,21.18043142,0,-4.245391553,-24.25882963,88.86491867
0.1383690392,0.05940450897,NaN,NaN,0,2.047918791,1.317197492,17.96086894,0,-6.593383717,-19.92455956,89.23457967
0.1383690392,0.06326821687,NaN,NaN,0,1.898077209,1.38193952,14.6158741,0,-7.293906131,-14.35291148,89.71317154
0.1383690392,0.06713192477,NaN,NaN,0,1.966890784,1.429010582,11.42072627,0,-6.004149105,-8.966547696,90.13038216
0.1383690392,0.07099563267,NaN,NaN,0,3.104351799,1.460718469,8.070602502,0,-4.214965914,-4.671492663,90.34049658
0.1383690392,0.07485934057,NaN,NaN,0,5.568731728,1.47825786,4.351169281,0,-3.022125491,-0.435838418,90.29235796
0.1383690392,0.07872304847,NaN,NaN,0,5.608832869,1.479188728,-0.6685065496,0,-0.4933192622,1.890990426,89.95511993
0.1383690392,0.08258675637,NaN,NaN,0,2.433331543,1.468400331,-7.357708594,0,-0.5205321487,-0.2702037074,89.52310552
0.1383690392,0.08645046427,NaN,NaN,0,1.49969271,1.451829397,-7.637976544,0,-5.105347574,4.22898033,89.66260962
0.1383690392,0.09031417218,NaN,NaN,0,-5.638723553,1.422500039,-0.7523554776,0,4.60101818,9.297250672,90.06884703
0.1383690392,0.09417788008,NaN,NaN,0,-21.15352086,1.412982776,12.77244397,0,27.46975558,-6.609458968,89.81591443
0.1383690392,0.09804158798,NaN,NaN,0,-18.64153959,1.497556998,24.07338286,0,20.48439536,-39.18312577,89.1316751
0.1383690392,0.1019052959,NaN,NaN,0,5.487975922,1.65742117,30.65690986,0,-16.46466066,-41.18624796,89.59691873
0.1383690392,0.1057690038,-0.01971590362,1.774966,1,28.70532636,1.775075496,62.63123985,0,-65.21216384,30.04300168,90.63640183
0.1383690392,0.1096327117,-0.1293917365,1.783291589,1,56.42082831,1.787979617,-84.43228634,0,-105.3569309,126.0810645,94.1499839
0.1383690392,0.1134964196,-0.2087907098,0.961603903,1,54.9650558,0.9840099729,-125.4874369,0,-47.45069771,64.35865186,102.2503435
0.1383690392,0.1173601275,NaN,NaN,0,38.38783502,1.054567946,-0.9730772021,0,2.834053007,-28.84034712,95.46084356
0.1383690392,0.1212238354,NaN,NaN,0,18.20277739,1.070421023,-8.112398478,0,8.112398478,-18.20277739,92.65164721
