PIVlab, ASCII chart output - 19-Sep-2021
FRAME: 172, filenames: A: 72_12_75_60 172.jpg & B: 72_12_75_60 173.jpg, conversion factor xy (px -> m): 0.00024148, conversion factor uv (px/frame -> m/s): 1
x [m],y [m],u [m/s],v [m/s],Vector type [-],vorticity [1/s],magnitude [m/s],divergence [1/s],dcev [1],simple shear [1/s],simple strain [1/s],vector direction [degrees]
0.03791263377,0.01690372206,NaN,NaN,0,-0.6875107044,0.5331624071,-1.62608774,0,1.62608774,0.6875107044,-57.42400504
0.03791263377,0.02076742997,NaN,NaN,0,-0.3990340944,0.5379057588,-2.159757258,0,1.792648514,1.24968249,-57.51758379
0.03791263377,0.02463113787,NaN,NaN,0,0.1621843031,0.547168159,-3.165008457,0,2.111505206,2.314933047,-57.69156984
0.03791263377,0.02849484577,NaN,NaN,0,0.7265716826,0.560498111,-4.00732354,0,2.347056812,3.25752098,-57.92240772
0.03791263377,0.03235855367,NaN,NaN,0,1.220692517,0.5772603946,-4.655912357,0,2.521103361,4.06938015,-58.18440441
0.03791263377,0.03622226157,NaN,NaN,0,1.522222965,0.5967678003,-5.148542209,0,2.683350402,4.807519438,-58.46519101
0.03791263377,0.04008596947,NaN,NaN,0,1.507235488,0.6185481427,-5.635665234,0,2.890408551,5.592546662,-58.78389524
0.03791263377,0.04394967737,NaN,NaN,0,1.168596281,0.642682808,-6.392463667,0,3.180256454,6.533164847,-59.19694268
0.03791263377,0.04781338527,NaN,NaN,0,0.6633964157,0.6700656906,-7.750148792,0,3.65229946,7.67576133,-59.76837147
0.03791263377,0.05167709317,NaN,NaN,0,0.3753266118,0.7026018568,-9.812209881,0,4.338738966,9.08985794,-60.51803625
0.03791263377,0.05554080107,NaN,NaN,0,0.6103967876,0.7426337179,-12.16120471,0,5.069409333,10.95207556,-61.39146686
0.03791263377,0.05940450897,NaN,NaN,0,1.228001488,0.7915313974,-14.09706919,0,5.431236397,13.34733481,-62.31690342
0.03791263377,0.06326821687,NaN,NaN,0,1.840522857,0.8485130088,-14.71149332,0,4.473756422,16.15114492,-63.2949999
0.03791263377,0.06713192477,NaN,NaN,0,0.7573061061,0.9090883413,-14.63040189,0,2.853798627,18.59709938,-64.4473233
0.03791263377,0.07099563267,NaN,NaN,0,-2.139264855,0.9705248315,-15.90536527,0,1.599756908,20.23989315,-65.96617143
0.03791263377,0.07485934057,NaN,NaN,0,-5.330620096,1.036048132,-20.27846129,0,2.049815862,21.42652599,-67.88472587
0.03791263377,0.07872304847,NaN,NaN,0,-8.489207936,1.115203975,-26.98698214,0,5.441159105,25.37340664,-69.93584708
0.03791263377,0.08258675637,NaN,NaN,0,-15.39523059,1.222141542,-38.5380209,0,14.5443173,35.75732534,-71.9702704
0.03791263377,0.08645046427,NaN,NaN,0,-34.00486231,1.387432654,-64.81852319,0,36.98323545,59.94064587,-74.13401753
0.03791263377,0.09031417218,NaN,NaN,0,-31.56077783,1.689731804,-88.21431411,0,29.74048025,102.6895329,-76.66338559
0.03791263377,0.09417788008,NaN,NaN,0,52.43478734,2.105348216,-46.99594658,0,-89.73223112,103.4750202,-79.81522089
0.03791263377,0.09804158798,NaN,NaN,0,80.38444638,2.239056351,47.20988867,0,-170.1831463,1.313549914,-83.70089098
0.03791263377,0.1019052959,NaN,NaN,0,-24.82641526,1.895012534,192.7226764,0,-162.0585732,-47.07353773,-89.23446755
0.03791263377,0.1057690038,-0.4764023089,-1.299035883,1,51.78512962,1.383637737,88.78180176,0,-272.7719796,393.1218885,-110.1397695
0.03791263377,0.1096327117,-0.8285100117,-3.070724587,1,-227.2535177,3.18053114,138.5370125,0,17.102585,426.4235774,-105.09939
0.03791263377,0.1134964196,-1.288364128,-2.411345479,1,220.4602408,2.733947538,212.8935716,0,-214.8213237,101.8769717,-118.1152618
0.03791263377,0.1173601275,NaN,NaN,0,137.2861708,2.762218359,42.64541398,0,35.24995752,110.9134443,-106.9810954
0.03791263377,0.1212238354,NaN,NaN,0,56.50331143,2.746413113,39.25338776,0,39.25338776,56.50331143,-103.0840816
0.04177634167,0.01690372206,NaN,NaN,0,-1.282138141,0.5284205033,-1.928815483,0,2.249217443,0.5066987967,-57.32874653
0.04177634167,0.02076742997,NaN,NaN,0,-0.9549408079,0.5333905302,-2.486219609,0,2.39280604,1.10535891,-57.43264257
0.04177634167,0.02463113787,NaN,NaN,0,-0.3066963875,0.5431079955,-3.530395053,0,2.660522001,2.23514519,-57.62566049
0.04177634167,0.02849484577,NaN,NaN,0,0.3895265734,0.5570764253,-4.372751069,0,2.815873523,3.21654848,-57.87765085
0.04177634167,0.03235855367,NaN,NaN,0,1.042982472,0.5745284123,-4.937944603,0,2.9032033,4.01702675,-58.14834772
0.04177634167,0.03622226157,NaN,NaN,0,1.458126774,0.5945116794,-5.226206039,0,3.019153411,4.688474499,-58.40624084
0.04177634167,0.04008596947,NaN,NaN,0,1.383483582,0.6162211521,-5.405290581,0,3.255022433,5.397654947,-58.66175596
0.04177634167,0.04394967737,NaN,NaN,0,0.7450529563,0.6394878541,-5.856128777,0,3.588165333,6.266634745,-58.99771884
0.04177634167,0.04781338527,NaN,NaN,0,-0.3002760164,0.665010333,-7.172588653,0,4.184445332,7.277445378,-59.52858582
0.04177634167,0.05167709317,NaN,NaN,0,-1.018939177,0.6952544934,-9.66556731,0,5.165633913,8.501445761,-60.30760407
0.04177634167,0.05554080107,NaN,NaN,0,-0.6990464166,0.7339557126,-12.64007435,0,6.365161315,10.35329465,-61.22956308
0.04177634167,0.05940450897,NaN,NaN,0,0.5108320202,0.783671923,-15.17344534,0,7.472796237,13.18384815,-62.13486678
0.04177634167,0.06326821687,NaN,NaN,0,2.619637509,0.8452319323,-14.96268099,0,6.052857707,16.95332844,-62.97161159
0.04177634167,0.06713192477,NaN,NaN,0,1.501719615,0.9087810359,-12.82247659,0,3.556823255,19.85213059,-63.90129605
0.04177634167,0.07099563267,NaN,NaN,0,-3.278957254,0.9673961629,-12.61217406,0,1.330132913,20.89111264,-65.33897233
0.04177634167,0.07485934057,NaN,NaN,0,-7.935625709,1.023701069,-17.54981453,0,1.680769785,19.05950011,-67.46929509
0.04177634167,0.07872304847,NaN,NaN,0,-10.58917732,1.08887465,-22.14922808,0,5.576748357,18.93160474,-69.60410421
0.04177634167,0.08258675637,NaN,NaN,0,-17.43635076,1.165550382,-24.73624669,0,14.95328656,21.0302342,-71.34135347
0.04177634167,0.08645046427,NaN,NaN,0,-60.12175555,1.253264701,-63.56013444,0,71.72808586,45.51817953,-72.83426934
0.04177634167,0.09031417218,NaN,NaN,0,-79.99221383,1.581891001,-143.5469782,0,108.8503917,153.9344269,-74.68803107
0.04177634167,0.09417788008,0.4813838941,-2.346819353,1,-120.4562881,2.39568185,-127.9547552,0,100.1829542,178.4506369,-78.40817479
0.04177634167,0.09804158798,0.3394068942,-2.709598404,1,-87.86608104,2.730772885,138.0202322,0,42.65241364,89.65646321,-82.86026231
0.04177634167,0.1019052959,0.3066914901,-2.159955877,1,50.83258905,2.181620741,235.8251951,0,-21.02745173,33.02373925,-81.91861027
0.04177634167,0.1057690038,0.4545652387,-1.926032817,1,151.3477415,1.978947187,148.9242137,0,-162.6788658,262.4701701,-76.72055803
0.04177634167,0.1096327117,0.2629113355,-2.598664285,1,-166.5424629,2.611930022,0.2539759148,13.7163715,-127.1750432,343.5027685,-84.22294469
0.04177634167,0.1134964196,-0.6802734103,-3.252245888,1,-30.64225477,3.32263077,152.0087829,0,-169.4196939,214.1883411,-101.8142439
0.04177634167,0.1173601275,NaN,NaN,0,45.92699772,2.884366353,159.6906573,0,17.10220855,18.94286717,-100.1857172
0.04177634167,0.1212238354,NaN,NaN,0,10.7181404,2.743425199,91.13516761,0,27.23639971,23.59880164,-99.16033065
0.04564004958,0.01690372206,NaN,NaN,0,-2.534215835,0.5187134982,-2.54850838,0,3.555304847,0.1323075369,-57.12399845
0.04564004958,0.02076742997,NaN,NaN,0,-2.138045435,0.524135062,-3.162307901,0,3.658526678,0.8112690418,-57.25021032
0.04564004958,0.02463113787,NaN,NaN,0,-1.310885844,0.5348071817,-4.310119931,0,3.809233463,2.091221471,-57.48825162
0.04564004958,0.02849484577,NaN,NaN,0,-0.3098727557,0.5501835482,-5.202791721,0,3.75783326,3.16905036,-57.79812995
0.04564004958,0.03235855367,NaN,NaN,0,0.7784813126,0.5692776495,-5.643541999,0,3.581785615,3.947070819,-58.10735584
0.04564004958,0.03622226157,NaN,NaN,0,1.593536217,0.5905421261,-5.498302454,0,3.525319369,4.446441169,-58.33094316
0.04564004958,0.04008596947,NaN,NaN,0,1.477725843,0.612360013,-4.913941918,0,3.868155703,5.032184239,-58.43560461
0.04564004958,0.04394967737,NaN,NaN,0,0.2254929356,0.6340981849,-4.418996913,0,4.235852158,5.893449103,-58.56554475
0.04564004958,0.04781338527,NaN,NaN,0,-2.337840022,0.6553614626,-5.4371066,0,5.078908382,6.647342809,-58.97500058
0.04564004958,0.05167709317,NaN,NaN,0,-4.442613975,0.6796323428,-9.217984342,0,6.765043128,7.104597096,-59.85668156
0.04564004958,0.05554080107,NaN,NaN,0,-4.013228434,0.7144611025,-13.86236232,0,8.867558914,8.473526826,-60.96544962
0.04564004958,0.05940450897,NaN,NaN,0,-2.156073227,0.7641613544,-19.18139042,0,13.09273826,11.89400111,-61.89030956
0.04564004958,0.06326821687,NaN,NaN,0,5.967167153,0.8402174251,-16.78339582,0,9.366363306,18.98610299,-62.41992426
0.04564004958,0.06713192477,NaN,NaN,0,5.38476897,0.9140668915,-8.092975056,0,4.514626901,23.95865625,-62.69640311
0.04564004958,0.07099563267,NaN,NaN,0,-5.477413509,0.9679753965,-3.087407871,0.5723235453,-0.5820628558,25.4965587,-63.80712327
0.04564004958,0.07485934057,NaN,NaN,0,-14.38885715,1.004009975,-14.87237853,0,-0.3885090035,15.27577324,-66.7780372
0.04564004958,0.07872304847,NaN,NaN,0,-11.97811664,1.052314461,-19.72726282,0,3.714369737,9.859884129,-69.40492433
0.04564004958,0.08258675637,0.3639466123,-1.036985462,1,-12.8072438,1.098997719,21.15512094,0,-2.868001059,-20.23344855,-70.66066244
0.04564004958,0.08645046427,0.309598827,-0.8251474609,1,-6.581858248,0.8813170632,109.8988643,0,23.65369267,78.20506511,-69.43369604
0.04564004958,0.09031417218,0.4299071938,-0.91452988,1,-2.206489188,1.010537034,62.74737721,0,68.9240282,164.8618233,-64.82246532
0.04564004958,0.09417788008,0.5673759096,-1.219687853,1,-48.26827457,1.345196596,-5.049793433,0,228.2600774,203.7452842,-65.05303474
0.04564004958,0.09804158798,1.125342945,-1.721253071,1,-42.33931956,2.056479729,-80.71774876,0,170.8936723,165.8851955,-56.82362799
0.04564004958,0.1019052959,1.064072378,-2.172489597,1,38.58756611,2.419082693,-31.08228971,0,-41.75486623,173.6665982,-63.90466432
0.04564004958,0.1057690038,1.113105422,-2.512342967,1,99.36036829,2.747884798,-111.3167696,0,-245.4394082,81.79585657,-66.10403634
0.04564004958,0.1096327117,0.4996656375,-2.918620377,1,-13.3657019,2.961082683,-87.32008432,0,-241.9824906,25.31731239,-80.28518564
0.04564004958,0.1134964196,0.1265145932,-2.947540967,1,4.592296619,2.950254852,153.1453544,0,-164.0765995,110.3209634,-87.54225445
0.04564004958,0.1173601275,NaN,NaN,0,-68.45257813,2.755624672,121.9256218,0,-10.47444827,34.89795363,-92.42375627
0.04564004958,0.1212238354,NaN,NaN,0,-59.52347007,2.61738089,95.56310349,0,27.48105886,22.12693021,-93.90909385
0.04950375748,0.01690372206,NaN,NaN,0,-3.92161554,0.5035987682,-3.2484292,0,5.019018809,-0.2270177825,-56.77779837
0.04950375748,0.02076742997,NaN,NaN,0,-3.496867,0.5096451849,-3.974587665,0,5.132034615,0.5863922283,-56.93794144
0.04950375748,0.02463113787,NaN,NaN,0,-2.488928799,0.5218204809,-5.344985049,0,5.160051912,2.149421292,-57.25761327
0.04950375748,0.02849484577,NaN,NaN,0,-1.096613064,0.5395904271,-6.484753884,0,4.824440441,3.421360671,-57.69692466
0.04950375748,0.03235855367,NaN,NaN,0,0.7872793176,0.561869225,-6.935129219,0,4.14078653,4.155764998,-58.13323691
0.04950375748,0.03622226157,NaN,NaN,0,2.659810938,0.5860251204,-6.209519861,0,3.632182749,4.118035119,-58.36238747
0.04950375748,0.04008596947,NaN,NaN,0,2.708390638,0.6085924075,-4.333177722,0,4.456428852,4.391191737,-58.17278958
0.04950375748,0.04394967737,NaN,NaN,0,1.017032965,0.629272279,-1.468810359,0,4.408179212,5.62763462,-57.82635823
0.04950375748,0.04781338527,NaN,NaN,0,-4.833963031,0.6429513407,-0.9388564909,0,5.13029291,6.313879659,-57.87423302
0.04950375748,0.05167709317,NaN,NaN,0,-10.40044827,0.6537501217,-7.906901141,0,7.948071304,4.796072987,-59.04927
0.04950375748,0.05554080107,NaN,NaN,0,-8.755180116,0.6803344443,-14.41000016,0,9.247292954,4.54221445,-60.74930421
0.04950375748,0.05940450897,NaN,NaN,0,-11.08906365,0.7184312014,-30.9063582,0,26.66423457,6.93252648,-61.92386954
0.04950375748,0.06326821687,NaN,NaN,0,18.02033536,0.8375099582,-24.89653681,0,13.80523036,23.13842617,-62.04463005
0.04950375748,0.06713192477,NaN,NaN,0,19.54760262,0.9402946791,0.3213800587,2.384058582,5.7173839,31.49983274,-60.63523845
0.04950375748,0.07099563267,0.4902275082,-0.8602478808,1,2.660022079,0.9901259648,33.4453832,0,-20.07113291,52.07817969,-60.32258015
0.04950375748,0.07485934057,0.3938188251,-0.8914731319,1,-9.411803159,0.9745858668,58.07507922,0,-29.11958228,83.88725814,-66.16598699
0.04950375748,0.07872304847,0.3413534899,-0.9599786004,1,-19.71902539,1.018862659,76.58515365,0,15.22487411,121.7270919,-70.42540301
0.04950375748,0.08258675637,0.3764547372,-1.065888395,1,81.30880935,1.13041419,98.04970939,0,114.1794345,129.2731257,-70.54759397
0.04950375748,0.08645046427,1.096662962,-1.080616761,1,123.3304699,1.539611067,113.0813872,0,114.9633886,160.9684265,-44.57774697
0.04950375748,0.09031417218,1.297152601,-1.250909927,1,60.37406968,1.802048977,97.97842337,0,-20.92433036,149.1670274,-43.96030055
0.04950375748,0.09417788008,1.249085232,-1.278394575,1,30.22427468,1.787318272,-52.02688528,0,-192.9393623,112.2760324,-45.66438766
0.04950375748,0.09804158798,0.6684690312,-1.885728409,1,62.00803686,2.000705495,-219.1442396,0,-163.3328866,89.36277574,-70.48116874
0.04950375748,0.1019052959,0.8575956095,-2.470375567,1,84.15446005,2.615000129,-241.7146351,0,-169.0376826,113.5166774,-70.8554575
0.04950375748,0.1057690038,0.3405050537,-3.258238437,1,47.77756622,3.27598251,-230.3799935,0,-263.695771,31.44031927,-84.03391112
0.04950375748,0.1096327117,0.0233507357,-3.481972778,1,151.9275339,3.482051074,-160.0818542,0,-152.6578091,7.036058044,-89.61576996
0.04950375748,0.1134964196,0.3376834836,-3.903933235,1,121.7481419,3.918510538,136.4690728,0,-102.9837433,-87.94628762,-85.05631897
0.04950375748,0.1173601275,NaN,NaN,0,-212.5743769,2.616653528,231.9628204,0,129.8272989,-164.4583948,-87.90072304
0.04950375748,0.1212238354,NaN,NaN,0,-113.4148705,2.372345537,103.5508603,0,73.10232715,-22.03830383,-89.56592169
0.05336746538,0.01690372206,NaN,NaN,0,-5.453944324,0.4824706182,-3.963113027,0,6.649536427,-0.6588316417,-56.23642347
0.05336746538,0.02076742997,NaN,NaN,0,-5.164527409,0.4890637406,-4.897981364,0,6.964891877,0.3672492167,-56.42709543
0.05336746538,0.02463113787,NaN,NaN,0,-4.051349288,0.5032790578,-6.610478715,0,6.87449913,2.498710797,-56.86523495
0.05336746538,0.02849484577,NaN,NaN,0,-2.37493002,0.5245224307,-8.456109548,0,6.239090061,4.211206033,-57.56043832
0.05336746538,0.03235855367,NaN,NaN,0,0.8074380842,0.5526077938,-9.40270113,0,4.524737315,5.136593383,-58.3429223
0.05336746538,0.03622226157,NaN,NaN,0,5.55003758,0.5831226648,-8.071470049,0,2.406196243,3.478742571,-58.81291331
0.05336746538,0.04008596947,NaN,NaN,0,5.678992805,0.6067341042,-4.74043875,0,5.917197745,2.78691297,-58.08371025
0.05336746538,0.04394967737,NaN,NaN,0,5.968211317,0.6316329784,3.815789692,0.3262615198,3.810142929,5.912017982,-56.70171017
0.05336746538,0.04781338527,NaN,NaN,0,-7.614596799,0.6341918228,11.05739214,0,3.086012744,8.18446822,-55.57248573
0.05336746538,0.05167709317,NaN,NaN,0,-23.57003595,0.6128087113,-7.060763568,2.526408078,10.64965622,1.223600742,-57.49931783
0.05336746538,0.05554080107,NaN,NaN,0,-9.517980113,0.6351422074,-4.96437899,0.6225264419,-6.490692975,-2.033268494,-60.9272522
0.05336746538,0.05940450897,0.2674151974,-0.5281586595,1,6.183269115,0.5919986972,-22.69082645,0,12.86307099,30.60214315,-63.1461752
0.05336746538,0.06326821687,0.3822176208,-0.761024945,1,41.23437356,0.851615686,-8.414484103,3.460102312,29.89420142,78.93853165,-63.33233961
0.05336746538,0.06713192477,0.5422352345,-0.8656651966,1,30.54713455,1.02146722,36.38041936,0,66.63393484,86.94810065,-57.93780029
0.05336746538,0.07099563267,0.7576968864,-0.9564036948,1,37.22562449,1.220169086,76.19245878,0,66.85602371,110.6539857,-51.61248779
0.05336746538,0.07485934057,0.944376321,-0.9988144706,1,37.62929521,1.374582476,150.019924,0,60.38202126,122.4930212,-46.60471151
0.05336746538,0.07872304847,1.136383984,-0.8500477832,1,33.4907282,1.419136989,181.5699435,0,43.60602265,158.5786861,-36.79754138
0.05336746538,0.08258675637,1.242255646,-0.909982968,1,102.1334519,1.539892234,97.37810038,0,-42.07112854,99.30051171,-36.2236981
0.05336746538,0.08645046427,1.368447257,-0.8574754191,1,106.3807743,1.61490309,-33.61639138,9.337421842,-69.48632425,48.85883467,-32.07144959
0.05336746538,0.09031417218,1.384805025,-1.228643151,1,102.9431563,1.851283054,-181.7177268,0,-250.0262838,135.1932749,-41.5804601
0.05336746538,0.09417788008,0.8001610154,-2.08192696,1,104.1866711,2.230398511,-237.79062,0,-301.1217829,115.046981,-68.9763982
0.05336746538,0.09804158798,0.6239052773,-2.591904577,1,160.8646849,2.665938321,-146.185783,0,-220.7574369,130.445667,-76.46564285
0.05336746538,0.1019052959,0.5687529161,-3.150750079,1,118.2370429,3.201672366,-161.4387433,0,-190.5625534,129.4425585,-79.76753093
0.05336746538,0.1057690038,0.3444606311,-3.715784961,1,-4.988061466,3.731716898,-48.3923355,0,-165.9388169,196.1134912,-84.70370457
0.05336746538,0.1096327117,-0.0916586142,-4.095449173,1,52.62202039,4.096474732,102.5273706,0,-60.50775352,128.4233153,-91.28209995
0.05336746538,0.1134964196,0.3139924617,-3.815839327,1,9.456495222,3.828736219,327.4648516,0,51.60942365,-362.3465583,-85.29592298
0.05336746538,0.1173601275,0.144282259,-1.430219379,1,-127.2455624,1.437478641,263.0449567,0,81.30830725,-235.2317942,-84.23942162
0.05336746538,0.1212238354,NaN,NaN,0,-67.08576885,1.895564904,-89.49478654,0,63.05961928,148.8379965,-85.87041448
0.05723117328,0.01690372206,NaN,NaN,0,-6.980280153,0.4548193665,-4.414594612,0,8.260108465,-1.445060264,-55.43194086
0.05723117328,0.02076742997,NaN,NaN,0,-7.357050997,0.4609477111,-5.869816397,0,9.502395363,-0.1312041705,-55.58346035
0.05723117328,0.02463113787,NaN,NaN,0,-6.177010924,0.4778149248,-7.742838898,0,9.13396267,3.266966647,-56.12200965
0.05723117328,0.02849484577,NaN,NaN,0,-5.159195813,0.5027099441,-11.32650446,0,8.73268336,5.78815928,-57.24978598
0.05723117328,0.03235855367,NaN,NaN,0,-0.73263454,0.541007338,-14.14809571,0,5.312876425,8.70065993,-58.81274339
0.05723117328,0.03622226157,NaN,NaN,0,13.05390849,0.5874515536,-11.93322046,0.3654083536,-4.449332837,1.873428813,-60.45779392
0.05723117328,0.04008596947,NaN,NaN,0,8.489331685,0.6038590987,-10.37289692,0,12.99602296,-2.634300408,-58.735227
0.05723117328,0.04394967737,NaN,NaN,0,24.7914163,0.6569143263,10.41501574,2.860242839,1.829182014,7.049056115,-55.43813839
0.05723117328,0.04781338527,0.4162532654,-0.503160438,1,-6.62719801,0.6530215979,39.54286991,0,-8.641442609,10.4178455,-50.39981404
0.05723117328,0.05167709317,0.3136711094,-0.4284476666,1,-27.10065833,0.5309962033,23.81795021,1.63661657,-1.591226474,44.19424674,-53.79174371
0.05723117328,0.05554080107,0.3053962034,-0.5818884959,1,9.016016898,0.6571613673,32.2846289,0,5.224575469,78.77673381,-62.30788055
0.05723117328,0.05940450897,0.3686925987,-0.6080795796,1,39.34183462,0.7111223576,47.73125212,0,53.75503134,99.93759607,-58.77060565
0.05723117328,0.06326821687,0.6650952999,-0.7835985595,1,42.05728049,1.027802734,86.12947924,0,105.1854885,104.7574438,-49.67638705
0.05723117328,0.06713192477,0.9375956487,-0.6800525935,1,31.39189607,1.158256073,108.7665331,0,110.1954874,98.97441438,-35.95395636
0.05723117328,0.07099563267,1.212147592,-0.7457646732,1,29.15476293,1.423188931,75.81945372,0,102.6185514,107.7863244,-31.60159443
0.05723117328,0.07485934057,1.446729244,-0.8035632445,1,52.50964228,1.654913712,62.38730348,0,62.26115733,107.7145872,-29.04930097
0.05723117328,0.07872304847,1.655588437,-0.9208960573,1,27.79428888,1.894471594,-19.12799803,0,-108.1227733,192.9712466,-29.0843387
0.05723117328,0.08258675637,1.136363445,-1.623052772,1,80.18778675,1.981318293,-33.19909509,0,-209.6057292,184.0067143,-55.00261379
0.05723117328,0.08645046427,1.155555311,-1.760115859,1,190.4928845,2.10554409,-56.6421062,0,-195.40209,200.0097928,-56.71420823
0.05723117328,0.09031417218,1.117395708,-2.614680742,1,229.8761777,2.843436046,-163.8531314,0,-328.4125207,116.7768281,-66.86033857
0.05723117328,0.09417788008,0.7748396639,-2.844388051,1,79.43456609,2.948036616,-87.07861283,0,-211.3653177,105.8769866,-74.76180414
0.05723117328,0.09804158798,0.6076538208,-3.360204816,1,119.2378375,3.414706366,-103.2372713,0,-129.815233,108.7608864,-79.74950785
0.05723117328,0.1019052959,0.7339716974,-3.663487007,1,126.5397057,3.736288466,8.764715487,14.89488385,-47.96165664,143.3246616,-78.67090574
0.05723117328,0.1057690038,0.9112564499,-3.880105143,1,40.48471626,3.985674878,152.3127983,0,6.543949689,218.4632886,-76.78340114
0.05723117328,0.1096327117,0.9156767256,-3.919073179,1,-150.8906968,4.024624013,266.5348106,0,-32.44244072,230.549039,-76.84897615
0.05723117328,0.1134964196,0.2029107581,-3.741066632,1,-123.3794063,3.746565404,325.1214398,0,-60.99371856,-220.9775642,-86.89539088
0.05723117328,0.1173601275,0.2033128266,-1.809106143,1,116.2092489,1.820494752,265.7928654,0,-104.7314102,-218.6208095,-83.58783159
0.05723117328,0.1212238354,NaN,NaN,0,13.69122729,1.885714381,18.73805605,0,9.056324404,49.96585501,-82.46559336
0.06109488118,0.01690372206,NaN,NaN,0,-7.92268901,0.4211647947,-3.511082647,0,8.835549732,-3.444916746,-54.34448898
0.06109488118,0.02076742997,NaN,NaN,0,-10.78642842,0.4222988108,-7.1662343,0,13.97057552,-1.971588695,-54.16018518
0.06109488118,0.02463113787,NaN,NaN,0,-8.140447599,0.4446474662,-7.164556017,0,11.42627283,4.912200682,-54.56393716
0.06109488118,0.02849484577,NaN,NaN,0,-11.35220777,0.4678684159,-14.9589737,0,14.24480428,6.973804509,-56.24608425
0.06109488118,0.03235855367,NaN,NaN,0,-11.63268892,0.5217096064,-23.92995677,0,12.44341786,22.00445824,-58.96414188
0.06109488118,0.03622226157,0.2630927706,-0.5664777671,1,-3.44150602,0.6245917599,3.382590006,0,3.837978289,16.47162232,-65.08813933
0.06109488118,0.04008596947,0.2705119836,-0.497596361,1,26.91465451,0.5663734385,49.62977877,0,12.20539954,62.61612345,-61.46984368
0.06109488118,0.04394967737,0.4142412325,-0.6166532096,1,27.08941018,0.7428707691,48.78444881,0,45.65685681,57.40161297,-56.108484
0.06109488118,0.04781338527,0.5515823101,-0.5308905663,1,1.354710203,0.7655637388,59.62876339,0,44.66483084,8.284173336,-43.90491
0.06109488118,0.05167709317,0.5920472968,-0.4182727114,1,8.776418192,0.7248945183,51.60535652,0,39.40384937,61.66691765,-35.24064385
0.06109488118,0.05554080107,0.7377367905,-0.5697654995,1,1.893727053,0.9321417792,79.68661974,0,61.75425109,93.71396537,-37.67946244
0.06109488118,0.05940450897,0.8379644928,-0.4724702775,1,39.72739839,0.9619837079,112.026624,0,59.14450207,98.3999441,-29.41564738
0.06109488118,0.06326821687,1.119748933,-0.5171159889,1,17.92660644,1.233388268,98.07548495,0,113.2740678,121.0381061,-24.78816476
0.06109488118,0.06713192477,1.344885574,-0.5611911381,1,30.50547142,1.457275781,96.43282212,0,59.39445308,136.664923,-22.64970291
0.06109488118,0.07099563267,1.467095982,-0.6725610748,1,39.88231415,1.613911094,28.01009249,1.279306113,26.56027726,131.5236958,-24.62815022
0.06109488118,0.07485934057,1.60160034,-0.9611374649,1,110.1349334,1.867862113,-25.38858471,13.38209718,-21.88614645,156.4653632,-30.96841906
0.06109488118,0.07872304847,1.808063517,-1.37519161,1,190.0475349,2.271617408,-114.4135774,9.493287441,-132.2450554,162.1401962,-37.25618703
0.06109488118,0.08258675637,1.824932236,-2.029660465,1,117.1687568,2.72945036,45.96947376,8.011523339,-87.58199548,297.8697975,-48.04028284
0.06109488118,0.08645046427,1.922378121,-2.348460881,1,2.884107103,3.034930996,38.58699457,0,-163.8735796,389.5574032,-50.69729493
0.06109488118,0.09031417218,1.202915939,-3.385707606,1,-107.8837817,3.59305201,46.92130492,0,-163.7686587,268.737216,-70.44026442
0.06109488118,0.09417788008,0.8727924405,-3.205492769,1,-90.71852759,3.322190623,136.0355542,0,-53.61666573,179.6375273,-74.76872221
0.06109488118,0.09804158798,0.6452469126,-3.554172893,1,15.24638244,3.612269167,43.79717713,0,58.15186888,204.1301056,-79.71023385
0.06109488118,0.1019052959,1.156381844,-3.824972372,1,130.7434951,3.995952028,103.1983786,0,162.1834664,178.9673765,-73.17866082
0.06109488118,0.1057690038,1.777031128,-3.846922169,1,143.3275143,4.237528738,115.0618994,10.17155231,30.74007985,66.61810766,-65.20609364
0.06109488118,0.1096327117,1.828928183,-3.637799711,1,-228.461955,4.071678405,166.9913442,19.00037793,-46.05598953,96.56083463,-63.30873032
0.06109488118,0.1134964196,0.7163739766,-3.574799253,1,-300.7368339,3.645871826,338.4272904,0,-88.10904096,-11.99520424,-78.66827575
0.06109488118,0.1173601275,0.3265413041,-2.28386955,1,114.410585,2.307095434,293.2669212,0,-195.7878047,-137.9892392,-81.86315581
0.06109488118,0.1212238354,NaN,NaN,0,-18.92650083,1.95041977,146.9375984,0,57.96406156,-47.34113112,-78.10686128
0.06495858908,0.01690372206,NaN,NaN,0,-6.680571279,0.3865287462,3.578737872,0,3.596752388,-9.44925818,-53.26628214
0.06495858908,0.02076742997,NaN,NaN,0,-19.49731091,0.3629407823,-12.13602361,0,26.34629933,-9.205893069,-51.64343956
0.06495858908,0.02463113787,0.2576441273,-0.3210945091,1,-9.568424799,0.4116821348,1.274886269,0,13.67803035,11.44468371,-51.25667107
0.06495858908,0.02849484577,0.2411024643,-0.3238982817,1,-6.547161999,0.4037827326,9.870763626,0,10.44750635,22.47604101,-53.33684718
0.06495858908,0.03235855367,0.2727139186,-0.369797619,1,-2.030753733,0.4594814037,6.0685523,0,34.45037713,47.23483568,-53.59241219
0.06495858908,0.03622226157,0.3663624194,-0.482952776,1,32.38450812,0.6061887546,20.83968601,0,90.39146828,73.43169704,-52.81646438
0.06495858908,0.04008596947,0.7470844286,-0.5729977875,1,37.49811755,0.9415209014,77.85456327,0,70.31908654,74.30519746,-37.48743503
0.06495858908,0.04394967737,0.7829366026,-0.4692390633,1,-63.00519528,0.9127842145,110.3072046,0,45.2928281,48.92186938,-30.93561146
0.06495858908,0.04781338527,0.6786490156,-0.3358227827,1,-30.63631207,0.7571931245,87.68524453,0,22.45388384,46.50023556,-26.32805341
0.06495858908,0.05167709317,0.7513220901,-0.3101122187,1,21.52098203,0.8128065398,55.55209347,0,55.27478154,59.3779866,-22.42864979
0.06495858908,0.05554080107,0.975365414,-0.3506049163,1,6.424060513,1.036465869,26.29807496,0,104.9708258,84.00050737,-19.77148502
0.06495858908,0.05940450897,1.181719392,-0.5330575627,1,57.15118757,1.29638385,78.77505473,0,81.65868429,95.49446139,-24.27948886
0.06495858908,0.06326821687,1.511686213,-0.4152038199,1,76.61284377,1.56767006,99.78200065,0,93.30110229,108.9380872,-15.35828271
0.06495858908,0.06713192477,1.838217248,-0.5684340068,1,36.50435247,1.924099756,87.52050714,0,45.50322825,186.3978867,-17.18323706
0.06495858908,0.07099563267,1.82853955,-0.7972371324,1,48.91525426,1.994779169,38.21650953,3.031970321,-19.16290657,231.0934417,-23.55704078
0.06495858908,0.07485934057,1.953171629,-1.313654134,1,93.09555933,2.353840818,-73.10061287,0,-90.13192913,281.1972242,-33.92378511
0.06495858908,0.07872304847,1.839990152,-2.166140485,1,228.9840768,2.842134472,-1.530760042,26.48459236,-96.55006838,283.2981571,-49.65434518
0.06495858908,0.08258675637,2.464857953,-2.414149871,1,207.0029771,3.450165841,225.8579621,0,43.99685938,287.5288678,-44.4045399
0.06495858908,0.08645046427,2.809780203,-2.404418851,1,28.37150564,3.698120441,174.927351,0,-61.46146149,282.7133748,-40.55466269
0.06495858908,0.09031417218,2.33700803,-2.830603583,1,-192.9225764,3.670684292,238.6438513,0,-18.08508278,315.4142623,-50.45617677
0.06495858908,0.09417788008,1.994508243,-2.701037294,1,-245.7321771,3.357627971,157.6591771,23.31393371,46.07018724,251.824413,-53.55698467
0.06495858908,0.09804158798,1.565572422,-3.194430549,1,-290.6745157,3.557443399,62.16411086,17.95838721,246.5897938,279.824159,-63.8907861
0.06495858908,0.1019052959,1.824177755,-3.542012142,1,-127.593041,3.98415292,-24.55728723,0,139.9238144,265.4955798,-62.75100197
0.06495858908,0.1057690038,1.613214929,-4.315110103,1,-92.30418887,4.606803404,185.2680711,0,120.7192786,100.4525672,-69.50161497
0.06495858908,0.1096327117,1.933965361,-3.214309809,1,-225.7246616,3.751267728,403.0640656,0,187.1436032,41.86306655,-58.96578792
0.06495858908,0.1134964196,1.464148988,-2.919534949,2,-365.4644232,3.266101128,245.0120392,33.31947228,72.81680154,191.5173903,-63.36620047
0.06495858908,0.1173601275,0.8032604335,-3.007622112,1,-259.2306544,3.113040008,376.8788725,0,43.87287424,28.20242823,-75.04674682
0.06495858908,0.1212238354,NaN,NaN,0,-317.0599288,1.694638453,408.8789569,0,228.4450509,-334.0711482,-68.10036465
0.06882229698,0.01690372206,0.2228193926,-0.3025031451,1,23.8201292,0.3757081773,4.453766923,0,-53.85006123,-66.61264033,-53.62518284
0.06882229698,0.02076742997,0.1648059498,-0.1652132255,1,9.977416535,0.2333589745,-27.91454662,0,11.79682084,-35.68903249,-45.07070853
0.06882229698,0.02463113787,0.3069486856,-0.2724648026,1,13.28202653,0.4104321676,-16.8054419,0,43.69252001,24.12025669,-41.59405042
0.06882229698,0.02849484577,0.3849389554,-0.3233381705,1,8.333118697,0.5027181834,45.10105177,0,35.14329582,53.79915426,-40.02933841
0.06882229698,0.03235855367,0.4749288518,-0.3060717299,1,5.126192134,0.5650109009,63.79316281,0,57.60911522,68.71528602,-32.80008276
0.06882229698,0.03622226157,0.6273298581,-0.3423558168,1,6.783142614,0.7146679342,63.99806061,0,92.46970241,80.7472548,-28.62283944
0.06882229698,0.04008596947,0.8584128533,-0.3707857238,1,7.054614451,0.9350693449,73.33843748,0,97.02313053,36.03371894,-23.36160911
0.06882229698,0.04394967737,1.029455864,-0.1982212811,1,10.41416334,1.048365896,75.374877,0,44.35782301,63.72281425,-10.89889063
0.06882229698,0.04781338527,1.07003581,-0.3257655569,1,0.4085652147,1.11852574,75.33608203,0,1.311981923,98.53571585,-16.93253531
0.06882229698,0.05167709317,1.036103555,-0.2878578895,1,10.63635185,1.075347731,85.22974058,0,13.65701795,49.83473238,-15.52674699
0.06882229698,0.05554080107,1.163898295,-0.1890095841,1,55.69844163,1.179145395,30.72980946,0,67.28897255,54.00345788,-9.223944314
0.06882229698,0.05940450897,1.511290999,-0.3777804688,1,72.35940318,1.557792851,1.151407769,0,124.9340028,69.38323463,-14.0347348
0.06882229698,0.06326821687,1.926182386,-0.4526374326,1,102.3434933,1.978650861,36.99016682,0,128.5060586,75.46140888,-13.22411629
0.06882229698,0.06713192477,2.403226237,-0.5264221107,1,47.8886994,2.460206614,43.67233688,0,102.6010885,168.6708571,-12.35538547
0.06882229698,0.07099563267,2.507630968,-0.9355952027,1,9.370897137,2.676481171,-3.661252777,0,-8.750088222,292.0787147,-20.46050667
0.06882229698,0.07485934057,2.405624861,-1.66907496,1,137.4862513,2.927941631,-67.76462639,14.52012198,-36.7800186,371.5453058,-34.75375614
0.06882229698,0.07872304847,2.896730435,-2.632960459,1,218.7865366,3.914527812,191.6190361,0,144.3061613,447.951439,-42.26902282
0.06882229698,0.08258675637,3.808508987,-2.65946849,1,74.94472064,4.645160207,239.3779471,0,130.5153695,255.5770928,-34.92646209
0.06882229698,0.08645046427,3.690568209,-2.695549226,1,-12.99147682,4.570150909,113.6586836,0,-107.326712,126.7854808,-36.14396912
0.06882229698,0.09031417218,3.34363465,-2.7101866,1,-239.9053096,4.304068317,161.6913119,20.17905934,-79.90426661,1.871891531,-39.02653223
0.06882229698,0.09417788008,2.454917423,-2.078053669,2,-343.6377793,3.216352997,226.7607919,32.8949471,-12.76725766,-92.064051,-40.24745295
0.06882229698,0.09804158798,1.966589693,-1.478340536,1,-330.2883205,2.460277578,-10.31344538,29.557264,235.1412744,174.304992,-36.93320964
0.06882229698,0.1019052959,2.087297029,-2.791365384,1,-90.2437796,3.485474084,-60.71478154,0,326.9031094,339.2950584,-53.21199227
0.06882229698,0.1057690038,2.880972215,-3.023861715,1,-75.62255838,4.176570432,317.4931425,0,453.6789922,123.6979413,-46.38621473
0.06882229698,0.1096327117,3.547996659,-2.042597334,1,-251.0739144,4.093957029,425.0301914,0,127.364761,129.3419245,-29.92922414
0.06882229698,0.1134964196,2.402996182,-1.881408622,2,-404.4221779,3.051899254,281.3184,36.93195081,-24.26952841,40.66064152,-38.0589132
0.06882229698,0.1173601275,1.891657126,-1.112766051,1,-478.9925332,2.194678785,457.36149,17.56687222,35.89369281,-81.11842539,-30.4661427
0.06882229698,0.1212238354,0.6909916916,0.1991204813,1,-503.5308174,0.7191095076,415.8024123,0,-117.9786059,-263.2792193,16.07519576
0.07268600488,0.01690372206,-0.008982093689,-0.609868269,1,44.58574008,0.6099344092,131.0800103,0,-50.55897038,-40.92717522,-90.8437869
0.07268600488,0.02076742997,-0.02052150225,-0.2775755082,1,50.6038058,0.2783330645,49.52455498,0,25.71887081,-55.62599838,-94.22825573
0.07268600488,0.02463113787,0.2859064349,-0.2035972452,1,64.27106047,0.3509904953,-2.583783242,0,102.3423302,-17.40475862,-35.45510321
0.07268600488,0.02849484577,0.6232239717,-0.2203115885,1,29.84740276,0.6610183923,38.2157197,0,99.24657565,28.74856748,-19.46865789
0.07268600488,0.03235855367,0.7846878592,-0.1670189344,1,4.411608059,0.802265767,83.92761114,0,73.85312472,66.21751185,-12.01595397
0.07268600488,0.03622226157,0.9256160381,-0.151884938,1,5.964859158,0.9379947145,83.45858714,0,93.67482482,98.56500518,-9.3186567
0.07268600488,0.04008596947,1.169666493,-0.2253857211,1,7.848575354,1.191183625,79.22818376,0,94.32100457,127.4217181,-10.90677577
0.07268600488,0.04394967737,1.320369451,-0.3380906772,1,19.8495207,1.362967642,114.8321037,0,26.93775359,142.5118679,-14.36243557
0.07268600488,0.04781338527,1.350438855,-0.3323322445,1,-12.12456463,1.39072996,103.4200999,0,-0.09108187966,93.15808449,-13.82531168
0.07268600488,0.05167709317,1.273171761,-0.2984412473,1,-15.57336982,1.307682497,77.40946963,0,3.230602852,70.54824855,-13.19238599
0.07268600488,0.05554080107,1.302750008,-0.3058224904,1,30.48259561,1.338164781,19.33276686,2.161146173,16.38246009,27.48126571,-13.21105641
0.07268600488,0.05940450897,1.454244647,-0.3299246667,1,49.62274758,1.491200114,-38.25104776,0,116.9054326,-36.10367545,-12.78232979
0.07268600488,0.06326821687,1.946166254,-0.3141193097,1,119.0260809,1.97135335,-13.58652023,0,192.6964167,-6.568223034,-9.168703394
0.07268600488,0.06713192477,2.658649324,-0.357041317,1,106.083423,2.682516492,-56.97088109,0,151.890044,86.1900491,-7.648731327
0.07268600488,0.07099563267,2.942900377,-0.8672513267,1,16.39315494,3.068026644,-156.3233261,0,104.7966782,265.532265,-16.4198617
0.07268600488,0.07485934057,3.12689144,-1.986968097,1,116.1325685,3.704793152,-89.85545762,0,237.9840748,320.8017694,-32.43372108
0.07268600488,0.07872304847,4.311103649,-2.453910899,1,-35.90829719,4.960573896,59.49254568,0,359.5166661,114.4845441,-29.64884017
0.07268600488,0.08258675637,4.377219652,-2.199441116,1,-242.8251334,4.898733827,-7.494961264,28.5056849,94.69865918,74.03080439,-26.67836014
0.07268600488,0.08645046427,3.73878622,-2.768902644,1,-243.5215486,4.652455723,4.307973108,26.95450956,-120.9602438,7.663602704,-36.52322823
0.07268600488,0.09031417218,2.968968471,-2.212406289,1,-257.9684078,3.702636273,169.1373424,23.68744976,-58.78667489,-179.2980035,-36.69262276
0.07268600488,0.09417788008,2.514937105,-1.422650245,1,-145.2972578,2.88943634,290.5133762,0,-53.93638876,-20.74993982,-29.49598379
0.07268600488,0.09804158798,2.199187856,-1.009775756,1,105.1184816,2.419932707,301.9145617,0,-5.319667459,433.2982425,-24.66262263
0.07268600488,0.1019052959,2.900530571,-1.930278411,1,-57.59201499,3.484114283,430.2168108,0,347.1223255,756.3977222,-33.64342731
0.07268600488,0.1057690038,3.317848405,-2.27004352,1,-29.71927618,4.020101444,29.0700629,0,333.9262049,-17.03722737,-34.37960035
0.07268600488,0.1096327117,4.075897285,-1.752133309,1,-180.5012579,4.436542552,9.832333674,22.80695463,22.70815721,-202.2197643,-23.26174279
0.07268600488,0.1134964196,2.708181955,-1.450736154,2,-329.8905723,3.072276825,55.35687775,37.38869649,-140.8861006,-134.5853217,-28.1773472
0.07268600488,0.1173601275,2.256953735,-1.018252132,1,-231.7916644,2.47602051,85.71109208,19.33048584,-153.0219643,-268.3649143,-24.28309514
0.07268600488,0.1212238354,1.221374497,-0.08268989061,1,-218.1647568,1.224170446,144.2783618,0,-317.8898642,-340.0037144,-3.873146924
0.07654971278,0.01690372206,0.5711436137,-0.6701145146,1,-157.5079724,0.8804876434,309.1285299,0,-65.03051656,97.54257171,-49.55879669
0.07654971278,0.02076742997,0.1412317547,-0.2613613455,1,-75.03926284,0.2970793858,142.9980943,0,-13.32787671,2.007628226,-61.61455575
0.07654971278,0.02463113787,0.2297187985,-0.1253685369,1,43.63777979,0.2617021139,31.66416496,0,86.40249733,-21.69424434,-28.62340911
0.07654971278,0.02849484577,0.6436694008,-0.05520003791,1,75.20249652,0.6460319975,3.60215776,0,138.4075829,-19.06998666,-4.901599802
0.07654971278,0.03235855367,1.05504575,-0.03776999335,1,53.88694978,1.055721605,49.42839284,0,123.9076627,36.03972328,-2.050278329
0.07654971278,0.03622226157,1.33061585,-0.00347012953,1,32.05582038,1.330620375,90.56611525,0,123.7018035,90.28439688,-0.1494220332
0.07654971278,0.04008596947,1.656847712,-0.03668151588,1,34.1972834,1.657253714,119.5104174,0,145.2008409,162.8274316,-1.26828359
0.07654971278,0.04394967737,2.0237578,-0.1708344196,1,-30.67030492,2.030955448,171.5745006,0,75.37057381,234.3613843,-4.825152896
0.07654971278,0.04781338527,1.829556494,-0.2792716946,1,-98.76142174,1.850748401,180.5972354,0,-8.90428457,192.0811294,-8.678891077
0.07654971278,0.05167709317,1.60776896,-0.2152048317,1,-97.17844489,1.622107934,68.79006267,7.977332433,-28.2923371,59.52867275,-7.623900661
0.07654971278,0.05554080107,1.344774042,-0.2434883891,1,-82.4895226,1.366639609,47.30355149,8.348423561,-16.8355046,22.09848752,-10.2629389
0.07654971278,0.05940450897,1.224006068,-0.117819827,1,24.34468177,1.229663517,23.0832163,0,105.9799484,3.5445718,-5.498211939
0.07654971278,0.06326821687,1.848310345,-0.167996774,1,133.8280238,1.85592943,-53.07453501,0,200.5954194,6.872771113,-5.193462311
0.07654971278,0.06713192477,2.516120567,-0.3494387072,1,103.2269596,2.540269694,-64.059497,0,176.6265105,46.20583579,-7.906660428
0.07654971278,0.07099563267,2.929582409,-0.5940298115,1,17.45938177,2.989201316,-89.3796212,0,184.8885709,130.315461,-11.46242566
0.07654971278,0.07485934057,3.297933951,-1.198276332,1,-152.005775,3.508879381,-61.56184793,0,317.4801586,70.72664423,-19.96818472
0.07654971278,0.07872304847,3.568927092,-1.105153904,1,-166.5198199,3.736121751,-112.0115454,0,365.2020492,-71.3514288,-17.20566099
0.07654971278,0.08258675637,4.06558405,-1.355375146,1,-207.6668572,4.285558943,-202.418381,0,251.1214333,86.64442319,-18.43723771
0.07654971278,0.08645046427,3.736822881,-2.222008144,1,-334.4442604,4.34754706,-252.5435966,21.79253782,137.4295674,-101.0747397,-30.73677292
0.07654971278,0.09031417218,3.304376824,-1.940606565,1,-117.9284519,3.832082989,150.1428397,0,55.9107362,21.52385512,-30.42502071
0.07654971278,0.09417788008,3.497204543,-1.725061957,1,237.7210174,3.899522839,389.9921921,0,151.2474109,380.7872312,-26.25568664
0.07654971278,0.09804158798,4.807237213,-1.905041285,1,444.0762551,5.170948841,473.5354582,0,377.6277954,344.8004241,-21.61773453
0.07654971278,0.1019052959,6.672028975,-1.227667389,1,-478.6172581,6.784035514,493.1074314,0,-7.903380695,419.0336412,-10.42592529
0.07654971278,0.1057690038,2.927463577,-1.618841796,1,-738.3884556,3.345249132,134.6790179,86.33910033,-262.5570743,142.388742,-28.9419109
0.07654971278,0.1096327117,2.804667823,-1.257455511,1,-253.3633137,3.073655146,-125.1800116,27.66826262,38.3928808,-246.227269,-24.1487845
0.07654971278,0.1134964196,2.096880617,-1.151150552,1,-329.8442533,2.39208192,-48.02473872,40.0437227,-89.11384452,-164.2427822,-28.76601117
0.07654971278,0.1173601275,1.18593611,-0.8084229386,1,-363.6656933,1.435267259,24.94385345,38.95047357,-195.9300557,-224.8064828,-34.28127437
0.07654971278,0.1212238354,-0.06523389974,-0.186188204,1,-313.9866354,0.1972853492,-121.6980894,0,-333.6658488,-443.790106,-109.3086939
0.08041342068,0.01690372206,1.562276255,-0.2525623923,1,-370.871318,1.58255959,263.5132669,0,-158.4326704,153.0382208,-9.183161776
0.08041342068,0.02076742997,0.5397382535,-0.03914073803,1,-202.9932527,0.5411555966,103.5677316,16.48444178,-117.3852516,48.12991654,-4.147714689
0.08041342068,0.02463113787,0.324427296,-0.03836686818,1,-7.642178004,0.3266880576,34.94341326,0,13.78201725,18.62873768,-6.744490591
0.08041342068,0.02849484577,0.563460799,0.02389440293,1,89.56929601,0.5639672104,19.70816013,0,115.0228779,-17.01498748,2.428258842
0.08041342068,0.03235855367,1.114911695,0.1035206474,1,104.4088214,1.119707378,11.52745109,0,170.1742524,-34.62354497,5.304759718
0.08041342068,0.03622226157,1.624369591,0.202208371,1,128.082912,1.636907081,51.2803173,0,168.4265048,25.40389078,7.09591677
0.08041342068,0.04008596947,2.260537471,0.203499601,1,140.7735699,2.269678776,107.2148484,0,186.4813828,141.0134871,5.144052566
0.08041342068,0.04394967737,2.888787137,0.07162030372,1,26.65252469,2.889674824,86.17227568,0,110.4752654,134.9984601,1.420215638
0.08041342068,0.04781338527,2.790359197,0.01484948634,1,-201.3560014,2.790398709,56.88082449,21.90159373,-88.47679457,83.77358004,0.3049087244
0.08041342068,0.05167709317,1.768957873,-0.03228544836,1,-197.8428319,1.769252471,28.37581986,19.9518324,-117.7762609,45.71771794,-1.045595605
0.08041342068,0.05554080107,1.570899215,-0.0521545423,1,-70.90990481,1.571764753,62.70452042,3.691828586,16.08401319,58.10386043,-1.90154652
0.08041342068,0.05940450897,1.557126643,-0.01450984197,1,-4.892140354,1.557194245,47.81047438,0,55.81651768,48.84446902,-0.5338863407
0.08041342068,0.06326821687,1.767656134,-0.05614959556,1,103.9186643,1.768547705,-43.85836242,0,163.322384,-28.60434944,-1.819388621
0.08041342068,0.06713192477,2.589667992,-0.07344689243,1,110.9721527,2.590709315,-35.81413177,0,234.138918,6.685004937,-1.624559283
0.08041342068,0.07099563267,3.101064504,-0.2203538458,1,-23.84879629,3.108883542,-9.265406231,0,172.0570869,16.50380215,-4.064462489
0.08041342068,0.07485934057,3.162301536,-0.1730115865,1,-122.8061735,3.167030788,-21.87979177,0,252.6240027,24.48475525,-3.131567555
0.08041342068,0.07872304847,3.602642677,-0.3994929124,1,-63.19984356,3.624724658,-32.85437571,0,261.8694584,32.83526582,-6.327612258
0.08041342068,0.08258675637,3.929902896,-0.4268171735,1,-367.534973,3.953012734,-87.45417904,45.10168818,49.15313676,53.91962799,-6.198459609
0.08041342068,0.08645046427,2.372508261,-0.9457200076,1,-328.4944331,2.554052031,-205.2231697,6.458110373,251.4532933,83.08156242,-21.7330224
0.08041342068,0.09031417218,3.632238436,-1.540742445,1,152.2063052,3.945509262,-50.19676621,0,655.4363718,159.7153222,-22.98594692
0.08041342068,0.09417788008,5.493003652,-1.756759002,1,0.1970085853,5.7670869,217.5448427,0,447.2385323,146.5691746,-17.73518883
0.08041342068,0.09804158798,5.36099867,-1.266513195,1,-175.7167998,5.508571722,230.8952341,0,416.8772632,-194.908569,-13.29217359
0.08041342068,0.1019052959,6.42477724,-0.1115774838,1,-364.5416196,6.425746036,-90.37115138,42.68880836,112.8038078,-306.470081,-0.9949413148
0.08041342068,0.1057690038,4.388357298,-0.4315700529,2,-780.5640094,4.409527467,274.2885459,89.70257704,-198.7774152,407.1389386,-5.616654087
0.08041342068,0.1096327117,2.640888041,-0.6248725957,1,-546.9926074,2.713808284,-16.83835021,68.56042027,-100.1357741,6.2105243,-13.31218642
0.08041342068,0.1134964196,1.888042257,-0.5206241715,1,-342.4623294,1.958507874,105.6581668,41.18516392,43.23030773,39.73652418,-15.41609598
0.08041342068,0.1173601275,1.484742914,-0.3701706241,1,-503.15363,1.530192084,93.81850675,55.48291679,-234.8806732,0.1521225113,-13.99936924
0.08041342068,0.1212238354,-0.9635067111,-0.1587246227,1,-647.9401415,0.9764930559,-148.4864231,0,-619.3656117,-257.9387973,-170.6453187
0.08427712858,0.01690372206,2.180576888,0.1506863666,1,-430.5348871,2.185777195,-17.74024807,0,-321.7112811,24.33508675,3.953077353
0.08427712858,0.02076742997,0.7273471564,0.06940296479,1,-241.6511188,0.7306508451,6.003465097,15.30006826,-209.6953576,56.02745137,5.450621445
0.08427712858,0.02463113787,0.4367059413,-0.0425917044,1,-13.57160202,0.438777999,20.92803589,0,-5.392596355,27.72404583,-5.570410382
0.08427712858,0.02849484577,0.6540750333,0.04314516751,1,63.88821273,0.6554964948,57.30582853,0,73.05362183,-9.707551577,3.773970521
0.08427712858,0.03235855367,0.9658091894,0.2163284218,1,118.0855031,0.9897400549,5.549274461,0,133.7001448,-22.72940602,12.62511174
0.08427712858,0.03622226157,1.62690123,0.1524057287,1,225.2774512,1.63402421,16.04455298,12.60656177,201.804602,35.82045269,5.351766217
0.08427712858,0.04008596947,2.615929492,0.1399201218,1,169.6618892,2.619668824,30.40422841,8.143823504,154.2227629,30.24209468,3.061703441
0.08427712858,0.04394967737,2.878296919,0.1530321661,1,-45.39126781,2.882362226,-39.16065302,1.89703959,-17.4823942,-43.54516324,3.043414076
0.08427712858,0.04781338527,2.373004028,0.1568605886,1,-157.0340179,2.378182785,-18.00105762,15.51210936,-97.70888647,-2.760993814,3.781870412
0.08427712858,0.05167709317,1.894044747,0.09414901113,1,-102.2241709,1.896383279,74.63240474,7.013139737,-43.09263477,91.25630362,2.845711353
0.08427712858,0.05554080107,1.811542338,0.09263069912,1,-61.69976598,1.813909063,31.26177062,6.507502834,-15.06385563,25.4146196,2.927190623
0.08427712858,0.05940450897,1.597452536,0.1167406947,1,-57.97663466,1.601712519,-44.4837324,4.700273474,-4.969827872,-36.43217864,4.179704681
0.08427712858,0.06326821687,1.568335593,0.06152184723,1,68.40578235,1.569541803,-52.24623413,0,140.2335906,-54.7570353,2.246417044
0.08427712858,0.06713192477,2.40357413,0.126441697,1,140.9722313,2.406897609,-53.49613354,0,218.5823465,-79.73296426,3.011308783
0.08427712858,0.07099563267,2.957549456,0.1628932974,1,48.85400592,2.962031906,-13.78190431,0,185.2280371,-46.35023295,3.152501233
0.08427712858,0.07485934057,3.307998769,0.2522762057,1,22.37620395,3.317604427,21.94904913,0,135.8406738,25.07412259,4.361076959
0.08427712858,0.07872304847,3.568853257,0.1508189264,1,-21.0067547,3.572038622,19.30681072,0,183.5494695,18.70899377,2.41986675
0.08427712858,0.08258675637,3.93601634,0.2545859958,1,-164.9406681,3.944241202,5.292264645,17.91922995,86.27274688,39.47664445,3.700800722
0.08427712858,0.08645046427,3.264903388,0.01874046803,1,-196.0701321,3.264957172,214.1094365,0,142.1085461,279.0363366,0.3288728039
0.08427712858,0.09031417218,3.727524534,0.003727419186,1,-97.46364986,3.727526397,65.62064749,0,521.7015587,69.90786556,0.05729414112
0.08427712858,0.09417788008,4.904034748,0.002175909691,1,-187.3639378,4.904035231,-148.1889587,0,502.8004751,-246.7579161,0.02542201271
0.08427712858,0.09804158798,4.946279175,0.3845690786,1,-254.3793867,4.961206612,-130.4468488,0,315.1281875,-289.4857865,4.445755346
0.08427712858,0.1019052959,5.13875037,0.6166559099,1,-53.90592114,5.175617825,-288.6628133,0,212.8261019,-351.9291346,6.842837884
0.08427712858,0.1057690038,5.560300333,0.6290116641,1,-499.1480403,5.595765851,-137.1238196,59.41868832,-115.5840831,-98.92550135,6.454173937
0.08427712858,0.1096327117,2.763605008,0.4690687659,1,-636.3302615,2.803130062,-22.10048177,79.79022847,-114.6729649,52.94621789,9.633051381
0.08427712858,0.1134964196,2.658643233,0.3390531377,1,-388.3423062,2.68017553,115.1263816,46.35848698,73.98266355,177.4922147,7.26762276
0.08427712858,0.1173601275,1.549011173,0.2281054041,1,-761.7666374,1.56571635,-39.93512564,86.1784158,-349.6490232,67.43264538,8.377096631
0.08427712858,0.1212238354,-1.635542235,-0.07578456743,1,-869.8074733,1.637297072,-78.99585075,0,-778.6367104,78.30898663,-177.3470375
0.08814083648,0.01690372206,1.587756785,0.1679002341,1,-190.1158144,1.596609563,-81.34019952,0,-228.3160185,-38.07955614,6.036412795
0.08814083648,0.02076742997,0.7794075956,0.0843269893,1,-142.7384881,0.7839561475,-36.57514553,3.261706599,-135.5827733,8.631639758,6.175022287
0.08814083648,0.02463113787,0.5124047285,-0.006765579377,1,-22.71930145,0.5124493915,4.403958195,2.167161322,14.42650119,10.87963479,-0.7564657364
0.08814083648,0.02849484577,0.7473666377,0.05930686647,1,58.36787634,0.7497160766,35.42938514,0,80.39208428,-8.729398473,4.537167149
0.08814083648,0.03235855367,1.048532685,0.1638510617,1,151.2580883,1.061257726,43.32999247,8.765250364,127.5917142,29.81725468,8.881610214
0.08814083648,0.03622226157,1.824760823,0.1115161382,1,198.0255782,1.828165176,39.77537213,10.3209404,176.3102933,44.95271357,3.497152861
0.08814083648,0.04008596947,2.494857149,0.1438473267,1,101.1390037,2.49900065,-2.484435586,5.475210645,91.54512703,-20.0675197,3.299880255
0.08814083648,0.04394967737,2.569236021,0.1794520392,1,21.48583262,2.575495441,-42.38299004,0,34.23358298,-68.3210633,3.99541851
0.08814083648,0.04781338527,2.710140695,0.2440644653,1,-28.58138267,2.721108239,4.121515475,3.226258869,-12.65688865,-0.2083914992,5.145948055
0.08814083648,0.05167709317,2.409903386,0.196181535,1,-133.702564,2.417875416,65.1242873,6.652029322,-104.4780872,95.15540645,4.653980037
0.08814083648,0.05554080107,1.789880232,0.128032993,1,-147.0593663,1.794453591,9.944370235,0,-154.5711447,11.46843959,4.091489753
0.08814083648,0.05940450897,1.244491198,0.1902929762,1,-63.37287429,1.258955821,0.01516200269,5.066307784,-49.38240804,-24.14274126,8.693659665
0.08814083648,0.06326821687,1.354226756,0.2213720747,1,73.84330211,1.372201043,-29.43689537,0,141.0845595,-38.78619079,9.283885996
0.08814083648,0.06713192477,2.074909675,0.2264159227,1,174.7812237,2.087226468,-37.31407174,0,217.2009791,-59.36115795,6.227524791
0.08814083648,0.07099563267,2.86873149,0.3065555758,1,133.8172094,2.885064416,-15.19274872,0,194.6433508,-25.27789502,6.099538333
0.08814083648,0.07485934057,3.343985336,0.2653819822,1,84.03998967,3.354499295,28.91133206,0,143.9257813,7.093686091,4.537539592
0.08814083648,0.07872304847,3.749524641,0.3908525869,1,44.31253706,3.769840948,89.84954495,0,152.1028151,17.79024138,5.951051936
0.08814083648,0.08258675637,4.102876884,0.5437980827,1,13.90442247,4.138757673,31.38287095,0,122.8437099,39.13422399,7.55001621
0.08814083648,0.08645046427,4.27787948,0.3609036229,1,-71.69447095,4.293076318,199.4105168,0,85.41293514,119.7634552,4.822343412
0.08814083648,0.09031417218,4.155881022,0.8515310637,1,-137.2601723,4.242222557,179.617737,0,56.81020144,37.5440906,11.57950909
0.08814083648,0.09417788008,3.967044292,0.9098346929,1,-180.5867114,4.070041718,-60.13276831,19.64990584,72.56110387,-81.45080203,12.91729348
0.08814083648,0.09804158798,3.738501629,0.933897719,1,-92.31731404,3.853382849,-141.5646069,0,87.83270423,-143.9360201,14.02574656
0.08814083648,0.1019052959,3.94971707,0.9189971408,1,-91.14681837,4.055221409,-259.1932939,0,23.29232087,-289.3486066,13.09819986
0.08814083648,0.1057690038,3.476331671,1.050409039,1,-233.3508566,3.63156179,-271.9741653,0,-74.5528839,-394.0490462,16.81272687
0.08814083648,0.1096327117,2.760066955,1.390658823,1,-193.2884801,3.090615077,48.64263741,21.86978526,74.82801586,-7.069500618,26.74123517
0.08814083648,0.1134964196,3.01863504,1.265664467,1,-322.1196031,3.273234493,-19.53268882,40.93745854,19.53936501,24.08535095,22.74750987
0.08814083648,0.1173601275,1.590985299,1.222131458,1,-712.4083729,2.006200269,-82.19064145,80.5791041,-318.9313907,195.2971812,37.53003274
0.08814083648,0.1212238354,-0.9661605535,0.1935325742,1,-729.247796,0.9853532729,39.16417677,0,-594.4267249,571.6055052,168.6729356
0.09200454438,0.01690372206,1.719173835,0.00309193599,1,-240.4912617,1.719176615,7.895845868,0,-328.8024068,-40.74065718,0.10304641
0.09200454438,0.02076742997,0.6193816123,0.09705055652,1,-148.3467433,0.6269389063,-30.57710496,0,-168.2963844,-55.89912548,8.905235378
0.09200454438,0.02463113787,0.4957572803,0.1009288267,1,8.630787146,0.5059267822,-21.06126986,0,27.04850692,-29.13375309,11.50730976
0.09200454438,0.02849484577,0.7572359827,0.1282402737,1,85.65061976,0.7680181647,-16.18636786,0,109.154869,-22.38757121,9.612018841
0.09200454438,0.03235855367,1.248428786,0.1248884651,1,152.9691836,1.254659939,8.696687202,0,156.8445634,24.15749958,5.712664576
0.09200454438,0.03622226157,1.954265805,0.06850421082,1,166.0807405,1.955466098,-1.125288996,2.043946076,165.3021102,4.578113237,2.007605979
0.09200454438,0.04008596947,2.528795325,0.1028521848,1,64.89740809,2.530886083,-1.135102274,1.668687093,63.5551049,-35.76027128,2.329073367
0.09200454438,0.04394967737,2.450568794,0.2022857499,1,-15.83337866,2.458903605,39.43710359,0,-20.5752041,9.534222718,4.718864516
0.09200454438,0.04781338527,2.388123196,0.2183881819,1,12.15296195,2.398087946,42.89955816,0,4.087880803,41.66289556,5.225029935
0.09200454438,0.05167709317,2.513318666,0.2070638529,1,-62.00682901,2.521833888,8.519713799,0,-65.81029081,48.57988503,4.709769416
0.09200454438,0.05554080107,1.89427518,0.06360738183,1,-142.6258833,1.895342807,34.09872606,9.133085653,-118.5450113,43.48558556,1.923197722
0.09200454438,0.05940450897,1.504230617,0.1707957697,1,-98.82247531,1.513895949,90.53208956,0,-53.7598832,23.83060766,6.477826814
0.09200454438,0.06326821687,1.304741516,0.3213224244,1,32.36944175,1.343725613,29.71346735,0,103.7222808,-1.226622974,13.83508021
0.09200454438,0.06713192477,2.030049281,0.2903392411,1,148.9371982,2.050706453,10.50564184,0,238.3698221,-9.316072916,8.13929061
0.09200454438,0.07099563267,2.80118271,0.3979077403,1,149.1966539,2.829302943,28.45346754,0,217.565637,-21.58089733,8.084770995
0.09200454438,0.07485934057,3.447111642,0.4836574119,1,90.07354247,3.480876781,49.25713944,0,216.2537654,5.418076209,7.986918697
0.09200454438,0.07872304847,3.98474195,0.5672890753,1,40.91216872,4.024920533,48.77939593,0,156.1426228,-0.8719168263,8.102484845
0.09200454438,0.08258675637,4.208473797,0.6754955813,1,41.94802859,4.262340434,56.4448411,0,90.91823592,41.31209288,9.118679213
0.09200454438,0.08645046427,4.498098385,0.6257575942,1,5.944996575,4.541416261,110.0631761,0,86.73815005,89.85898981,7.919930293
0.09200454438,0.09031417218,4.566574402,0.7535586557,1,-17.89030702,4.628331494,142.918739,0,-18.62932649,51.16554792,9.370287473
0.09200454438,0.09417788008,4.356997189,0.9802651234,1,-117.6409963,4.465909114,120.7448955,0,-69.58492092,36.09629365,12.67964195
0.09200454438,0.09804158798,3.843188147,1.080616128,1,-239.9362822,3.992220729,72.70015676,25.82537091,-106.2732472,52.36989501,15.70476195
0.09200454438,0.1019052959,3.019344695,1.058815316,1,-194.2973522,3.199614393,27.3597944,24.28874136,-27.30505164,-14.55448131,19.32460479
0.09200454438,0.1057690038,2.986981188,1.242560646,1,-82.70332209,3.23512188,90.21693822,0,58.086236,-25.26210027,22.58692579
0.09200454438,0.1096327117,2.924231465,1.50499259,1,-85.95905708,3.288788889,80.81524819,3.668823886,5.531704341,-26.99904753,27.23318648
0.09200454438,0.1134964196,2.67623339,1.659123592,1,-239.4722446,3.148796,-20.8591618,30.42744528,-3.353995101,-83.853815,31.79673057
0.09200454438,0.1173601275,1.986021804,1.748385529,1,-349.5789413,2.645965715,-58.91751414,39.21581723,-155.6196994,255.2881539,41.35893436
0.09200454438,0.1212238354,0.7242934106,0.4451246701,1,-431.8102504,0.8501393513,49.31583233,0,-221.3076488,723.932492,31.57338755
0.09586825228,0.01690372206,1.460854028,-0.1733082347,1,-234.0114278,1.471098309,4.648778556,0,-291.6832434,-88.81358597,-6.765655415
0.09586825228,0.02076742997,0.4452887008,0.007247403363,1,-127.0883304,0.4453476753,-7.207875835,0,-168.5831426,-68.72995537,0.9324489124
0.09586825228,0.02463113787,0.3184658218,0.06439511001,1,24.25246863,0.3249110799,-21.11996776,0,15.35702248,-58.09818146,11.43131195
0.09586825228,0.02849484577,0.5983282046,0.1501204198,1,102.4614166,0.6168733912,-16.09248487,0,119.3477537,-45.7089285,14.08475466
0.09586825228,0.03235855367,1.175471666,0.1788243972,1,140.5059935,1.188996132,-38.42661974,0,180.3705724,-27.65647803,8.650077579
0.09586825228,0.03622226157,1.838101527,0.1085077382,1,128.8051364,1.841301484,-61.60745623,0,175.7811748,-51.2124318,3.378392667
0.09586825228,0.04008596947,2.352304203,0.1386610592,1,97.67923471,2.356387479,-47.47579215,0,140.5233981,-61.09568112,3.373505304
0.09586825228,0.04394967737,2.758446921,0.1611310108,1,74.35528713,2.763149041,-4.511225063,0,102.8219558,-23.72652037,3.343057919
0.09586825228,0.04781338527,3.036865316,0.2129033475,1,-42.19386345,3.0443191,-9.213086776,5.122878848,9.083864656,-14.48135738,4.010232925
0.09586825228,0.05167709317,2.630519557,0.1814860696,1,-149.9099485,2.636772712,-40.89610469,13.81408039,-95.24884479,-43.01093872,3.9467238
0.09586825228,0.05554080107,2.089643349,0.2210744485,1,-168.55224,2.101305128,44.55436549,18.34209729,-75.81517266,-2.787619073,6.039159743
0.09586825228,0.05940450897,1.686355255,0.3644016693,1,-131.4619639,1.725277549,85.27018807,12.15997526,-30.39078567,13.84031782,12.19346776
0.09586825228,0.06326821687,1.464291602,0.4970586025,1,4.37100847,1.546356088,86.51841524,0,97.3837248,32.79908804,18.74995025
0.09586825228,0.06713192477,2.079505821,0.5719574582,1,115.4278115,2.156728957,15.32292888,0,254.9401172,-3.740301446,15.37864261
0.09586825228,0.07099563267,2.895285094,0.5707133561,1,132.3793571,2.950998054,60.57362954,0,249.5668498,13.74088423,11.15107987
0.09586825228,0.07485934057,3.555234399,0.7529055063,1,56.99181178,3.634082873,81.49852386,0,212.0088681,12.81940692,11.95708305
0.09586825228,0.07872304847,3.934625146,0.8360694029,1,47.00220055,4.022472758,8.370782444,0,192.49487,13.52149445,11.99636372
0.09586825228,0.08258675637,4.480581122,0.7330046596,1,84.33291586,4.540143502,50.7333724,0,204.4299033,92.92202608,9.291050132
0.09586825228,0.08645046427,5.050320332,0.6730647683,1,-27.91392629,5.094973174,108.9945555,0,137.9597434,79.05672073,7.591173605
0.09586825228,0.09031417218,4.905766015,0.8486757083,1,-131.7779604,4.978633412,154.0839543,0,8.247012706,44.74738595,9.814774052
0.09586825228,0.09417788008,4.573032834,1.095509331,1,-127.2601405,4.702421716,153.7582078,0,-49.77970211,-1.961880459,13.47181777
0.09586825228,0.09804158798,4.221735776,1.450332643,1,-147.7233681,4.463912829,112.4743142,12.21567473,-0.7971177528,-8.833324198,18.95961659
0.09586825228,0.1019052959,3.999193059,1.564206612,1,-166.4880441,4.29421558,143.6843249,9.536532551,38.51833276,106.4024891,21.36198654
0.09586825228,0.1057690038,3.727298192,1.594378767,1,-233.5072652,4.053985134,88.03840062,27.25689433,-33.38558768,41.46505887,23.15916779
0.09586825228,0.1096327117,2.967997035,1.7441524,1,-234.5967815,3.442538888,65.07890645,27.92751918,-53.53149755,-85.961923,30.44075278
0.09586825228,0.1134964196,2.614054684,2.177956413,1,-191.5841682,3.402466168,17.17508168,24.00446173,31.5583692,-41.67535909,39.80010557
0.09586825228,0.1173601275,2.349704091,1.971533313,1,-166.0894643,3.067254949,-59.7091797,19.70301842,12.71100176,243.3942908,39.99853294
0.09586825228,0.1212238354,2.021445106,1.006853139,1,-247.5117414,2.258316533,9.970567425,0,77.59258965,509.3251765,26.47724437
0.09973196018,0.01690372206,1.393985603,-0.2197351135,1,-288.4510624,1.411197854,-7.821124721,0,-264.3886537,-88.81163446,-8.957873302
0.09973196018,0.02076742997,0.325980014,-0.06327327728,1,-156.2297527,0.3320639654,16.88828617,0,-155.4667169,-57.21010378,-10.98461766
0.09973196018,0.02463113787,0.1896814912,0.0665594212,1,21.32517685,0.2010204583,10.76398927,0,28.49053504,-55.68964324,19.33602204
0.09973196018,0.02849484577,0.5184533736,0.1934841477,1,89.94255903,0.5533805345,4.244157933,0,117.9979812,-50.71707042,20.46531712
0.09973196018,0.03235855367,0.9931029992,0.2789135534,1,115.8695482,1.031526217,-26.60122745,0,142.9257241,-41.23011645,15.68742809
0.09973196018,0.03622226157,1.518362712,0.2500059017,1,124.8060985,1.53880742,-53.96312676,0,164.0883768,-51.23930903,9.350136816
0.09973196018,0.04008596947,2.109306866,0.2683895173,1,86.94333081,2.126313332,-52.04813939,0,126.0913248,-68.16393858,7.251384424
0.09973196018,0.04394967737,2.341466394,0.3122726423,1,-13.27976115,2.362197933,-48.58349089,0,61.7482075,-86.91993651,7.596497603
0.09973196018,0.04781338527,2.296574785,0.4165103451,1,-63.77296034,2.334038691,-88.84463519,0,24.34450511,-116.2757328,10.27951815
0.09973196018,0.05167709317,2.18912636,0.4182583911,1,-75.32642128,2.228724815,-68.79766879,3.545824613,12.97049204,-70.19683674,10.81667181
0.09973196018,0.05554080107,2.055649688,0.4219163214,1,-88.76629927,2.098501614,-1.685003625,11.23956014,10.61295395,-38.70821867,11.5987173
0.09973196018,0.05940450897,1.887164662,0.5613052795,1,-85.63801167,1.96887127,49.27950283,8.830929372,10.60641002,-17.6976281,16.56422138
0.09973196018,0.06326821687,1.765749496,0.6806963914,1,-16.59185437,1.892410859,85.94470351,0,65.15569844,16.56348564,21.08165001
0.09973196018,0.06713192477,2.07480117,0.8293740391,1,111.3531116,2.234426367,53.78384044,0,230.9509192,9.787349234,21.78839997
0.09973196018,0.07099563267,3.088312284,0.8506859821,1,157.8913971,3.203332547,72.01811155,0,291.6061971,6.478996157,15.40039754
0.09973196018,0.07485934057,3.811528576,1.082598037,1,35.50112317,3.962293351,29.26818945,0,218.4039478,-42.8760504,15.8562702
0.09973196018,0.07872304847,4.069327313,1.129430252,1,30.85639784,4.223154919,15.89693067,0,215.5358614,1.165686726,15.51184353
0.09973196018,0.08258675637,4.763516295,1.139515261,1,22.96381399,4.89791614,52.63996274,0,276.0614499,17.12621422,13.45331996
0.09973196018,0.08645046427,5.224673587,1.266645002,1,-85.10164193,5.376021173,64.53651673,0,232.9607303,24.4043448,13.62759007
0.09973196018,0.09031417218,5.334800622,1.29457425,1,-163.9982104,5.489628418,67.59738391,15.09513795,91.22362798,64.23742415,13.64007211
0.09973196018,0.09417788008,4.943493858,1.279626905,1,-236.1874806,5.106425025,58.64012102,28.58227633,-46.22878685,-32.90975817,14.51251916
0.09973196018,0.09804158798,4.243626659,1.648296242,1,-204.725293,4.552499063,76.56388924,23.58430325,-43.19374964,-71.29231095,21.22701054
0.09973196018,0.1019052959,3.985607094,1.850900074,1,-204.8574349,4.394416343,-2.897349917,26.10265623,9.117500592,-98.00705279,24.9099679
0.09973196018,0.1057690038,3.487344728,2.015772352,1,-312.0455597,4.028015818,-57.98744621,39.05415258,16.45864309,-149.5253918,30.02898492
0.09973196018,0.1096327117,2.843545589,2.204575958,1,-234.2678124,3.598042061,80.00466148,28.08608534,-0.1632771921,-50.83049409,37.78610767
0.09973196018,0.1134964196,2.581571475,2.521281177,1,-76.83862166,3.608513551,30.0359359,7.56102692,38.58050962,-30.69389949,44.32308081
0.09973196018,0.1173601275,2.695727419,2.439218302,1,-77.24080401,3.635482395,-111.4773015,0,115.8381846,100.7665728,42.14024565
0.09973196018,0.1212238354,2.730700479,1.701232843,1,46.35044108,3.217284304,-185.6270607,0,-28.24707467,196.381869,31.92300361
0.1035956681,0.01690372206,1.087493273,-0.08033811624,1,-242.3874174,1.090456708,-70.57168507,0,-170.6853706,-117.4353038,-4.225027229
0.1035956681,0.02076742997,0.2894969755,0.01019555076,1,-137.6857271,0.2896764542,-1.283990307,11.16445061,-106.2786407,-45.90901935,2.017018282
0.1035956681,0.02463113787,0.1448862176,0.09207996104,1,17.10953358,0.1716704263,19.1085786,0,16.34886266,-45.16202144,32.43730204
0.1035956681,0.02849484577,0.4187704454,0.2585183759,1,100.5011113,0.4921386356,-4.518582337,2.541666002,98.40236906,-54.0258437,31.68816091
0.1035956681,0.03235855367,0.9133911663,0.2833615579,1,139.0807131,0.9563352943,-43.2604914,6.152801248,123.0663294,-43.7172059,17.23547044
0.1035956681,0.03622226157,1.431630045,0.2602829873,1,124.7271771,1.45509856,-55.60279748,0,127.4784,-57.2995911,10.30432794
0.1035956681,0.04008596947,1.887839847,0.2899174728,1,93.70270496,1.909971578,-60.19778266,0,114.1989362,-109.5633619,8.730761567
0.1035956681,0.04394967737,2.234901258,0.451017166,1,18.20533698,2.279956166,-37.74222453,0,74.06361583,-105.9269913,11.40941097
0.1035956681,0.04781338527,2.244340129,0.5533634949,1,-46.08826547,2.311552243,-39.59608726,2.754396265,9.487188547,-58.13330254,13.85056609
0.1035956681,0.05167709317,2.093485388,0.5226395511,1,-75.92963957,2.157737976,-39.04882396,8.286577445,-4.502007956,-52.42544577,14.01739181
0.1035956681,0.05554080107,1.933575737,0.6050468543,1,-86.86634797,2.026029819,-6.485395112,10.92295511,13.07531561,-61.77488805,17.37573841
0.1035956681,0.05940450897,1.808378393,0.7362620018,1,-29.55865871,1.952514827,26.54998984,0.9570839841,10.60732058,-27.24818001,22.15317232
0.1035956681,0.06326821687,1.860353302,0.8129072682,1,31.43628697,2.030205072,62.76330587,0,102.3077613,-14.30940725,23.60359201
0.1035956681,0.06713192477,2.325126329,1.034048452,1,126.9817265,2.544694215,69.06255688,0,219.3751208,-1.967920682,23.97604746
0.1035956681,0.07099563267,3.19857499,1.087348286,1,72.59252236,3.378344011,3.202007575,0,232.1746339,-106.9357547,18.77534832
0.1035956681,0.07485934057,3.502657599,1.459588595,1,0.4675352099,3.79460263,4.397364038,0,207.0986543,-115.2464164,22.62192675
0.1035956681,0.07872304847,4.000550116,1.549616905,1,39.69292727,4.290188083,-11.59688189,0,283.1781812,-76.64098114,21.17392432
0.1035956681,0.08258675637,4.750137251,1.710899995,1,31.0542639,5.048859544,-16.46092438,0,329.5867994,-107.6551794,19.80795842
0.1035956681,0.08645046427,5.393961842,1.901964869,1,-71.18067105,5.719466296,-25.214435,0,243.2951193,-57.27647229,19.42315975
0.1035956681,0.09031417218,5.415137205,1.834778342,1,-243.7624665,5.717527657,-83.04575564,28.31442833,57.0210202,-64.27864552,18.71761273
0.1035956681,0.09417788008,4.67244744,1.829454237,1,-293.8638731,5.01783498,-29.54988884,37.27393958,-9.739199295,-91.57968205,21.38237464
0.1035956681,0.09804158798,4.242103615,2.074443344,1,-235.3704717,4.722156104,79.63230425,27.79330056,-39.78477979,-65.69157587,26.05922917
0.1035956681,0.1019052959,3.609327921,2.390943261,1,-347.6508252,4.329417711,6.134378791,44.32994605,6.896697629,-198.1201164,33.52186419
0.1035956681,0.1057690038,2.9255292,2.863623051,1,-229.0476841,4.093782857,27.25689969,26.51635222,92.23340125,-39.44604178,44.38733242
0.1035956681,0.1096327117,3.080717496,2.648663943,1,-164.3378321,4.06278734,91.58070094,13.80939192,83.06442752,153.624943,40.68747858
0.1035956681,0.1134964196,2.611512505,2.623902222,1,-204.487344,3.702007622,53.81900506,25.15757068,4.576648954,35.99411089,45.1355914
0.1035956681,0.1173601275,2.308320964,2.717534127,1,-71.85101165,3.565576728,-301.3632119,0,-70.11467908,191.7569056,49.65484577
0.1035956681,0.1212238354,2.062998544,0.7186301282,1,107.7645755,2.184580567,-642.590756,0,-234.7526534,392.1168619,19.20540018
0.107459376,0.01690372206,0.6675815149,0.0573006511,1,-160.3801428,0.670036151,-88.38047925,0,-110.8316148,-88.78106834,4.905855419
0.107459376,0.02076742997,0.1436400097,0.0580745307,1,-85.73624043,0.1549358044,-8.868273889,7.187745338,-64.0066831,-10.50394615,22.0137835
0.107459376,0.02463113787,0.08901859826,0.06362041095,1,27.65627162,0.1094160296,4.311411899,3.200322809,10.80802389,-28.63639189,35.5528891
0.107459376,0.02849484577,0.2922548121,0.1853752205,1,90.46728402,0.3460879189,-16.1014462,8.770268208,56.5490017,-55.80896181,32.38667567
0.107459376,0.03235855367,0.6570465829,0.2170386527,1,105.3985073,0.691965309,-64.81429191,0,99.0388025,-84.29314616,18.27966032
0.107459376,0.03622226157,1.082140861,0.2606358236,1,90.35574633,1.113085745,-87.93194983,0,115.7552816,-121.718747,13.54188334
0.107459376,0.04008596947,1.45339939,0.3475809679,1,67.83445456,1.494383591,-91.22045064,0,114.4333738,-160.4433057,13.4496942
0.107459376,0.04394967737,1.786370509,0.5280927156,1,41.02279377,1.862794007,-93.45648833,0,79.47740739,-166.8721567,16.46890619
0.107459376,0.04781338527,1.918976969,0.6312376659,1,-13.48123233,2.020132075,-86.90343806,0,26.2477232,-129.9038885,18.20835627
0.107459376,0.05167709317,1.835696501,0.6942338957,1,-57.16712564,1.962585628,-57.81628668,0,24.28030303,-103.5816642,20.71589381
0.107459376,0.05554080107,1.791911893,0.8080617166,1,-40.8893924,1.965683588,-35.59234368,0,53.51212664,-41.3539064,24.2729688
0.107459376,0.05940450897,1.884467059,0.7164948911,1,-17.93159533,2.01608061,7.18829458,0,59.61417547,-30.71864706,20.81734856
0.107459376,0.06326821687,1.952961207,0.9545230665,1,28.43469483,2.17374602,81.46745478,0,87.9219756,-40.1411781,26.04738671
0.107459376,0.06713192477,2.334035246,1.186355127,1,73.83660316,2.618235859,81.90528339,0,116.2797818,-50.80184508,26.94354817
0.107459376,0.07099563267,2.687515386,1.467264647,1,70.6051937,3.06196089,18.82338347,0,200.9487119,-160.9534567,28.63258992
0.107459376,0.07485934057,3.383240217,1.880960325,1,68.17635103,3.870959326,22.81105982,0,201.2246041,-133.2363224,29.07249102
0.107459376,0.07872304847,3.728401984,2.070186151,1,31.51147972,4.264581111,-50.12863718,0,201.6137282,-156.7612975,29.04111803
0.107459376,0.08258675637,4.283967924,2.292957777,1,12.05790831,4.859016005,-98.68631773,0,292.7143113,-205.1906027,28.15754165
0.107459376,0.08645046427,4.905952817,2.481687598,1,-95.55082763,5.497922005,-168.968869,0,220.2016186,-211.3519921,26.83267318
0.107459376,0.09031417218,4.76558217,2.456713785,1,-213.8766397,5.361549779,-219.4928235,0,102.4633937,-192.5016668,27.27163894
0.107459376,0.09417788008,4.475484578,2.377401652,1,-200.8764794,5.067741195,-83.65473469,20.95876749,79.72534146,-70.00681901,27.97748219
0.107459376,0.09804158798,4.297489561,2.403982225,1,-270.2482382,4.924179837,66.01792187,32.84975922,-48.5269712,-152.2611273,29.22230969
0.107459376,0.1019052959,3.243830283,3.220768139,1,-267.1893904,4.57119047,152.2130459,27.40786528,45.31958559,-68.59205045,44.79560093
0.107459376,0.1057690038,3.440249443,3.25710862,2,-48.24846182,4.737517577,105.4503111,0,189.8529268,121.0576287,43.43362385
0.107459376,0.1096327117,3.790948573,3.160466023,1,-251.5160039,4.935568515,158.7876794,19.70552214,119.0871723,140.1696162,39.81754106
0.107459376,0.1134964196,2.92858312,3.329043378,1,-419.1127691,4.433861625,232.5484573,44.35244089,26.04270674,417.484549,48.66168173
0.107459376,0.1173601275,2.272240668,2.445926984,1,-51.54083242,3.338508119,-387.8986529,0,-250.1487969,375.9264433,47.10823397
0.107459376,0.1212238354,1.762942516,0.3778463193,1,-265.9105993,1.802979244,-556.6165718,0,2.278790258,513.8994807,12.09702301
0.1113230839,0.01690372206,NaN,NaN,0,-64.86568305,0.41802758,-48.49414468,0,-32.62844985,-39.7198222,15.41324203
0.1113230839,0.02076742997,NaN,NaN,0,-61.40019236,0.2343897705,4.309256001,6.830817,-29.72760781,26.08100263,23.68392083
0.1113230839,0.02463113787,0.05090160021,0.02698325318,1,-25.08455777,0.05761136048,19.67743679,1.830693714,6.00476604,11.05467641,27.92833933
0.1113230839,0.02849484577,0.1409296339,0.1274680405,1,29.49800036,0.1900243749,22.98415693,0,44.62302198,-37.0116474,42.12871315
0.1113230839,0.03235855367,0.3372835798,0.2587895164,1,47.41845868,0.4251261307,-15.64378748,0,76.98829504,-75.41831956,37.49815269
0.1113230839,0.03622226157,0.6216009911,0.3584193724,1,54.18679002,0.7175320471,-72.65602818,0,95.46246882,-127.3114458,29.96804245
0.1113230839,0.04008596947,0.9154846035,0.4699620852,1,64.7146874,1.0290658,-87.55253288,0,92.50900553,-149.9731905,27.17360102
0.1113230839,0.04394967737,1.229067416,0.5995945605,1,33.45001425,1.367523436,-118.8967456,0,93.67536838,-180.2115487,26.00520906
0.1113230839,0.04781338527,1.406659949,0.7068645743,1,-1.189182908,1.574277529,-124.3474402,0,63.51880016,-185.8774706,26.68011184
0.1113230839,0.05167709317,1.46989085,0.8373286247,1,3.723536787,1.691655502,-76.55381395,0,55.70589215,-144.6029993,29.66815806
0.1113230839,0.05554080107,1.636277903,0.9697867492,1,10.55672122,1.902075633,-39.79706628,0,53.51984481,-91.18490136,30.65431112
0.1113230839,0.05940450897,1.717463985,1.035876209,1,4.960519499,2.005672471,-27.12570608,0,94.36066914,-46.00963767,31.095981
0.1113230839,0.06326821687,2.020025964,1.042748745,1,81.29125496,2.273286133,17.9843771,0,107.086584,-23.98574386,27.30303696
0.1113230839,0.06713192477,2.44530093,1.198036497,1,75.42425528,2.723010849,55.86881183,0,87.47624206,-86.01790319,26.10181271
0.1113230839,0.07099563267,2.649425903,1.590957567,1,71.98470929,3.090405085,105.6518708,0,91.2537461,-95.09096588,30.9844559
0.1113230839,0.07485934057,3.076006639,1.973648181,1,87.2696919,3.654737198,14.56591057,8.383484648,55.53663619,-144.8366001,32.68531698
0.1113230839,0.07872304847,3.201187841,2.206842306,1,48.33845024,3.888155933,-25.94780169,0,81.08100033,-238.6000509,34.58169305
0.1113230839,0.08258675637,3.576045593,2.795274356,1,-18.31584455,4.538905244,-93.77628428,0,205.5259815,-330.620737,38.01354156
0.1113230839,0.08645046427,3.924513126,3.12194009,1,-101.2358407,5.014809388,-195.0855195,0,165.2327191,-262.8311873,38.50215844
0.1113230839,0.09031417218,3.823310838,3.057023828,1,-127.0548917,4.895211992,-232.8071938,0,166.9727528,-178.8894584,38.64495778
0.1113230839,0.09417788008,4.078744081,2.913617709,1,-171.7801823,5.012516477,-213.6502269,0,193.9283947,-181.0612537,35.53980856
0.1113230839,0.09804158798,3.908885061,2.931109555,1,-198.1440482,4.885773802,-112.9776768,3.630816272,160.2713459,-290.208712,36.86469795
0.1113230839,0.1019052959,3.932415022,3.59838666,1,-101.7376159,5.330316544,55.20277165,5.510734102,73.73463364,-165.4318452,42.46031296
0.1113230839,0.1057690038,3.800689717,3.783577267,2,-82.53116985,5.362900266,82.33328166,0,161.0531872,-42.46386007,44.87072324
0.1113230839,0.1096327117,4.235801161,4.080566363,2,-71.37479746,5.881584252,129.1302711,0,413.6264592,-15.87957402,43.93063096
0.1113230839,0.1134964196,5.123050167,4.343852951,1,-623.1058086,6.716747834,-82.00200703,77.47842492,112.2656083,469.3842396,40.29473329
0.1113230839,0.1173601275,2.262063843,1.950170966,1,-731.9560743,2.986653583,-382.7418641,78.4982109,-102.7597138,287.3443398,40.76528966
0.1113230839,0.1212238354,NaN,NaN,0,-425.3513175,2.584892732,-62.73288388,0,236.8734769,38.38002593,42.75629325
0.1151867918,0.01690372206,NaN,NaN,0,-35.49602756,0.3739467358,-11.59697768,0,1.49272099,-10.86826946,29.09866306
0.1151867918,0.02076742997,NaN,NaN,0,-37.12519053,0.3173537189,10.65261282,4.464074439,6.32834708,10.16484995,34.65283734
0.1151867918,0.02463113787,NaN,NaN,0,-36.20043006,0.2773520507,37.97916357,0,30.24697647,21.57892271,41.48936716
0.1151867918,0.02849484577,NaN,NaN,0,-13.95556189,0.3407582676,39.46301899,0,39.17762737,1.274990829,45.68451482
0.1151867918,0.03235855367,NaN,NaN,0,-9.34041597,0.450449003,22.64497114,0,27.83774225,-22.98454029,47.34621983
0.1151867918,0.03622226157,0.3095249521,0.4201129898,1,13.68086047,0.5218243193,-16.00260741,0,45.9665511,-48.01388635,53.61847573
0.1151867918,0.04008596947,0.5356693758,0.4549700944,1,28.26821072,0.7028082719,-15.98704054,0,54.85879726,-104.159571,40.34286572
0.1151867918,0.04394967737,0.6307034295,0.7607858922,1,7.380756219,0.9882216299,-45.0827283,0,40.42025756,-155.4120616,50.34073616
0.1151867918,0.04781338527,0.7203585304,0.8812504113,1,27.74655232,1.138208548,-128.6909973,0,62.97141966,-163.448449,50.73648329
0.1151867918,0.05167709317,0.9812111746,0.8950785328,1,62.05597023,1.328134387,-117.4046378,0,84.30015029,-141.4251559,42.37163477
0.1151867918,0.05554080107,1.28583583,0.9740586766,1,86.76781802,1.613122465,-89.46785621,0,73.87638569,-132.6472132,37.14500567
0.1151867918,0.05940450897,1.601893454,1.061910956,1,94.69383021,1.921904658,-43.93383407,5.497064256,71.9693508,-64.67298121,33.54079014
0.1151867918,0.06326821687,1.929773679,1.054188683,1,82.74240675,2.198940707,-11.59110277,3.706455887,76.60051607,-55.85157279,28.64671254
0.1151867918,0.06713192477,2.217547963,1.232920483,1,97.79711587,2.537244941,-14.18623555,0,108.8815408,-140.3670717,29.07334522
0.1151867918,0.07099563267,2.728319637,1.541714577,1,102.420249,3.133785551,12.53131943,9.520128568,69.01205847,-123.4604783,29.46985448
0.1151867918,0.07485934057,2.879912324,1.758353067,1,11.36471631,3.374270366,-0.8568112743,0,-17.07251872,-170.3777068,31.40647968
0.1151867918,0.07872304847,2.706266356,2.1966938,1,-72.59183534,3.485590516,31.81029614,8.19089523,11.59071145,-330.3972459,39.0664603
0.1151867918,0.08258675637,2.6442218,3.157817208,1,26.5310158,4.118703491,1.330049055,0,84.87234952,-338.9002456,50.05862647
0.1151867918,0.08645046427,3.136696419,3.511244278,1,-10.37928033,4.708258787,-148.2695164,0,147.7304403,-260.838458,48.22465997
0.1151867918,0.09031417218,3.174906562,3.592750717,1,-119.3168058,4.794568739,-197.0733271,0,71.10878597,-269.3221875,48.53303283
0.1151867918,0.09417788008,2.950434712,3.790392771,1,-203.7953789,4.803346994,-328.014202,0,91.15450437,-378.754036,52.102876
0.1151867918,0.09804158798,2.739695125,3.788794615,1,-170.1456396,4.675563497,-364.9549798,0,135.8528372,-392.9977016,54.12913209
0.1151867918,0.1019052959,2.817937341,3.898741656,1,91.06997967,4.810504896,-262.6118902,0,130.1160259,-368.5859494,54.14130279
0.1151867918,0.1057690038,3.594293242,4.198247425,1,173.362097,5.526683033,-80.46093688,0,191.7221386,-374.3826264,49.43180065
0.1151867918,0.1096327117,4.228516186,5.03436921,1,712.005479,6.574589149,-482.2411838,21.13932216,-496.9214996,-992.6463068,49.97210261
0.1151867918,0.1134964196,4.425314913,6.170303731,1,-514.2240197,7.593158777,-882.7000322,0,-87.49426407,-841.9590443,54.35207425
0.1151867918,0.1173601275,1.903652499,4.876957933,1,-393.1528045,5.23532344,-556.7629402,0,-320.2719154,280.2087785,68.67750594
0.1151867918,0.1212238354,NaN,NaN,0,-115.4906117,3.377577751,-591.9111005,0,-6.051864523,412.5480841,60.38979344
0.1190504997,0.01690372206,NaN,NaN,0,-23.10209396,0.4055895441,2.078009157,0,12.17338089,-2.077246476,38.77692682
0.1190504997,0.02076742997,NaN,NaN,0,-23.90493877,0.3946388629,11.73683234,1.8687933,14.80047203,4.049920989,41.60638865
0.1190504997,0.02463113787,NaN,NaN,0,-21.91339968,0.3993312896,24.05129792,0,22.75415499,5.748885889,45.27392744
0.1190504997,0.02849484577,NaN,NaN,0,-13.23887146,0.4469106112,28.33216882,0,27.46223836,-2.394387194,48.12274116
0.1190504997,0.03235855367,NaN,NaN,0,-7.158013397,0.5242431522,27.34177422,0,26.81026354,-11.58525924,50.14329398
0.1190504997,0.03622226157,NaN,NaN,0,-0.2568011834,0.6111594637,33.77719608,0,30.09901769,-10.29064983,52.2384301
0.1190504997,0.04008596947,NaN,NaN,0,-11.68510207,0.7291317973,19.30368965,0,32.43049883,-43.87077871,51.76279613
0.1190504997,0.04394967737,NaN,NaN,0,-18.77957696,0.8575453822,12.59421848,0,-26.08787527,-57.35486542,58.00123741
0.1190504997,0.04781338527,0.2779184618,0.8429631725,1,8.782392936,0.887595393,-9.44583091,0,-4.787779467,-60.18053995,71.7530104
0.1190504997,0.05167709317,0.4698481314,0.923273639,1,63.70394264,1.035949554,-45.86658576,0,65.74986323,-65.79947141,63.02874388
0.1190504997,0.05554080107,0.7780901543,0.9199780203,1,111.1603641,1.204899932,-74.39427315,0,103.1391804,-80.81344877,49.7764481
0.1190504997,0.05940450897,1.297838974,0.9480754585,1,139.8900583,1.607243939,-99.58915713,0,114.1035242,-125.2226304,36.14824605
0.1190504997,0.06326821687,1.759447166,1.019018273,1,79.3992758,2.033236969,-84.78160965,0,63.0320712,-160.560635,30.07811747
0.1190504997,0.06713192477,1.848152095,1.240863477,1,65.43523292,2.226074647,-64.65524044,0,53.9787811,-179.2756556,33.87771404
0.1190504997,0.07099563267,2.220828035,1.461878077,1,76.39222179,2.658790077,-78.38865471,0,70.16502286,-239.6098314,33.35523569
0.1190504997,0.07485934057,2.414406479,1.863775011,1,-47.09150535,3.050084579,17.22106709,5.583517276,2.240042515,-259.7721809,37.66595788
0.1190504997,0.07872304847,2.047535084,2.532099078,1,-37.9015455,3.256366942,81.82819994,0,0.9853175083,-217.602618,51.03990477
0.1190504997,0.08258675637,2.271772957,3.020688228,1,80.98200555,3.779617672,97.12377892,0,-4.292893243,-213.6478477,53.0542243
0.1190504997,0.08645046427,2.343839413,3.732829867,1,-9.066185123,4.407675352,-33.37190815,0,-55.76225454,-233.201834,57.87533737
0.1190504997,0.09031417218,2.021294803,3.792772692,1,-108.1263404,4.297761902,-125.0424719,0,-149.616062,-207.9648991,61.94536124
0.1190504997,0.09417788008,1.347998056,4.053217904,1,-133.483593,4.271495538,-167.471453,0,-135.9253614,-250.4553649,71.60417574
0.1190504997,0.09804158798,0.9803772975,4.113398287,1,-1.31662164,4.228615035,-227.072601,0,39.0143176,-148.3997992,76.59436397
0.1190504997,0.1019052959,1.493650942,3.749249178,1,392.2952096,4.035822411,425.8064659,0,-117.1890738,492.8102842,68.27832127
0.1190504997,0.1057690038,2.043307048,3.854515105,1,910.1638189,4.362612794,-131.7041336,0,-1675.331453,991.4717496,62.07160562
0.1190504997,0.1096327117,-1.462733289,-0.5903743555,1,-11.49337263,1.577380916,-95.91176411,0,-916.0704788,-649.2913233,-158.0204851
0.1190504997,0.1134964196,-1.540528733,5.99261208,1,862.0825256,6.187457338,-330.3367016,99.10039248,-174.589397,-1060.758323,104.4169288
0.1190504997,0.1173601275,1.193539343,2.231761433,1,875.677582,2.530868479,-647.265127,72.22543175,-165.0973099,340.1120853,61.86226184
0.1190504997,0.1212238354,NaN,NaN,0,206.3469459,2.488807491,-132.5896116,0,-200.4424961,-104.5924179,61.04347246
0.1229142076,0.01690372206,NaN,NaN,0,-16.28179523,0.4560547793,6.405972768,0,13.85046996,0.2748090843,44.23585817
0.1229142076,0.02076742997,NaN,NaN,0,-16.2112492,0.4611024826,11.20422337,0,15.21382687,1.324380681,45.69766067
0.1229142076,0.02463113787,NaN,NaN,0,-14.30935841,0.4808626767,18.15702694,0,18.50693312,-0.2389129462,47.81731191
0.1229142076,0.02849484577,NaN,NaN,0,-9.928510894,0.5246774572,22.47258417,0,21.10690754,-5.016166254,49.85493644
0.1229142076,0.03235855367,NaN,NaN,0,-5.795964973,0.5898775454,24.61276083,0,21.84205588,-10.67145964,51.6388272
0.1229142076,0.03622226157,NaN,NaN,0,-2.673536271,0.6700849579,26.99633997,0,21.99734381,-15.16226292,53.32020815
0.1229142076,0.04008596947,NaN,NaN,0,-3.732146057,0.7651209067,25.56730294,0,18.61196085,-24.94111029,54.82667223
0.1229142076,0.04394967737,NaN,NaN,0,-1.40585068,0.8638131486,30.2202816,0,4.147582659,-22.42327843,57.99920721
0.1229142076,0.04781338527,NaN,NaN,0,12.70623314,0.9437433077,53.37365953,0,11.1063286,9.261988973,61.42901527
0.1229142076,0.05167709317,NaN,NaN,0,31.22856935,1.057176327,30.55551422,0,29.54620011,0.9860075215,58.66556218
0.1229142076,0.05554080107,NaN,NaN,0,15.07234759,1.166271497,-4.568509142,0,32.42612579,-19.91541136,53.96104507
0.1229142076,0.05940450897,0.7332863741,0.9622793196,1,24.07765157,1.20983073,-62.1818776,0,52.45100676,-74.57500388,52.69148688
0.1229142076,0.06326821687,0.98184291,0.9909505855,1,53.17167109,1.394990524,-82.11083652,0,87.05214319,-140.7013889,45.26451206
0.1229142076,0.06713192477,1.275070233,1.1886561,1,60.10806125,1.743188866,-41.62113176,0,73.91435389,-177.9419736,42.99119885
0.1229142076,0.07099563267,1.499666374,1.517654499,1,92.29684641,2.133605965,-69.47448216,0,80.51524332,-266.2542796,45.34157171
0.1229142076,0.07485934057,1.94276567,1.948955758,1,75.95752232,2.751866093,-55.87834817,0,100.5587434,-270.5133056,45.09113335
0.1229142076,0.07872304847,2.181673664,2.34694128,1,55.15916927,3.20434601,27.26339521,5.985558991,9.86675189,-200.3377002,47.09002898
0.1229142076,0.08258675637,2.194006835,2.828339908,1,18.92237589,3.579549221,12.96468721,0,-38.31833465,-241.6826751,52.1984631
0.1229142076,0.08645046427,2.106733345,3.330824305,1,20.55055412,3.941156676,-45.1403026,0,-99.68269637,-201.4944213,57.68680699
0.1229142076,0.09031417218,1.888263352,3.432446552,1,-51.13098186,3.917553805,-32.71644964,0,-148.4301137,-149.2196111,61.18385281
0.1229142076,0.09417788008,1.335687564,3.780958491,1,11.48346929,4.009951169,19.69492272,0,-166.589373,-112.8655722,70.54337047
0.1229142076,0.09804158798,1.288979446,3.944621583,1,724.1724363,4.149880414,-215.2730083,48.38943776,578.0783294,263.726785,71.9042208
0.1229142076,0.1019052959,6.367204135,1.930243205,1,2181.06801,6.653354592,-1265.735429,206.8587169,-724.6419882,1254.116723,16.86488816
0.1229142076,0.1057690038,6.916184173,-5.791351083,1,-152.9439661,9.020717869,-3.642003255,0,-1145.791636,97.5291299,-39.9415326
0.1229142076,0.1096327117,1.34926913,1.539347499,2,-2436.809166,2.046977749,1334.48056,255,401.0305047,-724.7479122,48.76478142
0.1229142076,0.1134964196,-0.9494699228,2.164906234,2,658.4721659,2.363961111,-448.6149118,0,-822.1404041,-271.6761381,113.68097
0.1229142076,0.1173601275,0.716902865,0.8557077606,1,432.031136,1.116326784,-242.7375477,45.57543716,8.457138761,-35.64830963,50.04408277
0.1229142076,0.1212238354,NaN,NaN,0,153.7158647,1.558456278,19.24084227,0,-135.3163166,-244.2708728,61.13049842
0.1267779155,0.01690372206,NaN,NaN,0,-11.46465665,0.5041758185,7.126928109,0,12.23158799,0.3860507115,47.28538049
0.1267779155,0.02076742997,NaN,NaN,0,-10.95673568,0.5148072131,10.04985237,0,13.08960108,-0.3210853246,48.14740961
0.1267779155,0.02463113787,NaN,NaN,0,-9.18427388,0.5396209403,14.9000023,0,14.95284306,-3.0127521,49.52914337
0.1267779155,0.02849484577,NaN,NaN,0,-6.369848729,0.5819819632,18.7883801,0,16.61640281,-6.759905233,51.06042784
0.1267779155,0.03235855367,NaN,NaN,0,-3.423799327,0.6413095708,21.64034495,0,17.4537086,-10.92215016,52.56391782
0.1267779155,0.03622226157,NaN,NaN,0,-0.9092328728,0.714862595,24.02810004,0,17.43634084,-14.74583193,54.02004085
0.1267779155,0.04008596947,NaN,NaN,0,0.8359047895,0.8000996429,25.74890052,0,15.87241809,-18.30812109,55.4555694
0.1267779155,0.04394967737,NaN,NaN,0,4.182087161,0.8918182197,29.34594545,0,12.95991646,-16.65912701,57.09031355
0.1267779155,0.04781338527,NaN,NaN,0,10.76268853,0.9851521459,34.78839074,0,16.97644352,-8.710515711,58.14573995
0.1267779155,0.05167709317,NaN,NaN,0,16.33788186,1.091146477,27.71427553,0,25.99635501,-11.17229286,57.16048849
0.1267779155,0.05554080107,NaN,NaN,0,11.67696631,1.200576828,18.29995517,0,34.32417493,-18.17494488,55.29839596
0.1267779155,0.05940450897,NaN,NaN,0,5.923872083,1.307970543,24.8551268,0,49.74140548,-17.30504034,53.96509321
0.1267779155,0.06326821687,NaN,NaN,0,-4.594819376,1.459363669,12.65725114,0,64.21994246,-48.55471161,51.99542513
0.1267779155,0.06713192477,NaN,NaN,0,-26.93414737,1.635426692,-13.80073255,0,33.4316251,-82.75907252,52.31254099
0.1267779155,0.07099563267,0.9236701659,1.416357404,1,4.702216655,1.690927222,10.19781248,0,35.02647962,-161.8182926,56.88982693
0.1267779155,0.07485934057,1.153324468,1.958826944,1,55.13707039,2.27313887,-4.935018488,0,62.6659235,-248.4174522,59.51113651
0.1267779155,0.07872304847,1.378826524,2.357102407,1,33.91943882,2.730768086,-53.57633591,0,26.8379991,-271.1652223,59.67378543
0.1267779155,0.08258675637,1.388073461,2.799526843,1,23.77950443,3.124755747,-92.60155107,0,-20.650811,-328.4323446,63.62666794
0.1267779155,0.08645046427,1.390914882,3.268283707,1,46.13057414,3.551946311,-107.8095794,0,-64.17708669,-267.5810839,66.94638572
0.1267779155,0.09031417218,1.318347008,3.416837267,1,-18.88372318,3.662351122,-160.5122288,0,-85.39460486,-185.5950641,68.90147073
0.1267779155,0.09417788008,0.9880138817,3.365196456,1,65.49376907,3.507238033,-100.3148375,0,-104.512886,-134.5037743,73.63788332
0.1267779155,0.09804158798,1.167588537,3.548933332,1,131.2166973,3.736066218,-1502.869239,0,-11.9670574,1303.440719,71.78894783
0.1267779155,0.1019052959,1.448759657,-7.477565499,1,-20.91680147,7.616619351,-1249.453376,0,341.4562873,-335.6959944,-79.03494111
0.1267779155,0.1057690038,2.406059481,0.01844171932,2,-1205.511607,2.406130155,1462.557387,0,1061.695327,-3157.816399,0.4391462478
0.1267779155,0.1096327117,0.8930955582,10.3742092,1,-954.3182011,10.41258067,-98.85614227,67.607374,-787.4238268,-164.4708012,85.07964865
0.1267779155,0.1134964196,-4.323522953,0.2719575953,1,-47.50570544,4.332067827,-1150.775134,0,-153.1196708,1380.216912,176.4007314
0.1267779155,0.1173601275,0.1179377069,0.5951952329,1,549.315479,0.6067673919,14.48417529,0,656.5258124,-189.7190011,78.79204523
0.1267779155,0.1212238354,NaN,NaN,0,74.67460396,1.112721387,40.78211675,0,37.94149939,-200.3043216,72.45173712
0.1306416234,0.01690372206,NaN,NaN,0,-7.454940408,0.5426209634,6.480367739,0,9.455191583,-0.3509801754,49.02964929
0.1306416234,0.02076742997,NaN,NaN,0,-6.77503017,0.5551487266,8.653475047,0,10.15187922,-1.66723994,49.62158957
0.1306416234,0.02463113787,NaN,NaN,0,-5.101152698,0.5815124114,12.60474977,0,11.59843523,-4.731104898,50.63532278
0.1306416234,0.02849484577,NaN,NaN,0,-2.942810812,0.6229093135,16.140589,0,12.95215205,-8.088552418,51.85442187
0.1306416234,0.03235855367,NaN,NaN,0,-0.6201507341,0.6790566167,19.13213881,0,13.92003488,-11.51140383,53.12316471
0.1306416234,0.03622226157,NaN,NaN,0,1.624499318,0.7484775502,21.72681472,0,14.42189287,-14.59079354,54.35968575
0.1306416234,0.04008596947,NaN,NaN,0,3.802910927,0.8292307237,24.05425366,0,14.48145419,-16.88641515,55.51535276
0.1306416234,0.04394967737,NaN,NaN,0,6.535606003,0.9188537084,26.62620894,0,14.84322158,-17.19459278,56.52764978
0.1306416234,0.04781338527,NaN,NaN,0,9.824551976,1.015937385,28.71968246,0,17.84317399,-16.27263196,57.08195419
0.1306416234,0.05167709317,NaN,NaN,0,11.68330323,1.12283941,27.21324199,0,23.13860149,-18.78971835,56.86985939
0.1306416234,0.05554080107,NaN,NaN,0,9.37376371,1.238365781,25.19892747,0,29.13281346,-24.30703498,56.32551253
0.1306416234,0.05940450897,NaN,NaN,0,4.270239723,1.364481337,26.84006851,0,36.23594786,-31.72061099,56.02788227
0.1306416234,0.06326821687,NaN,NaN,0,-4.461378381,1.513445733,26.05218962,0,40.57530114,-49.08660185,56.14429278
0.1306416234,0.06713192477,NaN,NaN,0,-17.70326528,1.683854128,29.67483116,0,36.00266075,-68.15551183,57.61059062
0.1306416234,0.07099563267,NaN,NaN,0,-31.67013895,1.872899373,64.48887268,0,47.68956307,-79.45400537,60.79519593
0.1306416234,0.07485934057,NaN,NaN,0,-3.49522132,2.200394942,50.83714746,0,6.890408959,-126.3921073,64.02039163
0.1306416234,0.07872304847,NaN,NaN,0,-42.19127625,2.497943663,12.64381834,0,-60.46422757,-162.9981086,68.21701478
0.1306416234,0.08258675637,0.5672548459,2.656674148,1,-3.76557093,2.716559513,-20.09790967,0,-66.27949302,-171.5190508,77.94715884
0.1306416234,0.08645046427,0.6563334736,2.904627725,1,61.71387487,2.977857594,-38.44271901,0,-65.91941439,-172.7162714,77.26720255
0.1306416234,0.09031417218,0.5510058696,3.175467933,1,34.21824871,3.222918563,-84.30660521,0,-93.20729279,-141.1107724,80.15607634
0.1306416234,0.09417788008,0.4284170379,3.124102434,1,56.53110934,3.153340638,-68.47669189,0,-64.95824036,-124.3643138,82.19157091
0.1306416234,0.09804158798,0.5184458969,3.391401379,1,21.53830568,3.43080012,-107.6278383,0,-69.61829808,-161.0077888,81.30844297
0.1306416234,0.1019052959,0.2426499914,3.330346971,1,-1409.749899,3.339175043,-266.5886204,25.0217223,1370.345429,-157.1271575,85.83277749
0.1306416234,0.1057690038,0.3661985351,2.96847426,1,-381.5982151,2.990976563,-531.3868642,0,404.6850397,-234.7370166,82.96737816
0.1306416234,0.1096327117,0.331850738,2.184178611,1,933.8065758,2.209244467,-254.0678113,0,-1044.884447,59.52461595,81.36090012
0.1306416234,0.1134964196,-0.06297391254,1.756844721,1,-284.566619,1.757973005,421.0730041,0,208.9904985,657.6958186,92.05288222
0.1306416234,0.1173601275,NaN,NaN,0,-91.95710269,1.270562152,-88.46585747,0,143.4813947,49.74251978,88.20282601
0.1306416234,0.1212238354,NaN,NaN,0,-10.89887211,1.230398511,-51.33845952,0,60.72366206,-26.96329867,83.64921382
0.1345053313,0.01690372206,NaN,NaN,0,-3.813307754,0.56888278,5.331690482,0,6.29393418,-1.442741719,49.99768609
0.1345053313,0.02076742997,NaN,NaN,0,-3.087229095,0.5820076643,7.186767291,0,6.964351798,-2.973626339,50.46449644
0.1345053313,0.02463113787,NaN,NaN,0,-1.502495928,0.6087392114,10.72493273,0,8.336866583,-6.155875135,51.29291428
0.1345053313,0.02849484577,NaN,NaN,0,0.3199089114,0.6494627092,14.03708731,0,9.673735286,-9.351795708,52.33092178
0.1345053313,0.03235855367,NaN,NaN,0,2.261507885,0.7038983969,17.02080658,0,10.85238599,-12.44411921,53.44062045
0.1345053313,0.03622226157,NaN,NaN,0,4.224469951,0.7711026759,19.69276638,0,11.84974155,-15.21952325,54.52069046
0.1345053313,0.04008596947,NaN,NaN,0,6.215633597,0.8497881404,22.11509047,0,12.78828425,-17.45215317,55.49494807
0.1345053313,0.04394967737,NaN,NaN,0,8.332873949,0.938656725,24.38495418,0,14.08834166,-18.96019703,56.28737867
0.1345053313,0.04781338527,NaN,NaN,0,10.31661014,1.037138021,26.25088817,0,16.41442939,-20.39570097,56.79224608
0.1345053313,0.05167709317,NaN,NaN,0,11.19701536,1.145987543,27.22008249,0,19.5820635,-23.40691362,56.99333226
0.1345053313,0.05554080107,NaN,NaN,0,9.864545584,1.265954681,28.44244423,0,22.83252954,-28.54286569,57.13755179
0.1345053313,0.05940450897,NaN,NaN,0,6.244701479,1.399515145,31.25403013,0,25.49427136,-36.18376678,57.56626422
0.1345053313,0.06326821687,NaN,NaN,0,0.1823314122,1.551835428,35.03660768,0,25.84265349,-47.91557297,58.55472741
0.1345053313,0.06713192477,NaN,NaN,0,-7.747396433,1.726147684,41.9589949,0,22.3141537,-61.32236757,60.45611402
0.1345053313,0.07099563267,NaN,NaN,0,-14.41133944,1.928303766,54.40284008,0,17.06575655,-74.29296927,63.31909773
0.1345053313,0.07485934057,NaN,NaN,0,-12.70702612,2.176655861,54.04231714,0,-4.879137512,-91.80746322,66.68751114
0.1345053313,0.07872304847,NaN,NaN,0,-21.16856366,2.421721257,50.1571603,0,-34.13599908,-94.53217368,70.76296513
0.1345053313,0.08258675637,NaN,NaN,0,-10.32857082,2.638723682,74.03011829,0,-47.34743599,-52.44033727,75.79052356
0.1345053313,0.08645046427,NaN,NaN,0,-1.184907562,2.834100748,33.51123239,0,-50.66202212,-61.34865269,78.29300941
0.1345053313,0.09031417218,NaN,NaN,0,-1.068341547,2.958526651,-1.26186682,0,-84.89200174,-32.48864172,81.30213673
0.1345053313,0.09417788008,0.2429325644,2.895797096,1,-14.29550488,2.90596921,14.16320579,0,-67.94186151,-56.29466872,85.20460362
0.1345053313,0.09804158798,0.1296589425,3.196730842,1,-5.561546627,3.199359235,-2.195872521,0,-106.0635857,-97.47059274,87.67736453
0.1345053313,0.1019052959,-0.1883543412,3.263910785,1,-32.22869514,3.26934106,-48.93890167,0,-144.7200728,-12.62137899,93.3027719
0.1345053313,0.1057690038,-0.5540194099,3.056410543,1,113.6380264,3.106216817,-107.6163856,2.94340488,-28.28172439,30.79617991,100.2741474
0.1345053313,0.1096327117,0.1414374772,2.729125062,1,113.8238935,2.732787618,-149.3994953,0,-10.67321792,77.71198297,87.03328839
0.1345053313,0.1134964196,-0.1554753299,2.17891813,1,87.36723088,2.184458009,-162.5642685,0,-132.1727494,154.2982579,94.0813869
0.1345053313,0.1173601275,NaN,NaN,0,29.17567417,1.505194196,-119.7218973,0,19.59503627,98.00950974,91.20592237
0.1345053313,0.1212238354,NaN,NaN,0,8.648526323,1.338073587,-61.60261007,0,24.81073602,24.94287802,88.58850388
0.1383690392,0.01690372206,NaN,NaN,0,-2.035695141,0.582133297,4.684330692,0,4.684330692,-2.035695141,50.43327415
0.1383690392,0.02076742997,NaN,NaN,0,-1.304330788,0.595415961,6.43474012,0,5.361288676,-3.618095445,50.84945101
0.1383690392,0.02463113787,NaN,NaN,0,0.2322617417,0.6221886471,9.823203035,0,6.737171445,-6.814897113,51.59894459
0.1383690392,0.02849484577,NaN,NaN,0,1.918383495,0.6625623762,13.03371338,0,8.098587522,-9.946943637,52.55367545
0.1383690392,0.03235855367,NaN,NaN,0,3.69968899,0.7162430942,15.98497372,0,9.388146676,-12.93001415,53.58503611
0.1383690392,0.03622226157,NaN,NaN,0,5.526156959,0.7824980263,18.66701706,0,10.60648515,-15.63236375,54.58823074
0.1383690392,0.04008596947,NaN,NaN,0,7.386619548,0.8603637532,21.12134284,0,11.8492596,-17.94952208,55.48390582
0.1383690392,0.04394967737,NaN,NaN,0,9.241753366,0.9489774558,23.42227312,0,13.32932412,-19.9236972,56.2125538
0.1383690392,0.04781338527,NaN,NaN,0,10.79592971,1.048027295,25.54671967,0,15.26020799,-22.07517517,56.74370269
0.1383690392,0.05167709317,NaN,NaN,0,11.41405696,1.158034628,27.51094864,0,17.4522391,-25.36217641,57.13548584
0.1383690392,0.05554080107,NaN,NaN,0,10.40356775,1.280156208,30.00823156,0,19.3601039,-30.36225264,57.58348441
0.1383690392,0.05940450897,NaN,NaN,0,7.459556525,1.416679234,33.76749144,0,20.26808721,-37.48552617,58.34819493
0.1383690392,0.06326821687,NaN,NaN,0,2.5466546,1.571027453,38.78704622,0,19.13363214,-47.1637255,59.66796377
0.1383690392,0.06713192477,NaN,NaN,0,-3.758740635,1.746365188,45.61984293,0,15.04697221,-58.02727398,61.72809983
0.1383690392,0.07099563267,NaN,NaN,0,-9.850417846,1.945671787,53.38774294,0,7.468068558,-68.3214736,64.52067719
0.1383690392,0.07485934057,NaN,NaN,0,-12.96111187,2.168480155,55.15187974,0,-8.128584675,-77.6328436,67.83903437
0.1383690392,0.07872304847,NaN,NaN,0,-17.24447454,2.391931159,54.42718831,0,-26.05610218,-76.3679848,71.5872692
0.1383690392,0.08258675637,NaN,NaN,0,-15.27583817,2.596493757,58.21923511,0,-38.2316327,-56.69222692,75.48720533
0.1383690392,0.08645046427,NaN,NaN,0,-13.80810719,2.768399611,36.9325164,0,-45.73772189,-50.53624101,78.56656982
0.1383690392,0.09031417218,NaN,NaN,0,-17.77251842,2.882449914,19.38206725,0,-55.51056829,-33.25285788,81.6095089
0.1383690392,0.09417788008,NaN,NaN,0,-42.61488674,2.928899122,25.4800158,0,-31.728201,-13.72922725,84.79647038
0.1383690392,0.09804158798,NaN,NaN,0,16.36325133,3.006050664,-1.773651909,0,-83.87206146,3.691418564,87.45723147
0.1383690392,0.1019052959,NaN,NaN,0,87.01734265,2.895717123,-25.4478709,0,-103.575553,125.4313038,89.90504412
0.1383690392,0.1057690038,0.06938769944,2.420137798,1,171.1591049,2.4211323,7.02165015,0,-158.199512,315.6772316,88.35772429
0.1383690392,0.1096327117,0.05487113006,1.703158138,1,244.2776258,1.704041808,-218.0113211,0,-286.8013017,173.2013358,88.15472384
0.1383690392,0.1134964196,-0.09491136312,0.9086063647,1,315.9799891,0.9135500495,-45.17808113,0,-341.5809847,76.52825996,95.9633855
0.1383690392,0.1173601275,NaN,NaN,0,81.94856369,1.233706822,45.54643667,0,-58.81799311,-51.94737609,92.04590826
0.1383690392,0.1212238354,NaN,NaN,0,23.52031762,1.285305926,3.590216738,0,-3.590216738,-23.52031762,90.24703144
