PIVlab, ASCII chart output - 19-Sep-2021
FRAME: 259, filenames: A: 72_12_75_60 259.jpg & B: 72_12_75_60 260.jpg, conversion factor xy (px -> m): 0.00024148, conversion factor uv (px/frame -> m/s): 1
x [m],y [m],u [m/s],v [m/s],Vector type [-],vorticity [1/s],magnitude [m/s],divergence [1/s],dcev [1],simple shear [1/s],simple strain [1/s],vector direction [degrees]
0.03791263377,0.01690372206,NaN,NaN,0,-2.644919543,0.4405953095,-0.9482541216,0,0.9482541216,2.644919543,-43.97931175
0.03791263377,0.02076742997,NaN,NaN,0,-3.028304605,0.4431165182,-1.99435928,0,0.6178683839,3.421900879,-44.91951607
0.03791263377,0.02463113787,NaN,NaN,0,-3.636898187,0.4489415339,-4.024827246,0,0.006896430008,5.036416717,-46.72758368
0.03791263377,0.02849484577,NaN,NaN,0,-3.929021077,0.4592186859,-5.990379182,0,-0.5121777102,6.601183772,-49.25234161
0.03791263377,0.03235855367,NaN,NaN,0,-3.854416491,0.4748196548,-7.68231661,0,-1.058771538,8.015490505,-52.26789612
0.03791263377,0.03622226157,NaN,NaN,0,-3.416008925,0.4957238177,-8.872425573,0,-1.754526004,9.053945478,-55.50265449
0.03791263377,0.04008596947,NaN,NaN,0,-2.640784957,0.5206339193,-9.333577933,0,-2.66054759,9.413653262,-58.68469666
0.03791263377,0.04394967737,NaN,NaN,0,-1.512510556,0.5468936686,-8.828593083,0,-3.79765532,8.766184413,-61.58052954
0.03791263377,0.04781338527,NaN,NaN,0,-0.01105626602,0.5705021495,-7.096066236,0,-5.12056453,6.801384746,-64.00117664
0.03791263377,0.05167709317,NaN,NaN,0,1.536144846,0.5862606897,-3.975324531,0,-6.265930063,3.466334864,-65.78601768
0.03791263377,0.05554080107,NaN,NaN,0,2.215541218,0.5890499312,0.2327289498,0,-6.511988973,-0.5904142057,-66.82590489
0.03791263377,0.05940450897,NaN,NaN,0,1.358902115,0.5767175848,4.470121777,0,-5.610759492,-4.201617277,-67.1606611
0.03791263377,0.06326821687,NaN,NaN,0,-1.985948921,0.5517867824,6.737724908,0,-2.844870333,-5.848305656,-67.02499108
0.03791263377,0.06713192477,NaN,NaN,0,-9.128209826,0.5246594126,4.293296654,0,3.028061977,-2.644058714,-66.97788524
0.03791263377,0.07099563267,NaN,NaN,0,-23.87520682,0.5180312248,-11.11122239,0,18.01797634,8.976149724,-68.26795678
0.03791263377,0.07485934057,NaN,NaN,0,-42.68339355,0.589465289,-59.79586566,0,53.20138785,29.18048873,-71.95893703
0.03791263377,0.07872304847,NaN,NaN,0,-49.79024087,0.8571128446,-146.2500329,0,112.767219,71.94744214,-74.26438504
0.03791263377,0.08258675637,NaN,NaN,0,-43.90963923,1.466726442,-267.4400782,0,200.6099829,154.2959379,-73.12038855
0.03791263377,0.08645046427,NaN,NaN,0,-30.12265131,2.593533761,-475.7073758,0,351.6590917,259.1793228,-71.15132702
0.03791263377,0.09031417218,NaN,NaN,0,170.6672668,4.55908983,-616.74667,0,364.5263213,405.9604274,-68.53657238
0.03791263377,0.09417788008,NaN,NaN,0,1123.944992,7.034113564,150.1628136,0,-729.8825284,342.8856779,-65.60088947
0.03791263377,0.09804158798,NaN,NaN,0,514.2727467,5.920852581,832.0992013,0,-562.5360764,-440.4961061,-57.39122467
0.03791263377,0.1019052959,NaN,NaN,0,183.9318178,3.10021249,856.6529947,0,-266.5335007,-1179.579384,-28.70349705
0.03791263377,0.1057690038,2.871597541,2.879859309,2,-600.7706474,4.066898336,659.0991667,0,800.8582794,-901.5514074,45.08230334
0.03791263377,0.1096327117,3.492328783,4.540937096,2,273.8929538,5.728566141,169.4347745,0,301.1018542,-676.796886,52.43695536
0.03791263377,0.1134964196,5.093209524,6.149451261,2,-595.6341477,7.98476888,644.5226386,0,837.7539529,528.5894787,50.36715261
0.03791263377,0.1173601275,NaN,NaN,0,-54.46336607,6.670405231,-296.5571333,0,-245.9296326,208.4706238,48.40973857
0.03791263377,0.1212238354,NaN,NaN,0,76.47243997,5.752375124,-332.8221839,0,-332.8221839,76.47243997,46.87091441
0.04177634167,0.01690372206,NaN,NaN,0,-3.66452504,0.4381940895,-0.4303071484,0,1.698735796,3.109867192,-43.02854474
0.04177634167,0.02076742997,NaN,NaN,0,-4.124961264,0.4401501851,-1.588111566,0.3643512942,1.371987068,3.802838118,-44.0167166
0.04177634167,0.02463113787,NaN,NaN,0,-4.808174313,0.4451996319,-3.833054095,0.2871638353,0.7698040511,5.342854679,-45.92344796
0.04177634167,0.02849484577,NaN,NaN,0,-5.051397604,0.4550178959,-6.080503997,0,0.2709910284,6.935133789,-48.59722852
0.04177634167,0.03235855367,NaN,NaN,0,-4.788889806,0.4709576194,-8.069357424,0,-0.3389405663,8.506129913,-51.80386776
0.04177634167,0.03622226157,NaN,NaN,0,-4.031425176,0.4932816085,-9.543449847,0,-1.265659035,9.790624997,-55.25793241
0.04177634167,0.04008596947,NaN,NaN,0,-2.842860587,0.5207469498,-10.28995617,0,-2.580436248,10.43058887,-58.67233909
0.04177634167,0.04394967737,NaN,NaN,0,-1.174658911,0.5507232644,-10.09418445,0,-4.322885374,10.04546586,-61.81014355
0.04177634167,0.04781338527,NaN,NaN,0,1.187624764,0.5791447426,-8.553460305,0,-6.542536058,8.102455749,-64.47987063
0.04177634167,0.05167709317,NaN,NaN,0,3.912690474,0.599645573,-5.098480577,0,-8.673977574,4.152189781,-66.46239809
0.04177634167,0.05554080107,NaN,NaN,0,5.262628274,0.6043216511,0.2326896257,0,-9.170328945,-1.006660181,-67.51521146
0.04177634167,0.05940450897,NaN,NaN,0,4.501311546,0.5893467687,6.505718848,0,-8.129616669,-6.100324596,-67.62227522
0.04177634167,0.06326821687,NaN,NaN,0,0.3000780473,0.5539859316,11.70683709,0,-4.44053058,-10.44216018,-66.9283664
0.04177634167,0.06713192477,NaN,NaN,0,-8.742971221,0.5044372676,16.52966461,0,1.130577414,-11.78374305,-65.60149998
0.04177634167,0.07099563267,NaN,NaN,0,-36.35098461,0.4420978066,15.46113526,3.036853865,14.36144669,-6.315747428,-64.8789267
0.04177634167,0.07485934057,NaN,NaN,0,-81.52619836,0.3950217027,-33.48191331,5.01998146,55.96043362,-4.837697284,-71.79495825
0.04177634167,0.07872304847,NaN,NaN,0,-107.2394258,0.5186310479,-128.8783865,0,128.9520222,15.0016682,-80.12932985
0.04177634167,0.08258675637,NaN,NaN,0,-126.7709207,0.9539560391,-224.7844518,0,212.3585333,87.33942275,-77.44897404
0.04177634167,0.08645046427,NaN,NaN,0,-231.274815,1.767437389,-569.7859617,0,503.9902042,190.4310208,-76.26679231
0.04177634167,0.09031417218,NaN,NaN,0,-165.3443323,4.068752832,-1402.868777,0,1055.326193,737.6429516,-71.94547289
0.04177634167,0.09417788008,3.858221703,-9.987221419,1,261.2059296,10.70656184,-764.4543065,0,434.0512029,63.60249662,-68.87766437
0.04177634167,0.09804158798,3.947266302,-7.067785197,1,-48.14203894,8.095338093,689.0269324,0,-408.1087309,-1285.249476,-60.81720838
0.04177634167,0.1019052959,2.095401999,-2.359194062,2,444.4719987,3.155393186,1196.779927,0,-844.1013495,-2078.671326,-48.38898107
0.04177634167,0.1057690038,2.403215222,5.587601688,1,594.9285402,6.082494228,518.0313577,0,-487.0587696,-1281.456326,66.72756599
0.04177634167,0.1096327117,2.512179283,4.593500718,2,1316.131625,5.235579585,-435.8119849,127.3712903,-33.35463786,-1297.923232,61.32581099
0.04177634167,0.1134964196,7.359490802,8.918547726,1,1034.789095,11.56298397,-613.556553,61.08036912,-583.0314887,-620.1521295,50.47091325
0.04177634167,0.1173601275,NaN,NaN,0,-12.20576227,6.281918619,-1052.48329,0,-1002.918167,373.8858295,47.33108258
0.04177634167,0.1212238354,NaN,NaN,0,149.1215681,4.840066537,-547.8896071,0,-573.7345464,79.23337406,44.749933
0.04564004958,0.01690372206,NaN,NaN,0,-5.711289873,0.4342186726,0.8249110989,0,3.084957468,4.15070977,-41.06185268
0.04564004958,0.02076742997,NaN,NaN,0,-6.401831659,0.4346904083,-0.6228839251,0.5861139296,2.821635977,4.578658706,-42.13973809
0.04564004958,0.02463113787,NaN,NaN,0,-7.33038885,0.4376618199,-3.385876204,0.6223482127,2.340290333,5.849927459,-44.23678519
0.04564004958,0.02849484577,NaN,NaN,0,-7.533716062,0.4460791206,-6.27652414,0.3739460259,2.019489181,7.443067939,-47.20652603
0.04564004958,0.03235855367,NaN,NaN,0,-6.917231189,0.462406568,-8.887865769,0,1.396588518,9.366563837,-50.79862838
0.04564004958,0.03622226157,NaN,NaN,0,-5.493312118,0.4875056986,-10.89668025,0,0.02663740654,11.2172157,-54.69881021
0.04564004958,0.04008596947,NaN,NaN,0,-3.519632644,0.5200510541,-12.16859359,0,-2.077593649,12.4926302,-58.57549336
0.04564004958,0.04394967737,NaN,NaN,0,-0.9596030762,0.5575338095,-12.72033043,0,-4.942200062,12.86703223,-62.19247399
0.04564004958,0.04781338527,NaN,NaN,0,3.300900825,0.5967629825,-11.99878032,0,-9.330093821,11.33711224,-65.40869713
0.04564004958,0.05167709317,NaN,NaN,0,9.614882738,0.6295443555,-8.225074516,0,-14.66763396,5.919381275,-67.90528483
0.04564004958,0.05554080107,NaN,NaN,0,12.60285241,0.6396152591,-0.7986300314,0,-15.54761511,-1.577513019,-69.03850638
0.04564004958,0.05940450897,NaN,NaN,0,12.82605315,0.6225475071,9.680353025,0,-15.03926306,-8.68373462,-68.77138158
0.04564004958,0.06326821687,NaN,NaN,0,7.642651138,0.5705636114,17.27659481,0,-8.132943086,-17.81391261,-67.29117134
0.04564004958,0.06713192477,NaN,NaN,0,7.16816355,0.4977371807,35.06969891,0,-5.387600479,-27.32069638,-63.31530148
0.04564004958,0.07099563267,NaN,NaN,0,-41.73285781,0.3646590218,89.37424396,0,-7.189904825,-18.15146727,-51.47207859
0.04564004958,0.07485934057,NaN,NaN,0,-163.8021849,0.04524799878,31.63161938,15.62728728,51.29807309,-64.87104287,-40.31657769
0.04564004958,0.07872304847,NaN,NaN,0,-211.5097081,0.2252622474,-129.5727955,0,175.3612678,-113.0181425,157.1196864
0.04564004958,0.08258675637,-0.1051662677,-0.09323827041,1,-328.2290287,0.140546501,-160.6550707,18.85316084,219.4511497,-237.9926258,-138.4404571
0.04564004958,0.08645046427,-0.6278243503,0.3863933548,1,305.3882353,0.7371995927,305.7436139,0,-511.6325917,159.0892416,148.3898561
0.04564004958,0.09031417218,-0.9020342171,0.4733913866,1,257.7950725,1.01870758,-984.9706549,0,-44.09835327,600.1561883,152.3093204
0.04564004958,0.09417788008,0.1978373519,-5.738073753,1,-468.3870091,5.741483258,-1335.51976,0,931.4527549,437.8403216,-88.02533786
0.04564004958,0.09804158798,0.8871165634,-6.37835397,2,-221.7843189,6.43974962,-593.3859136,0,-7.518600408,-404.5625994,-82.08196194
0.04564004958,0.1019052959,-0.6881221489,-6.467631883,1,52.52712012,6.504135167,789.171981,0,-302.3312274,-525.0397795,-96.07312393
0.04564004958,0.1057690038,-0.07805353951,-1.300623608,2,869.4739528,1.302963593,591.4452621,0,-1521.230139,-908.2923975,-93.43433807
0.04564004958,0.1096327117,-3.206317673,-0.6730836391,1,1119.761656,3.276204299,-210.8039142,43.42062424,-1015.050562,-521.2023008,-168.1443811
0.04564004958,0.1134964196,0.3265195404,-0.1013349096,1,2326.166648,0.3418826906,-785.3903561,198.3014134,-1028.909086,-1260.097374,-17.24166093
0.04564004958,0.1173601275,NaN,NaN,0,995.5496191,2.146934008,-289.0224798,81.16058777,-530.8901684,-678.9591918,32.73759794
0.04564004958,0.1212238354,NaN,NaN,0,568.3706688,2.544980965,-236.3892051,0,-404.8379579,-362.8071617,33.51613345
0.04950375748,0.01690372206,NaN,NaN,0,-7.903747485,0.4307326381,2.802897015,0,3.898266066,5.488630766,-37.97226264
0.04950375748,0.02076742997,NaN,NaN,0,-9.097269749,0.4279165969,0.8260913028,0.8422472485,3.832725939,5.342609145,-39.15746765
0.04950375748,0.02463113787,NaN,NaN,0,-10.57783336,0.4262452585,-2.811042655,0.9729413454,3.750232122,6.035128512,-41.50592215
0.04950375748,0.02849484577,NaN,NaN,0,-10.83584661,0.4312092228,-6.751850589,0.7627165461,4.070086843,7.620646672,-44.90192817
0.04950375748,0.03235855367,NaN,NaN,0,-9.853006771,0.4473646707,-10.30890126,0,3.879168052,10.29984179,-49.07274763
0.04950375748,0.03622226157,NaN,NaN,0,-7.504959462,0.4766440812,-12.98681179,0,2.053213792,13.21904377,-53.67438891
0.04950375748,0.04008596947,NaN,NaN,0,-4.782754795,0.5166538001,-14.76740753,0,-0.8143756928,15.45568401,-58.23247926
0.04950375748,0.04394967737,NaN,NaN,0,-2.445021575,0.5645940324,-16.61976334,0,-4.038227404,17.59292061,-62.49713165
0.04950375748,0.04781338527,NaN,NaN,0,3.360698876,0.622521758,-18.49625605,0,-11.16800521,18.45957971,-66.62785917
0.04950375748,0.05167709317,NaN,NaN,0,18.64308725,0.6836272981,-15.00440713,0,-25.11884931,9.765736097,-70.28994819
0.04950375748,0.05554080107,NaN,NaN,0,22.70784546,0.7030932982,-4.88248826,0,-23.31323448,-2.539038549,-71.59963914
0.04950375748,0.05940450897,NaN,NaN,0,26.55739751,0.6913823269,15.73772848,0,-28.34687738,-9.243188261,-70.72549906
0.04950375748,0.06326821687,NaN,NaN,0,10.27630981,0.6097952953,12.64949021,0,-7.664378221,-24.80905924,-69.35286411
0.04950375748,0.06713192477,NaN,NaN,0,71.5058321,0.5610308315,17.09829226,7.083565312,-7.35813142,-61.53366261,-64.86343605
0.04950375748,0.07099563267,0.4628688747,-0.2668170962,1,4.450600876,0.5342648763,81.67686036,0,-67.4285648,-167.7560443,-29.96095803
0.04950375748,0.07485934057,-0.005015331238,0.455835847,1,-239.7772207,0.4558634367,148.7090708,16.37046951,-99.60225882,-174.9747361,90.63037104
0.04950375748,0.07872304847,-0.8483943014,0.9838025856,1,-217.314158,1.299092151,-41.83425515,17.62306517,-126.3815186,-230.534121,130.7732467
0.04950375748,0.08258675637,-1.332955032,1.184917009,1,-196.1649476,1.783479026,-392.7309381,0,989.1763537,1123.284739,138.3648257
0.04950375748,0.08645046427,2.215570134,-4.873639165,1,1473.139149,5.353607169,427.4286547,78.10065977,-1186.59053,2037.219241,-65.55332104
0.04950375748,0.09031417218,-0.2258148689,-5.034843598,1,629.8125294,5.039905001,665.7888835,0,-1102.342962,589.4400216,-92.568019
0.04950375748,0.09417788008,0.3898505661,-4.578649464,1,25.08057523,4.595216467,124.569254,0,57.04251101,436.4669129,-85.13327078
0.04950375748,0.09804158798,0.09148474822,-6.239925047,1,526.544263,6.240595649,73.11157258,50.24858513,179.0166065,-146.4667243,-89.16003567
0.04950375748,0.1019052959,3.115931672,-3.730263063,1,12.47543804,4.860441616,707.8554597,0,268.9965887,37.37401642,-50.12760408
0.04950375748,0.1057690038,1.179010442,-3.649380598,2,152.6010045,3.835106826,277.941435,0,-1040.86965,258.4076214,-72.09583985
0.04950375748,0.1096327117,-0.3160789128,-3.654790113,2,499.0595871,3.668432452,532.8924136,0,-944.9231947,635.152809,-94.94283889
0.04950375748,0.1134964196,-0.5436763016,-4.044484895,1,668.3118956,4.080862898,289.4095016,40.79562519,-452.529746,-325.5585049,-97.65604009
0.04950375748,0.1173601275,NaN,NaN,0,608.9649092,1.379532707,203.4264295,55.9941197,-177.7974752,-752.0715585,-67.96155055
0.04950375748,0.1212238354,NaN,NaN,0,491.6438048,1.176353916,59.19407232,0,-178.6861735,-420.145268,-17.44808592
0.05336746538,0.01690372206,NaN,NaN,0,-10.27589235,0.4319911513,6.330213813,0,3.403905278,7.400048213,-33.69031904
0.05336746538,0.02076742997,NaN,NaN,0,-12.50703684,0.4221893286,3.263961338,1.173763475,3.859399235,5.939452035,-34.9231751
0.05336746538,0.02463113787,NaN,NaN,0,-15.04782825,0.4108220729,-1.932535129,1.451222941,4.757825372,5.327330771,-37.47747314
0.05336746538,0.02849484577,NaN,NaN,0,-15.37883023,0.4082220441,-7.610934298,1.190364529,6.631458017,6.704548444,-41.35919215
0.05336746538,0.03235855367,NaN,NaN,0,-14.15398983,0.4225994141,-12.60907691,0,7.996783056,10.99311289,-46.25092649
0.05336746538,0.03622226157,NaN,NaN,0,-9.890764164,0.4584164335,-15.9742581,0,5.121425404,15.90343357,-51.93889612
0.05336746538,0.04008596947,NaN,NaN,0,-5.661405501,0.5084573553,-17.29446141,0,0.8051044895,18.51814147,-57.41888804
0.05336746538,0.04394967737,NaN,NaN,0,-7.398427302,0.5647328626,-20.49505937,0,0.7716713485,23.58938648,-62.14639786
0.05336746538,0.04781338527,NaN,NaN,0,-6.056170996,0.6481729688,-30.3620734,0,-6.184850299,35.1425499,-67.48547152
0.05336746538,0.05167709317,NaN,NaN,0,38.88892192,0.7829406411,-28.4138097,0,-51.32652361,17.22302195,-73.94307178
0.05336746538,0.05554080107,NaN,NaN,0,33.02804467,0.8005210239,-19.46464435,1.144446293,-24.23959613,-9.101189012,-75.52164669
0.05336746538,0.05940450897,0.2505113623,-0.792437418,1,57.2081207,0.8310914535,40.31276405,0,-64.15937284,-6.131715508,-72.45681537
0.05336746538,0.06326821687,0.173284027,-0.5956503078,1,118.5155247,0.6203439717,122.1369321,0,-169.9357272,111.0061133,-73.77945711
0.05336746538,0.06713192477,0.05183871956,-0.7494311855,1,171.836329,0.7512219078,61.37433834,0,-243.9753808,52.9224207,-86.04311045
0.05336746538,0.07099563267,-0.1054401976,-0.5629945669,1,271.3177048,0.5727831331,111.087903,0,-302.0707624,-215.4767335,-100.607731
0.05336746538,0.07485934057,-0.06698211208,0.5123191809,1,19.14945948,0.5166793458,266.7233528,0,-317.9427635,7.408885495,97.44876762
0.05336746538,0.07872304847,-1.259890247,0.4389207891,1,411.7631598,1.334156997,1018.995347,0,308.9078666,-9.616339571,160.7926761
0.05336746538,0.08258675637,2.717480226,4.48657428,1,948.1352948,5.245383451,3.706440837,0,1680.103098,2677.031204,58.7970638
0.05336746538,0.08645046427,8.894855198,-9.89002522,1,-3.850492447,13.30154306,-834.1800835,0,322.2812397,1936.662337,-48.03253402
0.05336746538,0.09031417218,3.94780362,-6.219151472,2,-935.2449588,7.366342271,1198.060916,0,-754.6700513,91.49614378,-57.59336657
0.05336746538,0.09417788008,2.365517222,-5.614582169,2,-515.4803475,6.092553213,340.2072142,16.99959818,-350.0379634,728.9394601,-67.15349551
0.05336746538,0.09804158798,0.603693684,-7.721099322,1,-558.0469324,7.744664021,445.6594153,0,512.9373224,409.9235145,-85.52927999
0.05336746538,0.1019052959,2.191226866,-5.476509087,2,285.1036119,5.898612291,225.7367337,16.1354781,74.79648899,-242.5320283,-68.19296978
0.05336746538,0.1057690038,1.994242547,-5.911845607,1,82.59947325,6.239144317,86.91768714,0,-311.5399125,287.68396,-71.35920884
0.05336746538,0.1096327117,1.306667882,-6.252211321,1,-46.11497078,6.387294213,462.067829,0,-421.6719953,79.04042913,-78.1954965
0.05336746538,0.1134964196,0.1868503508,-4.431939616,2,-14.59257012,4.435876668,674.924329,0,-404.8402197,-457.0030864,-87.5858425
0.05336746538,0.1173601275,-0.3138979022,-1.878774424,1,142.4075372,1.904816324,485.1738994,0,-2.550278923,-355.2744761,-99.48513357
0.05336746538,0.1212238354,NaN,NaN,0,394.9697506,1.390087215,212.1353389,0,143.950827,-147.1474301,-58.45651353
0.05723117328,0.01690372206,NaN,NaN,0,-12.96506099,0.4462615273,13.19169404,0,-0.0941177365,10.50415089,-28.38739233
0.05723117328,0.02076742997,NaN,NaN,0,-17.32515378,0.4216637392,7.564616767,1.589346859,1.725143584,5.955278609,-29.39659189
0.05723117328,0.02463113787,NaN,NaN,0,-21.72761259,0.3909672552,-0.572124903,2.173611905,4.790212115,2.630194095,-31.78722845
0.05723117328,0.02849484577,NaN,NaN,0,-21.47765622,0.3731959386,-9.150274565,1.727373785,9.701136798,2.87710344,-35.99776391
0.05723117328,0.03235855367,NaN,NaN,0,-21.49335814,0.3820782886,-16.54221397,0,16.35508075,11.06462776,-41.34919323
0.05723117328,0.03622226157,NaN,NaN,0,-12.24270187,0.431105141,-21.0066823,0,9.630600276,20.88343615,-49.13243624
0.05723117328,0.04008596947,NaN,NaN,0,-0.5736757423,0.4981972424,-17.94112064,0,-1.858303101,19.12406182,-56.25703423
0.05723117328,0.04394967737,NaN,NaN,0,-15.43111114,0.5427001488,-17.70393931,0,12.50465861,23.10393394,-59.83759716
0.05723117328,0.04781338527,0.2654257423,-0.571939548,1,-31.26205253,0.6305280892,-42.30665868,0,9.169631328,93.03472127,-65.10492531
0.05723117328,0.05167709317,0.1873224961,-0.9921406554,1,-41.96970096,1.009669648,-10.71515377,4.157558762,2.14762902,71.19395096,-79.3080533
0.05723117328,0.05554080107,0.1115648883,-0.8884124031,1,-7.067634892,0.8953900392,51.43680148,0,51.83408217,84.9322992,-82.84238895
0.05723117328,0.05940450897,0.3602869722,-1.121557475,1,108.5636462,1.178005888,147.7411594,0,151.3557527,353.9438538,-72.19100384
0.05723117328,0.06326821687,1.115817523,-1.685119382,1,99.71467443,2.021058158,167.1961022,0,-16.98703236,424.181769,-56.48909396
0.05723117328,0.06713192477,0.6799224164,-2.114475026,1,-71.81536836,2.221103133,170.2707766,0,-201.5688069,376.576037,-72.1744869
0.05723117328,0.07099563267,0.05954092556,-2.482222647,1,128.8869416,2.482936646,288.248268,0,-32.02942627,-39.90412357,-88.62591307
0.05723117328,0.07485934057,1.054151564,-0.846590038,2,712.6814712,1.35201709,557.5085829,45.10806153,61.70688705,-236.7083979,-38.7679779
0.05723117328,0.07872304847,3.051551343,0.5863997768,2,1251.279872,3.107383192,1230.271438,0,811.6298587,-27.48845435,10.87761401
0.05723117328,0.08258675637,9.024632187,4.013026795,1,1146.381777,9.876657844,-234.5504816,111.9911651,-260.2671246,852.4781706,23.97351088
0.05723117328,0.08645046427,6.475239528,-3.613561414,2,-1283.470231,7.415291838,-1814.348219,0,178.8382646,346.8352636,-29.16406608
0.05723117328,0.09031417218,4.75665693,-4.337154902,1,-473.6646506,6.437134284,14.78998586,48.4618776,-32.20136195,99.13047201,-42.35878987
0.05723117328,0.09417788008,4.520721019,-3.939428417,1,-366.0569235,5.996333445,671.8082684,0,14.20588014,93.29657995,-41.06941354
0.05723117328,0.09804158798,3.397207274,-2.10195472,1,-679.3925656,3.994900613,491.5906654,37.06479444,299.0114661,647.7618755,-31.74632989
0.05723117328,0.1019052959,3.051039559,-4.542828355,1,-267.9970545,5.4723059,-162.2943172,20.72228313,68.48779858,632.3478802,-56.11402977
0.05723117328,0.1057690038,2.626361785,-5.172220057,1,-405.0272509,5.800830677,121.7651994,38.88611574,74.66215782,267.4812874,-63.07934611
0.05723117328,0.1096327117,1.774605339,-5.105832756,1,-592.8459981,5.405437285,148.8277422,58.86983632,-9.698014048,247.1964014,-70.83437202
0.05723117328,0.1134964196,0.2983077252,-5.552287822,1,-129.9728479,5.560295636,804.6171167,0,-65.45383735,-40.95009816,-86.92462693
0.05723117328,0.1173601275,1.019533711,-1.838808028,1,173.5132376,2.102537503,705.1273252,0,104.7208625,-389.5993888,-60.99366544
0.05723117328,0.1212238354,NaN,NaN,0,60.45178935,1.906631428,346.6163121,0,122.682813,79.39918667,-43.92176789
0.06109488118,0.01690372206,NaN,NaN,0,-16.55331047,0.4893404736,27.5631256,0,-10.6705757,16.27425178,-22.83436473
0.06109488118,0.02076742997,NaN,NaN,0,-25.36569938,0.43240649,15.04682238,2.033472447,-4.919713959,4.075431632,-22.87546466
0.06109488118,0.02463113787,NaN,NaN,0,-33.05981209,0.3651015596,1.229693316,3.37580688,2.976742705,-3.638936441,-23.82955966
0.06109488118,0.02849484577,NaN,NaN,0,-27.31082393,0.3192206653,-11.87582508,2.255415427,11.02779631,-8.890956536,-27.88076959
0.06109488118,0.03235855367,NaN,NaN,0,-38.09908466,0.3142762591,-23.40282213,0,38.09180287,9.50485855,-30.40118407
0.06109488118,0.03622226157,0.2821382364,-0.2764238362,1,-37.54084897,0.3949836979,-24.3531685,0,39.43203761,46.65758942,-44.41385281
0.06109488118,0.04008596947,0.2783712832,-0.4334048266,1,-11.38995239,0.5151022375,30.10980284,0,12.05689215,59.85993812,-57.28780078
0.06109488118,0.04394967737,0.2847150968,-0.3913696689,1,-3.41308863,0.48397614,84.2582938,0,46.33145408,86.62642843,-53.96471729
0.06109488118,0.04781338527,0.4441953109,-0.4425546071,1,-53.38676791,0.6270279535,76.97386058,0,96.22454918,126.2969236,-44.89398894
0.06109488118,0.05167709317,0.4502277707,-0.5819395774,1,-133.0523107,0.735770832,258.402032,0,206.2557471,285.5688305,-52.27204247
0.06109488118,0.05554080107,0.7270320065,-0.5475191809,1,59.12127222,0.910138886,384.850236,0,390.8733923,396.5389148,-36.98296979
0.06109488118,0.05940450897,2.188875711,-0.627101218,1,62.54940582,2.276934961,262.7099986,0,385.5081125,391.8689429,-15.9867254
0.06109488118,0.06326821687,2.45819538,-1.046551614,1,-130.1509281,2.671702605,126.3195543,0,123.892526,287.7342806,-23.06138507
0.06109488118,0.06713192477,2.164695074,-1.250760571,1,-373.5265853,2.500061353,230.3938116,29.86111989,-41.6461933,266.156555,-30.01931718
0.06109488118,0.07099563267,0.8540890352,-1.184728409,1,-348.3991535,1.460496314,212.6881207,26.70665722,91.59946732,407.3446297,-54.21158318
0.06109488118,0.07485934057,1.172496097,-2.002856463,1,488.5954537,2.320814751,173.9315399,43.59813483,167.0500817,193.3507177,-59.65478428
0.06109488118,0.07872304847,3.38731187,-1.259758439,2,930.8605956,3.613982987,287.7063563,90.3911556,86.93793467,14.76898775,-20.40042271
0.06109488118,0.08258675637,5.10497232,-0.9483061958,2,796.7643632,5.192304597,-934.5730627,0,-838.8219093,-163.2068081,-10.52338713
0.06109488118,0.08645046427,3.224813797,-4.240092332,1,-124.9615061,5.32708241,-786.4010036,0,-60.61497778,136.3292266,-52.74509715
0.06109488118,0.09031417218,4.387958993,-4.513466276,1,237.757677,6.294883792,-57.96711648,0,304.9451169,-82.48619602,-45.80779885
0.06109488118,0.09417788008,5.32165887,-4.14535777,1,69.24073852,6.745668549,31.49530325,0,90.67303357,-116.7131939,-37.91715356
0.06109488118,0.09804158798,5.005819098,-3.940831935,1,11.80810933,6.370901128,197.0114514,0,-351.9690047,205.0535012,-38.2115959
0.06109488118,0.1019052959,4.007376531,-4.176429902,1,-351.0829115,5.788059552,174.8285599,30.9783768,-39.12304186,205.2744209,-46.18339398
0.06109488118,0.1057690038,3.498177273,-4.058465848,1,-403.5795285,5.358021023,206.1185153,34.07024635,100.6096698,160.2216572,-49.24044594
0.06109488118,0.1096327117,2.836789494,-3.999097848,1,-267.0535822,4.903076405,239.693536,0,173.6871479,271.8365343,-54.64973569
0.06109488118,0.1134964196,3.137436643,-4.182657005,1,-470.441671,5.228587602,675.514798,0,-29.48732602,195.5277418,-53.12621098
0.06109488118,0.1173601275,0.9052098785,-2.144568067,1,-437.4535272,2.327783735,776.9665707,0,239.6592658,-61.19381789,-67.11567088
0.06109488118,0.1212238354,NaN,NaN,0,126.6956664,2.554166993,759.4301088,0,633.200036,138.1005423,-21.69650233
0.06495858908,0.01690372206,NaN,NaN,0,-23.41035054,0.593044836,60.25403881,0,-39.0790749,28.43999436,-18.62855106
0.06495858908,0.02076742997,NaN,NaN,0,-41.33049272,0.4594383372,26.65207231,2.464464861,-20.51613797,-5.111085871,-16.17376064
0.06495858908,0.02463113787,0.323017517,-0.06671366724,1,-44.11687947,0.3298348521,-3.187541886,4.322141066,-12.70955664,-17.87785771,-11.66937416
0.06495858908,0.02849484577,0.2216936391,-0.07121805572,1,-23.6959444,0.2328520584,29.91036802,0,0.4307045242,1.783413285,-17.8093748
0.06495858908,0.03235855367,0.2331274259,0.04196066998,1,-14.53235138,0.2368735834,39.40474567,0,52.46527653,28.37732106,10.20343412
0.06495858908,0.03622226157,0.3682553817,-0.02861130813,1,-5.388099779,0.3693651758,-41.72369861,0,106.6437027,52.91046283,-4.442625092
0.06495858908,0.04008596947,0.624349499,-0.3236780872,1,29.23162021,0.7032636782,-29.74071216,0,116.9167023,34.55281417,-27.4033306
0.06495858908,0.04394967737,0.9329298099,-0.2770227138,1,42.69505824,0.9731904305,47.76295525,0,67.67953249,-37.59364406,-16.53817775
0.06495858908,0.04781338527,1.050804677,0.006114879866,1,118.037659,1.050822469,87.75574746,0,232.9560601,-66.46638762,0.3334138698
0.06495858908,0.05167709317,2.289067015,0.318846568,1,161.7698396,2.311166574,100.2508355,0,376.5264551,0.0191373178,7.929768013
0.06495858908,0.05554080107,3.130624324,0.3933808842,1,-49.34174407,3.155242808,68.72309417,0,204.7162704,118.567943,7.162005901
0.06495858908,0.05940450897,2.8893888,0.1262606319,1,-185.9385237,2.892146156,-108.0491265,13.27184421,78.52260663,175.8622338,2.50212155
0.06495858908,0.06326821687,2.715600596,-0.7035696817,1,-177.4775263,2.805262358,-50.71554526,13.94990403,102.1765935,197.3484363,-14.52506561
0.06495858908,0.06713192477,2.598447991,-0.8321861333,1,-140.2383296,2.728454823,133.546571,0,72.83306993,153.8966647,-17.75832735
0.06495858908,0.07099563267,2.455166362,-0.7821964994,1,-68.62164204,2.576756339,166.8534175,0,36.21104829,492.1267899,-17.67146573
0.06495858908,0.07485934057,2.473222924,-2.088947432,1,177.124198,3.237365133,74.78968299,0,279.7067539,564.4939839,-40.18529278
0.06495858908,0.07872304847,4.22022772,-2.674270876,1,416.1661661,4.996203231,142.8790542,35.50791022,181.6814358,199.1600623,-32.36158824
0.06495858908,0.08258675637,4.783131427,-2.306400808,2,133.6927004,5.310162985,6.228075726,0,-200.1251687,184.9875385,-25.74312021
0.06495858908,0.08645046427,3.963552067,-3.364945225,1,-308.2767137,5.199288543,55.5155846,26.36659947,160.9713052,513.9253551,-40.33032889
0.06495858908,0.09031417218,4.213986356,-4.077562259,1,-182.794723,5.863803799,-70.21113911,0,241.7825968,57.0435803,-44.05737515
0.06495858908,0.09417788008,4.191463981,-3.856620289,1,-54.85629868,5.695778293,-93.43119529,0,245.5235204,-240.9783299,-42.61756074
0.06495858908,0.09804158798,4.950668808,-3.50748323,1,-132.0585014,6.067253106,46.48742693,0,216.9982734,-87.86893752,-35.31706614
0.06495858908,0.1019052959,4.519646449,-3.337506543,1,-320.5255543,5.618376451,156.1902078,27.35147671,85.29151827,82.86609281,-36.44379755
0.06495858908,0.1057690038,4.041793204,-3.224180267,1,-278.1310918,5.170244743,111.1499798,24.86462068,79.19308828,128.0852073,-38.57972658
0.06495858908,0.1096327117,3.751008113,-3.402939315,1,-126.8564831,5.064588616,96.80060916,7.867731352,29.01483833,258.4041217,-42.21452258
0.06495858908,0.1134964196,3.663761668,-3.848569036,1,-560.7348348,5.313627121,734.5612005,0,569.5508319,-347.3780772,-46.40922269
0.06495858908,0.1173601275,3.785070551,0.7773580203,2,-1221.026345,3.864070984,1204.536178,0,1525.748556,44.25943971,11.60573183
0.06495858908,0.1212238354,NaN,NaN,0,-116.7594466,4.882509705,738.4019902,0,663.4098456,812.4017116,7.465747087
0.06882229698,0.01690372206,0.7936789727,-0.2504369632,1,-2.053359162,0.8322529569,-417.6565021,0,-159.4766205,-501.9115341,-17.512537
0.06882229698,0.02076742997,0.4816266434,-0.08766854674,1,-64.82525225,0.4895405987,-151.2211411,0,-75.21959386,-209.2685791,-10.31636928
0.06882229698,0.02463113787,0.2525865944,-0.02615861864,1,-22.64135209,0.2539375139,-28.705075,0,2.711077563,-36.88599893,-5.912643115
0.06882229698,0.02849484577,0.4046218843,-0.05605984632,1,11.12698812,0.4084869345,63.23348049,0,61.43745058,30.62804396,-7.888040731
0.06882229698,0.03235855367,0.5329543894,0.09981926409,1,-33.00217601,0.542221603,70.45649383,0,12.48787713,15.45902092,10.60826365
0.06882229698,0.03622226157,0.3253606257,0.1564343243,1,-56.33404728,0.361014175,-39.39056852,4.103230644,-4.744728792,10.93273526,25.67838143
0.06882229698,0.04008596947,0.2969638398,-0.0946152823,1,-84.07784693,0.3116722217,-121.050877,0,83.72733365,-4.253413443,-17.67233487
0.06882229698,0.04394967737,0.3240063448,-0.2948369584,1,-112.4982804,0.4380741301,10.71583724,0,171.8939037,-14.14934717,-42.30134163
0.06882229698,0.04781338527,0.5264511787,0.00145652718,1,-54.38823234,0.5264531936,233.8830726,0,187.3266753,93.43399448,0.1585192523
0.06882229698,0.05167709317,0.837641657,0.2478172544,1,70.72986704,0.8735313029,-20.09625795,0,168.4752466,-132.0690729,16.48091238
0.06882229698,0.05554080107,1.450669866,0.4340867769,1,172.6502114,1.514224023,-158.5662905,0,244.8875876,-196.5821266,16.65886335
0.06882229698,0.05940450897,2.45088575,0.3946993406,1,150.2428537,2.482464205,-158.6482773,0,257.1565185,-55.08543839,9.148565952
0.06882229698,0.06326821687,3.024742039,0.03395021795,1,-56.34491879,3.024932565,-133.3855967,0,269.716645,79.41886036,0.6430705482
0.06882229698,0.06713192477,3.275291774,-0.4275149213,1,-93.38385169,3.303075115,-63.57006054,0,190.5583896,147.0141124,-7.436618874
0.06882229698,0.07099563267,3.400196069,-0.7796855148,1,-2.716793151,3.488444182,-3.990488527,0,97.75753828,301.1548641,-12.9149958
0.06882229698,0.07485934057,3.642501452,-1.606507431,1,25.2872979,3.981040436,25.9132807,0,313.4171466,384.6498792,-23.79964275
0.06882229698,0.07872304847,4.708851107,-2.165738945,1,196.6085241,5.183020734,65.61520572,0,373.1219536,229.0782623,-24.69909031
0.06882229698,0.08258675637,5.8437736,-2.238080934,1,145.9006994,6.25769096,251.959242,0,39.44357766,319.5927473,-20.95611859
0.06882229698,0.08645046427,5.424967255,-2.427055054,1,-256.0150056,5.943136036,117.3792606,18.86967711,-133.9446514,281.7143018,-24.10307948
0.06882229698,0.09031417218,4.337083392,-2.873023531,1,-394.4247001,5.202360672,9.760501418,40.31131183,33.27702922,154.1096217,-33.52177195
0.06882229698,0.09417788008,4.029598145,-2.98477789,1,-146.5882479,5.014634609,72.65174087,0,278.2880682,-0.03621117737,-36.52784888
0.06882229698,0.09804158798,4.845933028,-2.592178516,1,-76.68033812,5.495676153,50.01349665,0,309.9852685,-47.38170703,-28.14314409
0.06882229698,0.1019052959,4.931020248,-2.608471272,1,-267.1502539,5.578448088,78.05548765,20.63542046,157.5609982,100.2339433,-27.87849135
0.06882229698,0.1057690038,4.422512156,-2.677869591,1,-238.2842333,5.170067631,8.79308731,23.85395798,51.4628048,212.8419804,-31.19527006
0.06882229698,0.1096327117,4.209196819,-3.396856592,1,-16.76480613,5.408879049,504.6310471,0,71.34630804,-236.1874413,-38.90381625
0.06882229698,0.1134964196,4.633399136,0.1844366556,2,-238.4469738,4.637068517,1699.366226,0,632.1088639,-1371.52441,2.279507018
0.06882229698,0.1173601275,5.730191374,8.468167818,1,325.589597,10.22472295,524.8923563,0,640.2367201,36.84834229,55.91479871
0.06882229698,0.1212238354,8.365069908,2.070096168,1,551.9390308,8.617406379,-1172.617782,0,811.9728392,2139.263869,13.89968152
0.07268600488,0.01690372206,-2.990967454,-0.7976747309,1,542.65799,3.095508244,-132.1018072,0,513.0092166,-457.9736911,-165.0670911
0.07268600488,0.02076742997,-0.9515725907,-0.1681378448,1,417.3975838,0.9663129566,-211.65571,0,374.7327477,-426.1945592,-169.9795672
0.07268600488,0.02463113787,0.06959276644,0.03124071549,1,182.4598157,0.07628325796,44.71412152,0,215.0649928,-30.68099837,24.17566993
0.07268600488,0.02849484577,0.5843471527,0.1231668756,1,19.07597184,0.5971864651,76.79210888,0,109.165377,28.52753066,11.90240489
0.07268600488,0.03235855367,0.565079879,0.2177209477,1,-68.68844364,0.6055721928,58.12016476,3.393137348,-15.69798892,45.81388412,21.07129166
0.07268600488,0.03622226157,0.2583026265,0.1707147493,1,-72.70143191,0.3096187534,69.9710101,0,-37.26277031,42.2900441,33.4611086
0.07268600488,0.04008596947,0.1402103221,0.3246721147,1,-46.33846617,0.3536536675,374.2353058,0,217.511112,205.7259665,66.64279907
0.07268600488,0.04394967737,0.9196637304,0.8217856147,1,81.54268324,1.233334088,319.8538537,0,481.453265,160.5875273,41.78307676
0.07268600488,0.04781338527,2.315462215,0.9400306781,1,-104.8462944,2.499004391,398.4341002,0,307.1081925,430.8587696,22.09615441
0.07268600488,0.05167709317,1.701144624,0.6965061634,1,-274.7103429,1.838209419,662.5663385,0,130.5411533,731.8121716,22.2658529
0.07268600488,0.05554080107,1.758434579,0.6724850055,1,-6.667407404,1.88263864,118.1457241,0,100.4735489,158.8222877,20.92854893
0.07268600488,0.05940450897,2.063584154,0.5393438031,1,48.00324564,2.132902084,-91.96955338,0,145.7625181,-61.88238066,14.64732185
0.07268600488,0.06326821687,2.507088891,0.5562369586,1,13.89029963,2.56805262,-207.8891774,0,207.9865351,-136.8537724,12.50933871
0.07268600488,0.06713192477,2.920851434,0.2648837475,1,14.34840281,2.932837618,-246.0175581,0,269.3774494,-0.08023200133,5.181817689
0.07268600488,0.07099563267,3.603322707,-0.3939930313,1,45.36890789,3.624798621,-172.0970662,0,249.3396064,148.9886988,-6.240022673
0.07268600488,0.07485934057,4.059519049,-0.9756978593,1,100.7779211,4.175126491,-147.5776167,0,353.5821233,266.0875862,-13.51459246
0.07268600488,0.07872304847,5.358837201,-1.992274544,1,271.6422732,5.717192843,-84.47051386,0,487.1941581,366.3974646,-20.39380856
0.07268600488,0.08258675637,6.991441363,-2.71772003,1,-58.76326082,7.501083555,-24.31708634,0,96.73088683,208.8854517,-21.24214903
0.07268600488,0.08645046427,5.505533017,-2.893301033,1,-326.9147924,6.219492316,35.93225551,23.74591661,-228.0724821,-39.81682505,-27.72309578
0.07268600488,0.09031417218,4.847132646,-2.425047709,1,-380.443833,5.419921704,85.032673,36.23810837,112.9536741,-90.51856942,-26.5790581
0.07268600488,0.09417788008,4.472029177,-2.215022311,1,-278.4030018,4.990527908,142.0745263,0,307.83189,35.56351441,-26.34948445
0.07268600488,0.09804158798,4.960837274,-2.013520271,1,-67.00710284,5.353893008,101.7778655,0,257.6207761,-32.41343501,-22.09140473
0.07268600488,0.1019052959,5.208504732,-1.696546322,1,-212.0710562,5.477845468,74.36679384,3.387810339,195.8402983,97.96124743,-18.04178545
0.07268600488,0.1057690038,4.898126366,-2.104682347,1,-227.5377809,5.331165884,-4.294267689,19.90879141,118.7539522,349.2410978,-23.25277657
0.07268600488,0.1096327117,4.788195794,-3.062503707,1,866.1920246,5.683814557,130.0925994,0,-857.8269212,-289.1126878,-32.60275785
0.07268600488,0.1134964196,4.930446682,-0.4849955674,2,311.4483889,4.95424315,616.8797645,0,-9.335299022,-691.5955222,-5.617967292
0.07268600488,0.1173601275,5.955472526,1.993062596,2,1781.151269,6.280123528,126.7169912,160.7527706,-837.6247856,-423.0377181,18.50336873
0.07268600488,0.1212238354,8.575957409,1.639096046,1,851.1892225,8.731190144,-1232.626596,0,505.2719542,-1049.400245,10.82027046
0.07654971278,0.01690372206,-1.486200392,-0.364991163,2,-225.9706488,1.530362752,482.8432445,0,-31.10887267,424.620338,-166.2019876
0.07654971278,0.02076742997,-1.982840481,-0.2525130112,1,229.8025503,1.99885447,251.8193862,0,234.261225,131.5179978,-172.7424976
0.07654971278,0.02463113787,0.3068064831,0.09981826173,1,359.1065526,0.3226358682,130.5244631,0,364.1330816,-10.41070206,18.02209016
0.07654971278,0.02849484577,0.8115462077,0.2920193001,1,63.935173,0.8624862427,13.26548558,0,98.53019143,-39.72522857,19.79029238
0.07654971278,0.03235855367,0.9345251952,0.3045589026,1,-36.18494392,0.982900537,54.61331729,0,22.61205971,54.26658792,18.0506307
0.07654971278,0.03622226157,0.7591045477,0.2933589611,1,110.3751922,0.8138176665,393.9997915,0,304.5732551,233.4639719,21.12922215
0.07654971278,0.04008596947,2.537764789,0.9248224173,1,65.87147787,2.701026958,477.4429324,0,301.9583356,229.7684758,20.02295466
0.07654971278,0.04394967737,2.180291504,1.250300716,1,107.1682602,2.513348946,214.7495594,0,201.5589606,41.77946631,29.83236346
0.07654971278,0.04781338527,3.730596591,1.593128333,1,468.2691063,4.056526693,91.34639652,0,578.6064657,-54.44359598,23.12460713
0.07654971278,0.05167709317,6.225112923,1.813590662,1,-233.7805034,6.483914095,103.3503633,19.9153498,-79.33924085,296.191079,16.24266773
0.07654971278,0.05554080107,2.520793362,0.8480481361,1,-647.5184085,2.659621179,-73.24127399,43.58495631,-483.1742366,196.2351136,18.59402669
0.07654971278,0.05940450897,1.856446817,0.7724126141,1,-208.6117051,2.01072525,-59.95092449,20.49237094,-5.699884382,-43.34336481,22.59075018
0.07654971278,0.06326821687,1.69275598,0.7838813765,1,5.743107281,1.865447083,-153.1012454,0,115.3827629,-97.56656244,24.84790925
0.07654971278,0.06713192477,2.324441798,0.5578428207,1,165.5298964,2.390443115,-219.4984798,0,253.2792239,-18.78876986,13.49519231
0.07654971278,0.07099563267,3.310912087,0.008397684498,1,146.2125229,3.310922737,-253.9908274,0,313.4359818,53.37936952,0.1453227494
0.07654971278,0.07485934057,4.100389357,-0.6297458376,1,197.9430509,4.148466307,-229.2165006,0,445.7967116,117.9389115,-8.731374521
0.07654971278,0.07872304847,5.798134494,-1.332909424,1,31.32540162,5.949370651,-240.348113,0,604.463472,20.42499813,-12.9465559
0.07654971278,0.08258675637,6.556891851,-1.637296967,1,-394.5353282,6.758222555,-382.1036558,0,294.0680849,-197.7605758,-14.02040253
0.07654971278,0.08645046427,5.409958413,-2.045157238,1,-614.1466278,5.783625001,53.77560148,62.67174703,34.13270905,-119.7927168,-20.70838021
0.07654971278,0.09031417218,4.315887491,-0.9666796845,1,-383.5202061,4.422822,184.2458259,27.44779177,203.8951455,-158.7976353,-12.62483678
0.07654971278,0.09417788008,4.715939647,-0.719737507,1,-119.8722973,4.770545968,-68.45809336,0,326.4224446,27.6235828,-8.677411311
0.07654971278,0.09804158798,5.113936927,-1.337911216,1,70.05421979,5.286053094,-341.3051968,0,157.9407112,-260.3768633,-14.66115558
0.07654971278,0.1019052959,5.596845463,-1.032420949,1,-23.4917043,5.691271576,-31.14160724,0,189.4848482,-30.62700572,-10.45156508
0.07654971278,0.1057690038,5.755285948,-1.339899486,1,-373.1825002,5.909200198,-1004.832315,0,-144.9870579,1331.146878,-13.10568975
0.07654971278,0.1096327117,3.594789647,-10.05796221,1,-433.5565844,10.68106345,163.8117549,40.58197442,68.47549849,90.06868753,-70.3327369
0.07654971278,0.1134964196,4.344719273,-1.054977814,1,121.0945425,4.470968994,855.6420435,0,135.266709,-1320.491483,-13.64832334
0.07654971278,0.1173601275,4.58529464,-1.650017913,1,-330.2834239,4.87313924,-264.8712656,0,-911.2013419,-727.7816992,-19.79126364
0.07654971278,0.1212238354,-0.4520152257,0.7335728858,1,-1195.840316,0.8616536097,-857.3998914,0,-1411.660041,-2091.235813,121.6406744
0.08041342068,0.01690372206,0.5152067593,-0.04478574686,1,-151.3556247,0.5171496572,1151.746041,0,158.7704342,1206.68036,-4.968102663
0.08041342068,0.02076742997,0.5295310883,-0.1509108278,1,-52.43027426,0.5506153389,692.7545273,0,57.21078439,668.0509254,-15.90699829
0.08041342068,0.02463113787,0.5336772541,0.05066175497,1,-8.945986623,0.5360765103,115.915334,0,-3.326331813,10.38387047,5.422813513
0.08041342068,0.02849484577,0.4821144346,0.2568319216,1,66.06465033,0.5462572325,-44.22632519,0,50.94284261,-146.2613781,28.04511333
0.08041342068,0.03235855367,0.985760029,0.4448953952,1,248.9751429,1.081505778,71.84448763,0,320.5619309,-100.0648375,24.29071378
0.08041342068,0.03622226157,2.682639326,0.9210393393,1,164.2325972,2.836347514,291.0996651,0,324.1347036,86.12884494,18.94905157
0.08041342068,0.04008596947,2.872668628,1.236842772,1,-126.1285493,3.127619716,103.868857,0,-73.63354258,35.16688024,23.29455207
0.08041342068,0.04394967737,1.910816954,1.18648371,1,-59.08817271,2.249214313,149.5717042,0,-48.22448675,116.0548762,31.83738945
0.08041342068,0.04781338527,2.458043857,1.366342006,1,183.3200628,2.812271338,-81.51297922,2.777224995,161.9542519,-109.1388719,29.06817655
0.08041342068,0.05167709317,3.244856052,1.29322209,1,10.41888113,3.493066585,-479.5715702,0,-68.49703165,-464.3325495,21.729521
0.08041342068,0.05554080107,2.233646848,1.307462881,1,-354.0303239,2.588172604,-116.1865419,33.84455878,-54.99926629,-123.9805365,30.34252837
0.08041342068,0.05940450897,1.664485192,1.323335808,1,-230.0923958,2.12643566,-82.22437727,21.43876013,50.19651212,2.567311708,38.48617754
0.08041342068,0.06326821687,1.538581701,0.9798525623,1,-15.45621313,1.824101065,-162.5048648,0,102.3400875,23.69303348,32.49120269
0.08041342068,0.06713192477,2.000179104,0.6039215174,1,97.34623646,2.089362977,-136.3027895,0,236.4359657,52.05073335,16.80083592
0.08041342068,0.07099563267,2.828218633,0.252109568,1,63.34503023,2.839433019,-148.9550734,0,358.3731447,12.02635838,5.093925757
0.08041342068,0.07485934057,3.629574949,-0.01806371232,1,5.306615012,3.629619898,-104.9399468,0,429.7417723,-97.18935533,-0.2851479713
0.08041342068,0.07872304847,4.509118524,0.2221635466,1,-265.7327901,4.514588188,-275.7414433,0,555.9825788,-265.6232172,2.820672934
0.08041342068,0.08258675637,4.75101535,-0.05715758221,1,-534.3665834,4.751359158,-387.1422639,0,726.2402089,-229.0809923,-0.6892695567
0.08041342068,0.08645046427,5.250462167,-0.3885390371,1,-621.6457163,5.264818663,-21.36523025,0,671.970864,4.073750767,-4.232226299
0.08041342068,0.09031417218,4.945457021,-0.1554463742,1,-440.5408051,4.947899425,107.5625897,38.82708308,198.2332511,133.9959423,-1.800337109
0.08041342068,0.09417788008,4.314256556,-0.4906697903,1,-444.0377868,4.342069377,-328.0743444,26.34333209,-153.6635757,64.94350387,-6.488493351
0.08041342068,0.09804158798,2.636113545,-1.673952539,1,-177.867826,3.122693024,-167.1021141,0,347.5473968,-67.97522526,-32.41586391
0.08041342068,0.1019052959,4.969848854,-0.8736671338,2,266.0228611,5.046057064,44.2102717,0,645.7430039,-72.50422559,-9.970352892
0.08041342068,0.1057690038,6.158910521,-1.223001814,2,131.3517489,6.279164932,276.5445103,0,75.51347783,341.0243454,-11.23137038
0.08041342068,0.1096327117,5.769115665,-1.122798382,1,-1664.13388,5.877360952,427.6667894,138.0226123,881.3349806,222.484778,-11.01335795
0.08041342068,0.1134964196,3.134404228,-0.4302384558,1,-639.0386425,3.163794399,202.428024,53.71931692,-305.3816748,-23.09726188,-7.815762015
0.08041342068,0.1173601275,2.120151424,-0.2514345534,1,-1005.606024,2.135008523,-147.2554738,86.06829562,-534.653757,-467.0182916,-6.76327441
0.08041342068,0.1212238354,-2.816709658,0.8052316698,1,-1217.681165,2.929547975,-5.507526695,0,-1337.823137,-552.4775619,164.046001
0.08427712858,0.01690372206,7.626070326,0.8332453407,1,-1200.874942,7.671456603,757.8592981,0,-1051.446476,1100.606392,6.235558293
0.08427712858,0.02076742997,3.274914298,0.1711080134,1,-912.7123675,3.279381284,106.3953322,30.79687902,-855.3510536,290.6003478,2.990875401
0.08427712858,0.02463113787,0.7947897172,0.1215309664,1,-425.1540964,0.8040276552,15.25607171,13.83973357,-402.8994254,-0.9162271031,8.693734225
0.08427712858,0.02849484577,0.07555736338,0.2335930521,1,-8.957029339,0.2455089187,44.7560722,0,16.90283944,-74.20177521,72.07582375
0.08427712858,0.03235855367,0.8254900065,0.5811493413,1,245.0286992,1.009538661,81.08548244,0,309.11463,-94.28516106,35.14574861
0.08427712858,0.03622226157,2.216605322,0.9111739929,1,296.4235725,2.396576141,-74.7880698,2.519289575,285.780962,-216.2321081,22.34596166
0.08427712858,0.04008596947,3.074958266,1.127647789,1,146.988091,3.275203486,-7.076550329,10.06427914,109.2397928,-105.7125865,20.13898213
0.08427712858,0.04394967737,3.206595021,1.292274825,1,-18.26473867,3.457199135,187.2067517,0,-2.69562896,88.09747618,21.94969657
0.08427712858,0.04781338527,2.993973528,1.51057708,1,-103.0151209,3.353463971,75.0825589,3.863265534,-59.6400072,19.07216512,26.77273587
0.08427712858,0.05167709317,2.578143118,1.508682626,1,-273.1463163,2.987129927,137.4621162,22.40935154,-89.48865525,9.905963336,30.33539727
0.08427712858,0.05554080107,1.592857923,2.003416796,1,-237.7337456,2.559467761,13.14828948,24.17536584,-28.71184535,-76.58014366,51.5128198
0.08427712858,0.05940450897,1.548675183,1.855367082,1,-181.4099292,2.416770952,-106.8934267,13.29749546,68.45358687,90.94888989,50.14824253
0.08427712858,0.06326821687,1.156427611,1.239011874,1,-102.0878789,1.694837822,-92.20825303,0,218.6187585,104.5256087,46.97452552
0.08427712858,0.06713192477,1.998916463,1.095244906,1,32.3599244,2.279304375,-14.7076119,0,388.3323123,8.770284221,28.71918519
0.08427712858,0.07099563267,2.781859529,1.148300141,1,-62.53806794,3.009540772,-71.14084242,0,404.3093267,-49.11607359,22.4299294
0.08427712858,0.07485934057,3.319420776,1.010147633,1,-191.1419724,3.469719373,1.049597057,0,430.4457895,-178.4822453,16.92576168
0.08427712858,0.07872304847,3.706459578,1.841958739,1,-261.5485501,4.138919497,140.3690141,0,483.2434697,-435.0295098,26.42549616
0.08427712858,0.08258675637,4.175985188,3.233319456,1,-332.6800469,5.281401991,62.86464564,0,756.2859847,-224.6934858,37.74936741
0.08427712858,0.08645046427,5.343149187,2.952999363,1,-476.5306564,6.104870881,-324.6300263,0,754.2985258,123.6343916,28.92812121
0.08427712858,0.09031417218,5.249199099,1.501356683,1,-734.9985364,5.459685254,-437.854987,51.57578841,309.5341147,222.343921,15.9613946
0.08427712858,0.09417788008,3.699278939,0.4021836263,1,-646.5391244,3.721077309,-100.1901452,52.94183679,376.4534004,109.2503644,6.204796328
0.08427712858,0.09804158798,4.205666753,0.6921397316,2,-451.810379,4.262240051,310.0853245,0,914.6421966,301.6677263,9.345573703
0.08427712858,0.1019052959,5.48752589,0.434706767,2,-53.56758424,5.504717101,-334.4500376,0,1072.206923,247.3180577,4.529356016
0.08427712858,0.1057690038,8.141391615,-1.555642255,1,-402.9271664,8.288683867,-565.4551163,0,563.2031296,-395.2246407,-10.81757781
0.08427712858,0.1096327117,6.106785395,-0.2230140667,1,-800.1795766,6.11085617,360.4288449,73.29763113,-3.139602828,-102.8094612,-2.09145863
0.08427712858,0.1134964196,5.037600955,0.2341752486,1,-750.2998055,5.043040891,175.4503831,70.01845923,-257.7642757,73.83344944,2.661505268
0.08427712858,0.1173601275,2.21192024,0.1696040827,1,-1163.399091,2.218413102,-49.82514739,84.98706961,-815.4015259,-58.93664106,4.384706227
0.08427712858,0.1212238354,-2.607906621,0.2693793987,1,-1004.373792,2.621782257,13.56449063,0,-1490.549211,-38.08295199,174.1026419
0.08814083648,0.01690372206,7.695775329,0.5325622003,1,-1317.374339,7.714180476,-805.0960012,0,-1598.150872,-566.0273769,3.95866508
0.08814083648,0.02076742997,2.063406434,0.0707165339,1,-897.1434331,2.064617867,-368.4284279,0,-942.2019023,-265.9582341,1.962857947
0.08814083648,0.02463113787,0.589082225,0.1366473029,1,-220.8218265,0.6047233691,-8.699638459,3.568547865,-217.891875,-82.72965687,13.05972609
0.08814083648,0.02849484577,0.3683448393,0.3567469009,1,8.855364497,0.5127828701,150.9585235,0,80.61260523,7.092210664,44.08362457
0.08814083648,0.03235855367,0.9347603264,0.6925047123,1,137.9633336,1.16333127,78.36068047,0,169.9992653,-57.04616538,36.53240361
0.08814083648,0.03622226157,1.558222366,0.879919401,1,204.6367025,1.789501353,-105.4151605,0,184.1411401,-208.5517517,29.4531727
0.08814083648,0.04008596947,2.436884348,1.090994374,1,200.3397435,2.669957687,-154.531818,0,166.2225705,-249.445515,24.11808696
0.08814083648,0.04394967737,2.974512074,1.246638202,1,60.17221424,3.225186644,-62.10351647,0,39.45898716,-176.7437564,22.73888858
0.08814083648,0.04781338527,2.821830208,1.533930775,1,100.293565,3.211801574,21.740623,0,117.0446013,-173.9738211,28.52825026
0.08814083648,0.05167709317,3.814243265,2.002821646,1,-148.9950515,4.308102393,66.7158763,11.83405935,-66.66967716,-83.69188955,27.70352274
0.08814083648,0.05554080107,1.988564692,2.115062448,1,-290.9789888,2.903080897,114.9457936,0,-281.3632177,40.94594402,46.76563145
0.08814083648,0.05940450897,1.60288016,2.288735449,1,-117.5779366,2.794196622,1.840132584,11.98305882,13.43126274,-25.0529156,54.99512309
0.08814083648,0.06326821687,1.586172365,2.218969331,1,-138.8480994,2.72759375,-53.16093375,0,235.739183,26.92809276,54.4419082
0.08814083648,0.06713192477,1.977239004,1.979294845,1,-90.43704813,2.797692292,-76.53819127,0,291.6449786,-34.32542563,45.02977125
0.08814083648,0.07099563267,2.363581036,2.055871535,1,-63.36536126,3.132590475,-56.91948687,0,313.5882157,-161.5534291,41.01714276
0.08814083648,0.07485934057,2.944027024,2.383569834,1,-148.673692,3.787967829,34.66288205,0,409.3184997,-235.5311517,38.99463691
0.08814083648,0.07872304847,3.370636439,3.099822358,1,-94.40306091,4.579310937,118.591467,0,400.2566575,-338.6685767,42.60334568
0.08814083648,0.08258675637,4.125755982,4.150289078,1,-31.24947661,5.852073295,36.32443999,0,316.7879631,-291.6514509,45.16984426
0.08814083648,0.08645046427,4.473873745,4.367025399,1,-273.5374721,6.251916276,-294.4019163,0,270.180394,-224.5295548,44.30757481
0.08814083648,0.09031417218,4.112785213,3.880322682,1,-505.3136086,5.654370551,-312.0447246,0,473.0619084,-77.77471453,43.33414377
0.08814083648,0.09417788008,4.349262596,3.46187451,1,-525.4835184,5.558836232,16.07548561,0,755.0462726,87.17340944,38.51867249
0.08814083648,0.09804158798,4.99974864,3.605621072,1,-572.9524155,6.164250951,27.7259117,0,646.4397872,24.0708179,35.79765265
0.08814083648,0.1019052959,4.633196335,3.475996725,1,-913.2746399,5.79215517,-302.0703357,84.54485263,252.6076972,-18.46255348,36.87859841
0.08814083648,0.1057690038,2.447124554,2.509843444,1,-482.5498147,3.50538624,-944.5914855,0,1034.166405,-551.3771166,45.72490602
0.08814083648,0.1096327117,6.764481713,1.956731261,1,-403.4935834,7.041804462,-834.6143629,0,830.6582735,-566.201608,16.13333292
0.08814083648,0.1134964196,4.097564142,1.472774962,1,-1030.444288,4.354204633,-146.4052088,100.6203994,-280.3572017,77.1119142,19.76980445
0.08814083648,0.1173601275,1.699927642,1.093126387,1,231.5991457,2.021058952,-657.0602593,0,-2045.661221,1.887871768,32.74275616
0.08814083648,0.1212238354,-2.91144183,-1.073208138,1,-741.1443373,3.102945252,-378.6390556,0,-1645.873311,742.736877,-159.7652355
0.09200454438,0.01690372206,2.328450097,-0.2515931676,1,-217.2305557,2.342003197,-1093.71913,0,-561.6174296,-1222.408164,-6.166984753
0.09200454438,0.02076742997,0.8238295399,-0.00298474989,1,-235.4274584,0.8238349468,-257.2678021,0,-252.9418799,-356.7692709,-0.2075827766
0.09200454438,0.02463113787,0.4415336265,0.1328514433,1,-16.61969476,0.461087247,29.29588562,0,-18.99643099,-103.6921231,16.74582403
0.09200454438,0.02849484577,0.6862192335,0.51084207,1,38.50609457,0.8554860939,114.4273472,0,82.18352595,-33.6364804,36.66509686
0.09200454438,0.03235855367,0.9078430669,0.7049268236,1,40.83573042,1.149391518,29.98780068,0,41.28995243,-53.13003974,37.82881478
0.09200454438,0.03622226157,1.003528883,0.8319851267,1,87.34971149,1.303560306,-50.66589441,1.535344518,69.56297488,-125.956828,39.6607511
0.09200454438,0.04008596947,1.514107853,0.9958289986,1,195.7458791,1.812235632,-117.4848199,8.030361212,135.6016441,-215.9031914,33.33292649
0.09200454438,0.04394967737,2.283758926,1.212244966,1,124.6995531,2.58555462,-98.09616044,0,106.0842142,-248.0736452,27.95986616
0.09200454438,0.04781338527,2.405788918,1.575298191,1,30.15592847,2.875653788,-18.71786366,0,29.06020306,-177.7668589,33.21657264
0.09200454438,0.05167709317,2.512552761,1.826763826,1,-4.906786543,3.106442894,-131.5622599,0,-49.60324937,-251.9831475,36.01920999
0.09200454438,0.05554080107,2.195178062,2.040569326,1,-139.9919119,2.997120267,78.86732078,0,-132.6904488,-59.54493736,42.90957858
0.09200454438,0.05940450897,1.45898777,2.361548361,1,-149.7859413,2.775888322,71.65404015,0,-145.2949796,-95.4751546,58.29182043
0.09200454438,0.06326821687,1.055071576,2.686307716,1,-32.44087753,2.886074354,13.1981126,0,61.32092327,-41.1408531,68.55713437
0.09200454438,0.06713192477,1.570571831,2.571498252,1,13.59921436,3.013187537,-47.8590334,0,214.8529473,-26.74743183,58.58502605
0.09200454438,0.07099563267,1.937743998,2.604738655,1,15.11985229,3.24646196,24.01712298,0,236.6467537,-129.8682731,53.35332337
0.09200454438,0.07485934057,2.543324456,3.166066472,1,-7.679838101,4.06109298,62.11132672,0,245.3794615,-235.1266571,51.22483108
0.09200454438,0.07872304847,2.856145911,3.753179401,1,-16.71685859,4.716346582,56.14609948,0,183.9530368,-309.2976725,52.72909347
0.09200454438,0.08258675637,3.189476199,4.578034461,1,19.94862456,5.579530263,-42.62879049,0,104.8029517,-379.2450696,55.13541381
0.09200454438,0.08645046427,3.338149562,5.053766378,1,2.556231151,6.056715042,-115.1850803,0,140.71921,-297.2587397,56.55415769
0.09200454438,0.09031417218,3.743050653,5.281513898,1,-72.45490555,6.473393024,-76.71510098,0,269.1708501,-153.3281178,54.67449802
0.09200454438,0.09417788008,4.098202511,5.349776697,1,-158.0133293,6.739093005,-106.6777593,0,329.543774,-138.2539355,52.54603882
0.09200454438,0.09804158798,4.405794187,5.403515019,1,-194.693017,6.972015274,-241.7516925,0,233.7430504,-135.5218368,50.80767481
0.09200454438,0.1019052959,4.249080433,4.939335564,1,-432.1204267,6.515498472,-241.270725,35.40915604,-97.005566,43.17335328,49.29612251
0.09200454438,0.1057690038,2.361405908,4.304506187,1,-689.6419572,4.909685466,148.0607107,64.93997329,-230.3651613,250.0216666,61.25129992
0.09200454438,0.1096327117,0.6944416607,4.545388213,1,-71.83510203,4.598130406,-1201.16587,0,695.1912301,-897.7750423,81.31355488
0.09200454438,0.1134964196,4.769871905,3.132292649,1,-321.9550647,5.706394241,-2031.652107,0,59.53456687,1378.143183,33.2922159
0.09200454438,0.1173601275,-0.3194744902,-8.629064787,1,-593.4200452,8.634976726,-985.249468,0,-951.9894554,660.455098,-92.12029738
0.09200454438,0.1212238354,-1.201138992,-3.226229084,2,-370.1266876,3.442570113,1726.917889,0,-86.25589839,-1069.79234,-110.4205157
0.09586825228,0.01690372206,-1.253063995,-0.7980480851,1,328.1386585,1.485614392,-307.5299693,0,160.5165727,-722.2062497,-147.5078625
0.09586825228,0.02076742997,-0.3090534565,0.00304592527,1,183.6799361,0.309068466,-35.73509201,0,218.705785,-275.2750358,179.4353307
0.09586825228,0.02463113787,0.3016368945,0.1274642884,1,122.3074953,0.3274629154,35.56383587,0,133.806743,-99.6580354,22.90771652
0.09586825228,0.02849484577,0.6804971495,0.5255037376,1,69.10057207,0.8597851759,67.1846399,0,71.62139605,-79.51263113,37.67657724
0.09586825228,0.03235855367,0.8453454745,0.6942596935,1,17.80724083,1.093894645,0.5769800129,0,32.74176893,-73.36569784,39.39534922
0.09586825228,0.03622226157,0.8758037579,0.8111966462,1,26.0198994,1.193763888,-52.21030488,0,52.51217098,-94.74843904,42.80681339
0.09586825228,0.04008596947,1.148770455,0.8586146185,1,85.23068134,1.434187095,-56.68309469,0,111.7845494,-150.7681893,36.77519299
0.09586825228,0.04394967737,1.637013061,1.17471397,1,107.0807569,2.014885772,-71.9915647,0,129.4537333,-245.6803142,35.66306925
0.09586825228,0.04781338527,2.062670634,1.529697212,1,97.7815158,2.567992154,-37.46435213,3.844320067,82.18104869,-207.0976723,36.561002
0.09586825228,0.05167709317,2.332335844,1.830127569,1,-0.1886637041,2.964651313,1.79283293,0,0.331040977,-157.0121214,38.12042
0.09586825228,0.05554080107,2.063220738,2.143273169,1,-118.9171935,2.974978939,11.71456844,7.415828331,-93.70072003,-111.4727057,46.09024593
0.09586825228,0.05940450897,1.510842331,2.306087214,1,-64.26340212,2.756933584,59.25167825,0,-87.1483957,-54.10170766,56.76902591
0.09586825228,0.06326821687,1.478209778,2.581237542,1,51.53276736,2.974540535,117.2540038,0,-5.427034604,0.5802591358,60.20131882
0.09586825228,0.06713192477,1.688981415,2.756880483,1,29.47985427,3.233117415,51.67170878,0,93.81966664,-33.88062622,58.50660488
0.09586825228,0.07099563267,1.954603111,2.911786774,1,11.61149941,3.506989527,74.15352208,0,140.2024898,-82.28598691,56.12761441
0.09586825228,0.07485934057,2.275546325,3.361317049,1,31.82355804,4.059133329,53.99258756,0,81.52082677,-195.3444401,55.9027632
0.09586825228,0.07872304847,2.392532706,3.875152218,1,27.51513863,4.554230721,27.85961529,0,29.47992827,-261.1954559,58.30867102
0.09586825228,0.08258675637,2.495758615,4.478141412,1,116.4087545,5.126652082,-15.00992071,11.80076751,9.837485014,-280.4788951,60.86819353
0.09586825228,0.08645046427,2.880311299,4.900846792,1,174.3012482,5.684583754,-33.25199651,17.49456649,14.17231511,-220.1510635,59.55651937
0.09586825228,0.09031417218,3.223965411,5.200264814,1,168.439815,6.118554331,-95.10482517,13.85146523,-33.17938997,-210.2289396,58.20266916
0.09586825228,0.09417788008,3.402918072,5.345652742,1,125.4046892,6.336864733,-175.3741931,0,-43.07224552,-191.0865811,57.52011889
0.09586825228,0.09804158798,3.542073924,5.260972891,1,123.956646,6.342249084,-251.2569403,0,-3.634951192,-102.4697915,56.0486601
0.09586825228,0.1019052959,3.867805955,4.77078266,1,59.56074825,6.14168463,-230.0008737,0,55.12821566,22.76618007,50.96735812
0.09586825228,0.1057690038,3.98519858,4.284354829,1,-731.0333471,5.851282254,187.1889878,35.12563794,-618.193603,148.4918853,47.07180707
0.09586825228,0.1096327117,-1.345212872,4.920296961,1,-281.5008043,5.10087442,221.7803078,0,-342.9258071,567.980227,105.2910284
0.09586825228,0.1134964196,1.572596548,2.946739466,2,115.9343932,3.340109786,-978.55998,0,347.4106595,370.5528854,61.91234451
0.09586825228,0.1173601275,0.4450170692,-0.2922810761,2,-1949.393914,0.5324175235,-220.5436426,132.2180592,1445.966312,536.0233308,-33.29635721
0.09586825228,0.1212238354,-0.3725006547,0.02358567284,2,-1093.577973,0.3732465964,190.4249087,0,670.4001633,26.92044245,176.377032
0.09973196018,0.01690372206,-1.650149868,-0.8992359449,1,275.5651951,1.879260459,442.1790245,0,383.0390019,-91.80587864,-151.4121788
0.09973196018,0.02076742997,-0.3778227482,0.1323448995,1,220.238507,0.4003313646,188.8132974,0,257.0341743,-89.80950488,160.695508
0.09973196018,0.02463113787,0.1938923614,0.1772811777,1,123.2846777,0.2627220276,32.5853821,0,139.7813332,-67.89760161,42.43754341
0.09973196018,0.02849484577,0.6385874764,0.5205817975,1,53.48620438,0.8238928164,44.53391028,0,58.50889785,-106.9651976,39.18720396
0.09973196018,0.03235855367,0.6266087227,0.7626294778,1,-37.68443845,0.9870370874,-2.125540348,3.548167492,-14.8206314,-109.2148284,50.59202431
0.09973196018,0.03622226157,0.4357232232,0.9343435257,1,-6.110349771,1.030947405,-46.21051617,0,28.36046993,-133.1207898,64.99840422
0.09973196018,0.04008596947,0.7125766878,1.098425388,1,40.56819499,1.309314275,-54.51101296,0,120.0661932,-148.8100892,57.02749223
0.09973196018,0.04394967737,1.056367578,1.298687612,1,67.19359605,1.674067493,-84.77349542,0,126.4794308,-192.596645,50.87469349
0.09973196018,0.04781338527,1.460872692,1.515022543,1,96.08418854,2.104624035,-103.4260106,0,125.5845334,-240.6217341,46.04244785
0.09973196018,0.05167709317,1.91283077,1.828771813,1,55.77065365,2.64638015,-78.9011067,0,34.52319765,-240.1389349,43.71300777
0.09973196018,0.05554080107,1.809741758,2.137998414,1,-49.33521259,2.801107361,-17.4888087,0,-62.97788907,-132.4963686,49.75323944
0.09973196018,0.05940450897,1.478885752,2.27312743,1,-26.90370927,2.711864927,40.87265909,0,-50.58481148,-44.08026023,56.95216613
0.09973196018,0.06326821687,1.510348749,2.46623168,1,48.0130046,2.891963354,85.63743546,0,-6.49184689,-55.92633619,58.51621633
0.09973196018,0.06713192477,1.639311377,2.820088493,1,52.25623532,3.261938212,70.72980852,0,50.22919856,-93.7093823,59.83065519
0.09973196018,0.07099563267,1.906322529,3.10157668,1,25.59652422,3.64058285,38.51580753,0,67.02714669,-100.7270449,58.42386244
0.09973196018,0.07485934057,1.997182186,3.358082202,1,20.42146794,3.90710286,7.201591789,1.7840756,-7.925220329,-163.4101913,59.25840331
0.09973196018,0.07872304847,1.95460438,3.760770774,1,41.74049236,4.238381189,-6.965064481,3.032235921,-28.64127739,-216.1402983,62.53751915
0.09973196018,0.08258675637,2.047793727,4.166274206,1,112.4682806,4.642337763,-24.3812575,11.23650995,-7.783923655,-198.9038139,63.82510841
0.09973196018,0.08645046427,2.359074157,4.435074954,1,157.1640524,5.02345705,-92.19688149,12.82993934,-23.73356011,-179.2226053,61.99090653
0.09973196018,0.09031417218,2.563330174,4.502516182,1,151.8525959,5.181053325,-126.4323366,5.051016503,-68.19436552,-194.6973517,60.34668217
0.09973196018,0.09417788008,2.682305122,4.698831033,1,159.4500865,5.410524359,-94.67457172,12.62542664,-36.31260886,-200.2783557,60.2803223
0.09973196018,0.09804158798,3.039097419,4.910538357,1,150.2599518,5.774902603,-75.98695972,12.35404771,48.01616217,-133.8015062,58.24692834
0.09973196018,0.1019052959,3.44838611,4.922209553,1,46.3006205,6.009951218,-125.3322948,0,113.9809916,-81.31955787,54.98580352
0.09973196018,0.1057690038,3.65837875,4.740485998,1,-52.54114319,5.98798318,-170.0091624,0,129.529253,-11.05573628,52.34152724
0.09973196018,0.1096327117,3.745845679,4.308059944,1,-140.1843399,5.708830032,552.0109607,0,-180.1474998,736.765266,48.99313519
0.09973196018,0.1134964196,2.42071009,4.026649328,2,-551.5222692,4.698270123,268.3833982,45.63756498,-185.1790752,221.3934588,58.98688035
0.09973196018,0.1173601275,0.8994468735,4.489615344,1,-975.3344171,4.578826336,324.8184536,90.64905522,255.2773623,438.0211492,78.67137013
0.09973196018,0.1212238354,-0.3613800415,3.589267179,1,-485.8705729,3.607413813,-18.05856758,0,-166.7806872,447.9953831,95.74936537
0.1035956681,0.01690372206,0.1006754964,-0.3828006889,1,-100.4278164,0.3958180428,548.1265553,0,86.34434106,274.8065538,-75.26505013
0.1035956681,0.02076742997,0.07346827894,0.1452136358,1,16.56624627,0.1627408616,195.6830381,0,0.1341095143,47.12024544,63.16367475
0.1035956681,0.02463113787,0.165200793,0.1912025467,1,59.22532814,0.2526850132,44.79418645,1.603145859,35.45383028,-58.65471097,49.1726769
0.1035956681,0.02849484577,0.4392808913,0.544909958,1,38.4871342,0.6999246844,26.04991884,1.104422347,26.20668472,-127.0145037,51.12586605
0.1035956681,0.03235855367,0.4151588123,0.7825987654,1,-24.40867419,0.8858993549,4.3669063,0,-41.94233462,-99.02389778,62.05461125
0.1035956681,0.03622226157,0.1829199744,0.9443818246,1,5.106185811,0.9619338583,28.122342,0,-18.55484891,-71.04998335,79.03796124
0.1035956681,0.04008596947,0.3631971064,1.165771662,1,59.51120264,1.221038782,9.86044401,4.456737608,39.4651936,-109.0396657,72.69553481
0.1035956681,0.04394967737,0.5653358585,1.403777118,1,34.69370111,1.513338967,-34.45216579,0,61.11414648,-158.1432619,68.06413131
0.1035956681,0.04781338527,0.7333706441,1.643677928,1,34.47096359,1.799863781,-76.21307754,0,103.8216998,-165.313107,65.95468903
0.1035956681,0.05167709317,1.099658314,1.748033606,1,92.55835609,2.065156143,-80.46666152,0,101.6465886,-196.1285945,57.82669774
0.1035956681,0.05554080107,1.483721823,2.090561852,1,67.33273117,2.563567691,-14.74567422,5.646512745,35.88179574,-135.4993021,54.63576497
0.1035956681,0.05940450897,1.498449098,2.214590352,1,26.89677515,2.673903537,32.10184094,0,1.387703572,-40.38936997,55.91670181
0.1035956681,0.06326821687,1.593004787,2.370646716,1,27.68743412,2.856156527,72.34403389,0,-1.353674002,-65.98377621,56.10006154
0.1035956681,0.06713192477,1.600195055,2.749048605,1,39.02320772,3.180863474,68.08102895,0,-7.646023416,-113.40678,59.79672203
0.1035956681,0.07099563267,1.714237062,3.071862598,1,26.30759758,3.517804503,3.286378481,2.558120943,-7.722634049,-126.833479,60.83652382
0.1035956681,0.07485934057,1.672001925,3.251793726,1,1.113218787,3.656467267,-10.39065379,0,-48.66295939,-147.9152892,62.78875358
0.1035956681,0.07872304847,1.530518754,3.603217618,1,42.47456108,3.914800743,5.340941556,0,-52.55596611,-191.8086137,66.98594016
0.1035956681,0.08258675637,1.633050321,4.01352202,1,102.0676123,4.333037313,-34.68450914,9.532575364,-24.13549687,-189.6376408,67.85922668
0.1035956681,0.08645046427,1.831625684,4.201911257,1,107.0896212,4.583766013,-112.1532464,0,-16.46067481,-199.2575562,66.44746888
0.1035956681,0.09031417218,1.983214097,4.35006763,1,70.60532126,4.780818606,-108.5568604,0,41.12166316,-208.8158919,65.49155849
0.1035956681,0.09417788008,2.263306116,4.589282869,1,101.0885028,5.117037407,-57.70561249,0,92.58516334,-191.2211722,63.74877222
0.1035956681,0.09804158798,2.731512571,4.865932753,1,115.6737244,5.580184807,-43.50992593,5.475207544,92.94904518,-158.1658436,60.69213411
0.1035956681,0.1019052959,3.069363559,5.032279844,1,65.48506278,5.894474793,-46.61386176,0,77.92746838,-78.16099385,58.61952367
0.1035956681,0.1057690038,3.285616701,4.987821657,1,41.19277524,5.97274158,-64.79953953,0,105.008354,4.146888873,56.62599358
0.1035956681,0.1096327117,3.634242017,4.765890984,1,-49.25230993,5.993449083,-102.5814533,0,95.66745409,59.34566812,52.67257795
0.1035956681,0.1134964196,3.46495126,4.362182559,1,-112.5761981,5.570863838,65.15456598,7.900757712,49.98462692,143.6924921,51.539323
0.1035956681,0.1173601275,3.392406469,4.462443378,1,-357.2677101,5.605517154,-290.9606494,2.397738701,-205.9999332,512.8596324,52.75743914
0.1035956681,0.1212238354,1.288649616,1.256455785,1,189.3052263,1.79980526,-869.7483122,0,-1278.288611,789.791009,44.27528649
0.107459376,0.01690372206,1.529423287,-0.1776028846,1,-304.8016941,1.539700743,160.3245808,0,-196.85376,32.7482661,-6.623753125
0.107459376,0.02076742997,0.5602982166,0.06885592287,1,-171.6282036,0.5645132679,83.82328532,0,-187.8927488,15.74413832,7.006039564
0.107459376,0.02463113787,0.1403393433,0.08543505356,1,-16.13667223,0.1642993599,34.95240241,0,-64.56518528,-69.68226857,31.33200099
0.107459376,0.02849484577,0.2484898122,0.4731337278,1,53.41766817,0.5344181052,37.38657436,3.182268782,-22.2190329,-120.350371,62.29154682
0.107459376,0.03235855367,0.2608817569,0.6948845355,1,52.03829735,0.7422424191,20.28236036,1.186630954,-46.50642369,-75.42634242,69.42226736
0.107459376,0.03622226157,0.2698633562,0.8429241989,1,51.94703539,0.8850691702,54.65999201,0,-34.21914545,-29.73793298,72.24746029
0.107459376,0.04008596947,0.3293771453,1.020973465,1,23.28226042,1.072788945,81.32541228,0,-12.31565853,-63.05514407,72.1197345
0.107459376,0.04394967737,0.3122351025,1.400768495,1,33.32551652,1.435145685,77.89992627,0,18.00054752,-119.3199685,77.43404301
0.107459376,0.04781338527,0.5276860645,1.782973531,1,58.81107421,1.859421199,22.69116417,0,78.85781931,-97.17234655,73.51343571
0.107459376,0.05167709317,0.8441474941,1.863886089,1,79.2398269,2.046132044,8.033235785,0,102.3352326,-52.40292079,65.634394
0.107459376,0.05554080107,1.229239056,2.016481186,1,97.54020823,2.36161492,-12.55327562,7.907262776,58.45441716,-92.96353138,58.63367814
0.107459376,0.05940450897,1.446865161,2.174567829,1,40.6424589,2.611927265,-13.19579321,0,38.47425439,-100.5585398,56.36189099
0.107459376,0.06326821687,1.534922926,2.354025321,1,-2.862355234,2.810235506,22.22560417,0,7.345290915,-98.17800793,56.89396874
0.107459376,0.06713192477,1.464185915,2.639772216,1,-1.545630594,3.018648331,48.97837389,0,-25.87629373,-110.4716934,60.98445697
0.107459376,0.07099563267,1.428972621,2.970093805,1,22.76015074,3.295970261,-3.198255754,0,-43.11667181,-139.3341611,64.3068451
0.107459376,0.07485934057,1.385534263,3.165761589,1,10.00566137,3.455683961,-13.30934779,0,-60.42998538,-122.9208353,66.36282115
0.107459376,0.07872304847,1.234147762,3.393600576,1,23.45479524,3.611044941,-9.895993669,0,-76.37178716,-142.6442965,70.01523548
0.107459376,0.08258675637,1.181078464,3.678662256,1,82.00464287,3.863612601,-45.73737871,0,-102.2634164,-191.7401663,72.20015215
0.107459376,0.08645046427,1.155873779,3.9577127,1,103.1537736,4.123049115,-52.11099247,6.476487572,-62.77388371,-235.8561674,73.71923866
0.107459376,0.09031417218,1.337094563,4.38859994,1,91.54764913,4.587769752,-60.3960128,4.295410631,54.59459907,-243.7079845,73.05535735
0.107459376,0.09417788008,1.720524738,4.665976613,1,113.5951572,4.973081854,-71.17652371,0,125.2393032,-183.5392866,69.75913274
0.107459376,0.09804158798,2.259881155,4.822736834,1,181.6543708,5.325960327,-85.262289,7.888494141,140.7736722,-164.0225805,64.89273113
0.107459376,0.1019052959,2.966292515,4.970283374,1,164.1422129,5.788143752,-58.73052373,7.018806549,137.1625181,-101.2580448,59.17101453
0.107459376,0.1057690038,3.424034624,4.987050754,1,105.2507262,6.049354373,67.64293125,6.210291858,53.27645406,94.11899892,55.52708861
0.107459376,0.1096327117,3.578795234,4.867987582,1,-99.45560704,6.041943265,284.6514905,0,48.62347612,370.6605497,53.67781458
0.107459376,0.1134964196,3.227634118,4.654736872,2,-229.6395708,5.664291425,110.1430649,0,-241.9270055,56.80511266,55.26223196
0.107459376,0.1173601275,1.756799727,5.074069849,1,-729.4453244,5.369593105,-579.4998642,35.27372159,-279.4160916,1163.857493,70.90256607
0.107459376,0.1212238354,-0.6703117055,-2.081086724,1,-810.2042502,2.186375937,-1767.909824,0,-446.1595822,1935.867354,-107.8535919
0.1113230839,0.01690372206,NaN,NaN,0,-149.1622976,0.8473462184,-113.9927502,0,-51.93202425,-138.8877934,2.318479708
0.1113230839,0.02076742997,NaN,NaN,0,-125.4037891,0.4655135193,-25.33609563,9.026450623,-85.6985681,-17.52244115,10.19210193
0.1113230839,0.02463113787,0.03101473474,0.00408891821,1,-64.93880708,0.03128311082,32.37050572,5.275864623,-22.91325476,-11.70623576,7.510442839
0.1113230839,0.02849484577,0.1187330149,0.2526718385,1,36.86464149,0.2791784139,43.6783511,0,7.415061525,-59.26986346,64.83070088
0.1113230839,0.03235855367,0.2020985731,0.4018507481,1,52.56613442,0.4498086894,37.05284768,3.654345453,-11.03128757,-55.80847664,63.30128561
0.1113230839,0.03622226157,0.2792115308,0.611460871,1,80.73486754,0.6721930345,66.45199784,4.193934414,-20.76928037,-95.66712961,65.45712676
0.1113230839,0.04008596947,0.433788086,1.028231702,1,37.57852881,1.115989487,76.62921206,0,-4.944233859,-113.1121095,67.12620061
0.1113230839,0.04394967737,0.405300914,1.344565914,1,23.9286388,1.404324154,77.01847329,0,-20.87224179,-102.3172868,73.22528898
0.1113230839,0.04781338527,0.4455971113,1.721132695,1,100.8748678,1.777879225,23.39765904,9.425952723,34.46815276,-104.1227451,75.48496349
0.1113230839,0.05167709317,0.928226812,1.837267507,1,75.46770727,2.058435548,-33.6050387,0,87.70161283,-90.13443556,63.19611892
0.1113230839,0.05554080107,1.076035703,1.939545772,1,12.48334061,2.218037564,-34.43494101,0,21.34653827,-129.9249587,60.97903543
0.1113230839,0.05940450897,1.058935582,2.206213043,1,25.74404072,2.447186253,-30.20219082,0,32.10484124,-151.9868389,64.35997943
0.1113230839,0.06326821687,1.299546885,2.410086079,1,38.1004632,2.738126552,-10.48201624,0,40.49431042,-126.6473677,61.66592944
0.1113230839,0.06713192477,1.36260283,2.655042029,1,-16.79276919,2.984281262,12.99873691,0,-18.41005961,-92.40460335,62.83250309
0.1113230839,0.07099563267,1.163533437,2.817333798,1,-9.917594494,3.048143663,-19.63248369,0,-46.23430553,-103.6473576,67.55981639
0.1113230839,0.07485934057,1.14564829,2.979650961,1,8.069591656,3.19230792,-13.19759397,0,-65.62720558,-116.7724696,68.96870907
0.1113230839,0.07872304847,0.9411476294,3.217516863,1,-17.02241475,3.352338531,-28.79642585,0,-94.30635222,-112.1135686,73.69540917
0.1113230839,0.08258675637,0.7155064538,3.301564064,1,38.53102408,3.378205848,-44.21785498,0,-96.02577833,-133.0699117,77.77209966
0.1113230839,0.08645046427,0.7190046931,3.560815257,1,93.68019638,3.632681247,25.31595827,5.876131174,-69.67770223,-209.1033607,78.58425447
0.1113230839,0.09031417218,0.80824508,4.207291839,1,112.0011834,4.284222768,4.019003731,10.97419754,32.97715057,-273.8118311,79.12562951
0.1113230839,0.09417788008,1.279158627,4.634272448,1,117.7407134,4.807569856,-91.62854799,0,130.7520805,-221.2164592,74.56935265
0.1113230839,0.09804158798,1.768348651,4.707981675,1,158.7222322,5.029129985,-106.9652223,0,144.6277791,-182.9972991,69.41349379
0.1113230839,0.1019052959,2.451214463,4.928038184,1,246.1105447,5.503999699,-203.378878,0,308.3487862,-223.8324365,63.55417086
0.1113230839,0.1057690038,3.910617548,4.787008251,1,470.6505899,6.181292551,7.680871097,0,490.8511481,-98.43147852,50.75382045
0.1113230839,0.1096327117,6.166176324,5.338025308,1,260.9145208,8.155749178,-311.8218009,0,-209.3131293,-189.5815169,40.88256094
0.1113230839,0.1134964196,4.109990252,4.3147075,2,397.7929163,5.958919423,-125.3300795,0,-531.3388985,-348.742303,46.39199373
0.1113230839,0.1173601275,5.650193658,6.201224881,1,-429.8302933,8.389271625,-429.1179745,0,-132.4279976,-1.629795471,47.66204779
0.1113230839,0.1212238354,NaN,NaN,0,-1730.877885,3.293313547,-721.2266955,0,-190.9056984,1110.281755,53.96069441
0.1151867918,0.01690372206,NaN,NaN,0,-80.06554355,0.5868043477,-49.50072619,0,-1.545896885,-62.02693632,19.72671051
0.1151867918,0.02076742997,NaN,NaN,0,-79.0209208,0.4529836378,-7.805688497,8.036285302,-6.955217976,-20.68011451,29.38460177
0.1151867918,0.02463113787,NaN,NaN,0,-78.66825886,0.3314948071,48.24646008,5.825889275,25.23342577,12.76659011,48.37874277
0.1151867918,0.02849484577,NaN,NaN,0,-34.53228318,0.4056715549,39.89518088,0,26.31101953,-12.21879014,62.35174084
0.1151867918,0.03235855367,NaN,NaN,0,-27.70944026,0.4870805913,12.37465161,1.555423457,19.61769452,-11.27948322,67.24284639
0.1151867918,0.03622226157,0.1569846207,0.4507418207,1,-11.55625543,0.4772969307,41.29933807,0,11.55687689,-64.17324624,70.79776539
0.1151867918,0.04008596947,0.1884178863,0.8566779309,1,19.21439973,0.8771535653,69.51484544,0,-4.331479625,-131.5689782,77.59585149
0.1151867918,0.04394967737,0.2144878767,1.227670979,1,24.39446565,1.246266858,59.84123671,0,-17.31059022,-113.4947057,80.0898103
0.1151867918,0.04781338527,0.2157879117,1.526397381,1,65.57951652,1.54157497,55.55148054,2.34035379,-26.3512837,-121.3468163,81.95337685
0.1151867918,0.05167709317,0.3660543098,1.911154326,1,80.65702393,1.945894811,-43.63915594,6.729873566,17.28322185,-179.3452253,79.15713267
0.1151867918,0.05554080107,0.5942004131,2.050725993,1,55.73231371,2.135076399,-82.59456398,0,41.81275617,-157.1317147,73.84098872
0.1151867918,0.05940450897,0.742939967,2.199144104,1,57.61985489,2.321248497,-44.6715741,0,48.72737418,-125.5649703,71.33341597
0.1151867918,0.06326821687,1.005095042,2.363274447,1,61.58166827,2.568128143,-46.95956548,0,45.68443074,-159.3850866,66.96006511
0.1151867918,0.06713192477,1.157384841,2.633523479,1,4.289039408,2.876627467,-41.8979331,0,-17.86142102,-162.6374421,66.27539969
0.1151867918,0.07099563267,0.9526553242,2.829776642,1,-36.28118992,2.985831209,-47.21681917,0,-34.63952824,-111.2732177,71.39399341
0.1151867918,0.07485934057,0.8833679021,2.881018692,1,-2.633246051,3.013404645,-43.30584423,0,-65.42123117,-111.9501053,72.9535957
0.1151867918,0.07872304847,0.6897127029,3.094998016,1,-2.155774325,3.17091727,-34.7212782,0,-98.07892076,-106.6095759,77.43705462
0.1151867918,0.08258675637,0.4960903188,3.158774075,1,0.8636839369,3.197492653,-14.93703972,0,-63.9998654,-74.86586618,81.07451622
0.1151867918,0.08645046427,0.4457729398,3.326545496,1,27.54926505,3.356280449,68.54459314,0,-79.67443587,-170.7333513,82.36756186
0.1151867918,0.09031417218,0.2946938844,4.08327416,1,64.35254546,4.093894521,100.3242301,0,-47.267902,-259.3570073,85.87206469
0.1151867918,0.09417788008,0.5117830117,4.716248735,1,110.6235876,4.743935495,-129.5547803,0,108.0411788,-306.8471228,83.80679068
0.1151867918,0.09804158798,1.13955067,4.768279984,1,131.046673,4.902557469,-312.8128323,0,77.01506273,-440.7999983,76.55923003
0.1151867918,0.1019052959,1.315672784,5.210753759,1,807.4271264,5.374285963,-256.3352498,71.96921475,-306.9104814,-333.1577823,75.82946216
0.1151867918,0.1057690038,3.073400785,5.06509981,1,471.3200544,5.924612095,-749.9703664,0,-386.9848774,-191.0284072,58.75146529
0.1151867918,0.1096327117,1.641519273,3.051165295,2,378.3785398,3.464707085,-1842.257552,0,-812.5324458,-806.9161203,61.71985999
0.1151867918,0.1134964196,1.395956909,1.064842939,2,1565.251721,1.755729528,-155.0593609,0,-1966.162749,-976.0272588,37.33657005
0.1151867918,0.1173601275,0.09251616506,6.223145448,1,460.9591123,6.223833105,-342.6485818,0,-606.6930861,-1068.395225,89.14827712
0.1151867918,0.1212238354,NaN,NaN,0,184.1712825,3.957550456,-799.4266077,0,199.0705446,419.2107895,77.8510249
0.1190504997,0.01690372206,NaN,NaN,0,-50.63678332,0.535586522,-20.6147427,0,15.62618053,-32.60189819,39.08264877
0.1190504997,0.02076742997,NaN,NaN,0,-52.34895176,0.5013625838,-1.500839712,5.179092879,13.78730721,-19.06922319,46.02681362
0.1190504997,0.02463113787,NaN,NaN,0,-51.81479736,0.4854015366,23.26928465,4.277701331,20.12492927,-9.585056717,56.66400541
0.1190504997,0.02849484577,NaN,NaN,0,-39.14500753,0.5374271655,30.05680948,0.8964976488,23.50682876,-16.31685524,65.17162737
0.1190504997,0.03235855367,NaN,NaN,0,-37.11820012,0.6200456798,31.70525712,0,28.10274804,-23.42589681,70.56326672
0.1190504997,0.03622226157,NaN,NaN,0,-50.71605916,0.7262826923,51.96482176,0,47.53234516,-39.28129155,74.76648284
0.1190504997,0.04008596947,NaN,NaN,0,-18.67560569,0.9571303563,63.81355632,0,20.53033983,-61.10957703,78.30396338
0.1190504997,0.04394967737,NaN,NaN,0,2.869428088,1.199879091,52.57799293,0,-3.55423409,-58.37284634,80.50181989
0.1190504997,0.04781338527,0.1913831526,1.365938936,1,0.5650116814,1.379281221,48.01212699,0,-34.5529033,-57.83953093,82.02414874
0.1190504997,0.05167709317,0.06668029664,1.592409647,1,35.86263705,1.593805116,38.70838606,0,-46.62425982,-95.83225348,87.60220685
0.1190504997,0.05554080107,0.1498033856,1.885764668,1,74.85308756,1.891705431,19.60617271,7.313538222,11.72462812,-130.3651664,85.45801488
0.1190504997,0.05940450897,0.4011913008,2.171855095,1,72.65469598,2.20859888,-10.95974031,7.118356689,18.57581252,-130.7667084,79.53413569
0.1190504997,0.06326821687,0.5022914221,2.348663797,1,35.5285572,2.401773991,-48.33047732,0,8.767385569,-151.2378491,77.92842151
0.1190504997,0.06713192477,0.5723378848,2.56945912,1,40.97604725,2.632430593,-71.93600291,0,-28.32426079,-194.8782424,77.44257316
0.1190504997,0.07099563267,0.5511742294,2.823676699,1,44.04217926,2.876967697,-99.8563997,0,-50.91465357,-143.2337489,78.95489789
0.1190504997,0.07485934057,0.5457846515,2.737056527,1,42.49294169,2.790942371,-76.02858095,0,-82.89137284,-82.03864843,78.72281292
0.1190504997,0.07872304847,0.3950864919,2.846897844,1,55.51226456,2.87418174,-20.10595448,0,-101.3879879,-101.347533,82.09907648
0.1190504997,0.08258675637,0.3685342568,3.050950256,1,12.3799618,3.073127879,6.907744161,0,-30.73262016,-70.64375811,83.112425
0.1190504997,0.08645046427,0.3241771807,3.146534196,1,22.17868687,3.163189576,64.27633338,0,-67.40606404,-123.3860875,84.11775605
0.1190504997,0.09031417218,0.1937888823,3.776023034,1,409.4314896,3.780992474,936.2984847,0,-598.6663005,553.8263577,87.0621068
0.1190504997,0.09417788008,-0.4069708534,4.624294775,1,749.7769305,4.642168399,854.872601,0,-1095.86419,667.6958526,95.02947825
0.1190504997,0.09804158798,-1.143391196,4.499219316,1,231.3456664,4.642231993,-720.9475298,0,-81.08678416,314.7755925,104.2587931
0.1190504997,0.1019052959,0.173585577,0.6225631648,2,1982.487758,0.6463101784,-530.1818787,104.6119736,-1615.41437,253.6378844,74.42025176
0.1190504997,0.1057690038,0.2748731523,1.470768705,2,176.428786,1.496233883,-134.2373287,0,-1274.607688,-163.7763005,79.41406712
0.1190504997,0.1096327117,-4.069456925,0.7366931238,1,244.9655909,4.135601095,-569.2110513,0,-383.4520455,2226.138771,169.738883
0.1190504997,0.1134964196,-0.2601980565,-9.329646487,1,-277.2141635,9.333274163,455.2232297,0,1381.798047,108.5522189,-91.59752966
0.1190504997,0.1173601275,0.1983325531,2.076128647,1,617.110178,2.085580485,1584.735532,0,-428.4976673,-1534.090021,84.5430943
0.1190504997,0.1212238354,NaN,NaN,0,283.7472979,2.760636644,107.4678815,0,-143.8749033,-226.1265888,80.22824257
0.1229142076,0.01690372206,NaN,NaN,0,-35.22563518,0.5713431334,-7.639698457,0,18.90735074,-19.91249882,52.63367665
0.1229142076,0.02076742997,NaN,NaN,0,-36.67595625,0.5724146869,2.144576574,3.29399594,17.6006863,-16.40661221,56.58496681
0.1229142076,0.02463113787,NaN,NaN,0,-37.0969713,0.5924396246,16.27470876,2.880709551,17.97215534,-15.72073854,62.55518515
0.1229142076,0.02849484577,NaN,NaN,0,-33.11474947,0.6480324832,25.35751525,0.8812678695,19.4886182,-20.0376773,68.13546945
0.1229142076,0.03235855367,NaN,NaN,0,-30.90229351,0.7349828587,32.42474563,0,21.75412374,-26.82595723,72.54977947
0.1229142076,0.03622226157,NaN,NaN,0,-30.0329283,0.8555142657,42.70826775,0,24.45816874,-36.74931391,76.06746358
0.1229142076,0.04008596947,NaN,NaN,0,-17.96376038,1.027584769,49.41128431,0,14.36829687,-47.00047286,78.84131925
0.1229142076,0.04394967737,NaN,NaN,0,-8.634851626,1.218094517,48.95099038,0,3.18734383,-50.0610915,80.92635259
0.1229142076,0.04781338527,NaN,NaN,0,-10.66633405,1.402033895,49.26084957,0,-1.434447143,-51.57421261,82.71364505
0.1229142076,0.05167709317,NaN,NaN,0,0.1285672232,1.599068156,67.29846698,0,-3.119911168,-40.39705788,84.78500749
0.1229142076,0.05554080107,NaN,NaN,0,22.89500379,1.814449417,54.67398174,0,-9.952515245,-48.27118237,84.74254939
0.1229142076,0.05940450897,0.1953503672,1.990199095,1,40.61817073,1.999763537,30.41535262,1.42182874,-23.0802744,-86.84533138,84.39402222
0.1229142076,0.06326821687,0.2340213228,2.259877097,1,25.02189531,2.271961811,7.519797609,0,-42.84359285,-89.68429898,84.08781512
0.1229142076,0.06713192477,0.1264925336,2.365767331,1,23.31852941,2.36914656,-28.60657233,0,-80.4127332,-81.15042018,86.93943118
0.1229142076,0.07099563267,0.01342599658,2.462891177,1,105.9970261,2.462927771,-51.68261757,6.421350087,-68.17072839,-59.65500961,89.68766573
0.1229142076,0.07485934057,0.2726422991,2.396570325,1,124.3112059,2.412028844,-43.11970405,9.509972539,-70.72902206,-49.82054548,83.50973322
0.1229142076,0.07872304847,0.2204519036,2.488781271,1,58.68158961,2.498525817,50.70148285,0,-64.58506926,-103.4585474,84.93805107
0.1229142076,0.08258675637,0.2498329781,2.992199652,1,42.07634194,3.002611409,21.13443607,0,-42.86879,-106.109892,85.22717341
0.1229142076,0.08645046427,0.2173901158,2.980416186,1,802.605578,2.988333834,-393.8591113,1.67903208,699.1301075,331.8481524,85.8282612
0.1229142076,0.09031417218,6.052101011,0.1882787636,1,1038.636415,6.055028946,-707.5126187,52.7618082,560.1264358,688.8625136,1.781877139
0.1229142076,0.09417788008,6.394542775,-2.414769444,1,-485.0259402,6.83529727,494.0594373,0,-1192.606073,-378.8982448,-20.68802712
0.1229142076,0.09804158798,-0.4297790535,3.561132257,1,-641.7660496,3.586972677,-586.2015369,0,-949.2846625,1038.072305,96.88152111
0.1229142076,0.1019052959,0.2471875683,-8.69048912,1,-216.5045693,8.694003844,-721.5367133,0,825.1795224,340.2447781,-88.37074914
0.1229142076,0.1057690038,1.921963172,-0.5412812804,2,625.7632652,1.99672929,1056.128887,0,1392.043625,-1354.413646,-15.72877889
0.1229142076,0.1096327117,8.043403993,0.6231431084,1,162.2327965,8.067506128,2142.818868,0,265.4023753,68.11161484,4.430001974
0.1229142076,0.1134964196,3.574220564,7.474781524,1,-2614.196108,8.285373346,537.0962167,255,607.0028701,133.3185277,64.44424551
0.1229142076,0.1173601275,0.2881956237,2.183222155,1,-325.3624844,2.202161597,-673.8056295,0,-502.8056454,687.0821392,82.48016402
0.1229142076,0.1212238354,NaN,NaN,0,148.3957061,2.248107741,-4.53596168,0,-103.7623145,-21.86985257,80.41275049
0.1267779155,0.01690372206,NaN,NaN,0,-25.14481544,0.6282198794,-1.451723271,0,16.71453592,-13.72619202,60.50645921
0.1267779155,0.02076742997,NaN,NaN,0,-26.11183788,0.6413625873,4.5123358,2.093508873,15.65636081,-13.99218839,62.81636584
0.1267779155,0.02463113787,NaN,NaN,0,-26.78238211,0.6742437925,14.32745855,1.767232893,14.6743876,-16.85360793,66.49651272
0.1267779155,0.02849484577,NaN,NaN,0,-25.31472555,0.7335537024,22.67379714,0,14.72136496,-21.2871582,70.3876405
0.1267779155,0.03235855367,NaN,NaN,0,-23.34329616,0.820463112,29.92794239,0,14.96695998,-27.09094091,73.86833454
0.1267779155,0.03622226157,NaN,NaN,0,-20.54960015,0.9360578329,37.03221931,0,14.17790919,-33.88953401,76.79324335
0.1267779155,0.04008596947,NaN,NaN,0,-14.5116559,1.081467863,42.17232278,0,9.297335092,-40.08190899,79.16241336
0.1267779155,0.04394967737,NaN,NaN,0,-8.778740166,1.244278277,44.55383471,0,3.369759679,-43.29683421,81.04370636
0.1267779155,0.04781338527,NaN,NaN,0,-5.064334224,1.413432652,46.66059686,0,-0.9120471695,-44.12038722,82.58360423
0.1267779155,0.05167709317,NaN,NaN,0,2.332065191,1.589044937,50.73435588,0,-4.377525555,-41.72687773,83.83613511
0.1267779155,0.05554080107,NaN,NaN,0,12.47125625,1.767490681,46.29624101,0,-9.224928436,-43.22513135,84.33273297
0.1267779155,0.05940450897,NaN,NaN,0,17.21393495,1.934433818,40.13953196,0,-14.55072719,-44.64946704,84.56679581
0.1267779155,0.06326821687,NaN,NaN,0,30.21320617,2.094622192,23.65372274,0,-39.24427715,-39.22083154,84.93757246
0.1267779155,0.06713192477,NaN,NaN,0,29.79113547,2.173734377,12.7536404,0,-46.31247482,-3.886332719,86.08885754
0.1267779155,0.07099563267,0.1209981597,2.15074337,1,51.42377225,2.154144284,-5.624287493,3.064676094,-41.47950358,42.30732868,86.78000465
0.1267779155,0.07485934057,0.1866906751,1.983478057,1,45.4646146,1.992244616,15.93958128,3.35398464,-27.28248311,-40.97158186,84.62299715
0.1267779155,0.07872304847,0.1912486048,2.370631481,1,11.53907218,2.378333376,92.34792775,0,-49.45000188,-98.98874683,85.38770229
0.1267779155,0.08258675637,0.0402139165,2.722747079,1,70.06494433,2.723044034,47.94612703,0,-97.67149697,-49.39656364,89.15382512
0.1267779155,0.08645046427,0.0845849492,2.746735204,1,79.53225283,2.74803728,-122.8084721,0,-58.43427923,83.0939547,88.23614977
0.1267779155,0.09031417218,0.1217303238,1.927200246,1,-272.2754042,1.931040926,-903.3971378,0,260.2127445,-681.7646021,86.38575166
0.1267779155,0.09417788008,0.03797835559,1.890411825,1,-535.3409361,1.890793278,-663.9082621,0,659.77455,-1022.076377,88.84908316
0.1267779155,0.09804158798,0.602505461,3.311057222,1,-117.5575165,3.36542906,482.7292328,0,-228.6367289,-230.8118697,79.68686123
0.1267779155,0.1019052959,-1.299615086,4.64732622,1,-1770.819004,4.825623313,150.8470207,111.7932797,1387.736865,-139.1321892,105.6235383
0.1267779155,0.1057690038,-0.8776120271,4.431452186,1,257.8169515,4.517518273,-718.9316849,0,1236.226564,190.043856,101.2020014
0.1267779155,0.1096327117,4.472932649,1.135310241,2,965.4357678,4.61476498,-124.6057946,97.2406098,-135.2227191,215.8254098,14.24193816
0.1267779155,0.1134964196,2.330088688,3.116125452,2,101.9238599,3.890957611,-297.0486288,0,-1194.993949,-363.1068997,53.21262806
0.1267779155,0.1173601275,0.2496291084,1.390540104,1,-194.3246583,1.412769079,-139.2511354,0,-313.8833898,215.2803099,79.82269337
0.1267779155,0.1212238354,NaN,NaN,0,105.9582232,1.784368133,105.164753,0,-45.45047646,-78.99999808,78.14668985
0.1306416234,0.01690372206,NaN,NaN,0,-17.29951426,0.679883192,1.794399501,0,12.37735522,-10.29609551,64.92753468
0.1306416234,0.02076742997,NaN,NaN,0,-17.95176758,0.6972556134,6.097648531,1.265704063,11.52826355,-12.0509586,66.44880519
0.1306416234,0.02463113787,NaN,NaN,0,-18.6059937,0.7347358506,13.84899252,0.7057379994,10.34766928,-16.41434659,69.00118424
0.1306416234,0.02849484577,NaN,NaN,0,-18.01847445,0.7953319549,21.08227235,0,9.755494043,-21.16640664,71.93011595
0.1306416234,0.03235855367,NaN,NaN,0,-16.60656545,0.8801316652,27.58100751,0,9.214442037,-26.36111419,74.75919266
0.1306416234,0.03622226157,NaN,NaN,0,-14.31052021,0.9888803254,33.3203443,0,7.989172959,-31.63597221,77.25658534
0.1306416234,0.04008596947,NaN,NaN,0,-10.75452293,1.119443321,37.6919528,0,5.273374622,-36.14079488,79.34693978
0.1306416234,0.04394967737,NaN,NaN,0,-6.90411891,1.26521401,40.43142882,0,1.906406961,-38.92394913,81.04438635
0.1306416234,0.04781338527,NaN,NaN,0,-3.144327876,1.41921323,42.09334727,0,-1.205975659,-39.88362433,82.40275725
0.1306416234,0.05167709317,NaN,NaN,0,1.792771514,1.576849347,42.68211867,0,-4.253215445,-39.16493445,83.43993918
0.1306416234,0.05554080107,NaN,NaN,0,7.444021075,1.732171374,39.63709444,0,-8.018945758,-38.25299828,84.0976192
0.1306416234,0.05940450897,NaN,NaN,0,11.88723858,1.875926587,33.89249064,0,-12.9875607,-35.60689473,84.5575081
0.1306416234,0.06326821687,NaN,NaN,0,16.67710488,1.999089558,24.77046003,0,-21.12155966,-28.09468841,85.01028746
0.1306416234,0.06713192477,NaN,NaN,0,16.4583505,2.077952585,16.806175,0,-21.30240431,-12.29188034,85.56308788
0.1306416234,0.07099563267,NaN,NaN,0,11.40371598,2.109653511,11.0943025,0,-7.476726498,-0.2346021216,85.78226271
0.1306416234,0.07485934057,NaN,NaN,0,-12.72333696,2.122799239,16.76724433,0,22.98166053,-21.84779887,85.24618767
0.1306416234,0.07872304847,NaN,NaN,0,33.21013578,2.261542019,26.54717227,1.285232792,-15.53205145,-32.62351438,85.05881192
0.1306416234,0.08258675637,0.2442289147,2.344115038,1,49.5854944,2.356803572,40.04230585,0,-83.45164074,-10.22456416,84.05192154
0.1306416234,0.08645046427,0.06394482127,2.447353806,1,34.53180472,2.448189044,-13.64340533,0,-116.5074225,11.83926843,88.50330795
0.1306416234,0.09031417218,-0.07250092725,2.24565743,1,-22.20250563,2.24682747,-46.86713174,0,-25.30476526,16.42598231,91.84914882
0.1306416234,0.09417788008,-0.1196093966,2.202807702,1,153.9975633,2.206052624,104.6167544,11.58104684,5.449526316,-124.7735666,93.10802908
0.1306416234,0.09804158798,0.5435560525,3.131954626,1,199.3587602,3.178772241,118.5014793,13.41913076,-92.71000148,-220.6650622,80.15428988
0.1306416234,0.1019052959,0.2924502552,3.513248148,1,163.1895544,3.525399225,236.0706752,0,-335.3197933,208.3633418,85.24154794
0.1306416234,0.1057690038,-0.1215049115,3.239007669,1,1296.98158,3.241285875,-728.5060339,73.33663957,800.3300941,1120.16579,92.14832952
0.1306416234,0.1096327117,8.395849941,-3.629479783,1,62.98253423,9.146771,-416.0259231,0,233.384938,-215.4057545,-23.37856297
0.1306416234,0.1134964196,1.023572433,2.463869938,1,-785.3595136,2.668024662,517.0994312,0,-1237.024165,-867.7780131,67.44039799
0.1306416234,0.1173601275,NaN,NaN,0,-72.01985248,1.816997022,-65.0546176,0,-69.82799387,150.3240414,71.32006318
0.1306416234,0.1212238354,NaN,NaN,0,13.70694961,1.699585228,-8.747570418,0,-68.80239718,37.61847492,73.75279055
0.1345053313,0.01690372206,NaN,NaN,0,-10.51236679,0.7169135836,3.753464694,0,7.178859157,-8.12732737,67.31912035
0.1345053313,0.02076742997,NaN,NaN,0,-11.02026426,0.7357561059,7.257490056,0.5282700442,6.501129135,-10.52382764,68.47110554
0.1345053313,0.02463113787,NaN,NaN,0,-11.67135067,0.7747418683,13.88859064,0,5.432531938,-15.5864132,70.47129956
0.1345053313,0.02849484577,NaN,NaN,0,-11.5466131,0.8353196972,20.22529225,0,4.738499895,-20.60300759,72.88004436
0.1345053313,0.03235855367,NaN,NaN,0,-10.75397097,0.9179023715,25.99347098,0,4.146141163,-25.551137,75.31610939
0.1345053313,0.03622226157,NaN,NaN,0,-9.33139233,1.021512642,30.97619759,0,3.290965984,-30.15244578,77.54198131
0.1345053313,0.04008596947,NaN,NaN,0,-7.291796684,1.143431827,34.84371529,0,1.900583475,-33.92134918,79.45091792
0.1345053313,0.04394967737,NaN,NaN,0,-4.938884669,1.278811361,37.38658049,0,0.1884692037,-36.3745431,81.02337153
0.1345053313,0.04781338527,NaN,NaN,0,-2.401629885,1.421981047,38.59924474,0,-1.565046981,-37.32522651,82.28142219
0.1345053313,0.05167709317,NaN,NaN,0,0.5393276679,1.567361041,38.26367708,0,-3.410414809,-36.79623748,83.25054044
0.1345053313,0.05554080107,NaN,NaN,0,3.624817958,1.708603261,35.67752746,0,-5.610078451,-35.01503258,83.956434
0.1345053313,0.05940450897,NaN,NaN,0,6.213893397,1.83813117,31.02287611,0,-8.259010185,-31.43042518,84.48868509
0.1345053313,0.06326821687,NaN,NaN,0,8.149624271,1.948015533,24.72945173,0,-10.9519965,-25.25914702,84.93482972
0.1345053313,0.06713192477,NaN,NaN,0,7.961445672,2.029551669,18.60629706,0,-10.29885625,-16.95189812,85.31664403
0.1345053313,0.07099563267,NaN,NaN,0,5.468552534,2.084175233,13.89792943,0,-5.11913305,-11.63620669,85.51559769
0.1345053313,0.07485934057,NaN,NaN,0,1.317634619,2.127999521,11.66941894,0,-0.07154562343,-15.37999944,85.49729978
0.1345053313,0.07872304847,NaN,NaN,0,12.36807152,2.188745374,5.993593764,0,-15.380705,-16.60094819,85.60386008
0.1345053313,0.08258675637,NaN,NaN,0,14.05655369,2.214191922,-16.99168697,0,-37.39090112,-12.03733767,85.97492258
0.1345053313,0.08645046427,NaN,NaN,0,27.78299348,2.1645557,-35.00322586,0,-66.943911,40.9643254,87.94510957
0.1345053313,0.09031417218,NaN,NaN,0,24.92064134,1.91521844,-93.55656107,0,-55.33597631,125.5847843,89.87690688
0.1345053313,0.09417788008,-0.03990167879,1.316465601,1,77.17083575,1.317070166,58.18674188,4.555453778,-24.4596553,-11.01487122,91.73608644
0.1345053313,0.09804158798,0.2077752186,2.18258884,1,182.6002211,2.19245629,134.3025654,10.85020441,-64.20363742,-229.2772263,84.56201938
0.1345053313,0.1019052959,0.417548137,2.721231714,1,181.006952,2.753079819,38.41876661,16.65483247,-70.2657526,-46.97771882,81.27652378
0.1345053313,0.1057690038,0.6356468655,2.512535915,1,275.2694504,2.591695133,-80.49759638,22.68150386,142.9083705,159.566193,75.80262458
0.1345053313,0.1096327117,2.033265088,1.793695355,1,-539.3118684,2.711366803,-1215.394779,0,627.1865794,-919.9504103,41.41792841
0.1345053313,0.1134964196,0.9751690808,1.371025172,1,55.89987927,1.682457951,-198.4492272,0,-432.2688673,-96.29695279,54.57689877
0.1345053313,0.1173601275,NaN,NaN,0,19.15033749,1.51412198,-31.61419293,0,-147.8088991,-46.2380517,67.51409487
0.1345053313,0.1212238354,NaN,NaN,0,23.0109537,1.505451973,-5.029562483,0,-75.30024562,-19.79190276,71.48462609
0.1383690392,0.01690372206,NaN,NaN,0,-7.228969386,0.7359676369,4.521860525,0,4.521860525,-7.228969386,68.37629712
0.1383690392,0.02076742997,NaN,NaN,0,-7.684165833,0.7552595577,7.740276848,0,3.936701925,-9.820986942,69.37979337
0.1383690392,0.02463113787,NaN,NaN,0,-8.340212135,0.794639892,13.93164614,0,2.970509961,-15.09541258,71.15074857
0.1383690392,0.02849484577,NaN,NaN,0,-8.423900698,0.8549524742,19.85121577,0,2.301076815,-20.19369275,73.33116575
0.1383690392,0.03235855367,NaN,NaN,0,-7.96729787,0.9362229794,25.24308961,0,1.776641602,-25.0362774,75.58447378
0.1383690392,0.03622226157,NaN,NaN,0,-7.017905345,1.037178438,29.87022732,0,1.176590235,-29.37835722,77.67937868
0.1383690392,0.04008596947,NaN,NaN,0,-5.63834226,1.155010711,33.47138896,0,0.3454795417,-32.86635427,79.49890066
0.1383690392,0.04394967737,NaN,NaN,0,-3.992956474,1.285392037,35.84407588,0,-0.653103363,-35.1555048,81.0096785
0.1383690392,0.04781338527,NaN,NaN,0,-2.177818666,1.423074921,36.85681059,0,-1.71708266,-36.04306465,82.22351537
0.1383690392,0.05167709317,NaN,NaN,0,-0.1813141936,1.562353764,36.30384798,0,-2.890653081,-35.47172582,83.16943703
0.1383690392,0.05554080107,NaN,NaN,0,1.829016067,1.696954198,33.88945864,0,-4.278929423,-33.47747297,83.88776513
0.1383690392,0.05940450897,NaN,NaN,0,3.53404172,1.820114089,29.76773872,0,-5.826554024,-29.86492228,84.43989587
0.1383690392,0.06326821687,NaN,NaN,0,4.683359651,1.925393141,24.49747237,0,-7.065866419,-24.58027773,84.87993766
0.1383690392,0.06713192477,NaN,NaN,0,4.564828646,2.008140904,19.17726894,0,-6.617464415,-18.43472158,85.22552697
0.1383690392,0.07099563267,NaN,NaN,0,3.101822713,2.069532481,14.34338528,0,-4.539812673,-13.85664102,85.45768852
0.1383690392,0.07485934057,NaN,NaN,0,1.619879553,2.116307448,9.310840365,0,-4.230633148,-12.1431119,85.62095376
0.1383690392,0.07872304847,NaN,NaN,0,5.596103909,2.151429273,0.9427355874,0,-13.23646373,-8.169676505,85.90031226
0.1383690392,0.08258675637,NaN,NaN,0,7.758540025,2.149398418,-14.39949107,0,-25.0562324,2.311766868,86.47725626
0.1383690392,0.08645046427,NaN,NaN,0,10.71400751,2.083173239,-24.72273371,0,-31.63237739,29.56910289,87.60708775
0.1383690392,0.09031417218,NaN,NaN,0,-8.416578332,1.936247597,-22.89966478,0,2.120078555,47.29703583,88.48337234
0.1383690392,0.09417788008,NaN,NaN,0,-111.5493496,1.811220987,57.96355986,0,143.9935551,-4.879520296,88.01778159
0.1383690392,0.09804158798,NaN,NaN,0,26.54917245,2.185523463,86.69387457,0,24.36876344,-102.8304534,85.36514868
0.1383690392,0.1019052959,NaN,NaN,0,47.24052064,2.555600837,30.13842802,0,-45.32750216,-112.011684,84.17472848
0.1383690392,0.1057690038,0.1839930497,2.727603119,1,-70.40070372,2.733801788,-332.346806,0,40.92614052,98.55386537,86.14090524
0.1383690392,0.1096327117,0.1454998612,0.8775294856,1,198.3972413,0.8895100942,-766.8029298,0,-275.8445455,-210.3750945,80.5856511
0.1383690392,0.1134964196,-0.1152407116,0.5777284955,1,222.8746775,0.5891100374,-256.5086056,0,-187.7654106,-307.9283655,101.280846
0.1383690392,0.1173601275,NaN,NaN,0,147.5872932,1.112319056,10.12868695,0,-19.51042486,-164.3502013,75.35899585
0.1383690392,0.1212238354,NaN,NaN,0,70.94807019,1.308154346,19.98195899,0,-19.98195899,-70.94807019,73.13077906
