PIVlab, ASCII chart output - 19-Sep-2021
FRAME: 250, filenames: A: 72_12_75_60 250.jpg & B: 72_12_75_60 251.jpg, conversion factor xy (px -> m): 0.00024148, conversion factor uv (px/frame -> m/s): 1
x [m],y [m],u [m/s],v [m/s],Vector type [-],vorticity [1/s],magnitude [m/s],divergence [1/s],dcev [1],simple shear [1/s],simple strain [1/s],vector direction [degrees]
0.03791263377,0.01690372206,NaN,NaN,0,-1.488725455,0.3231306467,-1.700021353,0,1.700021353,1.488725455,-46.74454678
0.03791263377,0.02076742997,NaN,NaN,0,-1.41324925,0.3279203446,-2.580618574,0,1.805982405,2.217744061,-47.43018236
0.03791263377,0.02463113787,NaN,NaN,0,-1.21850807,0.3378720124,-4.327119948,0,2.088945745,3.734585422,-48.71188624
0.03791263377,0.02849484577,NaN,NaN,0,-0.9669772096,0.3536237777,-6.122560894,0,2.52542608,5.339073029,-50.44434408
0.03791263377,0.03235855367,NaN,NaN,0,-0.7260425874,0.3759326262,-7.978735142,0,3.095633681,7.13993856,-52.47856973
0.03791263377,0.03622226157,NaN,NaN,0,-0.5990922336,0.4056132881,-9.982793465,0,3.765076886,9.22880293,-54.70588296
0.03791263377,0.04008596947,NaN,NaN,0,-0.6747974523,0.4436781137,-12.31322024,0,4.532366217,11.68404255,-57.06882668
0.03791263377,0.04394967737,NaN,NaN,0,-0.9336018428,0.4916478342,-15.18271911,0,5.403724636,14.58678875,-59.53690067
0.03791263377,0.04781338527,NaN,NaN,0,-1.221782244,0.5517018506,-18.71152898,0,6.341494474,18.00828048,-62.06347542
0.03791263377,0.05167709317,NaN,NaN,0,-1.418668034,0.6263747548,-22.90431558,0,7.35114334,21.98203793,-64.5631161
0.03791263377,0.05554080107,NaN,NaN,0,-1.85902601,0.718253028,-27.91837465,0,8.856502948,26.71064903,-66.93533226
0.03791263377,0.05940450897,NaN,NaN,0,-3.203095502,0.8312401627,-34.33700187,0,11.47781533,32.9902417,-69.13396673
0.03791263377,0.06326821687,NaN,NaN,0,-5.352907295,0.9728220416,-42.73684245,0,14.69261867,41.95361952,-71.20909637
0.03791263377,0.06713192477,NaN,NaN,0,-5.34693542,1.152831746,-52.62575784,0,15.20853581,52.36520273,-73.2542223
0.03791263377,0.07099563267,NaN,NaN,0,-3.0416066,1.372392615,-63.36802826,0,14.40541045,60.62417645,-75.16150325
0.03791263377,0.07485934057,NaN,NaN,0,5.832648123,1.627069709,-74.96560338,0,13.57519234,61.62138196,-76.6363098
0.03791263377,0.07872304847,NaN,NaN,0,-0.7234547081,1.90276154,-97.67660519,0,43.25601493,64.77138708,-77.04878283
0.03791263377,0.08258675637,NaN,NaN,0,-5.85352546,2.275756912,-144.4719589,0,92.502727,89.1438944,-76.26334938
0.03791263377,0.08645046427,NaN,NaN,0,37.33042913,2.860144394,-214.6006335,0,127.6152445,113.3357538,-74.56450945
0.03791263377,0.09031417218,NaN,NaN,0,239.9032517,3.67171386,-142.041414,0,-7.077846991,107.5468316,-71.29171315
0.03791263377,0.09417788008,NaN,NaN,0,27.0549928,4.075104677,176.1863969,0,-7.563034968,284.9750793,-65.94902115
0.03791263377,0.09804158798,NaN,NaN,0,-250.786237,4.094481395,57.46196303,0,-100.9607198,223.8543901,-72.18016302
0.03791263377,0.1019052959,NaN,NaN,0,238.6270306,4.374628825,-602.4815473,0,-151.6371614,-556.3084577,-86.04463944
0.03791263377,0.1057690038,1.589116841,-4.07644183,1,844.9495967,4.375233746,-1431.412653,0,-151.2322229,-1304.143035,-68.70270147
0.03791263377,0.1096327117,2.982079893,-4.855941504,1,514.7263547,5.698505802,-618.4219661,0,429.0463053,-1673.932548,-58.4455183
0.03791263377,0.1134964196,5.235578724,0.001742744849,1,982.8130755,5.235579014,-1174.884915,0,-1077.949748,-2001.392796,0.01907180203
0.03791263377,0.1173601275,NaN,NaN,0,-129.0309775,3.0983386,-755.5710043,0,-748.1410993,-203.6224205,-32.45222129
0.03791263377,0.1212238354,NaN,NaN,0,-77.59092075,2.819532749,-319.9844436,0,-319.9844436,-77.59092075,-49.08981321
0.04177634167,0.01690372206,NaN,NaN,0,-2.354080253,0.3183886092,-1.69970825,0,2.413797536,1.45855371,-46.03838401
0.04177634167,0.02076742997,NaN,NaN,0,-2.298932492,0.3228871405,-2.622140102,0,2.501046334,2.11686903,-46.77522973
0.04177634167,0.02463113787,NaN,NaN,0,-2.126343033,0.3323325483,-4.416637339,0,2.786474033,3.508482214,-48.13328966
0.04177634167,0.02849484577,NaN,NaN,0,-1.86556267,0.3474721439,-6.223788402,0,3.300880512,4.980734294,-49.92829194
0.04177634167,0.03235855367,NaN,NaN,0,-1.620782354,0.3691040764,-8.005521521,0,4.005122113,6.677269265,-51.98005667
0.04177634167,0.03622226157,NaN,NaN,0,-1.562604366,0.3979074366,-9.834920947,0,4.833398463,8.683931748,-54.17565055
0.04177634167,0.04008596947,NaN,NaN,0,-1.865281263,0.4345969438,-11.95433394,0,5.801880112,11.05635016,-56.4823459
0.04177634167,0.04394967737,NaN,NaN,0,-2.512504309,0.4805397192,-14.70753208,0,6.945591695,13.88391926,-58.91514495
0.04177634167,0.04781338527,NaN,NaN,0,-3.199042139,0.5381865061,-18.25129214,0,8.155580729,17.25227488,-61.46249666
0.04177634167,0.05167709317,NaN,NaN,0,-3.552444425,0.6103361802,-22.33021722,0,9.232681173,20.98001017,-64.03103166
0.04177634167,0.05554080107,NaN,NaN,0,-4.139112806,0.6983183533,-26.77913455,0,10.92434849,24.8943394,-66.44604667
0.04177634167,0.05940450897,NaN,NaN,0,-6.417389223,0.8038487457,-32.5168356,0,14.9043604,30.14540947,-68.58721103
0.04177634167,0.06326821687,NaN,NaN,0,-11.30640499,0.9357388031,-41.45379073,0,21.18921889,40.29939103,-70.53300371
0.04177634167,0.06713192477,NaN,NaN,0,-11.88056031,1.11471443,-52.58903271,0,20.76184627,53.70118232,-72.69089966
0.04177634167,0.07099563267,NaN,NaN,0,-12.3232821,1.338458645,-65.22795474,0,17.1452528,65.17071349,-75.01134519
0.04177634167,0.07485934057,NaN,NaN,0,7.842020059,1.606704418,-69.42838882,0,-3.514862754,53.89237023,-77.40745132
0.04177634167,0.07872304847,NaN,NaN,0,-17.67931855,1.806223743,-82.53402023,0,39.21995722,34.60711792,-78.4100469
0.04177634167,0.08258675637,NaN,NaN,0,-63.14455895,2.066634796,-140.8491464,0,115.6139297,69.61403402,-77.89122406
0.04177634167,0.08645046427,NaN,NaN,0,-62.33102344,2.643775501,-354.4279693,0,237.6934381,146.1770935,-77.6466876
0.04177634167,0.09031417218,NaN,NaN,0,579.6623616,4.107952177,-289.1122107,104.4114694,-65.62377894,22.92745644,-74.30796858
0.04177634167,0.09417788008,2.55170271,-3.788194114,1,61.99435372,4.567450204,-188.5904377,0,115.4030719,-278.2050633,-56.03605057
0.04177634167,0.09804158798,1.796475505,-3.608601482,1,-507.4301112,4.031045633,-464.313239,0,-654.2925862,-120.0977299,-63.53443153
0.04177634167,0.1019052959,-1.936854454,-5.118142296,1,-648.2940792,5.472365644,-474.1237618,0,-773.152072,145.0529962,-110.7281056
0.04177634167,0.1057690038,-3.69557722,-6.000919613,1,138.4680012,7.04757598,-149.3553097,0,-11.53288194,-174.3777629,-121.6262217
0.04177634167,0.1096327117,-1.446414231,-5.021462846,1,338.1866696,5.225629458,-123.7945888,0,385.2249787,-647.0146688,-106.0688547
0.04177634167,0.1134964196,-0.9005259192,-3.979350056,1,823.0146037,4.079972279,-479.1519918,129.9740954,-251.5707316,-1038.944837,-102.7512455
0.04177634167,0.1173601275,NaN,NaN,0,454.188114,2.958270989,-126.9104788,90.60030277,57.99098264,-484.1465454,-75.08377568
0.04177634167,0.1212238354,NaN,NaN,0,169.6373404,2.813930351,-90.61547005,0,-5.594644306,-224.9385462,-67.4660561
0.04564004958,0.01690372206,NaN,NaN,0,-4.11310915,0.3093062741,-1.618544666,0,3.796171985,1.506000067,-44.53132678
0.04564004958,0.02076742997,NaN,NaN,0,-4.091936026,0.3131387206,-2.671880362,0,3.817668596,1.981542996,-45.39725371
0.04564004958,0.02463113787,NaN,NaN,0,-3.949232354,0.3214459852,-4.641634537,0,4.081886994,3.053606477,-46.9490546
0.04564004958,0.02849484577,NaN,NaN,0,-3.621248905,0.3352957385,-6.546305818,0,4.759600644,4.202240703,-48.90466762
0.04564004958,0.03235855367,NaN,NaN,0,-3.28433886,0.3556850928,-8.194340741,0,5.745994863,5.694773313,-51.00145934
0.04564004958,0.03622226157,NaN,NaN,0,-3.256303892,0.3830218332,-9.585532489,0,6.852557021,7.584806998,-53.11279408
0.04564004958,0.04008596947,NaN,NaN,0,-4.013009841,0.4171367548,-11.11895694,0,8.197954992,9.816212677,-55.2565005
0.04564004958,0.04394967737,NaN,NaN,0,-5.636423611,0.458807364,-13.5907657,0,10.00551292,12.49128067,-57.56541625
0.04564004958,0.04781338527,NaN,NaN,0,-7.400256759,0.5114223728,-17.4317024,0,11.99337475,15.96107747,-60.1425327
0.04564004958,0.05167709317,NaN,NaN,0,-7.645407562,0.5797597701,-21.61669602,0,12.69210498,19.56081907,-62.93164415
0.04564004958,0.05554080107,NaN,NaN,0,-7.406473805,0.662047433,-24.65304213,0,13.38273166,21.43935752,-65.54174814
0.04564004958,0.05940450897,NaN,NaN,0,-10.6911713,0.7512859757,-27.83410528,0,19.69628658,22.0609757,-67.54891335
0.04564004958,0.06326821687,NaN,NaN,0,-26.58614462,0.8532927554,-38.16825791,0,39.40943173,35.2015471,-68.77629811
0.04564004958,0.06713192477,NaN,NaN,0,-23.68448653,1.034089126,-51.11376632,0,34.64324538,56.90428324,-71.01224756
0.04564004958,0.07099563267,NaN,NaN,0,-46.57473582,1.262606962,-76.21233211,0,41.29037148,91.779162,-73.84790974
0.04564004958,0.07485934057,NaN,NaN,0,53.60239671,1.657305218,-58.32203228,0,-82.06421731,50.8342122,-79.00663892
0.04564004958,0.07872304847,NaN,NaN,0,-25.686148,1.652226963,-30.40824501,0,12.51961441,-58.07562419,-81.60309663
0.04564004958,0.08258675637,0.2651685962,-1.519993812,1,92.90784254,1.542950282,-69.49371738,0,-166.5826145,-79.00304989,-80.104126
0.04564004958,0.08645046427,-0.04338381911,-1.597774181,1,-274.8255881,1.598363066,-713.0272416,0,244.8216199,438.9537748,-91.55535066
0.04564004958,0.09031417218,0.1492420271,-5.970911967,1,-885.5091506,5.972776816,-750.4603751,0,859.7899301,-254.2563861,-88.56819891
0.04564004958,0.09417788008,-0.1427553745,-3.514961454,1,-127.3400047,3.517859167,-518.9351784,0,-171.3942521,-908.5701616,-92.32571192
0.04564004958,0.09804158798,-1.004979881,-4.465476204,1,51.17755919,4.577167496,-486.7159816,0,-265.1997806,-142.0568436,-102.6834089
0.04564004958,0.1019052959,-0.9696747224,-4.846623688,1,87.44649637,4.942674402,369.2771554,0,260.2212692,418.5886532,-101.3139107
0.04564004958,0.1057690038,0.3383068113,-4.656001427,1,-74.97047702,4.668275997,598.4836734,0,326.9493588,553.8569896,-85.8441705
0.04564004958,0.1096327117,0.003898073984,-4.674199217,1,-160.1248056,4.674200843,304.3242051,0,-90.46629009,173.3980753,-89.95221788
0.04564004958,0.1134964196,-0.629903985,-4.150141105,1,55.87875364,4.197672,280.5467877,0,8.736807174,-102.7256529,-98.63042195
0.04564004958,0.1173601275,NaN,NaN,0,175.3934399,3.203396808,108.2121133,0,149.9772954,-239.1926535,-85.46020324
0.04564004958,0.1212238354,NaN,NaN,0,100.8663566,2.877074722,31.35971404,0,92.56429513,-168.1770564,-77.40777275
0.04950375748,0.01690372206,NaN,NaN,0,-6.073114623,0.2968268678,-1.28187844,0,4.977246374,1.875736548,-42.000681
0.04950375748,0.02076742997,NaN,NaN,0,-6.085704398,0.2993945141,-2.586338324,0.5619884202,4.812334779,2.030832595,-43.13937819
0.04950375748,0.02463113787,NaN,NaN,0,-5.957401453,0.3055562244,-4.93171463,0,4.963804702,2.522159995,-45.10539747
0.04950375748,0.02849484577,NaN,NaN,0,-5.385861734,0.3171679179,-7.125459593,0,5.909640208,3.079848728,-47.4138341
0.04950375748,0.03235855367,NaN,NaN,0,-4.63902029,0.3359558856,-8.640003136,0,7.366699673,4.314776286,-49.61184728
0.04950375748,0.03622226157,NaN,NaN,0,-4.165262502,0.362094735,-9.193911332,0,8.632879767,6.144310253,-51.54918592
0.04950375748,0.04008596947,NaN,NaN,0,-5.294030599,0.3930912049,-9.345195618,0,10.13186991,8.132412873,-53.29506091
0.04950375748,0.04394967737,NaN,NaN,0,-8.619923533,0.4274785863,-11.10487138,0,12.88513024,10.30391328,-55.21793802
0.04950375748,0.04781338527,NaN,NaN,0,-13.12015372,0.4706537083,-16.26805575,0,17.12030039,14.53993525,-57.70965544
0.04950375748,0.05167709317,NaN,NaN,0,-12.22245526,0.5369064823,-22.05182233,0,16.15963233,19.8628311,-61.12000426
0.04950375748,0.05554080107,NaN,NaN,0,-7.150203549,0.6200714118,-22.38223269,0,10.21818661,19.24129591,-64.5314916
0.04950375748,0.05940450897,NaN,NaN,0,-2.354677567,0.6867568208,-15.99828547,0,11.08862254,1.457588714,-66.7432738
0.04950375748,0.06326821687,NaN,NaN,0,-60.66251566,0.6954742558,-32.27136932,0,82.10897606,21.54153842,-64.41088224
0.04950375748,0.06713192477,NaN,NaN,0,-9.696505386,0.9105179164,-37.48544254,0,37.11133205,46.93524154,-67.11874047
0.04950375748,0.07099563267,0.4063082667,-0.953435233,1,5.302327715,1.036400092,-144.4691739,0,-13.75869402,179.9238403,-66.91862787
0.04950375748,0.07485934057,0.3213570374,-2.09223151,1,30.17302288,2.116767119,-50.81369357,0,-129.8965647,122.1664104,-81.26787584
0.04950375748,0.07872304847,0.02100563038,-1.621779827,1,-15.89852695,1.621915856,51.14821336,0,-103.5697816,292.1131945,-89.25793461
0.04950375748,0.08258675637,-0.1402336102,-3.023249811,1,-24.68351222,3.026500436,276.8717061,0,-108.4367147,5.893440913,-92.65576431
0.04950375748,0.08645046427,-0.4933320421,-0.5747989632,2,-486.8066631,0.7574763045,884.6775059,0,-194.0509162,-619.506969,-130.6384646
0.04950375748,0.09031417218,-2.770868418,2.788479628,1,-1496.486507,3.931072427,-497.165954,235.0755066,857.0932169,378.5751686,134.8184959
0.04950375748,0.09417788008,-2.96376095,-3.958406857,1,62.54920885,4.944983702,-166.1568172,0,490.7921528,1805.904978,-126.8231414
0.04950375748,0.09804158798,-0.6329190276,-4.830991109,1,453.8986473,4.872274786,345.2288298,0,599.7498039,472.6153187,-97.46393866
0.04950375748,0.1019052959,1.107228895,-4.450591041,1,57.78215656,4.586252985,400.0434547,0,301.8851804,300.923037,-76.02943282
0.04950375748,0.1057690038,0.7567305037,-4.448018768,1,-132.3220867,4.511929966,97.12589755,15.52600039,-50.88632224,175.2197016,-80.34485243
0.04950375748,0.1096327117,0.3993651181,-4.752322689,1,-160.0159623,4.769073645,219.9191891,0,-91.09191758,145.7608913,-85.19639129
0.04950375748,0.1134964196,-0.2134769959,-4.161492767,1,-52.80667716,4.16696466,453.9601756,0,15.54772863,-10.75800912,-92.936595
0.04950375748,0.1173601275,NaN,NaN,0,-76.21797094,2.967797919,221.1035112,0,273.7585905,-174.9724403,-85.06304273
0.04950375748,0.1212238354,NaN,NaN,0,-11.68642642,2.687991683,102.3168858,0,164.0555184,-66.23435631,-78.19828908
0.05336746538,0.01690372206,NaN,NaN,0,-8.479713758,0.2828210397,-0.4897818592,0,5.864048918,2.939406512,-38.02541384
0.05336746538,0.02076742997,NaN,NaN,0,-8.494332555,0.2830440591,-2.249283612,1.323742346,5.216652381,2.533294587,-39.7121325
0.05336746538,0.02463113787,NaN,NaN,0,-8.408807325,0.2851060389,-5.373426067,0.8467513321,5.051356828,1.924352182,-42.5230346
0.05336746538,0.02849484577,NaN,NaN,0,-7.32577629,0.2926203188,-8.383814788,0,6.548455815,1.280217926,-45.59239024
0.05336746538,0.03235855367,NaN,NaN,0,-5.720618064,0.3095430884,-10.04630088,0,9.178283853,2.340172851,-48.00082853
0.05336746538,0.03622226157,NaN,NaN,0,-3.471695228,0.3370090101,-9.204914083,0,10.18039246,4.545244855,-49.66679869
0.05336746538,0.04008596947,NaN,NaN,0,-4.37792652,0.3667300055,-5.963042821,0,10.81151465,6.265215284,-50.54596568
0.05336746538,0.04394967737,NaN,NaN,0,-10.4290862,0.3892869883,-5.215468456,0,14.28283776,6.052024315,-51.37886996
0.05336746538,0.04781338527,NaN,NaN,0,-24.23797934,0.410124972,-14.48382689,0,27.44306422,12.03191917,-52.80518263
0.05336746538,0.05167709317,NaN,NaN,0,-20.9740562,0.4801358445,-27.94030486,0,24.60793735,26.10927418,-57.86894775
0.05336746538,0.05554080107,NaN,NaN,0,-6.617207563,0.5961734259,-26.82578081,0,0.2417598928,34.20540632,-63.93297236
0.05336746538,0.05940450897,0.2307310357,-0.6424019407,1,0.264695521,0.6825811777,55.7416088,0,1.151525638,-19.76641179,-70.24327127
0.05336746538,0.06326821687,0.267443765,-0.243790088,1,-27.80131704,0.3618836476,33.79760957,0,64.61509991,73.80287726,-42.35093827
0.05336746538,0.06713192477,0.3729687394,-0.7969706095,1,13.37568974,0.8799249019,-77.88702027,0,43.76756636,191.9635427,-64.92120249
0.05336746538,0.07099563267,0.488228615,-1.28641384,1,129.4292051,1.375946129,-140.6536766,0,-72.8106516,234.2152425,-69.21690066
0.05336746538,0.07485934057,0.5917262917,-2.245354614,1,149.8929804,2.322015794,-57.66763016,10.23584034,129.4519405,120.0988472,-75.23630911
0.05336746538,0.07872304847,1.567535793,-1.973251583,1,161.942869,2.520097275,256.5163119,0,36.30302762,152.5325476,-51.53664276
0.05336746538,0.08258675637,1.357690529,-1.843591722,2,-219.7906729,2.289575072,604.2299363,0,68.02502996,214.2936023,-53.63066674
0.05336746538,0.08645046427,0.9811576792,-0.4666514888,2,42.62747951,1.086477797,1142.527717,0,-473.9873802,-142.8241937,-25.4363747
0.05336746538,0.09031417218,-0.3089581275,3.122632608,1,1415.759085,3.137879783,721.0935079,255,-66.90068153,1081.8103,95.6505429
0.05336746538,0.09417788008,6.192752548,-1.860355808,1,163.9000641,6.46615093,25.19485647,0,473.8006131,1843.288441,-16.72071717
0.05336746538,0.09804158798,2.154931017,-3.901949938,1,-811.9450491,4.45745903,186.4732657,149.4444598,-340.8588411,715.2723239,-61.08943411
0.05336746538,0.1019052959,1.73865505,-3.903480907,1,-231.6060938,4.273182019,78.38412545,45.13113327,33.77530992,192.1110152,-65.99126182
0.05336746538,0.1057690038,1.390570654,-4.341357421,1,-129.1213357,4.558625999,133.6745741,0,45.81380614,264.2268693,-72.23933219
0.05336746538,0.1096327117,1.41677909,-4.407896841,1,-149.1007231,4.629991096,344.2038334,0,69.36619474,226.3590623,-72.18164001
0.05336746538,0.1134964196,1.082499727,-3.886039647,1,-248.9815008,4.033994274,745.6323221,0,-5.951947882,81.30736493,-74.43422795
0.05336746538,0.1173601275,0.4317907098,-1.841139255,1,-201.167418,1.891094121,357.3666384,0,119.4185163,-97.42566744,-76.80131569
0.05336746538,0.1212238354,NaN,NaN,0,-6.10888272,2.26269078,25.00069857,0,179.4424517,173.9331614,-70.19497577
0.05723117328,0.01690372206,NaN,NaN,0,-11.84851885,0.2709754728,1.023917203,0,6.421423246,5.447087671,-31.90115241
0.05723117328,0.02076742997,NaN,NaN,0,-11.65702095,0.2668971343,-1.404885289,2.236080051,4.48495279,4.095884152,-34.64891583
0.05723117328,0.02463113787,NaN,NaN,0,-11.857719,0.2607385692,-5.928891238,2.025437383,3.476514415,1.36173622,-39.10292038
0.05723117328,0.02849484577,NaN,NaN,0,-9.787818035,0.2596248067,-10.99007262,0,6.054542369,-2.223502058,-43.86568053
0.05723117328,0.03235855367,NaN,NaN,0,-7.445980447,0.2732091829,-13.9564715,0,12.61758746,-0.7795476619,-46.54399538
0.05723117328,0.03622226157,NaN,NaN,0,0.3770261743,0.3101547233,-11.6164013,0,12.09889158,3.431281031,-48.09233056
0.05723117328,0.04008596947,NaN,NaN,0,1.683105948,0.3486029863,-0.08659312792,0,8.650958453,6.331179094,-47.36540853
0.05723117328,0.04394967737,NaN,NaN,0,-4.480515401,0.3555212024,10.68986727,0,5.991641927,-4.392950469,-45.97213471
0.05723117328,0.04781338527,0.2419544147,-0.198187536,1,-16.49649272,0.3127622711,-1.448343257,0,17.82905285,8.489578156,-39.32128446
0.05723117328,0.05167709317,0.2522387501,-0.2940176364,1,-10.26850438,0.3873896714,-24.90322903,0,24.03721468,61.83350051,-49.37359231
0.05723117328,0.05554080107,0.2951526895,-0.5333129232,1,5.751903232,0.6095389931,-7.896623914,0,35.12230751,78.42206812,-61.03843384
0.05723117328,0.05940450897,0.410164761,-0.6275278488,1,27.37487013,0.7496841549,90.99789849,0,81.57993616,22.89632318,-56.83056581
0.05723117328,0.06326821687,0.7161222353,-0.2701883286,1,46.69657233,0.7653971446,107.6147156,0,52.85121354,131.9225768,-20.67116965
0.05723117328,0.06713192477,0.7947883278,-0.7214463242,1,-32.5409247,1.07339335,-77.76036182,0,45.91683042,301.3165959,-42.23069614
0.05723117328,0.07099563267,0.7678028279,-1.734830965,1,-78.99750501,1.897145134,-79.35778605,0,18.8958333,295.8681446,-66.12673994
0.05723117328,0.07485934057,0.562573024,-2.171209717,1,60.48537949,2.242908835,12.74612585,0,155.2783723,109.1262145,-75.47378419
0.05723117328,0.07872304847,1.601450941,-2.107215475,1,369.2018964,2.646696464,12.31872927,53.29467746,267.4221166,-54.97303234,-52.76573169
0.05723117328,0.08258675637,3.022302253,-1.911214006,1,300.6898592,3.575898472,213.5181191,29.80960518,156.8445773,333.5148722,-32.30804255
0.05723117328,0.08645046427,3.369230358,-2.570847878,2,733.9469061,4.238038699,422.9626071,87.56649554,-430.4242162,689.2536013,-37.34497632
0.05723117328,0.09031417218,4.195025268,-2.940084624,1,685.6122878,5.122727261,891.1507734,0,-456.2258038,940.3764873,-35.02470333
0.05723117328,0.09417788008,4.255512728,-2.761041658,2,3.708361227,5.072744781,-320.988158,0,-351.5252178,-302.6723372,-32.97612307
0.05723117328,0.09804158798,2.851162531,-3.010851606,1,-415.9101519,4.14660767,148.3557289,76.86804567,-128.4295536,320.2613632,-46.56042745
0.05723117328,0.1019052959,2.152343107,-3.425234815,1,-180.3433968,4.04534478,180.7315569,0,36.16658754,377.7622053,-57.85563866
0.05723117328,0.1057690038,2.294105454,-3.772120479,1,-53.83423918,4.414953311,293.8862237,0,170.6935853,418.8945136,-58.69312208
0.05723117328,0.1096327117,2.603853486,-3.908230332,1,-22.55778277,4.696202435,439.518185,0,200.4881465,297.2654762,-56.32651377
0.05723117328,0.1134964196,2.981576406,-3.222497564,1,-290.4169335,4.390249243,647.6838701,0,-57.4639398,80.8466688,-47.22383441
0.05723117328,0.1173601275,1.259743408,-1.718136959,1,-187.7807873,2.130480712,363.3834163,0,-242.6844203,24.78568323,-53.75101354
0.05723117328,0.1212238354,NaN,NaN,0,-14.98562707,2.324329893,99.63006088,0,45.34049707,201.1480186,-55.44405854
0.06109488118,0.01690372206,NaN,NaN,0,-17.24988337,0.2685883689,3.293633009,0,7.074206506,10.9787581,-22.69566692
0.06109488118,0.02076742997,NaN,NaN,0,-15.78428728,0.2570633914,0.4289238723,3.293034739,1.468447215,8.147210748,-27.44448418
0.06109488118,0.02463113787,NaN,NaN,0,-17.57722971,0.2342168746,-5.947180979,3.449103102,-1.684794325,1.650210603,-34.73496044
0.06109488118,0.02849484577,NaN,NaN,0,-12.5217964,0.2132628041,-15.69111294,0,1.575611782,-10.75641471,-43.88320815
0.06109488118,0.03235855367,NaN,NaN,0,-14.65251186,0.2140506391,-23.1731112,0,23.13863205,-6.666142472,-45.44154657
0.06109488118,0.03622226157,0.1864979723,-0.2116098818,1,-10.32270521,0.2820642405,-17.74813105,0,38.01200757,9.097743291,-48.60933022
0.06109488118,0.04008596947,0.2571691306,-0.2562431905,1,-1.530884288,0.3630379242,27.94245589,0,22.44650949,41.42042207,-44.89666706
0.06109488118,0.04394967737,0.2673098386,-0.2636848062,1,-11.78264833,0.3754786637,42.67946114,0,16.43304882,26.58926085,-44.60885513
0.06109488118,0.04781338527,0.2751369197,-0.1940753565,1,12.42474211,0.3366980377,13.81619201,0,21.41369744,16.49837633,-35.19827713
0.06109488118,0.05167709317,0.3980516849,-0.274047983,1,20.42337721,0.483267463,-18.3256899,0,46.69471324,40.67903043,-34.54637593
0.06109488118,0.05554080107,0.5344616161,-0.4220523606,1,-5.722051713,0.6810120514,7.053309171,0,76.31055424,48.18514934,-38.29735963
0.06109488118,0.05940450897,0.6707850398,-0.4329693988,1,46.26693908,0.7983827841,85.33890351,0,124.1611302,33.04664598,-32.84089543
0.06109488118,0.06326821687,1.192945894,-0.2200103521,1,39.29040682,1.213064079,73.07315396,0,107.1853884,88.82573255,-10.44942067
0.06109488118,0.06713192477,1.236724727,-0.4938327612,1,-51.75968791,1.331675203,6.107181209,0,85.87601022,184.2190471,-21.76716885
0.06109488118,0.07099563267,1.324761398,-0.9081825756,1,-197.2862259,1.606171956,-42.77604605,24.73169438,152.2208857,315.7576353,-34.43236276
0.06109488118,0.07485934057,1.062605416,-1.879102178,1,-133.4657147,2.158739277,58.66384464,0,153.645974,436.1034402,-60.51246137
0.06109488118,0.07872304847,1.402732025,-2.366498923,1,295.229494,2.750995145,53.06253007,0,328.1770535,187.7170406,-59.34284064
0.06109488118,0.08258675637,3.471266219,-2.399367875,1,598.3299973,4.219793284,-215.4212792,80.57199687,404.7748712,457.2337293,-34.65254837
0.06109488118,0.08645046427,5.278436231,-4.965441394,1,631.2186841,7.246895699,464.5504683,76.55463524,221.9156846,177.1913678,-43.24991021
0.06109488118,0.09031417218,6.767528219,-1.289096248,1,-154.1232812,6.889209486,-470.170652,0,-232.8950194,-918.5914034,-10.78465124
0.06109488118,0.09417788008,3.783110565,-3.232874594,1,-294.1601663,4.976284124,-169.3400164,0,-431.0493251,219.4348781,-40.51569734
0.06109488118,0.09804158798,3.965530578,-2.791208879,1,10.02743379,4.849358697,405.6678259,0,19.32293345,362.7233207,-35.14047681
0.06109488118,0.1019052959,3.896511811,-3.06694957,1,-100.6822188,4.958728059,356.6156685,0,147.0150802,533.2953321,-38.20633008
0.06109488118,0.1057690038,4.144547221,-3.473847491,1,-70.80962497,5.407854293,221.9393151,0,165.7919944,345.9556653,-39.96882938
0.06109488118,0.1096327117,4.263495943,-3.546112522,1,-144.2998476,5.545476686,219.744675,0,80.3151207,93.47473462,-39.75159172
0.06109488118,0.1134964196,3.897328926,-2.985977325,1,-360.6060046,4.909708071,253.9317972,16.94444715,-242.9420058,-132.4435977,-37.45788986
0.06109488118,0.1173601275,1.931562726,-2.053270856,1,-173.762981,2.81901681,349.2582828,0,-335.7383801,67.09284655,-46.7494319
0.06109488118,0.1212238354,NaN,NaN,0,-25.88957104,2.704456662,198.3791652,0,24.44109995,116.8521138,-44.50575585
0.06495858908,0.01690372206,NaN,NaN,0,-27.1346008,0.2894076755,4.602076301,0,10.31499223,23.16795753,-9.79142958
0.06495858908,0.02076742997,NaN,NaN,0,-19.19693432,0.2666383676,3.852847476,3.695680139,-6.544495324,17.78527141,-18.60840213
0.06495858908,0.02463113787,0.1857346095,-0.1030480929,1,-27.9226415,0.2124058724,-7.053340215,4.641073639,-15.48222536,3.392613557,-29.02211041
0.06495858908,0.02849484577,0.0849952203,-0.1254439616,1,-26.2172348,0.1515268127,15.44781532,4.393681247,-3.058324166,2.315677341,-55.88018859
0.06495858908,0.03235855367,0.07262240106,-0.05230934763,1,-9.628365045,0.0895001731,24.21290565,0,32.59711195,3.15252488,-35.76491097
0.06495858908,0.03622226157,0.1737397492,-0.044072802,1,32.38008845,0.1792426074,17.18487575,0,79.29796094,46.04630823,-14.2340526
0.06495858908,0.04008596947,0.5041137628,-0.1638214923,1,4.482726784,0.5300643048,34.34763652,0,83.77044736,60.88442438,-18.00257021
0.06495858908,0.04394967737,0.5147242354,-0.1466031989,1,-74.24987199,0.5351948584,37.6871481,10.98206632,36.71268888,37.59276881,-15.89795557
0.06495858908,0.04781338527,0.3590810519,-0.1634568383,1,-67.85157363,0.3945343328,37.26023207,10.93136391,22.2687523,49.1425146,-24.4754436
0.06495858908,0.05167709317,0.3386055285,-0.1925128678,1,-109.7021229,0.3895059797,289.0209527,0,148.3947234,302.7140317,-29.62022836
0.06495858908,0.05554080107,0.508577958,-0.2163628955,1,-21.36745804,0.5526883769,24.14594545,0,158.2738777,58.84178237,-23.04622074
0.06495858908,0.05940450897,0.8675719439,-0.326567447,1,37.18618332,0.9269991237,95.10105292,0,178.429051,41.13710196,-20.62711076
0.06495858908,0.06326821687,1.341652242,-0.007861951803,1,27.0169915,1.341675277,71.30195708,0,144.4714732,35.86831132,-0.335743859
0.06495858908,0.06713192477,1.53015328,-0.1896621899,1,-20.22066952,1.541862772,36.977856,0,144.679278,134.4426837,-7.065762294
0.06495858908,0.07099563267,1.822523951,-0.3844375767,1,29.53070837,1.862628735,13.88844107,0,214.8086764,239.6383812,-11.91118325
0.06495858908,0.07485934057,2.474209291,-1.061894017,1,-79.56300968,2.692458082,5.095077922,0,263.1247429,418.0347186,-23.2282937
0.06495858908,0.07872304847,2.53175287,-1.979915729,1,57.45352895,3.214006672,5.010584692,0,326.2156494,418.3856379,-38.02660092
0.06495858908,0.08258675637,3.956594927,-2.659054476,1,282.2566491,4.767097033,-370.2466442,0,576.2400529,192.0006681,-33.90332221
0.06495858908,0.08645046427,5.84873336,-4.152275111,1,-1053.738248,7.172800744,-229.6099485,207.8188596,-273.3135673,-78.10234233,-35.37263131
0.06495858908,0.09031417218,-1.170745657,-3.244435611,1,-15.82951572,3.449203941,-335.7762755,0,-346.4309747,-558.9644023,-109.841839
0.06495858908,0.09417788008,4.449064641,-3.289941382,1,880.5459751,5.533343517,-39.7548993,0,928.7903703,-109.5063163,-36.48174397
0.06495858908,0.09804158798,5.820001475,-2.97493651,1,150.8689376,6.536257676,51.46411258,0,144.6074958,-161.216711,-27.07418059
0.06495858908,0.1019052959,5.590699271,-2.468204804,1,-285.8770316,6.111297186,-59.12383022,57.3183114,-58.79594387,-89.39930153,-23.82069573
0.06495858908,0.1057690038,4.488285777,-2.857960932,1,-389.9717647,5.32096325,-178.8920914,71.14391408,-69.86048014,-30.80147075,-32.48735428
0.06495858908,0.1096327117,3.814041794,-3.040383705,1,-309.0772757,4.877586276,-182.5458616,51.5827072,40.60085848,-205.8609499,-38.56028722
0.06495858908,0.1134964196,3.450971322,-2.767878242,1,-198.8892648,4.423839173,-47.87406394,39.30581472,-45.85988867,-228.1208978,-38.73162608
0.06495858908,0.1173601275,2.868402556,-2.343962589,1,-75.39480598,3.704307471,263.368218,0,-161.3273221,-7.896187242,-39.25454439
0.06495858908,0.1212238354,NaN,NaN,0,-212.2630594,3.064430741,275.8294052,0,40.37822855,-47.26477727,-34.13957831
0.06882229698,0.01690372206,0.3550861378,0.04106315327,1,-36.14572547,0.3574525812,-250.1040365,0,13.70621873,-192.8246033,6.596542445
0.06882229698,0.02076742997,0.311736288,-0.06959234597,1,-25.37118977,0.3194097805,-65.03317395,0,-20.37541078,-32.30571019,-12.58442489
0.06882229698,0.02463113787,0.1783346358,-0.08538620702,1,-19.55587195,0.1977221451,5.651602154,3.851826179,-3.580778305,2.742522097,-25.58499064
0.06882229698,0.02849484577,0.2223430296,-0.05835251037,1,-15.51743333,0.2298726567,51.05049912,0,35.5974059,26.2001365,-14.70528195
0.06882229698,0.03235855367,0.2559177845,0.01062833538,1,7.319008076,0.2561383882,73.33014639,0,46.63480344,66.07815326,2.378142732
0.06882229698,0.03622226157,0.4308047974,-0.03033292719,1,7.345832764,0.4318713465,79.04820321,0,88.21009997,68.83183397,-4.027543888
0.06882229698,0.04008596947,0.6251179967,0.05010140193,1,-55.09800616,0.6271225241,37.17411936,0,88.06236428,-13.39260284,4.582296442
0.06882229698,0.04394967737,0.5581694483,0.1650421169,1,-102.1461361,0.582058445,37.90255186,0,97.96722235,10.97974621,16.4721376
0.06882229698,0.04781338527,0.6089718947,0.1541232588,1,171.1039907,0.6281725459,203.0386386,0,379.1895163,58.58653745,14.20262439
0.06882229698,0.05167709317,2.684342819,0.7231628414,1,-90.62272274,2.780046918,170.2655091,0,154.3257943,139.7492196,15.07754629
0.06882229698,0.05554080107,0.8551019557,0.2720292877,1,-322.113939,0.8973289742,12.98820469,66.16825948,-62.79438796,170.9740236,17.64716668
0.06882229698,0.05940450897,1.197169475,0.1127517848,1,-47.84456173,1.202467346,45.4058615,0,242.4551716,55.30045805,5.380358728
0.06882229698,0.06326821687,1.607020507,0.2337994568,1,-0.006377688807,1.62393876,35.16102317,0,181.6645578,27.2565219,8.277674151
0.06882229698,0.06713192477,1.899043621,0.1432924688,1,0.9809618315,1.904442019,12.66778274,0,179.4919144,122.9561623,4.315080179
0.06882229698,0.07099563267,2.304314984,-0.1923226267,1,32.04494027,2.312326867,-28.9443811,0,174.5989763,151.8014952,-4.770960098
0.06882229698,0.07485934057,2.697455354,-0.5550568014,1,-21.95970451,2.753970486,-157.9126086,0,212.009364,136.0428346,-11.62748708
0.06882229698,0.07872304847,3.038611355,-1.328080595,1,-180.6656672,3.316166014,-74.22040148,0,202.6964422,109.1384578,-23.60861195
0.06882229698,0.08258675637,2.782575833,-1.263501875,1,-228.546056,3.056004786,-67.92828557,0,500.5424111,93.06416248,-24.42167543
0.06882229698,0.08645046427,4.089525822,-1.950108388,2,-492.5484273,4.53068915,-353.9854425,0,629.1880943,-16.75968026,-25.49434574
0.06882229698,0.09031417218,3.310511594,-2.566443717,1,-382.6530871,4.188808943,426.1843325,0,154.0858618,709.9438667,-37.7843036
0.06882229698,0.09417788008,3.206408827,-3.046472342,1,-139.501699,4.422900779,-218.7316304,0,199.2802871,-154.2967529,-43.53480536
0.06882229698,0.09804158798,3.541478597,-2.815401262,1,-124.9639084,4.524218708,-228.091749,0,155.0523595,-449.8729467,-38.48396366
0.06882229698,0.1019052959,3.322661814,-2.189574577,1,-92.52411453,3.979235901,-221.6354655,0,38.91601214,-371.3285284,-33.38416609
0.06882229698,0.1057690038,3.334352548,-2.237030992,1,-201.619796,4.01524776,-146.9626648,26.3777072,56.71848566,-145.5433609,-33.85782463
0.06882229698,0.1096327117,2.762805476,-2.195058352,1,-231.3741,3.52865063,-112.7501197,36.66907375,101.0879736,-71.93815155,-38.46726111
0.06882229698,0.1134964196,2.830965012,-2.394716515,1,-89.10268596,3.707968458,-109.4224874,0,129.4335178,-60.18723206,-40.22791932
0.06882229698,0.1173601275,2.91863203,-2.385288997,1,-47.55478094,3.769352269,95.86852966,0,42.61300958,-285.9088184,-39.25784671
0.06882229698,0.1212238354,2.811871451,-0.9196403595,1,-180.9144169,2.958438684,287.9952761,0,125.6511402,-470.6793834,-18.11066044
0.07268600488,0.01690372206,-1.42615491,0.1433960742,1,328.7514717,1.433345828,-304.8497055,0,345.6084309,-196.5714938,174.2583591
0.07268600488,0.02076742997,-0.1233900684,-0.06578161669,1,200.4855485,0.1398296466,-69.68880215,0,225.0957858,-21.87952766,-151.9370651
0.07268600488,0.02463113787,0.2181670537,-0.04132499734,1,59.29257668,0.2220464337,10.49643003,0,71.89207622,-25.17667643,-10.72583777
0.07268600488,0.02849484577,0.3834691115,0.0720488466,1,35.64968221,0.3901789279,49.79336191,0,66.08893423,13.32052222,10.64107211
0.07268600488,0.03235855367,0.6112553498,0.09959540152,1,25.78444869,0.6193160314,74.17728003,0,67.81369977,23.36747129,9.254213694
0.07268600488,0.03622226157,0.7451050172,0.2683631061,1,-66.93786665,0.7919597485,88.08335915,0,62.98913291,13.10021655,19.80740555
0.07268600488,0.04008596947,0.5959985961,0.389308362,1,-109.9617968,0.7118815402,311.7796683,0,99.21723185,219.0673649,33.15270957
0.07268600488,0.04394967737,0.7035911566,0.6265763651,1,18.73555107,0.9421456666,170.6687887,0,181.5709254,105.6492543,41.68635596
0.07268600488,0.04781338527,1.369924312,0.640524851,1,-10.3808866,1.512271373,322.3792269,0,225.930496,289.4263508,25.05901426
0.07268600488,0.05167709317,1.536411885,0.7538966529,1,-48.23541569,1.711409257,48.22589426,0,9.265068362,10.6849477,26.13656593
0.07268600488,0.05554080107,1.219354273,0.7855721028,1,-128.1513656,1.450499352,204.144932,0,55.74937605,193.4895527,32.79176226
0.07268600488,0.05940450897,1.256671746,0.7950659262,1,-39.71716702,1.487062105,28.12067248,0,133.7877181,51.80533713,32.32055096
0.07268600488,0.06326821687,1.582815404,0.6940614769,1,33.25546414,1.72830146,-107.7188632,0,173.1506261,-31.36372821,23.6773575
0.07268600488,0.06713192477,2.054164588,0.5000519878,1,11.27193649,2.114153293,-73.58981269,0,173.626241,62.99191447,13.68158581
0.07268600488,0.07099563267,2.297207953,0.1663495785,1,-59.67524139,2.303223082,-111.2825721,0,146.5209071,59.00925205,4.141776251
0.07268600488,0.07485934057,2.389710873,-0.1579058787,1,-82.18603357,2.394922195,-155.882557,0,177.808709,16.24901026,-3.780460362
0.07268600488,0.07872304847,2.66666604,-0.4987165179,1,-85.80602699,2.712899912,63.49073855,0,516.4808562,-18.25360686,-10.59301517
0.07268600488,0.08258675637,4.053712613,0.1579303945,1,-126.5881506,4.056787887,214.6166585,0,579.4216735,38.48955857,2.231083432
0.07268600488,0.08645046427,4.4162825,0.1817871496,1,-550.1523476,4.420022363,-113.3408844,88.48685151,334.0928544,230.51624,2.357131752
0.07268600488,0.09031417218,3.218921842,-1.170633094,1,-621.4154114,3.425177319,-155.8741148,114.0188282,256.8716604,403.8922939,-19.98493107
0.07268600488,0.09417788008,3.007791929,-1.980986746,1,-410.1710071,3.601544221,88.35224902,0,405.4144576,275.323513,-33.36963074
0.07268600488,0.09804158798,3.200543924,-1.893035444,1,-254.0249914,3.718476113,-21.66044144,0,329.5658142,-26.99940561,-30.60317035
0.07268600488,0.1019052959,3.299659603,-1.960358548,1,-178.6825539,3.838067109,23.66784254,0,219.4682483,15.07035753,-30.71494185
0.07268600488,0.1057690038,3.358127934,-1.859817273,1,-167.3866893,3.838742439,413.1884369,0,115.830167,360.2571106,-28.9788072
0.07268600488,0.1096327117,3.100460261,-1.755847364,1,-220.403402,3.563124162,-13.76753447,43.36005192,74.82329105,2.719455066,-29.52367127
0.07268600488,0.1134964196,2.795648909,-1.923518185,1,-330.4290443,3.393460628,-92.61983036,64.31856135,80.3278732,-30.57238109,-34.52952589
0.07268600488,0.1173601275,2.134142391,-1.995580584,1,-349.3488989,2.921798352,9.517130697,70.16392453,99.55238303,-349.7766278,-43.0783143
0.07268600488,0.1212238354,1.830508138,-0.5353120511,1,-199.2674892,1.90717567,2.435307381,0,42.09502136,-753.4544082,-16.30098072
0.07654971278,0.01690372206,-1.582258912,0.1061935196,1,425.1374992,1.585818504,-264.7763158,0,372.1287331,-223.0034388,176.1603443
0.07654971278,0.02076742997,-0.04205699132,0.02549442225,1,212.589602,0.04918085079,-132.1092861,0,228.4047503,-95.12436273,148.7762803
0.07654971278,0.02463113787,0.1216144518,-0.03670542112,1,55.7036878,0.1270329202,-3.083614498,0,75.84187589,-11.82170929,-16.79475531
0.07654971278,0.02849484577,0.4661966424,0.05925586813,1,59.91324783,0.4699474091,53.81009196,0,72.39172246,-0.4700222073,7.24373075
0.07654971278,0.03235855367,0.6328022108,0.1730170848,1,28.54387977,0.6560286195,83.52001732,0,63.47962331,-23.21972336,15.29174342
0.07654971278,0.03622226157,0.8217485782,0.4716670475,1,239.2458793,0.9474917042,171.1196458,0,289.6123352,-6.246501072,29.85495143
0.07654971278,0.04008596947,2.676155873,0.8583080676,1,67.42360657,2.810427546,172.1130002,0,140.6752188,88.63790326,17.7823053
0.07654971278,0.04394967737,1.625781654,0.7941904391,1,7.69110058,1.80939339,230.1900747,0,69.08853013,176.1349151,26.03539819
0.07654971278,0.04781338527,2.972809938,1.067161415,1,103.6750117,3.1585491,273.3926535,0,229.2112943,234.2754426,19.74681736
0.07654971278,0.05167709317,2.911957105,0.945327916,1,-137.6582895,3.061558271,239.1678349,0,-12.80973187,261.0621864,17.98532856
0.07654971278,0.05554080107,2.391445456,0.982568036,1,-224.2483114,2.585430585,152.9681693,18.01629097,-139.644848,194.9495871,22.33618424
0.07654971278,0.05940450897,1.50598023,0.7831239803,1,-190.0015222,1.697427354,-65.2075543,19.56570945,-152.104944,-11.30737806,27.4748587
0.07654971278,0.06326821687,1.069645999,0.7743134992,1,16.2656657,1.320493831,-121.6203209,0,74.86860655,-118.3742416,35.90066524
0.07654971278,0.06713192477,1.858096438,0.7705820779,1,65.17414229,2.011546447,-121.9970375,0,202.1080053,-78.00964445,22.52456092
0.07654971278,0.07099563267,2.102346145,0.6043590613,1,-86.01444317,2.187489243,-120.1445055,0,163.6227112,-37.0390673,16.03829561
0.07654971278,0.07485934057,2.157952116,0.4494869396,1,-45.07736268,2.204267643,109.159748,0,332.637474,7.024456366,11.76608988
0.07654971278,0.07872304847,3.213394418,0.9989799944,1,-69.70052598,3.365095053,184.4876342,0,484.4710647,-78.16858799,17.26942343
0.07654971278,0.08258675637,3.760504323,1.464313861,1,-57.65661131,4.035543067,-29.86871599,0,401.5911905,-150.8345866,21.27558769
0.07654971278,0.08645046427,4.542257169,1.466356785,1,-184.2880205,4.773081019,-95.45789911,0,315.8396494,69.49061545,17.89140649
0.07654971278,0.09031417218,4.268781392,0.8270009817,1,-362.4285628,4.348151928,38.31870503,0,380.3617438,390.7379765,10.96422111
0.07654971278,0.09417788008,4.611545742,0.1047116611,1,-568.3686733,4.612734402,-21.0198811,96.67948906,331.4692353,338.1112626,1.300758102
0.07654971278,0.09804158798,3.353471161,-0.5605768556,1,-509.0964671,3.400002241,-125.7823711,93.14423625,214.2473562,69.87109376,-9.489998435
0.07654971278,0.1019052959,3.472334903,-0.6512361768,2,-6.452865086,3.532876765,-384.1333224,0,774.9501572,-233.4524361,-10.62241901
0.07654971278,0.1057690038,6.32272022,-1.142763786,1,-361.1505618,6.425161481,-62.8222565,65.87797353,166.462972,41.52115656,-10.24499574
0.07654971278,0.1096327117,2.720118925,-1.054388646,1,-689.2118985,2.917324525,31.09082304,125.7680081,-337.7119868,-55.63726997,-21.18762286
0.07654971278,0.1134964196,2.354986291,-0.8076717683,1,-362.3362681,2.489637346,-40.69374011,73.88294637,73.45568226,-145.1330737,-18.93004106
0.07654971278,0.1173601275,1.603968723,-0.650865568,1,-545.5017329,1.730994411,-68.99957768,111.9417792,-87.26692784,-281.3825188,-22.08654928
0.07654971278,0.1212238354,-0.08984698262,0.01291387932,1,-511.6099699,0.09077030663,-243.6123477,0,-365.1725142,-587.2094644,171.8207851
0.08041342068,0.01690372206,-3.310793402,-0.06141431411,1,626.3690868,3.311362962,52.46101453,0,569.0830272,23.09139741,-178.9373008
0.08041342068,0.02076742997,-1.001354513,-0.004676503246,1,453.6664824,1.001365433,-2.267915743,18.71401599,444.7892827,-27.60559543,-179.7324205
0.08041342068,0.02463113787,0.1605772364,0.03648307909,1,183.3364818,0.1646695598,36.40786191,0,228.4218897,4.071429121,12.80028028
0.08041342068,0.02849484577,0.5895595604,0.1202620276,1,65.72412934,0.6017004492,29.27399762,0,111.2201048,-21.99639752,11.52937253
0.08041342068,0.03235855367,0.844238072,0.2345769098,1,88.13637967,0.8762215752,42.48244864,0,116.9948437,-46.21534141,15.52829033
0.08041342068,0.03622226157,1.382126689,0.4629643798,1,105.1181817,1.457604268,72.78173997,0,91.38369413,-40.51727136,18.51905813
0.08041342068,0.04008596947,1.603463922,0.672331195,1,131.0206485,1.738713831,-91.32942342,0,99.6866316,-195.0727004,22.74826688
0.08041342068,0.04394967737,2.27351223,0.8637980988,1,223.894104,2.432078332,93.5309335,0,223.3295651,-23.77327125,20.80378394
0.08041342068,0.04781338527,3.331405545,1.125560378,1,156.558438,3.516411391,-11.91215234,6.600006707,152.8962029,-108.3161565,18.66823459
0.08041342068,0.05167709317,3.469154571,1.236275011,1,-157.503988,3.682853424,-39.3210625,30.78014999,-41.21669908,-35.92918991,19.6141377
0.08041342068,0.05554080107,2.563606857,1.112455173,1,-374.8747172,2.794572709,-120.2769515,47.26289495,-274.272226,-43.98035136,23.45801855
0.08041342068,0.05940450897,0.9610403977,0.9414872347,1,-315.7890733,1.345361237,-118.0260991,48.75043412,-178.0526944,-68.34091184,44.41116531
0.08041342068,0.06326821687,0.6555465172,0.9204861224,1,-42.46129641,1.130060148,-33.85370623,0,125.3756371,-56.53585604,54.54250915
0.08041342068,0.06713192477,1.281397191,1.029124436,1,48.97750833,1.643495015,-86.83866808,0,218.7316588,-141.2911544,38.76888135
0.08041342068,0.07099563267,1.689896541,1.130874624,1,77.28862144,2.033378404,-59.96173745,0,325.7479305,-130.4508869,33.79034107
0.08041342068,0.07485934057,2.838612701,1.30147392,1,24.47524723,3.122748217,42.2554739,0,334.6500473,-90.14739519,24.63095541
0.08041342068,0.07872304847,3.077451779,1.642440635,1,-52.47512571,3.488312012,8.712994646,0,186.262448,-154.5643159,28.08890747
0.08041342068,0.08258675637,3.355527835,1.932329754,1,62.19513473,3.872139632,-14.14602588,0,258.3520582,-136.229205,29.93611777
0.08041342068,0.08645046427,4.315952501,2.114134379,1,53.83653814,4.80593489,-136.143223,0,339.8639528,-75.82860347,26.09754899
0.08041342068,0.09031417218,4.876671532,1.699291682,1,-202.502714,5.164253814,-75.32346407,10.61886502,181.0176282,84.73270595,19.2110536
0.08041342068,0.09417788008,4.232940405,1.495724091,1,-531.5213025,4.489429254,-154.7621831,106.2263526,41.79679417,51.65556417,19.46103704
0.08041342068,0.09804158798,2.98451908,0.9017538014,1,-727.9503926,3.117773895,16.7543435,150.0494223,-131.1859246,129.8502656,16.81186398
0.08041342068,0.1019052959,0.9134886288,1.058754483,1,-255.4280667,1.398364234,-1.774653934,0,330.8239386,185.3581505,49.21252222
0.08041342068,0.1057690038,3.275826706,0.1787273064,1,-44.46072508,3.280698715,-455.6304509,0,585.9435144,-78.65866666,3.122930016
0.08041342068,0.1096327117,3.00561996,-0.3977543782,1,-353.9406851,3.031824515,130.0929271,68.38319445,43.8348603,238.4015002,-7.538540934
0.08041342068,0.1134964196,2.077668381,-0.2397453829,1,-430.2258717,2.091454936,-22.53478859,84.72014434,-145.7109489,-67.22223265,-6.582336979
0.08041342068,0.1173601275,0.7803683161,-0.2250951475,1,-538.978453,0.8121838057,-62.45680309,83.84411052,-355.8130611,-132.3960669,-16.09006414
0.08041342068,0.1212238354,-1.379544662,0.03047950321,1,-553.5859158,1.379881326,18.4302237,0,-564.4659832,-113.8647931,178.7343195
0.08427712858,0.01690372206,-1.290346461,-0.1151430815,1,286.9119791,1.295473627,467.9426593,0,299.5024069,412.8978163,-174.9007609
0.08427712858,0.02076742997,-0.1574795125,-0.008804484192,1,204.6219999,0.1577254443,187.0164108,0,201.2992316,121.6298668,-176.7999954
0.08427712858,0.02463113787,0.2780146084,0.1374914253,1,68.12241636,0.3101548234,69.65415474,0,100.5742586,6.542884794,26.31458161
0.08427712858,0.02849484577,0.4943151634,0.2350390281,1,20.9247758,0.5473489065,17.42626621,0,67.16801069,-20.62690418,25.43034728
0.08427712858,0.03235855367,0.6183794035,0.2845177604,1,45.88627198,0.6806933544,-0.09723365977,0,71.1240996,-47.60651131,24.7072658
0.08427712858,0.03622226157,0.9464090605,0.4186009995,1,104.2600806,1.034851152,-5.550066377,0,141.9289029,-122.7237322,23.86002288
0.08427712858,0.04008596947,1.569581724,0.7372425788,1,102.5133134,1.734103056,5.102745039,0,143.0787056,-91.54230053,25.15974451
0.08427712858,0.04394967737,1.895304885,0.7920092256,1,132.8314305,2.05413223,-40.94309348,12.99099861,110.1220152,-122.6700348,22.67905438
0.08427712858,0.04781338527,2.508282872,1.053011608,1,100.0631972,2.720352259,-77.52807663,0,87.81519417,-233.4971154,22.77333335
0.08427712858,0.05167709317,2.62121211,1.394628033,1,-121.2580074,2.969131232,-101.2274518,0,-73.23900793,-183.5978267,28.01541686
0.08427712858,0.05554080107,1.756803217,1.371266676,1,-295.4736276,2.228616127,-97.90068857,44.70577389,-179.5362903,-77.36836064,37.9736951
0.08427712858,0.05940450897,0.7859125375,1.315297115,1,-234.8832448,1.532209195,30.04793227,48.32718016,-33.35548085,16.71366625,59.14096015
0.08427712858,0.06326821687,0.7204071333,1.422786385,1,-83.07117734,1.594775074,65.59735473,0,132.442638,36.82566244,63.14529135
0.08427712858,0.06713192477,0.9766694401,1.42646253,1,-24.28401345,1.728779496,28.30721677,0,191.543099,-8.327765829,55.60136291
0.08427712858,0.07099563267,1.366647384,1.564333257,1,27.10690254,2.077224978,-15.71885344,0,230.7392667,-73.0340648,48.85858492
0.08427712858,0.07485934057,1.972911721,1.647911765,1,54.19168544,2.570601845,-88.89349471,0,277.929729,-181.3070509,39.87095723
0.08427712858,0.07872304847,2.649867516,1.921392244,1,60.18344847,3.27315536,-27.53620273,0,252.1037807,-176.1745484,35.94548899
0.08427712858,0.08258675637,3.179498356,2.222206916,1,65.49117592,3.879099557,30.17456261,0,212.322898,-138.081149,34.95037154
0.08427712858,0.08645046427,3.723259948,2.571483166,1,67.2122435,4.524951969,-84.66969884,0,224.1238582,-107.084603,34.63104062
0.08427712858,0.09031417218,4.305135954,2.308811558,1,-64.5842247,4.885161859,-185.184321,0,191.3826133,-120.0557315,28.20431972
0.08427712858,0.09417788008,4.213171884,2.319845321,1,-210.7282163,4.809625727,-157.0445886,18.05241807,111.0241455,-11.15757065,28.83794106
0.08427712858,0.09804158798,3.919908548,1.745146734,1,-206.0702317,4.290829774,3.889492546,12.0066224,197.9112364,186.6090488,23.99867041
0.08427712858,0.1019052959,4.18164791,1.613870328,1,-111.5045352,4.482271374,312.9267258,0,199.1081006,429.9678406,21.10365749
0.08427712858,0.1057690038,4.258383136,1.292934054,1,-262.2045744,4.450337672,-105.2656662,0,252.4279153,187.5542068,16.88938561
0.08427712858,0.1096327117,4.143873755,0.482499871,1,-538.329055,4.171869583,-87.83336751,110.9455285,-44.06273409,171.3278562,6.6414376
0.08427712858,0.1134964196,2.008191379,0.2916107867,1,-617.92738,2.029253426,79.42467282,118.692232,-234.3005031,189.5954927,8.262208013
0.08427712858,0.1173601275,0.8511141496,0.05683200386,1,-458.0837099,0.8530094796,155.6058579,82.01700195,-180.362499,238.6179069,3.820177732
0.08427712858,0.1212238354,-0.4585782823,-0.02912352292,1,-365.1515577,0.4595021442,301.4704132,0,-312.7943252,345.964215,-176.3661232
0.08814083648,0.01690372206,0.09251690304,-0.01276857879,1,32.46467214,0.09339386464,143.7344986,0,18.59904583,146.1912737,-7.857948256
0.08814083648,0.02076742997,0.1911645483,-0.01751470943,1,43.04613383,0.1919652301,45.35048392,0,50.76619525,0.1513897821,-5.234887994
0.08814083648,0.02463113787,0.4549803401,0.1618675183,1,48.97034843,0.4829163523,49.84227653,0,50.94110756,-32.06015947,19.5839393
0.08814083648,0.02849484577,0.5771932302,0.2989323796,1,13.81843378,0.6500096865,29.11829389,0,39.2250159,-14.93808663,27.37995254
0.08814083648,0.03235855367,0.6599247357,0.3320885038,1,22.84788642,0.738771569,56.04655572,0,57.21017636,-24.07682171,26.71253656
0.08814083648,0.03622226157,0.8865141999,0.608505706,1,53.04524902,1.075261187,89.9914288,0,104.7208162,-38.63514707,34.46580759
0.08814083648,0.04008596947,1.269486728,0.8290640213,1,88.59756727,1.516226799,0.4620595339,0,106.7703831,-42.90297983,33.14735854
0.08814083648,0.04394967737,1.641358893,0.7760555511,1,102.1100418,1.815577383,-3.859288095,0,120.5279907,-68.35009763,25.3053854
0.08814083648,0.04781338527,2.129695054,1.078237672,1,79.32895005,2.387089755,23.31882407,0,108.9135407,-143.8135949,26.85251684
0.08814083648,0.05167709317,2.368672892,1.421806399,1,-33.93431168,2.762633654,14.38143,2.116559501,-29.0302326,-110.4120378,30.97447431
0.08814083648,0.05554080107,1.886418446,1.560403179,1,-188.104199,2.448148818,63.00251678,25.37548778,-129.4558672,-14.20964764,39.59679231
0.08814083648,0.05940450897,1.141713555,1.720131649,1,-157.896786,2.064549038,95.64281656,23.33265589,-58.25291533,45.75152575,56.42633259
0.08814083648,0.06326821687,1.051279138,1.753168553,1,-33.80147936,2.044208356,33.22550007,0,89.93367244,-3.755998196,59.05119254
0.08814083648,0.06713192477,1.358591953,1.863017356,1,-44.02624689,2.305776607,56.82465071,0,120.5594786,14.25361553,53.89886901
0.08814083648,0.07099563267,1.34698119,1.917650598,1,-20.39856661,2.343446638,48.18518729,0,133.255122,-30.21489325,54.91532696
0.08814083648,0.07485934057,1.794636718,2.165932366,1,33.12491198,2.812824908,17.8237419,0,211.0425496,-102.8670952,50.35571457
0.08814083648,0.07872304847,2.29037294,2.383964739,1,74.38456541,3.305918342,-34.25358141,0,221.6967161,-120.6245705,46.14704992
0.08814083648,0.08258675637,2.938608305,2.499644639,1,115.6774637,3.857932359,-42.06305829,0,216.8261785,-129.13752,40.38521725
0.08814083648,0.08645046427,3.57506989,2.720395025,1,80.8711625,4.492401786,-67.45577609,0,115.4958623,-116.2762725,37.26876838
0.08814083648,0.09031417218,3.69731313,2.688272777,1,-49.14944661,4.571316539,-132.3463167,0,51.21650346,-137.1308937,36.02045799
0.08814083648,0.09417788008,3.583056394,2.738881233,1,-60.74991027,4.509962697,-151.9003643,0,66.76399578,-93.49724702,37.39422476
0.08814083648,0.09804158798,3.7205498,2.462620191,1,-103.9923643,4.461724892,-144.7254236,0,155.9527727,-20.48977534,33.50044974
0.08814083648,0.1019052959,3.783816234,2.258870977,1,-140.5189438,4.406786061,-175.4937746,0,107.7048149,-99.01199179,30.83645002
0.08814083648,0.1057690038,3.59376559,2.167116923,1,-240.5758987,4.196611356,-294.1855113,0,122.6586104,-100.8674122,31.09086877
0.08814083648,0.1096327117,3.328218276,1.511946311,1,-299.0256878,3.655546271,-224.501937,18.93710674,175.651488,14.81224879,24.43139572
0.08814083648,0.1134964196,3.11708372,1.242476812,1,-342.8323136,3.355586319,176.1337129,59.467411,77.62476911,347.9913788,21.7323409
0.08814083648,0.1173601275,2.303533791,0.847938489,1,-455.0607406,2.454642053,265.4250705,76.40721944,-61.31631078,526.7554511,20.20882989
0.08814083648,0.1212238354,1.121953627,0.2327725561,1,-394.0957275,1.145845977,288.2285297,0,-217.5344447,606.6614696,11.72091403
0.09200454438,0.01690372206,-0.1701579634,-0.1687158114,1,113.7596524,0.2396221141,-150.3516365,0,-16.19306365,-248.5678549,-135.2438333
0.09200454438,0.02076742997,0.01832643646,0.02102357809,1,64.48524581,0.02788994638,-20.3131497,0,69.29233036,-101.5360792,48.92105339
0.09200454438,0.02463113787,0.3467195145,0.1451058629,1,71.23038449,0.3758591933,11.33764537,5.004972031,66.14462404,-69.46014528,22.7098369
0.09200454438,0.02849484577,0.5491033422,0.3332026402,1,53.70049105,0.6422915848,23.58304228,0,48.57991239,-46.86165894,31.24988961
0.09200454438,0.03235855367,0.7419011174,0.4172836115,1,65.52053961,0.8512008461,35.69648569,0,88.66590645,-38.08177705,29.35565519
0.09200454438,0.03622226157,1.144834732,0.6182602968,1,88.30961123,1.30111197,48.95791462,0,83.46871795,-52.02627712,28.37096591
0.09200454438,0.04008596947,1.405602405,0.807457031,1,77.88340828,1.621019734,-4.693690916,13.41399164,44.1429433,-68.08111824,29.87548114
0.09200454438,0.04394967737,1.616308911,0.8631708006,1,70.10868799,1.832353221,-19.20588681,0,94.79090715,-112.3446029,28.10392277
0.09200454438,0.04781338527,2.042726273,1.167317824,1,65.63726575,2.352734905,-3.450071666,0,98.41990359,-145.9052406,29.74584691
0.09200454438,0.05167709317,2.250177892,1.413575962,1,-9.774612638,2.657347841,-40.67255435,0,-15.43476267,-152.1066704,32.13729775
0.09200454438,0.05554080107,1.945324611,1.597866699,1,-127.4003053,2.517432388,-23.59355453,12.46018929,-110.1846625,-97.80101818,39.39927978
0.09200454438,0.05940450897,1.332218975,1.700291926,1,-147.9655656,2.160046303,30.58742388,8.039539034,-139.5965274,-47.8336622,51.9204602
0.09200454438,0.06326821687,0.8342686806,1.900862869,1,-19.56715148,2.07588147,61.34534244,0,-1.377463946,-32.36820471,66.30383595
0.09200454438,0.06713192477,1.251295099,2.062373698,1,61.4646212,2.412286197,43.97362187,0,94.29525649,-22.57989754,58.75373588
0.09200454438,0.07099563267,1.436079351,2.158006227,1,19.34999891,2.592164111,59.77162865,0,82.37455077,-10.87549486,56.35759264
0.09200454438,0.07485934057,1.644329045,2.335333547,1,65.62513374,2.856151394,27.99418042,0,93.64783473,-58.07783789,54.85028432
0.09200454438,0.07872304847,2.051463577,2.490563365,1,101.9242774,3.226671455,-16.78322601,0,124.2057268,-88.65264883,50.52190112
0.09200454438,0.08258675637,2.518029329,2.613016004,1,109.3086195,3.628818587,-68.104034,0,139.6515577,-123.6722947,46.06054686
0.09200454438,0.08645046427,3.013372981,2.705262893,1,97.82536556,4.049551091,-117.6688805,0,95.23410403,-139.3010199,41.91598557
0.09200454438,0.09031417218,3.263954727,2.696596272,1,35.27887742,4.233796395,-85.0884271,0,29.85394846,-112.8490439,39.56265031
0.09200454438,0.09417788008,3.265027195,2.812521807,1,12.99115101,4.309371357,-44.14333473,0,-8.433210285,-57.83550375,40.74188562
0.09200454438,0.09804158798,3.281565278,2.749498814,1,-46.86417124,4.281169747,-105.5676409,0,9.597020835,-43.55793734,39.95836198
0.09200454438,0.1019052959,3.121037811,2.572934425,1,-113.0883718,4.044857053,-115.8039028,0,-29.14578731,-102.0521601,39.50163292
0.09200454438,0.1057690038,2.732014034,2.696366097,1,-40.14487172,3.838527167,-101.9343758,0,95.18429081,-35.56791998,44.62374651
0.09200454438,0.1096327117,3.33369405,2.316513826,1,15.25579246,4.05952612,-95.7835229,0,321.5304336,106.1551272,34.79462361
0.09200454438,0.1134964196,4.033257637,1.916134139,1,-109.3466838,4.465281313,-35.09252066,0,258.9890105,156.0110453,25.41162128
0.09200454438,0.1173601275,3.91186829,1.578145468,1,-330.40502,4.218205381,44.40417182,67.35811252,62.72371871,371.3120207,21.97038021
0.09200454438,0.1212238354,2.999015278,0.6530577003,1,-384.9935749,3.069295847,126.437314,0,-87.53335267,605.2974098,12.28480012
0.09586825228,0.01690372206,-1.448791488,-0.5148679145,1,345.6272956,1.537558371,-214.3865052,0,259.5769476,-481.4493314,-160.4359309
0.09586825228,0.02076742997,-0.27962528,0.001058461134,1,221.529987,0.2796272833,-13.78760286,12.37014225,213.0793337,-183.8536526,179.7831202
0.09586825228,0.02463113787,0.2304119779,0.1422176255,1,91.86588975,0.2707684113,4.265239921,0,106.6161785,-67.70953286,31.68420865
0.09586825228,0.02849484577,0.4872514551,0.2791479594,1,58.26983325,0.5615492532,18.41299862,4.710454032,50.51082499,-53.87450919,29.80853697
0.09586825228,0.03235855367,0.6507086666,0.4215154405,1,41.71483649,0.7753044792,13.63212278,0,58.55348045,-66.77094003,32.93432074
0.09586825228,0.03622226157,0.8746589434,0.5898019084,1,40.64425882,1.054938178,-47.14791136,0,46.73228864,-118.8886554,33.99266073
0.09586825228,0.04008596947,0.9883061234,0.6987007201,1,50.70456263,1.210343625,-75.37540644,0,16.18126056,-148.2635582,35.25908506
0.09586825228,0.04394967737,1.133086227,0.8714204363,1,73.4548045,1.42942575,-50.18655818,0,72.60272496,-181.2004705,37.56273497
0.09586825228,0.04781338527,1.552629754,1.204900208,1,61.24159069,1.965310068,-67.76122876,0,65.77216497,-204.5512786,37.81283372
0.09586825228,0.05167709317,1.623830278,1.399937233,1,-14.19634044,2.143979717,-107.8401285,0,-20.80746433,-217.0666012,40.76529623
0.09586825228,0.05554080107,1.417385277,1.626919394,1,-60.8395021,2.157741351,-60.38031733,0,-81.18757764,-151.62167,48.93735769
0.09586825228,0.05940450897,1.075079128,1.752467168,1,-29.59667811,2.055951435,5.134843997,0,-36.18131276,-45.73049153,58.47229715
0.09586825228,0.06326821687,1.163238334,1.823448193,1,64.1058882,2.162888516,70.7630753,0,30.66626753,9.319979918,57.46484034
0.09586825228,0.06713192477,1.441251055,1.989865341,1,61.16097245,2.456983654,56.52239114,0,35.29125533,-30.88350838,54.08434466
0.09586825228,0.07099563267,1.535901568,2.161159057,1,32.30496445,2.65133968,42.78162911,0,29.07420913,-30.81051711,54.59919378
0.09586825228,0.07485934057,1.678402253,2.274203897,1,53.24023552,2.826488544,27.89548981,5.613413847,36.59521746,-52.05224477,53.57202564
0.09586825228,0.07872304847,1.882999518,2.470053751,1,70.65482732,3.105938299,-12.89426321,5.793273964,63.73378293,-101.5854895,52.68058878
0.09586825228,0.08258675637,2.197640588,2.616880889,1,94.06409204,3.417263487,-55.74512728,0,86.90552469,-117.9468781,49.97666515
0.09586825228,0.08645046427,2.582213256,2.710383147,1,90.96877162,3.743528029,-76.70101444,0,99.23711099,-89.75364364,46.38725084
0.09586825228,0.09031417218,2.932540559,2.667312436,1,72.11166352,3.964132914,-68.90239253,0,84.94645522,-54.85386983,42.2883031
0.09586825228,0.09417788008,3.18903995,2.656103759,1,44.5010322,4.150284687,-32.04290463,6.100420562,10.32494601,-35.52590841,39.79041019
0.09586825228,0.09804158798,3.144372125,2.680769745,1,-24.64608433,4.132021598,-25.39151857,0,-39.27073177,-6.522816152,40.44962333
0.09586825228,0.1019052959,2.942084043,2.583200604,1,-27.88681841,3.915199085,23.77933528,2.711907471,6.695971946,21.39314763,41.28369148
0.09586825228,0.1057690038,3.062496884,2.689989277,1,35.88725344,4.076141493,81.42259327,0,74.42312556,52.40863569,41.29493144
0.09586825228,0.1096327117,3.368291125,2.695302062,1,-40.88008986,4.313935362,-44.8549837,0,175.9267105,-38.54732974,38.66674823
0.09586825228,0.1134964196,3.584277579,2.665618345,1,-124.8094526,4.466829627,-186.3945926,0,264.9464964,-101.3910242,36.63809011
0.09586825228,0.1173601275,3.909739729,2.366873103,1,-160.3317134,4.570355897,-200.4570892,0,254.7708612,131.7487635,31.18981896
0.09586825228,0.1212238354,3.94916286,1.382071967,1,-125.424548,4.184018429,-179.2182509,0,145.8314383,330.551722,19.28830088
0.09973196018,0.01690372206,-2.858664383,-0.5011892208,1,502.5575067,2.902266819,31.11008986,0,591.3982443,-222.3055179,-170.0558065
0.09973196018,0.02076742997,-0.7453016437,-0.01162727785,1,371.3392026,0.7453923354,50.55442307,0,394.8299172,-131.4691431,-179.1062144
0.09973196018,0.02463113787,0.1015892987,0.20209667,1,143.2642668,0.2261933899,22.47406169,0,156.2904866,-59.015374,63.31238674
0.09973196018,0.02849484577,0.4120904237,0.3032240986,1,51.74633513,0.5116281573,7.193894557,0,60.83954399,-65.3391619,36.3463532
0.09973196018,0.03235855367,0.5365882493,0.4823432133,1,-0.4614353721,0.7215136344,8.31608414,0,24.07282522,-79.3092167,41.95261116
0.09973196018,0.03622226157,0.5033179372,0.6417826658,1,-12.15065692,0.8156064835,-50.6768653,0,13.42883868,-100.299111,51.89469034
0.09973196018,0.04008596947,0.5415267703,0.6740690761,1,25.99567301,0.8646504278,-69.19033187,0,30.68021661,-125.6376498,51.22265464
0.09973196018,0.04394967737,0.7222970197,0.8598786142,1,57.17252542,1.122988965,-35.54747166,0,59.05352705,-167.7400641,49.96978043
0.09973196018,0.04781338527,0.9905902875,1.18482264,1,39.71616379,1.544368416,-56.23560667,0,30.82130459,-192.9317312,50.10214057
0.09973196018,0.05167709317,0.9948331936,1.38803251,1,13.69069489,1.707725778,-80.68347354,0,21.41044984,-167.2389398,54.37000483
0.09973196018,0.05554080107,1.126210858,1.519247679,1,28.83927532,1.891154252,0.9641975898,4.737629594,17.88683906,-73.2697553,53.45064098
0.09973196018,0.05940450897,1.175369251,1.674850821,1,7.519439577,2.046122711,66.38669102,0,-2.996490009,1.057150071,54.93976296
0.09973196018,0.06326821687,1.143686214,1.771661942,1,30.21614511,2.108744696,21.93228644,2.999547213,15.07376976,-52.49617824,57.15596694
0.09973196018,0.06713192477,1.350356253,1.962420668,1,62.79201334,2.382132844,-2.63871944,12.07431974,24.85592114,-99.40110421,55.46785058
0.09973196018,0.07099563267,1.482332231,2.145523533,1,44.37420862,2.607792183,0.0726106488,9.165659507,7.554703339,-79.79921192,55.35958542
0.09973196018,0.07485934057,1.5509944,2.27102206,1,11.61925562,2.750113602,-6.973022716,0,21.20284812,-89.35475196,55.66887946
0.09973196018,0.07872304847,1.609147252,2.463822471,1,39.19442438,2.942749742,-27.3294573,0,37.40032942,-108.6853308,56.85104253
0.09973196018,0.08258675637,1.846934156,2.585357391,1,100.2784667,3.177300523,-48.56375217,0,96.70680514,-119.3213967,54.45864925
0.09973196018,0.08645046427,2.370240803,2.737209341,1,110.4652275,3.620822619,-32.68476904,0,132.5299851,-74.31026755,49.10961998
0.09973196018,0.09031417218,2.785796678,2.746186158,1,53.75713915,3.911802851,-45.84629257,0,110.2615318,-31.16248378,44.58975346
0.09973196018,0.09417788008,3.003961038,2.680475393,1,6.269456859,4.026006737,-34.08175021,0,90.1304115,-20.31448008,41.74296762
0.09973196018,0.09804158798,3.158257611,2.692993448,1,-17.89693732,4.150518624,20.54352469,0,93.37108288,13.79435175,40.45367271
0.09973196018,0.1019052959,3.29557109,2.706552226,1,-39.70165373,4.264529723,19.16049987,0,63.21305826,-20.24827699,39.39522026
0.09973196018,0.1057690038,3.249098811,2.84525745,1,-108.9019977,4.318811531,41.46011104,19.76374891,35.36662041,-74.39744312,41.20884858
0.09973196018,0.1096327117,3.011451872,3.154191973,1,-184.0788204,4.360936755,5.635965245,32.47535304,99.24820074,-143.6454615,46.326211
0.09973196018,0.1134964196,2.921338075,3.422037278,1,-22.81850308,4.499394991,-139.2255551,0,187.1548176,-146.4177635,49.51314837
0.09973196018,0.1173601275,3.646399389,3.181980565,1,32.0219243,4.839548411,-482.0442555,0,139.4158623,-36.63644396,41.10913236
0.09973196018,0.1212238354,3.583723606,1.701111598,1,62.86380518,3.966970576,-709.978097,0,-95.30713921,56.57517534,25.39262213
0.1035956681,0.01690372206,-2.187514774,-0.1716132547,1,347.6422117,2.194236085,296.1014614,0,478.1234474,159.7386813,-175.5142624
0.1035956681,0.02076742997,-0.5922561231,0.09181972079,1,285.747236,0.5993314413,106.1305834,0,303.5162004,11.87905144,171.1873755
0.1035956681,0.02463113787,0.08922702086,0.192547134,1,120.1224896,0.2122165405,23.46602549,12.66680026,101.1290313,-34.11124153,65.13682735
0.1035956681,0.02849484577,0.2625951263,0.3142814623,1,50.67180006,0.4095473573,13.24559122,8.973178384,23.65703794,-70.54995735,50.1198516
0.1035956681,0.03235855367,0.3764119395,0.516308657,1,11.58193477,0.6389527193,18.54050742,0,-4.144326805,-78.34884213,53.90628962
0.1035956681,0.03622226157,0.2913318709,0.6886336076,1,-16.24545564,0.7477235482,6.37505675,0,-20.21284605,-45.51597029,67.06882524
0.1035956681,0.04008596947,0.2355477112,0.7168004282,1,-8.191829226,0.7545101577,11.34697893,0,22.76609299,-37.84267889,71.80896528
0.1035956681,0.04394967737,0.347642569,0.8786880772,1,33.31737235,0.9449593075,5.312255015,0,58.40080095,-112.1222545,68.41435605
0.1035956681,0.04781338527,0.589919942,1.170533071,1,53.01793785,1.310783433,-16.41386927,8.590147629,29.36094027,-159.0426724,63.25301711
0.1035956681,0.05167709317,0.6659304912,1.429764111,1,76.38502303,1.577240892,-2.648097248,8.228397512,65.47295238,-109.8169929,65.02566231
0.1035956681,0.05554080107,1.138017722,1.58460238,1,86.71901813,1.950909797,28.81231266,0,86.62015653,-44.19335544,54.31513508
0.1035956681,0.05940450897,1.33566243,1.711836687,1,-3.156087161,2.171262069,18.39756737,0,-20.88023781,-28.27782907,52.03682591
0.1035956681,0.06326821687,1.045148384,1.764942478,1,-25.40270722,2.051184315,-1.429463691,0,-49.30880179,-35.45239645,59.36719767
0.1035956681,0.06713192477,1.046998982,1.843291361,1,46.31474397,2.119889127,-20.61545504,8.691052146,0.9747743559,-86.34422462,60.40320196
0.1035956681,0.07099563267,1.227861269,2.018899244,1,63.30545625,2.362963701,-4.8395708,13.20707185,3.785766301,-125.9514017,58.69272186
0.1035956681,0.07485934057,1.306219869,2.311232099,1,21.46335412,2.654807745,-2.765568044,3.672775289,12.08391201,-117.738713,60.52652924
0.1035956681,0.07872304847,1.357478106,2.463121892,1,44.18345189,2.812421779,-22.35597032,6.96678998,18.64778419,-97.89194258,61.13991952
0.1035956681,0.08258675637,1.548981412,2.603081032,1,115.9728504,3.029088027,-41.65583859,11.24006762,94.01651784,-127.7164419,59.24494543
0.1035956681,0.08645046427,2.168815687,2.795634925,1,135.1706295,3.53826739,-57.60139864,0,145.9116256,-130.730082,52.19617483
0.1035956681,0.09031417218,2.635001142,2.885628904,1,68.01561729,3.907695637,-73.55277289,0,141.6413077,-121.3004473,47.59935184
0.1035956681,0.09417788008,2.978868805,2.980117992,1,15.60069826,4.213640066,-74.35807584,0,150.5719327,-132.6047072,45.01201096
0.1035956681,0.09804158798,3.277043649,3.110676874,1,-170.420181,4.51833218,72.8384716,0,159.8118181,72.65341668,43.50808131
0.1035956681,0.1019052959,2.93788119,2.98083299,1,-439.088703,4.185273133,683.0269959,0,350.622648,647.6402104,45.41578519
0.1035956681,0.1057690038,2.935236653,3.247401076,1,-246.0169559,4.377353991,31.90543803,22.34880914,219.4056157,-177.5208287,47.8904376
0.1035956681,0.1096327117,2.835062744,3.789994912,1,-211.8635859,4.733037312,-22.59727847,39.49496016,94.20421995,-81.99432709,53.20209077
0.1035956681,0.1134964196,2.480635232,3.476893922,1,-34.75500311,4.271105536,-272.6526276,0,-205.7791564,-11.71597602,54.4935467
0.1035956681,0.1173601275,1.905709012,2.78181191,2,-203.3638915,3.37197336,-812.8397948,0,-69.95656375,-112.4896771,55.58650359
0.1035956681,0.1212238354,1.42460483,0.7709456395,1,146.6925456,1.619832121,-1064.741053,0,-395.7300996,-23.84131578,28.42068119
0.107459376,0.01690372206,-1.097431222,0.002952160439,1,173.5370199,1.097435193,227.7628359,0,244.7577154,199.7717707,179.845871
0.107459376,0.02076742997,-0.2893468852,0.0570268103,1,147.7765004,0.2949129992,62.33853158,0,151.9072607,29.78965945,168.850583
0.107459376,0.02463113787,0.06045929333,0.1287114948,1,79.00016615,0.142203991,10.35435122,13.40073208,45.24058629,-26.35135796,64.8392779
0.107459376,0.02849484577,0.1906830915,0.1988469488,1,49.0495199,0.2754998194,22.31379502,8.646071645,14.37324055,-53.48645822,46.20064193
0.107459376,0.03235855367,0.305506314,0.4215815322,1,40.26118524,0.5206391228,41.4979919,0,1.513657197,-69.17468064,54.07038812
0.107459376,0.03622226157,0.3520888803,0.6264538281,1,38.88517053,0.7186174075,51.02759385,0,-4.294354018,-45.27883565,60.66249606
0.107459376,0.04008596947,0.439155125,0.7936814447,1,-13.04035357,0.9070763251,68.25231693,0,2.047157209,-17.24582005,61.04362659
0.107459376,0.04394967737,0.3096143807,0.9567936554,1,-19.98113454,1.005641668,47.3885233,0,-12.75365469,-30.18914934,72.06863846
0.107459376,0.04781338527,0.3126774613,1.093418911,1,53.82766745,1.137247603,26.84896656,9.500737812,11.05471027,-73.85165871,74.04142489
0.107459376,0.05167709317,0.5603009361,1.345871457,1,117.1136342,1.45784331,44.43941589,15.75165156,78.06300939,-65.67418632,67.39750658
0.107459376,0.05554080107,1.066783001,1.518865706,1,97.14703864,1.856065464,-1.013527514,17.17743028,52.16390423,-68.43540041,54.91751989
0.107459376,0.05940450897,1.137194806,1.60636988,1,25.07399522,1.968155537,-17.00659459,0,-42.05186302,-58.52890256,54.70424021
0.107459376,0.06326821687,1.001185479,1.679295776,1,-10.28390399,1.95509761,13.40575636,0,-41.50559911,-33.40688937,59.19687142
0.107459376,0.06713192477,0.9370952934,1.787240269,1,1.485173377,2.018012727,8.296244207,0,-7.746351277,-52.85254518,62.33084025
0.107459376,0.07099563267,0.9769941167,1.915556836,1,41.89106959,2.150319859,9.10277404,8.539570615,-3.506758963,-106.729576,62.97699113
0.107459376,0.07485934057,1.085401058,2.234782635,1,51.06944213,2.484421237,6.610616154,10.49125277,-7.704278771,-109.7551353,64.09483611
0.107459376,0.07872304847,1.144544441,2.36516011,1,40.29690072,2.627539595,-21.94719971,6.575849024,-12.57014642,-90.72618276,64.17680706
0.107459376,0.08258675637,1.192529137,2.500524535,1,89.00071725,2.770333679,-27.61772865,15.638822,39.90098684,-134.6520369,64.5029846
0.107459376,0.08645046427,1.642582974,2.778709412,1,117.2855255,3.227894797,-66.93433465,0,100.2287473,-204.1418562,59.41132418
0.107459376,0.09031417218,2.032940752,3.03065432,1,46.32339916,3.649344285,-121.4383257,0,99.06396936,-230.9847554,56.14658003
0.107459376,0.09417788008,2.204317298,3.201964818,1,176.6649933,3.887363302,-106.5802353,0,260.0799835,-349.4192738,55.45544744
0.107459376,0.09804158798,3.720395769,3.968913432,2,716.668338,5.440001701,31.32992888,0,896.4357968,-630.1593605,46.85114918
0.107459376,0.1019052959,8.436880488,5.757766211,1,-338.8319046,10.21434404,320.6006521,17.47195722,71.23603021,146.0013027,34.31166138
0.107459376,0.1057690038,2.686483475,4.643514317,1,-724.6221546,5.364645252,223.5054618,0,-784.1720345,591.2914527,59.94867306
0.107459376,0.1096327117,2.60734046,4.336748572,1,-108.4777193,5.060198855,-342.7574105,0,-115.1061133,144.4078876,58.98486876
0.107459376,0.1134964196,1.822620855,2.761249906,1,-109.1199398,3.308541646,-245.4937965,0,-547.281612,-80.02552669,56.57235716
0.107459376,0.1173601275,0.07119659787,3.697427511,1,-129.1403917,3.698112918,-630.8290674,0,-503.6355873,185.9772362,88.89686532
0.107459376,0.1212238354,-0.6222406945,-0.3946510619,1,-149.6299561,0.736839835,-1262.3583,0,-209.3191726,855.8549185,-147.6154215
0.1113230839,0.01690372206,NaN,NaN,0,51.98224627,0.545565582,107.753806,0,102.9705818,105.5708964,169.0573511
0.1113230839,0.02076742997,NaN,NaN,0,53.27426769,0.2597191351,12.97573537,0,92.45755541,23.70447876,155.4815732
0.1113230839,0.02463113787,0.02741925956,0.06210997855,1,36.55301736,0.06789304258,1.028567334,0,61.39764936,-17.74166013,66.18031413
0.1113230839,0.02849484577,0.1421530612,0.1803024478,1,18.5918944,0.2296006653,27.63216616,0,44.05726159,-51.17543424,51.74724221
0.1113230839,0.03235855367,0.2694772985,0.3665995268,1,25.59975705,0.454987063,28.46492294,0,18.7592723,-59.92118141,53.68140981
0.1113230839,0.03622226157,0.3135433934,0.5218005375,1,43.86249621,0.6087571441,37.33167389,4.814665254,-1.637612275,-68.39439198,58.99887058
0.1113230839,0.04008596947,0.4326219162,0.7750941628,1,25.4592778,0.8876557236,14.53978401,4.379129448,0.565601728,-85.05687822,60.8317542
0.1113230839,0.04394967737,0.414095926,0.9066129482,1,21.9558997,0.9967058111,11.16441687,0,-28.24691544,-48.40962472,65.45142552
0.1113230839,0.04781338527,0.408315269,1.005270858,1,55.34376937,1.085030348,44.58714177,6.443656854,-11.39903564,-51.76355667,67.89427062
0.1113230839,0.05167709317,0.5838855409,1.278883903,1,83.7029962,1.405868544,38.04701979,13.71892854,35.70874344,-66.91169867,65.46052024
0.1113230839,0.05554080107,0.8696873508,1.410800688,1,78.92452465,1.657321534,-34.75601833,12.24400565,40.11392329,-79.68645301,58.34826525
0.1113230839,0.05940450897,1.043815333,1.452481978,1,39.50422027,1.788645953,-21.0495187,6.354096574,-14.09275033,-81.48635444,54.29736869
0.1113230839,0.06326821687,0.967869848,1.644310967,1,-10.1199592,1.908017453,6.713511933,0,-33.61235363,-85.20375442,59.51819791
0.1113230839,0.06713192477,0.8748464501,1.807623447,1,-6.917136026,2.008197908,-3.818774542,0,-23.41901463,-55.37141069,64.17412982
0.1113230839,0.07099563267,0.850659823,1.843495295,1,20.71606906,2.030294815,12.17034214,2.407183039,-12.21306472,-59.39929254,65.22957814
0.1113230839,0.07485934057,0.9076995751,2.08414761,1,33.13613355,2.273233331,15.57991143,5.30731178,-14.6354479,-91.92401489,66.46564317
0.1113230839,0.07872304847,0.9221410683,2.258859064,1,28.00021479,2.439833688,-7.579570924,2.447669085,-24.29422505,-92.78953367,67.79309107
0.1113230839,0.08258675637,0.922018437,2.413374016,1,46.02229755,2.583503849,5.208927528,9.513709977,5.564262345,-116.6619447,69.09087325
0.1113230839,0.08645046427,1.121456467,2.729732516,1,56.79398606,2.951119147,-28.78829998,7.356221441,34.13495353,-203.757284,67.66566265
0.1113230839,0.09031417218,1.273341299,3.089403062,1,15.3383076,3.341527995,-114.7183541,0,9.395299237,-262.9377969,67.60029732
0.1113230839,0.09417788008,1.217019899,3.302409148,1,-46.76348138,3.519523209,-116.0286896,0,-33.4702382,-301.3022097,69.76990338
0.1113230839,0.09804158798,0.963341643,3.805245825,1,579.3876821,3.925292716,-182.6243795,91.77944911,332.6054188,-509.4623791,75.79339987
0.1113230839,0.1019052959,4.740694849,4.56521571,1,1120.757439,6.581442253,-1077.470874,48.42643062,204.4028525,-873.5403207,43.91971639
0.1113230839,0.1057690038,6.08337393,3.017317735,1,-99.60894404,6.79055555,-308.2139785,0,-591.9538738,-100.9439164,26.38114138
0.1113230839,0.1096327117,2.068698126,3.764384733,1,-367.4026882,4.295358466,-359.7036897,0,-890.5729155,-40.48894603,61.20923312
0.1113230839,0.1134964196,1.222923651,1.783965208,1,168.9958913,2.1628856,-455.7658658,0,-656.0323591,173.0375874,55.56902383
0.1113230839,0.1173601275,0.1869314771,1.334871863,1,207.5964761,1.34789698,-161.2467138,0,-561.9009892,160.6309482,82.02830933
0.1113230839,0.1212238354,NaN,NaN,0,-225.337432,0.5597031063,-125.4704604,0,52.99677817,285.817319,105.1212401
0.1151867918,0.01690372206,NaN,NaN,0,8.649681479,0.338562375,53.86318915,0,56.35607749,49.48221964,143.8001389
0.1151867918,0.02076742997,NaN,NaN,0,9.787612172,0.2554054424,23.83309035,0,59.85835381,17.42792178,125.3102451
0.1151867918,0.02463113787,NaN,NaN,0,-2.794506715,0.2247415755,8.466632732,0,66.81177695,-14.52115592,91.04919461
0.1151867918,0.02849484577,NaN,NaN,0,-2.640770735,0.3135188657,13.60916769,0,51.32036551,-30.5059688,71.45417057
0.1151867918,0.03235855367,NaN,NaN,0,4.249374545,0.4358777788,2.400039062,0,30.00601788,-37.3071578,65.03500572
0.1151867918,0.03622226157,0.232071611,0.4506546995,1,-6.088758721,0.5068992906,20.17270544,0,1.618739502,-58.08053274,62.7530961
0.1151867918,0.04008596947,0.166697671,0.6974995518,1,3.840093931,0.71714276,5.524028586,0,-21.01578006,-75.27140174,76.5588212
0.1151867918,0.04394967737,0.1657097768,0.7628246419,1,34.32241415,0.7806158879,-14.14816771,6.508327011,-3.716524068,-49.87671141,77.74395259
0.1151867918,0.04781338527,0.2849498903,0.8355442084,1,63.57405489,0.8827970119,21.08040732,12.40697146,9.688851804,-81.82878033,71.16882291
0.1151867918,0.05167709317,0.4487762482,1.160435683,1,67.93595754,1.24419094,27.01788789,12.37672498,19.97462964,-111.027918,68.85697742
0.1151867918,0.05554080107,0.6246107205,1.368912879,1,56.99180219,1.504679708,-38.4005797,7.91474825,18.64794643,-100.2197347,65.47362522
0.1151867918,0.05940450897,0.7410261426,1.399286841,1,30.68235112,1.583389847,-69.41303461,0,-11.70799006,-126.2535495,62.09546219
0.1151867918,0.06326821687,0.6979221093,1.588528026,1,13.77217267,1.735084021,-36.61580991,0,-22.21598786,-120.5235476,66.28164443
0.1151867918,0.06713192477,0.7084017071,1.72348183,1,29.68348802,1.863390082,-10.70494984,5.719739841,-4.683373842,-62.41699988,67.65589647
0.1151867918,0.07099563267,0.7945152479,1.788328282,1,15.09413552,1.95687826,16.12015618,0,6.136256878,-68.44249104,66.04546606
0.1151867918,0.07485934057,0.790429742,2.050207198,1,5.103923645,2.197300328,-4.818365803,0,-14.87891447,-101.8188112,68.91652734
0.1151867918,0.07872304847,0.7567475386,2.163109669,1,17.76025971,2.29166103,-26.57210655,0,-25.14241916,-102.6646358,70.71799713
0.1151867918,0.08258675637,0.7619072342,2.344206505,1,18.94174451,2.464915165,31.08040031,0,-22.21651976,-105.5893152,71.99495149
0.1151867918,0.08645046427,0.7440947636,2.691161529,1,15.3617527,2.792136707,13.68638197,0,-64.05061358,-158.0361664,74.54410374
0.1151867918,0.09031417218,0.5737876977,3.007692272,1,37.68944928,3.061934866,-41.74371263,0,-77.08739614,-187.242418,79.19927007
0.1151867918,0.09417788008,0.5918726051,3.253326026,1,90.13795674,3.306726994,-77.35179107,6.971776838,32.17641243,-79.35157463,79.68903718
0.1151867918,0.09804158798,1.046374692,3.015418851,1,150.2152177,3.191809964,-206.1397465,0,-70.79137824,62.01879349,70.86281286
0.1151867918,0.1019052959,0.8987431212,2.217239757,1,225.8811473,2.392465535,-713.1006322,0,-210.5481579,-642.137315,67.93516012
0.1151867918,0.1057690038,1.105616885,2.741237322,1,-28.18056592,2.955802895,-121.2341765,0,70.20493578,-146.6325445,68.03441563
0.1151867918,0.1096327117,1.061113011,2.315371632,1,111.7635225,2.546940639,-595.9498233,0,-208.9177387,223.8987954,65.37845952
0.1151867918,0.1134964196,0.7302413718,-0.426418263,1,158.0411737,0.845626984,-318.0253245,0,-414.8658554,93.77018338,-30.28243014
0.1151867918,0.1173601275,0.06881745943,0.7243140748,1,-6.94862219,0.7275759216,141.0559802,0,-182.7522198,-145.5001769,84.57258994
0.1151867918,0.1212238354,NaN,NaN,0,-49.21963362,0.6807564082,16.55736221,0,12.19575331,39.10722933,90.22785765
0.1190504997,0.01690372206,NaN,NaN,0,-5.63803803,0.3185430762,31.18105638,0,36.42207281,24.26945554,115.3432947
0.1190504997,0.02076742997,NaN,NaN,0,-3.727554021,0.3108939386,21.12204651,0,40.05944515,9.950902251,104.3168719
0.1190504997,0.02463113787,NaN,NaN,0,-4.012537392,0.3310728109,14.48094782,0,43.80539086,-8.179674243,89.30317873
0.1190504997,0.02849484577,NaN,NaN,0,-4.264122688,0.3963185922,13.51966534,0,38.06068313,-21.43829472,78.81620029
0.1190504997,0.03235855367,NaN,NaN,0,-5.639201979,0.4851625506,11.55996774,0,28.98720515,-30.57249859,73.8921696
0.1190504997,0.03622226157,NaN,NaN,0,-16.99206964,0.5763296171,15.44747851,0,24.37669916,-39.66607004,73.1479616
0.1190504997,0.04008596947,NaN,NaN,0,-1.341802551,0.6983798112,25.03021029,0,1.249630262,-28.8200155,76.49114832
0.1190504997,0.04394967737,NaN,NaN,0,-3.406282933,0.7777221573,15.10809508,0,6.114267341,-15.43661743,77.62126515
0.1190504997,0.04781338527,0.1736013002,0.7970741731,1,3.998955537,0.8157601663,29.8417162,0,19.96062723,-56.58659256,77.71296817
0.1190504997,0.05167709317,0.259295324,1.093575341,1,34.3783486,1.123895499,30.06797139,3.1546876,7.161449589,-90.43209439,76.66105099
0.1190504997,0.05554080107,0.3340989467,1.262651229,1,29.09987247,1.306104985,-25.54930659,0,-21.71797857,-76.05072799,75.17912884
0.1190504997,0.05940450897,0.2878168058,1.288698082,1,29.14943822,1.320447372,-40.70258059,0,-22.25701138,-103.4951116,77.41022
0.1190504997,0.06326821687,0.3607292707,1.505263227,1,45.01537653,1.54788339,-19.70362253,4.667943811,33.79694504,-119.6443682,76.52348377
0.1190504997,0.06713192477,0.5923245952,1.674839931,1,41.25579863,1.77649577,-24.46063887,0,33.2250734,-103.0435569,70.52332853
0.1190504997,0.07099563267,0.6485016044,1.808884669,1,-9.772281278,1.921618608,-17.42070676,0,-15.2399417,-103.3743652,70.27678154
0.1190504997,0.07485934057,0.4956846717,2.00693976,1,-8.284406526,2.067247081,-37.45552696,0,-50.12931536,-111.0146531,76.12643909
0.1190504997,0.07872304847,0.4228080457,2.093095645,1,29.86789927,2.135372572,-45.79836074,0,5.966352587,-109.8328973,78.57985415
0.1190504997,0.08258675637,0.6341377537,2.254350505,1,44.21178271,2.341842627,4.582232959,9.07366682,-7.738264863,-80.77895189,74.28896751
0.1190504997,0.08645046427,0.5637310647,2.422906329,1,47.65704278,2.487622921,1.350400085,0,-111.2053189,-100.0000028,76.90217375
0.1190504997,0.09031417218,0.3886057772,2.645938857,1,98.12424824,2.674323632,27.86423825,8.118000548,-85.74422266,-141.8060265,81.6447731
0.1190504997,0.09417788008,0.6115638674,3.078462672,1,41.90116312,3.13862116,-4.501234135,3.901389896,-37.2697051,-83.5450036,78.76397307
0.1190504997,0.09804158798,0.4065003781,2.951340894,1,-172.7059285,2.979203858,-170.7534712,0,-113.8355521,-119.1237099,82.15775801
0.1190504997,0.1019052959,-0.4955487151,2.878980355,1,435.6985633,2.921317582,-95.99201232,0,765.7159599,-211.4535568,99.7664189
0.1190504997,0.1057690038,5.048415163,3.397450575,1,397.9359941,6.085159494,-40.4433326,79.93290479,-106.3118927,51.07868553,33.93951611
0.1190504997,0.1096327117,0.6312016295,2.525366011,1,662.6696048,2.603053781,-612.174439,0,-1877.033629,378.3328355,75.96674336
0.1190504997,0.1134964196,0.3564672903,-0.4295802069,1,13.24005019,0.5582186697,-339.8395997,0,-132.6696867,144.0861899,-50.31398338
0.1190504997,0.1173601275,0.1697603991,0.6556181145,1,-61.39521924,0.6772397693,147.5355177,0,-12.98956124,-164.9092363,75.48312499
0.1190504997,0.1212238354,NaN,NaN,0,-66.91931275,0.7806761952,37.12065119,0,14.79623545,-26.02953846,84.92442107
0.1229142076,0.01690372206,NaN,NaN,0,-9.218152331,0.3672285848,19.88396218,0,25.468785,12.04921601,99.23941504
0.1229142076,0.02076742997,NaN,NaN,0,-7.35124414,0.3786048083,16.72099171,0,27.84797179,4.558005721,94.17574008
0.1229142076,0.02463113787,NaN,NaN,0,-5.263966145,0.4099579,14.81544671,0,30.28965823,-6.710148584,87.17135429
0.1229142076,0.02849484577,NaN,NaN,0,-4.763980645,0.46592441,14.4285781,0,28.12977099,-16.49503726,81.46823068
0.1229142076,0.03235855367,NaN,NaN,0,-5.549990137,0.5403591622,14.87268805,0,23.50542042,-23.87847179,78.19909674
0.1229142076,0.03622226157,NaN,NaN,0,-7.869436348,0.6260044948,17.57951138,0,18.62214276,-28.63875249,77.21804909
0.1229142076,0.04008596947,NaN,NaN,0,-4.644307134,0.7236671012,21.75659068,0,11.35869018,-27.19062113,77.87077414
0.1229142076,0.04394967737,NaN,NaN,0,-5.806054676,0.8163428483,23.33894644,0,13.45687361,-25.75983614,78.37908194
0.1229142076,0.04781338527,NaN,NaN,0,-11.48122321,0.9154123363,32.99166288,0,24.70852925,-33.18007549,78.55673638
0.1229142076,0.05167709317,NaN,NaN,0,11.16361522,1.07706599,26.56460209,0,1.891813731,-44.70168105,78.45578127
0.1229142076,0.05554080107,NaN,NaN,0,7.676384412,1.195309794,0.7749128818,0,-15.87020494,-36.85469158,78.80549027
0.1229142076,0.05940450897,0.1838883802,1.200667336,1,-8.085609507,1.214667439,34.26674761,0,-10.68798558,-62.17318683,81.29251821
0.1229142076,0.06326821687,0.1595221765,1.545183283,1,11.07471608,1.553395862,38.76900526,0,-2.825034886,-88.51445683,84.10575951
0.1229142076,0.06713192477,0.2157627386,1.692453454,1,35.79285761,1.706151298,-26.1514407,4.857492229,7.760175365,-83.6142618,82.73482692
0.1229142076,0.07099563267,0.3277983741,1.767202839,1,27.00309053,1.797347392,-41.94949021,0,-26.73868237,-92.69795382,79.49164089
0.1229142076,0.07485934057,0.2167843345,1.888530694,1,18.31034711,1.900932305,-4.45160986,0,-62.92152407,-83.01816904,83.45168206
0.1229142076,0.07872304847,0.1554338173,2.070761075,1,57.70067071,2.076586405,3.093187689,11.98306817,7.190630928,-62.89420288,85.70735963
0.1229142076,0.08258675637,0.4675053693,2.143486696,1,63.37735547,2.193877044,-53.1524803,6.945746396,-9.67047532,-54.86138085,77.69618042
0.1229142076,0.08645046427,0.3629415144,2.077363767,1,21.89869915,2.108830663,-39.58513245,0,-108.3326293,-79.3892575,80.08973573
0.1229142076,0.09031417218,0.1335499103,2.297278208,1,48.35856001,2.301156827,65.16861616,0,-77.15314193,-160.0215827,86.67291333
0.1229142076,0.09417788008,0.2516876607,2.947432917,1,32.14586464,2.958159475,33.94958064,0,-85.76688831,-210.7890502,85.11922993
0.1229142076,0.09804158798,-0.07362606248,3.24287679,1,-67.64338936,3.243712483,1.883666161,0,-72.33210253,-139.1460587,91.30061618
0.1229142076,0.1019052959,-0.2891367532,3.49233058,1,85.9787791,3.504279232,-229.1262212,0,229.8667443,404.9553591,94.73283354
0.1229142076,0.1057690038,1.146708782,0.792970778,2,8.386104364,1.394182085,-2118.186289,0,107.2422311,726.1359727,34.66459021
0.1229142076,0.1096327117,0.1576173602,-7.497299816,1,862.9131127,7.498956445,-465.1840354,0,-1166.456092,-3.673566624,-88.79563581
0.1229142076,0.1134964196,-0.02609262443,-0.9901708664,2,-471.097238,0.9905145984,961.7738298,0,430.7404413,-1214.539554,-91.50948832
0.1229142076,0.1173601275,0.001690485793,0.911339398,1,-52.76380222,0.9113409659,237.8799807,0,69.90748286,-276.3014615,89.89371952
0.1229142076,0.1212238354,NaN,NaN,0,-57.7099087,0.9972843886,19.52618925,0,77.61569097,-24.54372403,87.69294268
0.1267779155,0.01690372206,NaN,NaN,0,-8.662905983,0.4221057621,13.50309164,0,18.13857924,5.566933594,91.76066166
0.1267779155,0.02076742997,NaN,NaN,0,-7.132645896,0.4372705468,13.02119797,0,19.63665696,0.9833666654,89.30072193
0.1267779155,0.02463113787,NaN,NaN,0,-4.928102402,0.4697485925,13.63126921,0,21.37549928,-6.723888556,85.68511363
0.1267779155,0.02849484577,NaN,NaN,0,-3.97784361,0.5204630249,14.5065123,0,20.66332218,-13.95323394,82.39444668
0.1267779155,0.03235855367,NaN,NaN,0,-3.927341575,0.5869262836,15.92269498,0,18.28256279,-19.80759882,80.20889186
0.1267779155,0.03622226157,NaN,NaN,0,-4.291378485,0.6656535645,18.24128828,0,15.2477613,-23.81984702,79.23347988
0.1267779155,0.04008596947,NaN,NaN,0,-3.559934962,0.7544013981,21.0776946,0,12.10611409,-25.54388037,79.13951504
0.1267779155,0.04394967737,NaN,NaN,0,-3.692405426,0.8487839996,23.49943713,0,11.64600767,-27.23203052,79.31524836
0.1267779155,0.04781338527,NaN,NaN,0,-3.817903517,0.9527162786,26.57529584,0,12.06129703,-31.31828314,79.54558937
0.1267779155,0.05167709317,NaN,NaN,0,1.287185725,1.074543019,24.97402909,0,4.361246384,-35.78969488,79.85775985
0.1267779155,0.05554080107,NaN,NaN,0,-1.862285355,1.187740364,21.52740145,0,-0.5251810136,-35.64344536,80.56536126
0.1267779155,0.05940450897,NaN,NaN,0,-15.03419586,1.291250015,34.79314654,0,8.260949822,-37.64622282,81.98713049
0.1267779155,0.06326821687,NaN,NaN,0,15.20981587,1.461308999,38.14150485,0,-18.25675757,-36.36893465,83.37755346
0.1267779155,0.06713192477,NaN,NaN,0,16.99458276,1.575536213,12.19752854,0,-27.41570319,-26.54336755,83.87077408
0.1267779155,0.07099563267,0.1282632112,1.601242156,1,20.28678649,1.606371032,-6.890512073,0,-23.00308588,-39.64498156,85.42025358
0.1267779155,0.07485934057,0.1577269959,1.693083538,1,34.21940414,1.700414558,29.85708908,0,-17.78669719,-46.93377014,84.67770914
0.1267779155,0.07872304847,0.1917543908,1.897939605,1,45.01212857,1.907601765,35.10868249,0,-29.72195897,-37.10989449,84.23081656
0.1267779155,0.08258675637,0.216803745,1.972115024,1,34.73758108,1.983996354,-44.34094454,0,-57.437438,-49.98084068,83.72640191
0.1267779155,0.08645046427,0.1040487743,1.919730517,1,-12.00805089,1.922548154,-10.96029673,0,-38.37933058,-59.84682842,86.89762272
0.1267779155,0.09031417218,0.02212162109,2.160998303,1,9.698779961,2.161111527,89.96297303,0,-55.18383396,-92.02586724,89.41349734
0.1267779155,0.09417788008,-0.07169218813,2.622882237,1,95.05771652,2.623861848,78.25721545,0,-132.8356845,-121.6095428,91.56569641
0.1267779155,0.09804158798,-0.1238414123,2.933225076,1,152.3794055,2.935838218,113.3122725,11.3663423,-86.25227864,-96.8586844,92.41760468
0.1267779155,0.1019052959,0.1838037144,3.434921423,1,68.86584273,3.439835605,167.324007,0,-122.2392437,-51.68237743,86.93700626
0.1267779155,0.1057690038,-0.3300606434,3.779401773,1,-549.4231599,3.793786735,-1320.184648,0,196.3605213,944.5945396,94.99106073
0.1267779155,0.1096327117,-1.180327192,-5.315523817,1,-1519.614927,5.444994557,-189.2750205,90.57703944,1444.535496,-1.749298413,-102.5195595
0.1267779155,0.1134964196,-0.620145634,3.054857159,1,-336.6702596,3.117167444,865.3586577,0,647.6767443,-802.7560422,101.4752865
0.1267779155,0.1173601275,0.02131102023,1.129584128,1,-53.12012862,1.129785139,-212.4925593,0,226.4835372,241.5747662,88.91917154
0.1267779155,0.1212238354,NaN,NaN,0,-93.4525755,1.301422223,50.36829127,0,108.1373902,-38.09052756,87.81228377
0.1306416234,0.01690372206,NaN,NaN,0,-6.414251999,0.4662496682,9.52135715,0,12.53396348,1.750975715,88.19096978
0.1306416234,0.02076742997,NaN,NaN,0,-5.219412745,0.4817601856,10.21347885,0,13.55349582,-1.451623608,86.84186669
0.1306416234,0.02463113787,NaN,NaN,0,-3.337953957,0.5132369676,12.18191987,0,14.91235977,-7.215538367,84.75480339
0.1306416234,0.02849484577,NaN,NaN,0,-2.291949819,0.5605229383,14.04350692,0,14.86545566,-12.78641111,82.69602335
0.1306416234,0.03235855367,NaN,NaN,0,-1.890154069,0.6221243509,16.07029129,0,13.71374724,-17.57884255,81.16986857
0.1306416234,0.03622226157,NaN,NaN,0,-1.808801054,0.6958817722,18.38525216,0,11.98022555,-21.2891564,80.325439
0.1306416234,0.04008596947,NaN,NaN,0,-1.611648803,0.7797806921,20.81346232,0,10.1719972,-23.9330228,80.04540187
0.1306416234,0.04394967737,NaN,NaN,0,-1.585728548,0.8718758337,23.00581163,0,8.959745951,-26.30612244,80.09212931
0.1306416234,0.04781338527,NaN,NaN,0,-1.385171154,0.9723766255,24.83605427,0,7.529404804,-29.07133166,80.33258653
0.1306416234,0.05167709317,NaN,NaN,0,-0.33468345,1.081208279,25.22881698,0,4.017055792,-31.49536996,80.75203255
0.1306416234,0.05554080107,NaN,NaN,0,-1.378515699,1.191037039,25.5675173,0,1.147284677,-32.28317217,81.4284384
0.1306416234,0.05940450897,NaN,NaN,0,-2.968670455,1.302197761,29.21116048,0,0.08368947332,-32.42509617,82.37154771
0.1306416234,0.06326821687,NaN,NaN,0,4.996775059,1.425619303,29.17162815,0,-8.239856598,-30.40640232,83.29826742
0.1306416234,0.06713192477,NaN,NaN,0,6.08857258,1.529293229,22.59357778,0,-10.84360344,-25.04594439,83.9819196
0.1306416234,0.07099563267,NaN,NaN,0,0.2122899826,1.606773969,24.72475346,0,-2.678723878,-18.42789477,84.71503497
0.1306416234,0.07485934057,NaN,NaN,0,2.257746455,1.694318951,22.53438339,0,-2.334641778,-24.58796062,84.89355831
0.1306416234,0.07872304847,NaN,NaN,0,12.30033739,1.788121033,6.881286358,0,-24.65413991,-18.93718645,85.26187649
0.1306416234,0.08258675637,0.1030735425,1.787349346,1,12.53486705,1.790318922,14.45340655,0,-27.63390006,-35.61830185,86.6995007
0.1306416234,0.08645046427,0.08936346555,1.975472845,1,4.205447329,1.977493057,38.60479472,0,1.619513494,-28.49173549,87.40990559
0.1306416234,0.09031417218,0.1255794897,2.04659074,1,24.87306684,2.05043992,32.9204393,0,-26.21285094,9.252361814,86.48871423
0.1306416234,0.09417788008,0.08418693113,2.066919383,1,66.36308367,2.068633166,80.27265116,0,-101.467625,9.283090606,87.66759597
0.1306416234,0.09804158798,-0.0100542041,2.320873666,1,147.9868711,2.320895444,142.282432,0,-128.9684062,-35.53560738,90.24820819
0.1306416234,0.1019052959,0.1576687244,2.753956347,1,152.4054126,2.758466057,176.2648423,0,-228.6035858,-174.0689427,86.72329531
0.1306416234,0.1057690038,-0.304461688,3.674461079,1,71.31737475,3.687053178,234.1923606,0,-262.3549877,-76.74088699,94.73664329
0.1306416234,0.1096327117,-0.5804448099,3.955311592,1,-1006.394127,3.997675071,79.59880514,0,1141.043872,302.5459512,98.34860581
0.1306416234,0.1134964196,0.215785596,2.813058429,1,116.8004626,2.821322589,-140.6987269,0,62.94926646,367.5346469,85.61351478
0.1306416234,0.1173601275,NaN,NaN,0,-161.3993716,1.994909431,-120.0227866,0,128.2182004,148.5528093,86.72242155
0.1306416234,0.1212238354,NaN,NaN,0,-101.7718679,1.777519821,-49.59443397,0,88.06876379,62.36305301,87.17573732
0.1345053313,0.01690372206,NaN,NaN,0,-3.407767327,0.4960605596,6.785331172,0,7.862485327,-0.8002130468,86.46525665
0.1345053313,0.02076742997,NaN,NaN,0,-2.462871257,0.5112752044,8.072035752,0,8.660930952,-3.267893805,85.60389586
0.1345053313,0.02463113787,NaN,NaN,0,-0.912350863,0.541682875,10.83942449,0,9.854988316,-7.900230192,84.2222161
0.1345053313,0.02849484577,NaN,NaN,0,0.03815236224,0.5868272462,13.41530423,0,10.17239345,-12.3980296,82.7810397
0.1345053313,0.03235855367,NaN,NaN,0,0.4674761715,0.6455440776,15.92971108,0,9.726744983,-16.43220385,81.62879536
0.1345053313,0.03622226157,NaN,NaN,0,0.5579771405,0.7162037357,18.41596674,0,8.787396457,-19.82491325,80.91169021
0.1345053313,0.04008596947,NaN,NaN,0,0.5078693528,0.7971049665,20.7850909,0,7.641903205,-22.59293197,80.60714535
0.1345053313,0.04394967737,NaN,NaN,0,0.3463111902,0.8866855289,22.87429281,0,6.491574135,-24.9881048,80.61318569
0.1345053313,0.04781338527,NaN,NaN,0,0.197630897,0.9838722554,24.53429262,0,5.079520444,-27.1655511,80.84679146
0.1345053313,0.05167709317,NaN,NaN,0,0.1377673289,1.087160799,25.53766725,0,3.030287305,-28.83728114,81.27003624
0.1345053313,0.05554080107,NaN,NaN,0,-0.3484235372,1.193423879,26.30269031,0,1.013574457,-29.5687772,81.87114555
0.1345053313,0.05940450897,NaN,NaN,0,-0.4587453233,1.301272001,27.31234993,0,-0.8336200079,-29.36458739,82.60094734
0.1345053313,0.06326821687,NaN,NaN,0,1.657382242,1.409958037,26.7402695,0,-3.942754856,-27.78563406,83.33045171
0.1345053313,0.06713192477,NaN,NaN,0,2.150642517,1.509479487,24.28040097,0,-5.040130085,-24.80611291,83.9632375
0.1345053313,0.07099563267,NaN,NaN,0,0.9178883544,1.597377165,23.30194339,0,-3.235398372,-21.79231388,84.51835509
0.1345053313,0.07485934057,NaN,NaN,0,1.50644891,1.682023057,21.33702548,0,-3.426500743,-21.3903703,84.89075538
0.1345053313,0.07872304847,NaN,NaN,0,2.701849263,1.76115193,18.38203471,0,-6.522997736,-18.2601634,85.2716735
0.1345053313,0.08258675637,NaN,NaN,0,-3.896979691,1.821925241,25.91452768,0,3.366082095,-14.09391193,85.74972745
0.1345053313,0.08645046427,NaN,NaN,0,18.44819972,1.915094777,28.51828075,0,-5.49788478,-9.451100268,85.71406162
0.1345053313,0.09031417218,NaN,NaN,0,32.88130407,1.972318868,17.64464417,5.811601724,1.076324477,0.9005787595,84.61594917
0.1345053313,0.09417788008,0.2743250389,1.974433402,1,31.82230148,1.993399479,7.628238087,6.389644067,-5.026245931,33.63083939,82.09004223
0.1345053313,0.09804158798,0.2885971375,1.863150783,1,47.01876768,1.885369764,33.34578682,0,-68.25148296,36.35311961,81.19500997
0.1345053313,0.1019052959,0.1922880291,1.962813946,1,117.0939898,1.972210251,92.51458491,0,-119.7627418,-69.77471439,84.40484468
0.1345053313,0.1057690038,0.278285859,2.49018923,1,271.7888223,2.505690608,208.1231183,0,-244.9026042,-55.54469148,83.62348766
0.1345053313,0.1096327117,0.2961685225,2.981549346,1,253.6654168,2.996223005,145.0785758,0,-259.3604014,52.78313149,84.32720385
0.1345053313,0.1134964196,0.2562821024,2.846791868,1,78.83343395,2.858304472,-127.8248377,0,-121.4416829,61.88088953,84.85582126
0.1345053313,0.1173601275,NaN,NaN,0,-37.21145967,2.252426185,-112.594721,0,-3.492432699,97.78077681,86.65199594
0.1345053313,0.1212238354,NaN,NaN,0,-47.57617495,2.036370994,-56.79849555,0,30.73818232,54.29656624,87.21301728
0.1383690392,0.01690372206,NaN,NaN,0,-1.85986071,0.5109655721,5.617619835,0,5.617619835,-1.85986071,85.75263508
0.1383690392,0.02076742997,NaN,NaN,0,-1.04062881,0.5259451407,7.111494615,0,6.328788061,-4.050694364,85.08050709
0.1383690392,0.02463113787,NaN,NaN,0,0.332769552,0.555753462,10.17292767,0,7.454768943,-8.234969437,83.98099821
0.1383690392,0.02849484577,NaN,NaN,0,1.212958528,0.5998616242,13.036225,0,7.918860253,-12.28562267,82.79912672
0.1383690392,0.03235855367,NaN,NaN,0,1.629172485,0.6572191943,15.76240812,0,7.768199555,-15.98190394,81.81589258
0.1383690392,0.03622226157,NaN,NaN,0,1.697690092,0.7263897689,18.35303885,0,7.168386091,-19.19613475,81.17022528
0.1383690392,0.04008596947,NaN,NaN,0,1.54993431,0.8058062102,20.74211905,0,6.305548603,-21.9202097,80.87341214
0.1383690392,0.04394967737,NaN,NaN,0,1.255646119,0.8939422513,22.81405729,0,5.294953879,-24.24573248,80.86965435
0.1383690392,0.04781338527,NaN,NaN,0,0.904016569,0.9893516503,24.45099083,0,4.054415187,-26.20365213,81.09644816
0.1383690392,0.05167709317,NaN,NaN,0,0.5493188461,1.090284872,25.56759052,0,2.498225084,-27.63670487,81.50769242
0.1383690392,0.05554080107,NaN,NaN,0,0.1035263903,1.194433433,26.29480606,0,0.91261901,-28.28848876,82.06464428
0.1383690392,0.05940450897,NaN,NaN,0,-0.01840976046,1.29973219,26.65349809,0,-0.6458488887,-28.02062348,82.7095232
0.1383690392,0.06326821687,NaN,NaN,0,0.7399914376,1.403659289,26.01233161,0,-2.456547454,-26.74980095,83.35893637
0.1383690392,0.06713192477,NaN,NaN,0,0.9774721744,1.501450611,24.42844017,0,-3.177508961,-24.65793237,83.94784877
0.1383690392,0.07099563267,NaN,NaN,0,0.601377403,1.591349032,23.0259517,0,-2.595444177,-22.38451948,84.45270295
0.1383690392,0.07485934057,NaN,NaN,0,1.028949897,1.675317439,21.23408901,0,-2.493603414,-20.81669472,84.84256198
0.1383690392,0.07872304847,NaN,NaN,0,2.035101862,1.752642939,19.78335655,0,-2.514943808,-18.2311277,85.15028992
0.1383690392,0.08258675637,NaN,NaN,0,2.312128595,1.821495178,21.22523912,0,1.534147557,-14.12523178,85.31595886
0.1383690392,0.08645046427,NaN,NaN,0,13.20777554,1.889997034,19.16753259,0,-0.658207546,-8.860956241,85.05144518
0.1383690392,0.09031417218,NaN,NaN,0,20.75593915,1.933790055,8.532064017,0,0.0961737471,-2.233550566,84.14605913
0.1383690392,0.09417788008,NaN,NaN,0,20.93601344,1.939902956,-14.19008272,0,-4.886871297,-1.714372231,82.78613749
0.1383690392,0.09804158798,NaN,NaN,0,-2.947379114,1.89333522,-18.69272905,0,3.446637113,3.497415701,82.13014093
0.1383690392,0.1019052959,NaN,NaN,0,35.43492789,1.85513094,-11.76394967,0,-28.75358075,39.32344128,82.39451539
0.1383690392,0.1057690038,0.285056785,1.678116332,1,202.221794,1.702155044,19.134523,0,-218.1375702,-15.62963796,80.35935457
0.1383690392,0.1096327117,0.1840350316,1.973129685,1,219.0615882,1.981693631,17.71233333,0,-302.934218,-75.75683035,84.67140324
0.1383690392,0.1134964196,-0.03900255737,2.039253878,1,192.5430015,2.039626824,-57.16946707,0,-225.4689239,-95.68093847,91.09569952
0.1383690392,0.1173601275,NaN,NaN,0,47.91112831,2.122687346,-14.33298288,0,-17.65028072,-24.34686102,88.46615602
0.1383690392,0.1212238354,NaN,NaN,0,-5.922950373,2.07940488,-16.84387601,0,16.84387601,5.922950373,87.85259088
