PIVlab, ASCII chart output - 19-Sep-2021
FRAME: 232, filenames: A: 72_12_75_60 232.jpg & B: 72_12_75_60 233.jpg, conversion factor xy (px -> m): 0.00024148, conversion factor uv (px/frame -> m/s): 1
x [m],y [m],u [m/s],v [m/s],Vector type [-],vorticity [1/s],magnitude [m/s],divergence [1/s],dcev [1],simple shear [1/s],simple strain [1/s],vector direction [degrees]
0.03791263377,0.01690372206,NaN,NaN,0,-0.7602101464,0.2178750082,-1.431920491,0,1.431920491,0.7602101464,-40.69870736
0.03791263377,0.02076742997,NaN,NaN,0,-0.6776720003,0.2216329143,-2.039264927,0,1.698531163,1.340967292,-41.30998046
0.03791263377,0.02463113787,NaN,NaN,0,-0.4826521532,0.2294987824,-3.326866028,0,2.219756978,2.592672338,-42.52889709
0.03791263377,0.02849484577,NaN,NaN,0,-0.3071234844,0.242108424,-4.795244268,0,2.795533668,4.02682724,-44.32852261
0.03791263377,0.03235855367,NaN,NaN,0,-0.1225818084,0.2602916831,-6.474140999,0,3.401596809,5.661348394,-46.63108848
0.03791263377,0.03622226157,NaN,NaN,0,0.08151253758,0.285006532,-8.386342808,0,4.049464285,7.495211768,-49.29790684
0.03791263377,0.04008596947,NaN,NaN,0,0.2954984032,0.317331053,-10.56609763,0,4.790600758,9.546983996,-52.15269121
0.03791263377,0.04394967737,NaN,NaN,0,0.4960570382,0.3585249879,-13.07761963,0,5.696733144,11.88335122,-55.02537461
0.03791263377,0.04781338527,NaN,NaN,0,0.7266043996,0.410149569,-15.99602564,0,6.768273819,14.58611798,-57.78851473
0.03791263377,0.05167709317,NaN,NaN,0,1.103129582,0.4739924227,-19.31058921,0,7.905267929,17.69345829,-60.35206517
0.03791263377,0.05554080107,NaN,NaN,0,1.568250879,0.5516555568,-22.95776104,0,9.116782007,21.2216212,-62.65115878
0.03791263377,0.05940450897,NaN,NaN,0,1.736630888,0.6445948311,-26.98362195,0,10.60594215,25.40468148,-64.67240956
0.03791263377,0.06326821687,NaN,NaN,0,0.9933172532,0.7550519192,-31.77211819,0,12.59815519,30.85325985,-66.4961766
0.03791263377,0.06713192477,NaN,NaN,0,-1.326903983,0.887538649,-38.88731888,0,15.77559999,38.0917301,-68.29289846
0.03791263377,0.07099563267,NaN,NaN,0,-4.570399902,1.05222627,-51.72559397,0,21.78778704,46.98380047,-70.16995752
0.03791263377,0.07485934057,NaN,NaN,0,-6.224994152,1.268959374,-74.01688719,0,33.86373818,57.9159669,-71.8736849
0.03791263377,0.07872304847,NaN,NaN,0,-7.663033884,1.569649203,-110.9006674,0,61.07882948,75.44748455,-72.81611963
0.03791263377,0.08258675637,NaN,NaN,0,-7.303945298,2.017623754,-171.3756441,0,110.1091586,108.0499915,-72.66483654
0.03791263377,0.08645046427,NaN,NaN,0,47.77522772,2.719100435,-253.2761218,0,146.2773175,134.1071106,-71.54083262
0.03791263377,0.09031417218,NaN,NaN,0,217.2824237,3.67967451,-215.6092822,0,70.37390128,147.5707338,-68.46100368
0.03791263377,0.09417788008,NaN,NaN,0,208.417269,4.444087972,202.4277972,0,-145.5424218,315.1737066,-63.65227308
0.03791263377,0.09804158798,NaN,NaN,0,-127.6080402,4.174582007,-57.64075518,0,-8.369721099,-62.2555316,-67.55463225
0.03791263377,0.1019052959,NaN,NaN,0,1031.20856,4.220399001,-669.2213181,0,-166.1735291,-1212.907979,-69.94905764
0.03791263377,0.1057690038,4.93610781,-1.757685948,1,666.6703658,5.239715661,-598.0660253,0,-539.0106864,-1523.054341,-19.60017533
0.03791263377,0.1096327117,1.940226721,-0.3907081696,2,342.6257178,1.979174728,7.107203359,0,-1168.84588,-1456.227521,-11.38552252
0.03791263377,0.1134964196,1.743834442,3.896211986,1,983.8936274,4.268656276,-104.1312227,0,-1243.734421,-640.2118727,65.88805881
0.03791263377,0.1173601275,NaN,NaN,0,244.5974859,1.923763849,-519.0941357,0,-524.6641387,243.1842748,60.87670415
0.03791263377,0.1212238354,NaN,NaN,0,117.7679379,1.158568834,-259.8796603,0,-259.8796603,117.7679379,55.16820999
0.04177634167,0.01690372206,NaN,NaN,0,-1.275518319,0.2141427698,-1.501164993,0,1.920641375,0.50689312,-40.06605268
0.04177634167,0.02076742997,NaN,NaN,0,-1.251810267,0.2176043148,-2.083942521,0,2.241427756,1.041150452,-40.63654001
0.04177634167,0.02463113787,NaN,NaN,0,-1.157273771,0.2249431244,-3.329219133,0,2.859318899,2.227092239,-41.79313003
0.04177634167,0.02849484577,NaN,NaN,0,-1.097119141,0.2368804649,-4.779368094,0,3.546229867,3.631818671,-43.54230617
0.04177634167,0.03235855367,NaN,NaN,0,-1.028742049,0.2542887918,-6.452524787,0,4.246400044,5.250317309,-45.83485907
0.04177634167,0.03622226157,NaN,NaN,0,-0.941211288,0.2780971073,-8.353983594,0,4.969027596,7.042109114,-48.53686643
0.04177634167,0.04008596947,NaN,NaN,0,-0.8594557412,0.3092888947,-10.50090191,0,5.793986218,8.995817541,-51.45364538
0.04177634167,0.04394967737,NaN,NaN,0,-0.8679556051,0.3489914107,-12.97942385,0,6.865348773,11.20826348,-54.39024077
0.04177634167,0.04781338527,NaN,NaN,0,-0.9096596794,0.398841727,-15.950241,0,8.193106643,13.8311715,-57.22580807
0.04177634167,0.05167709317,NaN,NaN,0,-0.6824820836,0.4610422148,-19.3602101,0,9.52776351,16.89040655,-59.88164939
0.04177634167,0.05554080107,NaN,NaN,0,-0.1657374527,0.5371749068,-22.94405484,0,10.86986556,20.20174095,-62.25434436
0.04177634167,0.05940450897,NaN,NaN,0,0.07731008021,0.6278193788,-26.49000106,0,12.6739037,23.87014897,-64.25508309
0.04177634167,0.06326821687,NaN,NaN,0,-1.021519469,0.7338215943,-29.80933145,0,15.00466775,28.69945023,-65.92517489
0.04177634167,0.06713192477,NaN,NaN,0,-5.618759528,0.8563415941,-34.38051026,0,18.15598795,35.22186422,-67.57080579
0.04177634167,0.07099563267,NaN,NaN,0,-13.86756391,1.001255424,-45.31125473,0,23.4322853,41.90502553,-69.67459547
0.04177634167,0.07485934057,NaN,NaN,0,-20.19437816,1.185692744,-65.44791422,0,32.47742752,45.29310165,-72.13784982
0.04177634167,0.07872304847,NaN,NaN,0,-31.65015542,1.422784406,-98.3028184,0,61.45358487,49.38314775,-73.87121574
0.04177634167,0.08258675637,NaN,NaN,0,-74.48174203,1.765335876,-172.7742784,0,135.4290411,91.77124398,-74.26169264
0.04177634167,0.08645046427,NaN,NaN,0,-34.65341815,2.470770785,-375.8922365,0,226.3495154,143.651809,-75.21006625
0.04177634167,0.09031417218,NaN,NaN,0,422.792044,3.90198212,-479.3617617,0,183.2495385,110.0491446,-71.78810883
0.04177634167,0.09417788008,2.97229587,-4.666221407,1,61.18409542,5.532464637,-221.4445127,0,-24.23811741,-241.772024,-57.50362494
0.04177634167,0.09804158798,1.362243012,-3.627981379,1,-491.6687439,3.875300622,-453.0729167,0,-844.174418,-35.97649406,-69.41972873
0.04177634167,0.1019052959,-2.189011909,-6.27776015,1,-51.93628319,6.6484619,-207.4019731,0,-83.64072554,-88.62894883,-109.2233131
0.04177634167,0.1057690038,0.8384130524,-4.086885651,1,556.8596188,4.171998415,-360.095959,102.2953981,-212.6954493,-1128.03952,-78.4067815
0.04177634167,0.1096327117,-0.8592620878,-3.310650547,1,554.3003886,3.420341851,-0.2829862502,0,-692.1319156,-952.6442121,-104.5497831
0.04177634167,0.1134964196,0.3058722927,-0.4072400589,1,872.2013393,0.5093155456,188.449562,181.9588584,-545.4369046,-718.7360748,-53.09030153
0.04177634167,0.1173601275,NaN,NaN,0,320.7826359,0.4476935699,-41.91771441,29.58097919,-299.7336022,-204.629529,25.74309706
0.04177634167,0.1212238354,NaN,NaN,0,181.1754001,0.446043906,-66.15104306,0,-189.488984,-80.11747122,29.76428108
0.04564004958,0.01690372206,NaN,NaN,0,-2.212252894,0.2070235532,-1.601071179,0,2.786922847,-0.003097198338,-38.80051264
0.04564004958,0.02076742997,NaN,NaN,0,-2.329547002,0.2098301009,-2.142709967,0,3.242551143,0.4170892767,-39.26749881
0.04564004958,0.02463113787,NaN,NaN,0,-2.473115807,0.2160400464,-3.310248311,0,4.105463277,1.459179071,-40.25863653
0.04564004958,0.02849484577,NaN,NaN,0,-2.671001546,0.2266096112,-4.732588445,0,5.059331145,2.83093364,-41.86625743
0.04564004958,0.03235855367,NaN,NaN,0,-2.835100614,0.2425182581,-6.405804613,0,5.949790558,4.462794904,-44.12144996
0.04564004958,0.03622226157,NaN,NaN,0,-2.950147836,0.2646200855,-8.298947632,0,6.778247773,6.204307077,-46.90488262
0.04564004958,0.04008596947,NaN,NaN,0,-3.047930064,0.2936765282,-10.35888096,0,7.674743334,7.93113517,-49.97081486
0.04564004958,0.04394967737,NaN,NaN,0,-3.498933064,0.3303200619,-12.68749995,0,9.077738114,9.824146541,-53.02680133
0.04564004958,0.04781338527,NaN,NaN,0,-4.325222783,0.3762137867,-15.81778132,0,11.12145783,12.28742108,-55.98805915
0.04564004958,0.05167709317,NaN,NaN,0,-4.458195371,0.4351319566,-19.64023808,0,12.84334849,15.43097273,-58.87436765
0.04564004958,0.05554080107,NaN,NaN,0,-3.513161468,0.5090171756,-23.40228211,0,14.04814582,18.3907521,-61.5055261
0.04564004958,0.05940450897,NaN,NaN,0,-2.457461461,0.5963874961,-26.61773111,0,16.43246716,20.77998812,-63.55107382
0.04564004958,0.06326821687,NaN,NaN,0,-2.439155164,0.6968678969,-26.82441089,0,19.49183365,24.62281328,-64.78888834
0.04564004958,0.06713192477,NaN,NaN,0,-10.53467674,0.8042476335,-23.71303317,0,22.68702477,31.99235383,-65.65637213
0.04564004958,0.07099563267,NaN,NaN,0,-31.67626479,0.9129219481,-30.87644884,0,27.8974854,38.9358874,-67.87805573
0.04564004958,0.07485934057,NaN,NaN,0,-39.05698225,1.051377729,-48.18592664,0,21.18228483,27.94303636,-72.45645306
0.04564004958,0.07872304847,NaN,NaN,0,-41.44693343,1.172496128,-52.95170932,0,34.01450719,-23.84253488,-76.4491904
0.04564004958,0.08258675637,0.2882006675,-1.114945529,1,145.32049,1.151591576,-119.1364594,0,-225.8360336,-7.610017182,-75.50692918
0.04564004958,0.08645046427,-0.0363638299,-1.570762386,1,-107.424973,1.571183249,-261.1646074,0,13.16793538,575.6719136,-91.32618524
0.04564004958,0.09031417218,-0.07598099333,-4.348237407,1,-223.3517388,4.348901201,-407.933413,0,280.0319546,301.6717495,-91.00108316
0.04564004958,0.09417788008,0.1826319674,-4.312469458,1,-121.8784296,4.316334934,-462.3544443,0,65.01648316,-236.6453662,-87.5749876
0.04564004958,0.09804158798,-0.2956789449,-5.220311355,1,62.20687899,5.228678292,-46.26429929,7.71220551,-30.9990254,-104.5968462,-93.24177486
0.04564004958,0.1019052959,0.3032099979,-4.087089536,1,-330.4037206,4.098321264,394.2048104,0,196.3526833,267.5675431,-85.75715524
0.04564004958,0.1057690038,-0.8136129971,-4.731021944,1,-161.3109828,4.800472346,-282.3306813,0,-367.9256142,7.408865096,-99.75793707
0.04564004958,0.1096327117,-1.741605623,-5.206558511,1,-99.37051826,5.490122191,370.6544127,0,230.9993222,-444.5971354,-108.4952051
0.04564004958,0.1134964196,-0.3050377473,-1.581128097,1,235.7687806,1.610283853,457.4857263,0,210.7703809,-704.5109898,-100.9195823
0.04564004958,0.1173601275,NaN,NaN,0,206.541429,0.7171280867,56.50821662,47.33183736,-102.5900832,-228.1872327,-91.30311781
0.04564004958,0.1212238354,NaN,NaN,0,180.5494255,0.4907494016,0.4268357713,0,-122.1036896,-121.629274,-78.64767621
0.04950375748,0.01690372206,NaN,NaN,0,-2.913525477,0.1972621366,-1.477412936,0,3.315743906,-0.6151996329,-36.9297205
0.04950375748,0.02076742997,NaN,NaN,0,-3.237341554,0.1988859436,-1.975071352,0,3.980058181,-0.4293817223,-37.17880609
0.04950375748,0.02463113787,NaN,NaN,0,-3.734640907,0.2031671833,-3.036475699,0,5.260651921,0.3616011268,-37.78982201
0.04950375748,0.02849484577,NaN,NaN,0,-4.278670622,0.2116301091,-4.43493276,0,6.635840879,1.769941916,-39.04658944
0.04950375748,0.03235855367,NaN,NaN,0,-4.690511027,0.2254512965,-6.139157589,0,7.715183271,3.565621589,-41.18835199
0.04950375748,0.03622226157,NaN,NaN,0,-4.976349378,0.2452941487,-8.07712136,0,8.519429602,5.381189122,-44.13576661
0.04950375748,0.04008596947,NaN,NaN,0,-4.883183613,0.2716709814,-9.948174359,0,9.049001232,6.700269519,-47.55310475
0.04950375748,0.04394967737,NaN,NaN,0,-5.754623806,0.3036578196,-11.59391368,0,10.64940252,7.869766436,-50.74630467
0.04950375748,0.04781338527,NaN,NaN,0,-8.434103019,0.341912647,-14.99314627,0,14.37163805,10.06339355,-53.73165413
0.04950375748,0.05167709317,NaN,NaN,0,-9.311915147,0.3955382326,-19.98067877,0,16.67602681,14.1553112,-57.05932218
0.04950375748,0.05554080107,NaN,NaN,0,-6.97125159,0.4683331239,-24.40710442,0,16.04690205,17.15030661,-60.48607801
0.04950375748,0.05940450897,NaN,NaN,0,-3.954839291,0.5523990519,-29.75423038,0,19.51598547,16.23623813,-63.0740438
0.04950375748,0.06326821687,NaN,NaN,0,4.257037016,0.6535371846,-27.15754784,0,23.84317492,17.01946095,-63.5749991
0.04950375748,0.06713192477,NaN,NaN,0,-2.40452748,0.7539998889,-2.770762676,0,25.20279208,29.18885043,-61.59152869
0.04950375748,0.07099563267,0.3789268603,-0.7087366995,1,-29.59678873,0.8036748563,-6.09100368,7.494871778,10.63929918,54.10771101,-61.86876276
0.04950375748,0.07485934057,0.2854724584,-0.8957921456,1,-40.00385905,0.9401798193,70.06876552,0,-32.56677434,164.922091,-72.32387759
0.04950375748,0.07872304847,0.09853513073,-1.075222242,1,-54.69113222,1.079727763,53.88267967,0,-22.00902467,632.9644365,-84.76394585
0.04950375748,0.08258675637,-0.01087454371,-3.133194905,1,814.5330988,3.133213776,-528.2669897,139.9847252,-362.2842493,-308.8529351,-90.19885867
0.04950375748,0.08645046427,1.845892584,-1.922974059,1,62.09508226,2.665548473,540.8035295,0,150.0858281,185.807358,-46.17165928
0.04950375748,0.09031417218,0.808930516,-1.761593392,1,-563.0915198,1.938447796,-16.36882243,150.493917,155.6259856,506.7400795,-65.33522927
0.04950375748,0.09417788008,0.2715647796,-3.944114056,1,-112.8874054,3.953452051,-143.0144047,0,105.2339015,433.2476818,-86.06122002
0.04950375748,0.09804158798,0.7793596125,-3.988101768,1,-150.6162659,4.063539974,182.1549366,0,175.545268,259.389868,-78.94254418
0.04950375748,0.1019052959,0.367883162,-4.242527271,1,-131.4095116,4.258447565,-23.6023775,4.562557295,-128.2281678,208.5793737,-85.04409563
0.04950375748,0.1057690038,-0.2238045408,-4.885184235,1,-530.7533017,4.890308117,430.343119,77.2671941,139.2023949,-141.2138786,-92.62305272
0.04950375748,0.1096327117,-1.14495517,-2.034197984,2,-1046.933765,2.334284426,537.9694902,0,936.9987912,-596.0079674,-119.373131
0.04950375748,0.1134964196,-0.6485611693,-0.5038265733,2,-426.5584034,0.8212629337,58.89384144,0,655.5865448,-208.7904426,-142.1586028
0.04950375748,0.1173601275,NaN,NaN,0,217.6150774,1.033207636,-93.44200994,51.01454462,-70.74321853,21.50089093,-104.5780731
0.04950375748,0.1212238354,NaN,NaN,0,160.4015104,0.9513945329,-9.368281082,0,-67.76193869,-36.29150339,-94.88948371
0.05336746538,0.01690372206,NaN,NaN,0,-3.260121865,0.1861452942,-0.945464765,0,3.211110807,-1.32375149,-34.5826783
0.05336746538,0.02076742997,NaN,NaN,0,-3.871098224,0.1856533549,-1.459240133,0,4.201840362,-1.665464334,-34.41357817
0.05336746538,0.02463113787,NaN,NaN,0,-4.949435645,0.1867502469,-2.425650373,0,6.321245346,-1.353334757,-34.15887705
0.05336746538,0.02849484577,NaN,NaN,0,-6.018529007,0.1923679679,-3.831509309,0,8.508197179,0.3216113066,-34.53940861
0.05336746538,0.03235855367,NaN,NaN,0,-6.671923493,0.2038722444,-5.638771623,0,9.755672044,2.648560415,-36.37316402
0.05336746538,0.03622226157,NaN,NaN,0,-7.381555036,0.2212087837,-7.92220586,0,10.53528613,5.054558303,-39.62806732
0.05336746538,0.04008596947,NaN,NaN,0,-5.753831204,0.2456635898,-9.762781434,0,9.35242947,5.618987349,-44.12688405
0.05336746538,0.04394967737,NaN,NaN,0,-6.202275526,0.2723347909,-8.746834132,0,10.09923269,4.891256136,-47.4165006
0.05336746538,0.04781338527,NaN,NaN,0,-14.34465034,0.2944313109,-12.5802113,0,19.03966505,5.941075474,-49.45491552
0.05336746538,0.05167709317,NaN,NaN,0,-17.38411061,0.3391171321,-20.88222632,0,23.44221864,13.97657191,-53.35174223
0.05336746538,0.05554080107,NaN,NaN,0,-11.10509045,0.4178575874,-24.49122641,0,13.94745012,19.818925,-59.06586034
0.05336746538,0.05940450897,0.2134013492,-0.4432802493,1,13.1233204,0.4919730838,-14.17846652,0,-2.029603787,36.65126845,-64.29318179
0.05336746538,0.06326821687,0.2576635922,-0.5548122546,1,1.026793106,0.6117247458,87.10460968,0,55.96196538,134.4153391,-65.08909859
0.05336746538,0.06713192477,0.4335892656,-0.6260750882,1,15.96903313,0.7615573959,136.4767601,0,54.33810913,171.5321971,-55.29540291
0.05336746538,0.07099563267,0.5293098532,-0.6902562235,1,123.733206,0.8698405456,68.90794292,17.57601763,81.06078332,158.890514,-52.51789174
0.05336746538,0.07485934057,1.22485342,-0.973741459,1,370.384986,1.564748648,8.13832076,75.85502081,250.5707255,91.82126413,-38.4842119
0.05336746538,0.07872304847,2.928501341,-1.013582673,1,-579.7093855,3.098946586,-341.0937129,0,-499.833822,872.2698943,-19.09123239
0.05336746538,0.08258675637,-2.9461862,-5.661824014,1,-325.6553538,6.382496713,253.8838168,0,284.9035815,310.1016207,-117.4906611
0.05336746538,0.08645046427,2.771048397,-1.230791846,1,529.0824055,3.032088024,692.7440784,0,704.1517388,-365.9542539,-23.94892995
0.05336746538,0.09031417218,1.818670307,-1.571322903,1,-171.4610336,2.403459455,56.87546355,0,-208.2363611,636.3500649,-40.82686685
0.05336746538,0.09417788008,1.304008573,-3.469712441,1,-154.1171593,3.706661947,-17.20375614,40.42456432,48.42876046,601.0612933,-69.40246834
0.05336746538,0.09804158798,1.410321205,-3.960118459,1,-134.7090044,4.203753574,221.5358458,0,60.66057707,378.1432621,-70.39760597
0.05336746538,0.1019052959,1.01790708,-4.074797753,1,-268.7269551,4.20001328,559.5544029,0,-17.73964644,89.12297273,-75.974243
0.05336746538,0.1057690038,0.3034979333,-2.142508826,2,-750.5885682,2.163898118,1183.205156,0,-21.66350231,-507.8065107,-81.93738697
0.05336746538,0.1096327117,-1.965849346,2.458777383,1,-378.2560393,3.148039052,911.973928,0,70.85900164,-315.4668717,128.6431436
0.05336746538,0.1134964196,-0.8841944296,2.599963889,1,164.2054366,2.746199558,-389.3192016,0,268.4310831,720.9749349,108.7821163
0.05336746538,0.1173601275,-0.2942682072,-1.831074844,1,146.2931762,1.854569725,-467.6443911,0,61.89498619,557.9685569,-99.12982025
0.05336746538,0.1212238354,NaN,NaN,0,102.2436706,1.365040451,149.3050037,0,8.764734377,-93.1407998,-93.35209131
0.05723117328,0.01690372206,NaN,NaN,0,-3.210124021,0.1758479931,0.3754333983,0,1.901366026,-1.965765127,-32.12833634
0.05723117328,0.02076742997,NaN,NaN,0,-4.049746597,0.1713195544,-0.3962023598,0.6505536935,3.282694348,-3.649961049,-31.29702471
0.05723117328,0.02463113787,NaN,NaN,0,-6.173474443,0.1668990491,-1.375376353,0,7.314291922,-4.431087126,-29.0130309
0.05723117328,0.02849484577,NaN,NaN,0,-8.174086267,0.169405658,-2.826682477,0,11.32003045,-1.778722347,-27.10680943
0.05723117328,0.03235855367,NaN,NaN,0,-8.597098904,0.179507965,-4.662213734,0,12.26402159,1.652450461,-28.26153141
0.05723117328,0.03622226157,NaN,NaN,0,-12.12411607,0.1937364491,-8.210149021,0,14.51361342,6.569496324,-31.6252315
0.05723117328,0.04008596947,NaN,NaN,0,-4.548310641,0.2195358645,-12.43391139,0,7.726197822,5.82986544,-40.33667763
0.05723117328,0.04394967737,NaN,NaN,0,1.044003245,0.2470879035,-1.05043011,0,1.355433727,0.135195284,-44.16529126
0.05723117328,0.04781338527,0.1766128439,-0.146681616,1,-16.78913502,0.2295813431,5.047247514,0,19.67659364,5.578966299,-39.71052403
0.05723117328,0.05167709317,0.1884005558,-0.17420813,1,-24.09129339,0.2565993804,-13.68141235,0,33.42223948,28.78635244,-42.75859962
0.05723117328,0.05554080107,0.212664894,-0.3107646544,1,8.766287158,0.376564772,-4.514071138,0,29.68781965,93.02259333,-55.61507859
0.05723117328,0.05940450897,0.3369759921,-0.5510613111,1,107.9103824,0.6459267666,98.756023,0,133.843014,114.8638598,-58.55406274
0.05723117328,0.06326821687,1.146729401,-0.3730006307,1,128.709474,1.205868065,108.2341536,0,184.9268933,98.8891622,-18.01833131
0.05723117328,0.06713192477,1.548775302,-0.514954994,1,-6.450680455,1.632140798,58.61701335,0,35.52745323,188.1842214,-18.39154006
0.05723117328,0.07099563267,1.259073558,-0.8736104762,1,-114.1046088,1.532469082,40.50713861,0,-112.9022532,258.8891898,-34.75491728
0.05723117328,0.07485934057,0.6716870963,-1.35871945,1,82.66782824,1.515678759,79.51111415,0,148.1392629,51.81645333,-63.69437043
0.05723117328,0.07872304847,2.15084474,-0.7666063964,1,130.2565003,2.283378738,9.923394735,0,257.0691955,-141.3680442,-19.61713883
0.05723117328,0.08258675637,2.168200447,-0.7741735225,1,-515.4291054,2.302267974,762.5166897,0,763.2915979,886.7369746,-19.64951684
0.05723117328,0.08645046427,3.10851301,-1.246557293,1,170.7629422,3.349142908,30.30870273,0,170.658059,322.646794,-21.85147727
0.05723117328,0.09031417218,3.487351467,-1.903682515,1,-53.85949517,3.973113058,39.54925868,0,-96.53832642,535.1815741,-28.62933331
0.05723117328,0.09417788008,2.527419759,-3.161535785,1,-212.3871385,4.047611538,135.4936416,33.37189698,111.187214,479.6108192,-51.36018618
0.05723117328,0.09804158798,3.096344519,-3.233250773,1,-178.1258854,4.47674658,306.4008011,0,267.8747259,335.1943436,-46.23908832
0.05723117328,0.1019052959,2.874183063,-3.272785623,1,-288.2833228,4.35569214,579.4196954,0,104.3651808,278.0459623,-48.71017246
0.05723117328,0.1057690038,2.385738541,-2.068830699,2,-167.6936212,3.157817101,1019.207268,0,-276.0276049,249.5225384,-40.93070832
0.05723117328,0.1096327117,1.159773856,-0.2989486522,2,283.4726096,1.19768347,973.145181,0,-737.1504958,463.8671429,-14.45418233
0.05723117328,0.1134964196,0.6328597077,-0.1011291196,2,376.402232,0.6408888425,261.9296827,0,-653.5569811,527.7586296,-9.078939095
0.05723117328,0.1173601275,0.08892886256,-1.326034055,1,-133.0429972,1.329012662,-80.02883295,29.54443465,4.423326587,232.6186506,-86.16327324
0.05723117328,0.1212238354,NaN,NaN,0,-3.902591335,1.31614386,66.29498014,0,28.2222392,57.53325014,-84.07281677
0.06109488118,0.01690372206,NaN,NaN,0,-3.245735472,0.1703562683,3.1822865,0,-1.714938948,-1.637902021,-30.28300418
0.06109488118,0.02076742997,NaN,NaN,0,-3.271479198,0.157417636,1.45967328,0.7964688697,-0.6139104154,-7.12282724,-29.11505665
0.06109488118,0.02463113787,NaN,NaN,0,-7.520629263,0.1422394396,0.1470297987,0,8.333197548,-10.94233035,-21.76633006
0.06109488118,0.02849484577,NaN,NaN,0,-11.90724271,0.1446582161,-1.437630514,0,17.19361109,-4.65786403,-13.49106766
0.06109488118,0.03235855367,NaN,NaN,0,-7.418269787,0.1577584555,-1.973251815,0,13.46677047,-0.8295325478,-14.80178969
0.06109488118,0.03622226157,0.1640362009,-0.03816685773,1,-20.34597289,0.1684178857,-6.488569776,0,19.90542131,15.07480642,-13.09815706
0.06109488118,0.04008596947,0.1508211431,-0.1236180795,1,-15.90126468,0.1950088377,6.532310736,0,20.22528081,48.24037852,-39.33919832
0.06109488118,0.04394967737,0.1807429362,-0.1993146487,1,-4.369852324,0.2690619598,43.06637557,0,25.49706925,32.51324564,-47.79756292
0.06109488118,0.04781338527,0.2324505381,-0.08284386797,1,-14.23302251,0.2467718767,48.57275274,0,34.94821214,9.891937133,-19.61573848
0.06109488118,0.05167709317,0.260780378,-0.04986327588,1,18.07718024,0.2655047115,-0.1223233172,0,65.86323617,50.28067109,-10.82475007
0.06109488118,0.05554080107,0.5567717881,-0.2775863157,1,74.24931864,0.6221326118,-2.095176915,0,127.1079837,73.79587578,-26.49918753
0.06109488118,0.05940450897,1.038766178,-0.3430841358,1,4.668903732,1.09395699,30.06184265,0,125.0396065,45.59569083,-18.27737807
0.06109488118,0.06326821687,1.057927584,-0.3376045676,1,-3.052948706,1.110489809,-44.78866534,0,93.22305918,-13.52343806,-17.69886005
0.06109488118,0.06713192477,1.387157146,-0.4638838414,1,16.87042974,1.462666458,-85.33128085,0,145.7097251,4.739219807,-18.49062213
0.06109488118,0.07099563267,1.686089813,-0.6856106726,1,-67.5037229,1.820154073,24.12745114,0,156.8240449,90.61672125,-22.12801654
0.06109488118,0.07485934057,1.73226478,-0.7207789596,1,-76.28479261,1.876236546,207.9670729,0,266.3995261,166.0396766,-22.59173186
0.06109488118,0.07872304847,2.420637611,-0.5236154604,1,136.5989468,2.476622618,45.60701098,0,301.7839424,45.72134947,-12.205768
0.06109488118,0.08258675637,3.426048213,-0.7212207302,1,182.8244651,3.501137772,11.3371521,0,260.8239089,194.4725345,-11.88781607
0.06109488118,0.08645046427,4.134765338,-1.231197084,1,20.81873655,4.314177866,-63.60172678,0,137.8925763,199.0994754,-16.58179998
0.06109488118,0.09031417218,4.039262366,-1.736221441,1,-156.7057093,4.396601569,-2.668828352,42.20953585,39.15727878,253.1265372,-23.25978684
0.06109488118,0.09417788008,3.680592538,-2.219515659,1,-255.1183784,4.298024104,193.0613969,0,216.2942914,322.6470038,-31.09132819
0.06109488118,0.09804158798,3.889257434,-2.236902374,1,-138.0408848,4.486653053,239.3623705,0,306.3536544,326.8956358,-29.9053156
0.06109488118,0.1019052959,4.330903916,-2.557718628,1,-27.46073347,5.029776666,328.5687676,0,368.1287937,412.4719325,-30.56498828
0.06109488118,0.1057690038,5.20549931,-2.561079695,1,-115.1856715,5.801409507,578.9225118,0,-77.51973279,301.1824542,-26.19695596
0.06109488118,0.1096327117,3.586346523,-1.484612173,2,-212.0495103,3.88148872,755.1024445,0,-574.3890215,449.2868743,-22.4877098
0.06109488118,0.1134964196,2.166930542,-1.37949766,2,-98.33522092,2.568774371,479.4654639,0,-753.4507656,431.6701713,-32.48138883
0.06109488118,0.1173601275,0.2952942768,-1.299945123,1,-161.5571567,1.333062652,313.670547,0,-296.1147629,277.1994513,-77.20192835
0.06109488118,0.1212238354,NaN,NaN,0,0.5490630881,1.30114879,97.24674318,0,52.93616714,65.48392614,-72.15999712
0.06495858908,0.01690372206,NaN,NaN,0,-6.273582808,0.177943997,8.240691084,0,-9.450252066,3.645948041,-29.49284822
0.06495858908,0.02076742997,NaN,NaN,0,0.4900259337,0.1473115577,4.110626309,0,-13.59676322,-13.46616267,-32.30544579
0.06495858908,0.02463113787,0.1042449031,-0.01969290559,1,0.5805575719,0.106088691,20.38965776,0,0.1279193232,-9.109338042,-10.69767914
0.06495858908,0.02849484577,0.1272467028,0.03524739159,1,3.553345972,0.1320382595,21.65888947,0,7.585114398,17.67563616,15.48275451
0.06495858908,0.03235855367,0.1472806604,-0.00430277831,1,-3.211097638,0.1473434995,25.04088686,0,21.55975152,20.20501066,-1.673410032
0.06495858908,0.03622226157,0.1981405417,0.05393180463,1,9.14245316,0.2053492484,15.12780445,0,50.82251781,14.66594456,15.22644381
0.06495858908,0.04008596947,0.3789677925,-0.002518286579,1,-3.030151948,0.3789761596,16.59312632,0,73.2014237,45.24137576,-0.3807317447
0.06495858908,0.04394967737,0.4692618388,-0.05675666308,1,-36.12367244,0.4726817028,28.84336138,0,42.21511004,16.97429762,-6.896358732
0.06495858908,0.04781338527,0.4025033281,0.04334030884,1,-38.22042141,0.4048299785,22.01651704,7.517194173,15.68660659,4.629101481,6.145752735
0.06495858908,0.05167709317,0.3821977604,0.01042323181,1,-12.49878669,0.3823398643,-18.30092428,0,35.06574176,20.48941005,1.562173464
0.06495858908,0.05554080107,0.4896954507,-0.1065342124,1,-9.535987597,0.5011498506,-64.74204922,0,73.48928011,-39.7900316,-12.27356376
0.06495858908,0.05940450897,0.6292946019,-0.08598407581,1,-20.28526885,0.6351416829,-63.54469367,0,132.0258629,-90.85419964,-7.780466072
0.06495858908,0.06326821687,0.9214284668,-0.001018258385,1,-28.21426943,0.9214290294,4.93301237,0,185.6010422,-12.88057164,-0.06331678072
0.06495858908,0.06713192477,1.237391119,-0.01715759052,1,-30.77604294,1.237510067,6.28365488,0,232.9090915,7.799103,-0.7944089084
0.06495858908,0.07099563267,1.702411523,-0.006873507261,1,-34.63125491,1.702425399,14.90809949,0,262.2232035,19.44512734,-0.2313311506
0.06495858908,0.07485934057,2.116739929,-0.03468734087,1,-33.82207427,2.117024123,72.2370575,0,241.2133535,103.685169,-0.9388306679
0.06495858908,0.07872304847,2.503710847,-0.128379824,1,15.51199463,2.507000077,-16.93569334,0,203.6166383,96.45774267,-2.935317294
0.06495858908,0.08258675637,2.963388959,-0.4728064554,1,50.5002165,3.000869885,-141.5391391,0,241.5316643,30.79230162,-9.065093149
0.06495858908,0.08645046427,3.632036732,-0.7942181732,1,63.68084557,3.717858703,-156.8917174,0,322.388178,17.58282945,-12.33472341
0.06495858908,0.09031417218,4.455046896,-1.146925141,1,11.19339216,4.600313046,-17.20230823,0,218.6194382,124.0911771,-14.43695661
0.06495858908,0.09417788008,4.519966381,-1.340134929,1,-46.83329663,4.714452005,89.9464717,0,261.4336694,185.5320982,-16.51468118
0.06495858908,0.09804158798,5.284200052,-1.516240081,1,-5.706531315,5.497431597,102.4612534,0,320.7876713,207.0779385,-16.0102199
0.06495858908,0.1019052959,5.737347871,-1.744343242,1,-133.9129746,5.996656897,65.47739017,0,263.8417923,170.8322575,-16.91100403
0.06495858908,0.1057690038,5.786207051,-1.923300514,1,-177.5446592,6.097481193,-2.910153166,0,197.1720517,-14.66584456,-18.3864974
0.06495858908,0.1096327117,5.813182382,-1.698922684,1,-219.3718278,6.056354324,-64.55626831,14.2834517,-203.2753892,118.947177,-16.29118491
0.06495858908,0.1134964196,4.15322166,-2.632304225,1,-429.7691683,4.917141008,86.00646446,0,-460.9049013,124.0535064,-32.36644751
0.06495858908,0.1173601275,2.371877943,-1.845925341,1,-339.022224,3.005535783,260.8495458,0,-538.0024124,-134.0056194,-37.89200845
0.06495858908,0.1212238354,NaN,NaN,0,-545.7765489,1.345169079,78.07246497,0,-286.1824611,-304.5786856,-55.35813779
0.06882229698,0.01690372206,0.1930368345,-0.09817953133,1,-119.2066087,0.2165697113,57.47590934,0,71.76158329,74.47596061,-26.95812378
0.06882229698,0.02076742997,0.1013799748,-0.1310211475,1,-16.31485134,0.1656636363,27.57785241,0,11.82314232,16.27132088,-52.26844157
0.06882229698,0.02463113787,0.1756821828,-0.05449439614,1,23.9418381,0.1839398504,33.78896941,0,25.56079217,4.581051681,-17.23323051
0.06882229698,0.02849484577,0.2926436785,-0.01817028504,1,19.85135549,0.2932072336,44.72529827,0,19.4005907,16.28157735,-3.55294153
0.06882229698,0.03235855367,0.3273402374,0.0554038331,1,-25.60237853,0.3319958068,67.96678567,0,22.11010258,31.46220872,9.606530201
0.06882229698,0.03622226157,0.2791505443,0.1228727374,1,-17.16481965,0.3049962885,56.86461487,0,33.31287263,26.96726457,23.75748973
0.06882229698,0.04008596947,0.3897315973,0.1709184616,1,-30.21288015,0.4255629665,21.47884962,0,50.56080628,26.52819957,23.68005955
0.06882229698,0.04394967737,0.3577689872,0.103363524,1,-47.16742056,0.3724012169,-13.79389687,8.523363265,33.10575393,-2.022479146,16.11460646
0.06882229698,0.04781338527,0.3354014249,0.125437142,1,-39.71285549,0.3580902015,-25.26151444,7.130139958,16.79887189,-33.16807601,20.50534856
0.06882229698,0.05167709317,0.2692360478,0.1339121685,1,-54.95833147,0.300700047,-97.1514779,0,7.721048535,-75.8667232,26.44475545
0.06882229698,0.05554080107,0.1528903616,0.04319906711,1,-17.4870271,0.1588761218,-115.8837299,0,62.25695041,-144.7392805,15.77760269
0.06882229698,0.05940450897,0.4422139541,0.2454015874,1,43.71516989,0.5057421481,-15.611395,0,182.5778619,-130.8675908,29.02758458
0.06882229698,0.06326821687,1.027220536,0.4885153412,1,42.23267947,1.137466162,32.39133681,0,216.4190822,-47.71743858,25.43436192
0.06882229698,0.06713192477,1.441568809,0.5549184958,1,-4.078865956,1.544686107,16.34335206,0,208.9598069,23.37470597,21.05374612
0.06882229698,0.07099563267,1.818820647,0.4613482436,1,24.04867174,1.876419662,-3.895117232,0,227.1111189,51.24385959,14.23303149
0.06882229698,0.07485934057,2.411976877,0.3418775954,1,23.5618883,2.436085537,3.282509377,0,211.7216677,70.10492785,8.06745813
0.06882229698,0.07872304847,2.727887581,0.2031659374,1,-4.416300558,2.735442752,-4.43221071,0,156.1301258,79.68610773,4.259376107
0.06882229698,0.08258675637,2.998154782,0.01686898384,1,15.22796724,2.998202238,-43.88236764,0,209.5894694,68.65032599,0.3223687401
0.06882229698,0.08645046427,3.596516487,-0.2316275201,1,89.57098218,3.603967557,-151.4830033,0,286.776037,94.82360057,-3.684947947
0.06882229698,0.09031417218,4.452249733,-0.9347877876,1,72.87782322,4.549324774,-129.9449337,0,224.3612041,76.29079826,-11.85750314
0.06882229698,0.09417788008,4.744961265,-1.028462147,1,-11.2638976,4.85514076,21.5796427,0,175.0901336,32.09709308,-12.2295885
0.06882229698,0.09804158798,5.085226456,-0.9754241437,1,-65.74851177,5.177932055,-38.33001102,0,194.892359,-40.28454648,-10.85831768
0.06882229698,0.1019052959,5.243935368,-1.020910393,1,-152.5716484,5.342388621,-98.57874267,0,166.1245191,-62.89808607,-11.01676658
0.06882229698,0.1057690038,5.137590789,-1.113283779,1,-369.9900167,5.25682793,-210.3412289,84.67663883,-4.634126579,-106.4229582,-12.22660447
0.06882229698,0.1096327117,3.796497106,-1.422420236,1,-403.9017615,4.054216275,-308.6290071,58.28790899,-154.9008017,-208.5921334,-20.53929042
0.06882229698,0.1134964196,2.978540911,-1.499797038,1,-629.6123255,3.334830897,-297.6446321,148.6354796,-149.7206434,-130.3632978,-26.72681514
0.06882229698,0.1173601275,0.7853821573,-2.068746449,1,-492.9545299,2.212812013,-588.6189815,0,-401.2835812,-915.8198981,-69.21115618
0.06882229698,0.1212238354,-0.4765339439,-0.2355882716,1,-440.7149978,0.5315885942,251.3144906,0,-212.500066,-697.596879,-153.6931853
0.07268600488,0.01690372206,0.6647089899,0.650240828,1,-244.991878,0.9298662139,-118.7155451,0,53.06264978,202.3501084,44.36961004
0.07268600488,0.02076742997,0.2939297522,0.02998887687,1,-101.6016401,0.2954556345,-48.12470202,24.85550618,-5.086946084,123.6477469,5.825579026
0.07268600488,0.02463113787,0.2524954567,-0.01343773997,1,-8.314009026,0.2528527803,4.130754255,0,26.18018826,3.220516906,-3.046391932
0.07268600488,0.02849484577,0.3629594501,0.03350576811,1,23.41321394,0.3645026734,23.95551117,0,48.78421973,-26.12126918,5.274180653
0.07268600488,0.03235855367,0.5314452516,0.1800443119,1,-16.51116307,0.5611149701,79.08192068,0,57.68482077,23.31758742,18.71547703
0.07268600488,0.03622226157,0.5220424366,0.2489628631,1,-47.26952026,0.5783690974,111.8852222,0,55.81254602,78.362157,25.49654806
0.07268600488,0.04008596947,0.5644530078,0.3095676438,1,-69.18804266,0.6437696203,138.6331433,0,39.71105895,137.4859106,28.74205037
0.07268600488,0.04394967737,0.4081519818,0.2533954354,1,-97.15890167,0.4804136623,64.02381702,20.31343013,-3.186300384,76.41671231,31.83349832
0.07268600488,0.04781338527,0.1767484578,0.2616851164,1,-132.971502,0.3157833395,23.31845014,34.01928384,-46.76413786,23.52482906,55.96395648
0.07268600488,0.05167709317,-0.2862940301,0.2525980475,1,-93.70083836,0.3817984354,-19.78410914,8.821132281,-85.92562649,-4.226024939,138.5779471
0.07268600488,0.05554080107,-0.5172757336,0.2015732236,1,35.00589661,0.5551629932,-15.64959745,0,55.48661125,-66.88089182,158.7100153
0.07268600488,0.05940450897,0.06334258743,0.4505408043,1,130.0925002,0.4549717571,7.326895928,0,226.9450025,-114.4250353,81.99710596
0.07268600488,0.06326821687,0.8622128863,0.671987122,1,129.4720856,1.09315038,20.5375921,0,214.1117309,-71.45197279,37.93195794
0.07268600488,0.06713192477,1.390850094,0.805961613,1,81.14088685,1.607494356,17.83273945,0,183.6670058,-9.527856872,30.09118118
0.07268600488,0.07099563267,1.885353233,0.7777004742,1,68.60673702,2.039454545,-17.22745567,0,192.6545907,12.18846564,22.4159466
0.07268600488,0.07485934057,2.40028755,0.6923070854,1,52.81495243,2.498133188,-61.61627569,0,182.4814814,12.34785661,16.08897508
0.07268600488,0.07872304847,2.794469924,0.4919246718,1,31.6158401,2.837437583,-59.82325647,0,138.8933139,47.36845675,9.983777535
0.07268600488,0.08258675637,3.059085116,0.2781496162,1,30.8613563,3.071704568,-66.87920625,0,129.2572247,68.79360599,5.195375722
0.07268600488,0.08645046427,3.41312135,-0.0322754447,1,105.9104374,3.41327395,-129.8491273,0,201.7364924,87.50354088,-0.5417890123
0.07268600488,0.09031417218,4.247742989,-0.5616376051,1,39.76445095,4.284712044,-96.73183705,0,300.384518,55.41267194,-7.53197279
0.07268600488,0.09417788008,4.727357609,-0.6201173861,1,-23.74313701,4.767856493,32.22108126,0,213.3830877,18.64921789,-7.473180344
0.07268600488,0.09804158798,4.980456365,-0.5091998893,1,-27.61191314,5.006418892,-13.59192238,0,127.5394886,-41.31737353,-5.837614159
0.07268600488,0.1019052959,5.113448572,-0.5129943414,1,-140.5747479,5.139116606,-85.04065086,29.81348296,32.35393607,-84.40080289,-5.728891897
0.07268600488,0.1057690038,4.562322759,-0.511672075,1,-289.0180979,4.590925535,-128.2188961,70.86395821,-47.09882131,-70.27937984,-6.399077049
0.07268600488,0.1096327117,3.814790975,-0.7368557081,1,-416.462515,3.885303916,-26.77879818,110.91805,-117.4284449,42.18885513,-10.93247677
0.07268600488,0.1134964196,2.499524039,-0.778142942,1,-1084.216491,2.617847754,-219.7623875,196.2033804,-793.6753178,-24.38533428,-17.29222437
0.07268600488,0.1173601275,-3.440834442,-1.491735572,1,-626.7989923,3.750282213,163.6067215,150.8619645,-268.5001025,20.42830658,-156.561392
0.07268600488,0.1212238354,-0.9596501468,-0.224943369,1,638.5573154,0.9856611606,242.9258332,0,645.796657,-412.8132835,-166.8079537
0.07654971278,0.01690372206,0.5161763574,1.053416102,1,-9.312432963,1.173082911,-375.7334709,0,-54.3556292,44.3462479,63.89503778
0.07654971278,0.02076742997,0.3931789599,0.2418834381,1,-52.29964194,0.4616246226,-172.1058888,0,-28.47535919,80.14791017,31.59980211
0.07654971278,0.02463113787,0.2040853473,0.07878110642,1,-26.06681347,0.218763095,-24.79834648,2.155629168,-2.119359142,17.13742398,21.10760531
0.07654971278,0.02849484577,0.2842758221,0.07985587048,1,55.22510356,0.2952790258,49.54016416,0,79.07507957,-18.60534332,15.69057418
0.07654971278,0.03235855367,0.7229820259,0.3420754421,1,80.05633517,0.7998241168,107.2352773,0,108.8645261,-6.980360124,25.32094507
0.07654971278,0.03622226157,1.014210846,0.5211517312,1,61.84425765,1.140273111,171.8111187,0,128.0233412,107.2106506,27.19634235
0.07654971278,0.04008596947,1.456574968,0.5916727809,1,-64.28693749,1.57216008,207.6377853,0,34.82801373,221.7966003,22.1073955
0.07654971278,0.04394967737,0.9003901699,0.4664462061,1,-195.0564477,1.014038718,288.7910834,0,-48.28099369,323.2542385,27.38636908
0.07654971278,0.04781338527,0.5163901728,0.4585172161,1,-150.7728522,0.6905771847,257.1242562,0,-36.59179485,335.415084,41.60276507
0.07654971278,0.05167709317,0.176467903,0.163953316,1,-109.2959047,0.240876754,221.6696764,0,-67.31514665,308.6810806,42.89463691
0.07654971278,0.05554080107,-0.1659833418,0.1223305661,1,-55.97020486,0.2061922335,247.9466641,0,17.65212291,130.013823,143.6095967
0.07654971278,0.05940450897,0.02841802707,0.6196113658,1,62.88352196,0.6202627096,131.6123386,0,195.0256184,-47.80278784,87.37401077
0.07654971278,0.06326821687,0.8305022414,0.8155382076,1,135.9030332,1.163974459,51.90390385,0,238.1517504,-33.87848821,44.47914259
0.07654971278,0.06713192477,1.47365645,0.9510494718,1,94.36837862,1.753898067,40.83982154,0,156.387953,8.462967062,32.83686961
0.07654971278,0.07099563267,1.799351461,0.940632916,1,60.92733453,2.030383206,-18.20020379,0,132.6591544,9.798363024,27.59886726
0.07654971278,0.07485934057,2.221618097,0.8428711879,1,82.21085143,2.376135267,-73.24241595,0,145.6568949,10.35038244,20.77650367
0.07654971278,0.07872304847,2.679765873,0.6176547605,1,71.7781559,2.750025915,-84.79943725,0,131.1184881,30.58954181,12.97933518
0.07654971278,0.08258675637,3.005551463,0.3970418779,1,73.5327848,3.031663215,-77.72359265,0,121.3938652,46.26051971,7.525361522
0.07654971278,0.08645046427,3.43290551,0.138616366,1,134.2087494,3.435702947,-51.64369417,0,198.904705,32.43871107,2.312274702
0.07654971278,0.09031417218,4.292604549,0.07217202451,1,102.0772833,4.293211224,-39.15677753,0,288.3776296,25.77878474,0.9632293822
0.07654971278,0.09417788008,4.941509242,-0.112275679,1,4.020761408,4.942784581,-64.52989188,0,146.2153438,51.45622381,-1.301589372
0.07654971278,0.09804158798,4.873072975,-0.375964447,1,-92.86110971,4.887554551,-81.58485194,12.33074753,1.693204066,-19.34184666,-4.411710646
0.07654971278,0.1019052959,4.589263085,-0.3527644702,1,-127.2394906,4.602801151,-100.6162441,21.65576372,-2.796618809,-151.7034623,-4.395530938
0.07654971278,0.1057690038,4.370651432,-0.1785783583,1,-171.0781138,4.374298135,-72.31330204,42.82197839,-18.69451879,-94.50041749,-2.339719465
0.07654971278,0.1096327117,3.856037065,-0.267039937,1,-396.7124437,3.865272587,-7.479868618,94.00856525,-207.7395652,43.93510863,-3.96154698
0.07654971278,0.1134964196,2.035225429,-0.3772308121,1,-394.4088169,2.069890247,32.71256254,91.30757156,-216.2991808,140.7290771,-10.50065525
0.07654971278,0.1173601275,1.496439749,-0.6843841979,1,-580.5380795,1.645513189,695.8532635,0,-239.4397602,651.9541784,-24.57659094
0.07654971278,0.1212238354,-1.132929428,-0.2076175701,1,-686.2753728,1.151796051,164.5136771,0,-674.7846478,-82.27859601,-169.6153578
0.08041342068,0.01690372206,-0.6156744419,0.4762070748,1,302.5134274,0.7783496621,-329.6840665,0,-15.58416676,-146.3533709,142.2790445
0.08041342068,0.02076742997,-0.06136901633,0.1220389464,1,150.2475097,0.1366003682,-141.7257719,0,66.7902047,-38.94397354,116.6961857
0.08041342068,0.02463113787,0.2228958899,0.07908822852,1,65.49716347,0.2365111533,20.00165685,0,75.26181524,19.06572624,19.53577334
0.08041342068,0.02849484577,0.4824825618,0.1256551089,1,63.27632788,0.4985766027,72.47971128,0,116.8369455,17.54219433,14.59753286
0.08041342068,0.03235855367,0.9188009672,0.2913507468,1,151.9368011,0.9638882067,60.17018218,6.851936175,137.323805,-37.9232586,17.59376241
0.08041342068,0.03622226157,1.600101051,0.504659511,1,176.4870066,1.677797543,87.21912118,0,161.2354875,-16.61070432,17.5048719
0.08041342068,0.04008596947,2.223662036,0.6925188639,1,144.0353092,2.329003055,108.9044129,0,159.5112598,27.1608097,17.29824463
0.08041342068,0.04394967737,2.772916328,0.8204929166,1,-10.94322679,2.8917596,228.8233715,0,73.70297931,226.1501607,16.48323809
0.08041342068,0.04781338527,2.466147388,0.7028473696,1,-175.8137678,2.564347356,285.6835048,0,-85.6164371,390.6845796,15.90745232
0.08041342068,0.05167709317,1.76282638,0.4147994343,1,-289.4796441,1.810970849,349.8152659,0,-104.7256739,405.9320796,13.24103597
0.08041342068,0.05554080107,0.9430531862,0.486028393,1,-308.2589461,1.06093021,351.7987013,0,-47.78975221,210.4060686,27.26555989
0.08041342068,0.05940450897,0.3871582109,0.9610992663,1,-81.40827238,1.036148291,228.7957939,0,78.51070366,78.4174734,68.05901727
0.08041342068,0.06326821687,0.9318578271,1.067046298,1,101.0368837,1.416667502,45.1921894,0,208.0401707,23.32514655,48.86909578
0.08041342068,0.06713192477,1.581341668,1.045587133,1,96.4592555,1.89575682,10.36111216,0,141.9213808,13.51741306,33.47277898
0.08041342068,0.07099563267,1.852890975,1.054851274,1,43.90752089,2.132115422,-3.682519545,0,105.1589848,24.30693269,29.65286962
0.08041342068,0.07485934057,2.157291103,0.9374440648,1,63.6879077,2.352170546,-39.16501753,0,125.8004715,47.19060245,23.4872045
0.08041342068,0.07872304847,2.585018723,0.7211983823,1,82.24135659,2.68373786,-50.73586824,0,119.696758,72.04080807,15.58865317
0.08041342068,0.08258675637,2.937520992,0.4630708505,1,104.0396239,2.973796259,-87.27396038,0,91.08386943,43.04322848,8.958386519
0.08041342068,0.08645046427,3.338918905,0.2176908302,1,172.8120264,3.346007883,-76.37905999,7.069901314,152.9199836,2.534342281,3.730290584
0.08041342068,0.09031417218,4.196054332,0.1581725147,1,186.3265345,4.199034473,-92.03568292,7.157466918,159.9537495,-17.3898007,2.158772968
0.08041342068,0.09417788008,4.676844774,-0.07071905471,1,17.38924879,4.677379419,-139.1359534,0,84.70199611,-60.96178432,-0.8663093996
0.08041342068,0.09804158798,4.590505082,-0.1438696402,1,-168.325121,4.592759016,-67.49612439,42.13608762,29.00665813,-77.46986491,-1.79510222
0.08041342068,0.1019052959,4.138558929,-0.03218343466,1,-197.3610791,4.138684064,-35.45621715,53.62820389,23.25324629,-92.64565039,-0.445550695
0.08041342068,0.1057690038,3.917803273,0.0770936249,1,-125.6986523,3.918561715,-48.35175558,23.80797972,78.35667948,-54.9422461,1.127307583
0.08041342068,0.1096327117,3.955643374,-0.006719704398,1,-191.9917007,3.955649082,-5.227737384,53.39475847,-1.643899935,38.01387489,-0.09733191159
0.08041342068,0.1134964196,3.169651873,-0.08997933406,1,-389.4302216,3.170928772,122.5133275,90.27412931,-177.1093852,165.7649399,-1.626062451
0.08041342068,0.1173601275,1.76669982,-0.1738313011,1,-605.5059502,1.775231133,20.93924872,130.8057563,-380.9997032,44.37974488,-5.61942905
0.08041342068,0.1212238354,-0.6419178141,-0.1805465643,1,-639.7406683,0.666824971,148.6710164,0,-607.0500808,152.1470882,-164.2907684
0.08427712858,0.01690372206,-1.323093251,-0.1756200852,1,338.0143114,1.33469778,143.8381468,0,189.0530105,94.63728739,-172.4390721
0.08427712858,0.02076742997,-0.3048761628,-0.08057121054,1,232.2885091,0.3153429794,80.56024014,22.68381333,202.0413103,4.9517932,-165.1965827
0.08427712858,0.02463113787,0.355030304,0.1165088686,1,100.1399748,0.3736587122,76.7221718,0,142.3655036,-18.35998034,18.1680764
0.08427712858,0.02849484577,0.6320941701,0.2867984519,1,28.41155907,0.6941155465,32.0789208,0,89.06816455,-11.68893891,24.40509817
0.08427712858,0.03235855367,0.8089376403,0.2856150939,1,78.63229428,0.8578788305,-3.039859493,0,90.87507825,-48.44336022,19.44681726
0.08427712858,0.03622226157,1.287021145,0.4622243163,1,157.6511534,1.367506762,-24.74970429,15.02196412,146.0347445,-119.439119,19.75538301
0.08427712858,0.04008596947,1.982291243,0.6514673336,1,182.4498783,2.086597292,-39.10108442,12.49801906,172.4563133,-124.8399947,18.1927779
0.08427712858,0.04394967737,2.658275001,0.7934944213,1,146.7810016,2.774177243,-50.59091141,0,150.1844188,-90.8491363,16.62035113
0.08427712858,0.04781338527,3.129678884,0.8070133552,1,43.76961982,3.232052053,80.59707978,0,69.63954651,58.78014344,14.45921045
0.08427712858,0.05167709317,3.096454893,0.8777886906,1,-221.0780077,3.218469495,214.99182,0,-69.69635825,131.731361,15.82706946
0.08427712858,0.05554080107,2.006211669,1.128707448,1,-349.619239,2.301926534,223.4294553,64.34116558,-137.2329212,130.3316085,29.36238267
0.08427712858,0.05940450897,1.215400355,1.237491577,1,-161.9676537,1.73452686,154.0584228,0,-73.81063983,128.1092032,45.51600298
0.08427712858,0.06326821687,1.095233214,1.228967653,1,15.96814667,1.646176565,17.7526779,0,74.75189477,46.42713658,48.29316603
0.08427712858,0.06713192477,1.565916096,1.126701844,1,72.58424736,1.929131998,-26.995997,0,130.2791615,-13.62102834,35.73562348
0.08427712858,0.07099563267,1.879038169,1.177290681,1,53.91934278,2.217385349,-12.88560824,0,123.8142059,-1.537479927,32.06874808
0.08427712858,0.07485934057,2.252626612,1.082855991,1,63.2053385,2.499380674,-34.7744347,0,165.3429345,72.61442617,25.6739734
0.08427712858,0.07872304847,2.762081937,0.7623714907,1,60.41429016,2.865363313,-19.8171829,0,90.22603706,170.6401144,15.43021585
0.08427712858,0.08258675637,2.834656835,0.3469846271,1,84.33505664,2.855814718,-112.8795025,0,15.44193578,68.452054,6.978743191
0.08427712858,0.08645046427,3.147591091,0.06175932319,1,163.9969572,3.148196927,-117.5426683,13.28203867,103.9217455,-20.0432325,1.124064234
0.08427712858,0.09031417218,3.869816443,-0.02972471337,1,107.2117063,3.869930602,-69.48305978,0,156.9901865,-91.7522876,-0.4400898996
0.08427712858,0.09417788008,4.168390032,0.1478011147,1,-60.48963267,4.171009545,-28.88372496,0,175.1852322,-136.6021734,2.030720195
0.08427712858,0.09804158798,4.312966737,0.386467907,1,-174.3643245,4.33024705,20.0618913,21.39930123,155.1922891,-70.99668147,5.120373381
0.08427712858,0.1019052959,4.094314887,0.4996248417,1,-179.4545531,4.124686579,61.11644181,39.5147802,91.09043131,3.305670945,6.957344345
0.08427712858,0.1057690038,3.971553582,0.6098318391,1,-141.089288,4.018100636,40.35614148,20.98267524,112.2046605,48.43555064,8.729582485
0.08427712858,0.1096327117,3.982713123,0.4684083647,1,-231.6174276,4.010163366,2.324451043,64.2268384,18.73768775,45.47392363,6.707763391
0.08427712858,0.1134964196,3.149048449,0.443114881,1,-386.0217614,3.180071844,-16.48725013,93.03558981,-192.1533802,57.3708182,8.009723482
0.08427712858,0.1173601275,1.748813261,0.1830423626,1,-509.4767602,1.758366381,-53.30623301,114.0185599,-297.9612423,82.42493077,5.975198984
0.08427712858,0.1212238354,0.02934385924,-0.08131068887,1,-492.7818154,0.08644356656,3.953136776,0,-397.2799833,140.7921827,-70.15621521
0.08814083648,0.01690372206,0.3057249774,-0.09933588038,1,-48.92213263,0.3214582071,429.127998,0,29.92459148,375.0304895,-17.9999684
0.08814083648,0.02076742997,0.2690245025,0.005172605119,1,-3.356859963,0.2690742254,174.7346486,0,40.2813316,86.32961725,1.101505352
0.08814083648,0.02463113787,0.4483903502,0.2422353375,1,24.60157047,0.5096389554,62.86839741,0,51.03535679,-28.97133755,28.37938851
0.08814083648,0.02849484577,0.5612634959,0.3600145147,1,36.61733359,0.6668036912,11.64073098,2.376559793,33.65052861,-13.31404121,32.67756685
0.08814083648,0.03235855367,0.7198848445,0.338653288,1,52.29613841,0.795562844,0.07131672796,0,72.38566252,-25.74910962,25.19356129
0.08814083648,0.03622226157,1.042997555,0.4597770999,1,108.8954112,1.139841604,9.516038091,0,116.3692236,-72.07743841,23.78897884
0.08814083648,0.04008596947,1.590241594,0.6539066478,1,152.1276871,1.719436603,-7.346596102,0,154.1676574,-104.1100255,22.35244341
0.08814083648,0.04394967737,2.226433298,0.8336427266,1,184.0757028,2.377386259,-68.09721057,0,182.0023521,-106.6339131,20.52739202
0.08814083648,0.04781338527,3.004660266,0.8028012097,1,103.7947382,3.110059983,-80.00373162,0,122.9382857,-122.980889,14.95915904
0.08814083648,0.05167709317,3.102463474,0.9996939091,1,-113.3403461,3.259550202,-17.3233739,25.08053238,-66.48113133,-147.7229513,17.86028203
0.08814083648,0.05554080107,2.309882603,1.306627087,1,-228.933226,2.653833451,55.02880619,31.28552661,-191.6710274,-23.13919099,29.49545994
0.08814083648,0.05940450897,1.477371497,1.301712217,1,-147.2114004,1.969030532,27.08351076,0,-145.2674176,30.30775997,41.38328128
0.08814083648,0.06326821687,1.179829883,1.29416953,1,-32.80886951,1.751249076,-5.975155986,7.233055431,19.10127258,2.619900955,47.64612868
0.08814083648,0.06713192477,1.424409346,1.268503428,1,40.05362885,1.907365443,-52.50108751,0,119.7241048,-60.45590164,41.68656523
0.08814083648,0.07099563267,1.797164375,1.324904608,1,84.72188212,2.232749877,-29.78491756,0,142.8016403,-46.23814723,36.39836328
0.08814083648,0.07485934057,2.303493777,1.332073901,1,116.8623096,2.660921731,-62.74600225,0,237.8720892,63.69273396,30.0401136
0.08814083648,0.07872304847,3.167754475,0.8363822643,1,-21.09597493,3.276309464,-76.78191291,0,140.7666495,217.0254803,14.79028533
0.08814083648,0.08258675637,2.765866308,0.1968879551,1,-76.87396904,2.772865179,-83.87735663,0,-16.41136995,136.3267908,4.07172686
0.08814083648,0.08645046427,2.807327173,-0.01442223971,1,36.82839396,2.807364219,-12.55722084,0,172.0957171,-52.31541965,-0.2943462397
0.08814083648,0.09031417218,3.573088047,0.350502022,1,-11.13030229,3.590238134,43.49525298,0,329.5105887,-177.6089413,5.602504303
0.08814083648,0.09417788008,4.037455601,0.8398597827,1,-48.45155071,4.123883144,41.99411058,0,260.8433528,-159.6098538,11.75092238
0.08814083648,0.09804158798,4.393707931,1.129440852,1,-110.1922457,4.536552217,-10.30575925,0,200.781794,-55.14961928,14.41625028
0.08814083648,0.1019052959,4.387467155,1.013123359,1,-153.0602631,4.502919828,0.07873197066,26.89246475,118.6789126,19.15196388,13.00243935
0.08814083648,0.1057690038,4.260868435,1.055747455,1,-147.6573531,4.389715539,58.31992843,29.70243352,83.69164228,71.91930692,13.91633325
0.08814083648,0.1096327117,4.140322332,0.9605793328,1,-253.9089016,4.250291951,53.08723175,68.99628352,12.36517689,155.7544113,13.06187349
0.08814083648,0.1134964196,3.327614038,0.6590714621,1,-344.8982841,3.392254468,34.67023027,68.14967441,-240.3209996,116.7614403,11.20308406
0.08814083648,0.1173601275,1.879205962,0.6434028763,1,-600.6012817,1.986298646,-48.84214829,146.9029221,-282.0426203,72.96489705,18.90018742
0.08814083648,0.1212238354,-0.08266417968,0.1884446187,1,-586.337172,0.2057783782,-199.1114945,0,-429.2003336,36.39194898,113.6854105
0.09200454438,0.01690372206,1.783940251,0.1290206257,1,-296.8221592,1.788599771,-160.1527793,0,-262.2989625,-138.9365737,4.136623212
0.09200454438,0.02076742997,0.7037999035,0.08803401497,1,-170.4272832,0.709284352,-51.35975463,0,-165.5043251,-74.55526378,7.129747714
0.09200454438,0.02463113787,0.485998642,0.2186412976,1,2.035395439,0.5329152813,8.987187494,0,-22.26749306,-39.4899681,24.22204981
0.09200454438,0.02849484577,0.6256289881,0.275335584,1,38.56744684,0.6835358912,52.46651335,0,19.33742404,15.04291585,23.75400812
0.09200454438,0.03235855367,0.7097261491,0.3632351469,1,47.33892531,0.7972772282,57.05660657,0,61.28035714,1.212488526,27.10319409
0.09200454438,0.03622226157,1.045302168,0.4911009441,1,104.2383115,1.154918508,33.51534153,0,113.6687576,-43.12451932,25.16494557
0.09200454438,0.04008596947,1.551655414,0.6593491828,1,127.1814522,1.685934716,-9.440672161,14.54506472,115.555016,-85.6324194,23.02222768
0.09200454438,0.04394967737,1.983164978,0.7854835999,1,120.0390522,2.13305598,-65.7778648,14.69524994,85.39836919,-123.139667,21.60731854
0.09200454438,0.04781338527,2.345405602,0.8809784311,1,54.10844156,2.505404245,-119.2791994,0,68.98552316,-190.0287012,20.58712226
0.09200454438,0.05167709317,2.458764102,1.058839009,1,-28.19088464,2.677062001,-107.0460993,0,-27.70924546,-208.4252094,23.29858259
0.09200454438,0.05554080107,2.129423827,1.2726777,1,-114.0610907,2.480756813,-53.30286977,0,-150.3534735,-101.4854847,30.86519631
0.09200454438,0.05940450897,1.437143461,1.245002559,1,-131.1617576,1.901423861,25.77452548,0,-139.8614062,-14.82263756,40.90250177
0.09200454438,0.06326821687,1.082269488,1.429533279,1,-65.06691508,1.793006593,16.21677591,17.05733982,-14.56130336,-32.83525853,52.87140469
0.09200454438,0.06713192477,1.129483285,1.434525292,1,32.38865736,1.8258136,-53.150997,0,97.8069417,-45.94564447,51.78463145
0.09200454438,0.07099563267,1.585307253,1.401693902,1,127.2249333,2.116115517,-13.80504772,0,164.4123362,-43.79622304,41.48240872
0.09200454438,0.07485934057,2.256284507,1.550402433,1,186.6571448,2.73762077,-5.631957127,0,258.1577604,-2.025962467,34.49484373
0.09200454438,0.07872304847,3.303942116,1.387761392,1,-38.6096521,3.583561802,-117.3558822,0,240.7526818,133.6485956,22.78396391
0.09200454438,0.08258675637,3.037306128,0.5805944488,1,-234.1311994,3.092299861,108.1477348,45.32057684,128.791984,316.0745926,10.82179159
0.09200454438,0.08645046427,2.896942157,0.5843927484,1,-160.9760409,2.955298419,154.2003082,0,242.331621,-28.47854792,11.40506951
0.09200454438,0.09031417218,3.351640326,1.286412188,1,-125.9788552,3.590034706,44.05031145,0,337.4376454,-152.2464968,20.99758639
0.09200454438,0.09417788008,3.713957156,1.342826277,1,20.46813823,3.949260711,-44.82653737,0,162.8857711,-122.8781346,19.87807176
0.09200454438,0.09804158798,4.060066274,1.587980761,1,3.003169465,4.359566612,-66.09612155,0,114.6712341,-119.5989665,21.3615554
0.09200454438,0.1019052959,4.168616679,1.549545642,1,-6.918552437,4.447297686,-123.5651408,0,114.2490445,-101.7508673,20.39095558
0.09200454438,0.1057690038,4.474759944,1.503696781,1,-22.1432441,4.720654676,0.01459947946,0,182.8695638,13.55910593,18.57438998
0.09200454438,0.1096327117,4.78961623,1.497213625,1,-111.6956474,5.018174197,-5.763979669,21.62999538,-79.99165734,164.1572038,17.35902192
0.09200454438,0.1134964196,3.734136191,0.8471709614,1,-388.1293906,3.829030129,11.50286091,27.91059973,-374.7646452,33.07634626,12.78243212
0.09200454438,0.1173601275,1.842016516,1.41385998,1,-590.5857872,2.322073403,-62.66091292,69.77829263,-531.0034314,20.51069697,37.50843694
0.09200454438,0.1212238354,-0.5993569343,0.5258201552,1,-687.4862592,0.7973177348,-353.2372893,0,-576.2601281,106.4454027,138.73929
0.09586825228,0.01690372206,-0.8498689189,0.03405166746,1,201.8133735,0.8505508188,-787.9568636,0,125.5377545,-782.8538948,177.7055593
0.09586825228,0.02076742997,-0.217474349,0.02419347711,1,166.6768051,0.2188159427,-197.3329736,0,138.8342389,-226.9119197,173.6520893
0.09586825228,0.02463113787,0.3305365158,0.1483360752,1,142.4213875,0.3622954312,-2.612551941,18.11516406,126.6399874,-70.29930603,24.16928585
0.09586825228,0.02849484577,0.8221002108,0.2857153236,1,70.25949888,0.8703344201,54.45471969,0,88.78023902,-8.744372828,19.16454692
0.09586825228,0.03235855367,0.9450196076,0.3925189083,1,17.05110625,1.023295242,53.46002805,0,30.51208769,-1.020867244,22.55581443
0.09586825228,0.03622226157,1.005870499,0.4962135892,1,37.30119467,1.121607501,-5.486763316,3.548226453,34.62125346,-61.51237181,26.25793311
0.09586825228,0.04008596947,1.222906939,0.6089854944,1,70.34993127,1.366149594,-69.42255843,0,56.63705927,-122.1148587,26.47247264
0.09586825228,0.04394967737,1.496511138,0.6998012461,1,81.26173752,1.652049445,-88.28989716,0,70.58150833,-153.3301175,25.06181597
0.09586825228,0.04781338527,1.809584887,0.8602819074,1,47.32245057,2.003667244,-90.13593031,0,52.85679641,-168.2354098,25.42655013
0.09586825228,0.05167709317,1.883574486,1.001554822,1,5.685014367,2.133299066,-92.15030176,0,-30.98694568,-171.3804148,28.00096049
0.09586825228,0.05554080107,1.711825615,1.166403921,1,-39.14874075,2.071435503,-48.10194506,0,-55.03231602,-117.0886545,34.26973904
0.09586825228,0.05940450897,1.519686393,1.268099316,1,-109.2622057,1.979273252,32.99259359,26.1300353,-45.0467405,-50.58115172,39.84324268
0.09586825228,0.06326821687,1.115620921,1.489308461,1,-72.80883383,1.86081964,23.51898504,12.90774314,-50.94729249,-42.00389095,53.16361302
0.09586825228,0.06713192477,1.04152887,1.52126057,1,47.48964961,1.843642077,-15.34554603,0,71.3052959,-9.982151292,55.60256379
0.09586825228,0.07099563267,1.57460989,1.468585871,1,136.7014178,2.153169934,12.07571906,0,182.2608265,-10.45984188,43.00463944
0.09586825228,0.07485934057,2.273905813,1.608331395,1,190.7891106,2.785206908,37.52601751,0,237.8392725,-78.21017728,35.2717327
0.09586825228,0.07872304847,3.23070476,1.915756721,1,182.2588972,3.756005466,-79.20382523,0,369.2920243,-76.81899975,30.66726904
0.09586825228,0.08258675637,4.404937466,1.599117126,1,-204.3623258,4.686219122,112.9654265,0,220.5060336,209.2242459,19.95233179
0.09586825228,0.08645046427,3.293079332,1.54384076,1,-405.5955935,3.637006431,183.8745614,97.95559745,82.10119191,43.62304528,25.11782784
0.09586825228,0.09031417218,3.155049591,2.141008017,1,-74.22379233,3.812906142,-24.2405983,0,99.1776465,15.54523638,34.16070805
0.09586825228,0.09417788008,3.389493735,1.390119916,1,26.33142232,3.663482109,-162.5690519,0,108.561477,-12.42458022,22.29981515
0.09586825228,0.09804158798,3.676236352,1.560893635,1,31.82379087,3.993883155,-121.1851973,0,1.154421279,-144.7790214,23.0055976
0.09586825228,0.1019052959,3.516911914,1.481279561,1,72.77328534,3.816131359,-84.44931403,0,92.11415767,-158.7208253,22.8402207
0.09586825228,0.1057690038,4.313313268,1.84785706,1,68.32754217,4.692467055,-100.3287456,0,251.4159792,2.734239903,23.19066974
0.09586825228,0.1096327117,4.752307484,1.08307429,2,52.70039852,4.874164168,62.07521652,0,-263.2386214,356.3904585,12.83870463
0.09586825228,0.1134964196,3.499855073,0.7107089346,2,-288.2937236,3.571287264,-19.01955486,0,-497.4690002,35.19328941,11.4788606
0.09586825228,0.1173601275,1.71634984,0.8736116948,2,-501.3162356,1.925890487,80.90520537,0,-672.6987602,104.850865,26.97581892
0.09586825228,0.1212238354,-1.036195942,0.6181899002,1,-709.5225818,1.206590561,-68.99954873,0,-715.2982653,63.216344,149.1798853
0.09973196018,0.01690372206,-4.285213686,-0.1656860862,1,880.1816282,4.288415583,-277.5523291,0,853.8289801,-353.202229,-177.7857844
0.09973196018,0.02076742997,-0.9353584429,-0.01954152809,1,579.8368941,0.9355625516,-56.86749668,0,582.130398,-140.5572248,-178.8031495
0.09973196018,0.02463113787,0.2042885203,0.1576665776,1,213.7543478,0.258055322,27.33931905,0,235.9687949,-67.50114288,37.66037945
0.09973196018,0.02849484577,0.8022404164,0.346894314,1,78.18685239,0.8740282322,2.533825768,0,105.0690373,-64.1321532,23.38398996
0.09973196018,0.03235855367,0.912335749,0.4152444473,1,-6.449584363,1.00238938,-23.31783913,0,2.359384827,-57.96127583,24.47238609
0.09973196018,0.03622226157,0.7864370801,0.4807464341,1,-19.09769542,0.9217377148,-32.9486366,0,-6.971813381,-82.414644,31.43730933
0.09973196018,0.04008596947,0.8116107819,0.6063666509,1,27.04640319,1.013110348,-51.74330092,0,41.0691856,-119.9347602,36.76396293
0.09973196018,0.04394967737,1.049615819,0.744218314,1,55.55892454,1.286683436,-58.72004478,0,83.0445738,-135.3290648,35.33811921
0.09973196018,0.04781338527,1.347134213,0.9023615268,1,37.81694703,1.621427431,-73.07997356,0,63.36631574,-117.8377445,33.81567385
0.09973196018,0.05167709317,1.44055839,0.9171492672,1,18.44890807,1.707738638,-36.57340307,0,18.83170247,-116.534592,32.48337187
0.09973196018,0.05554080107,1.491175603,1.211308204,1,-22.94943429,1.921164294,18.26397192,3.660088685,4.477028552,-130.8060683,39.08756369
0.09973196018,0.05940450897,1.36918641,1.493112359,1,-94.86207794,2.025846969,-15.19875129,24.72930853,-29.45539224,-93.54103094,47.47912699
0.09973196018,0.06326821687,1.010849211,1.513999889,1,-58.91598895,1.820442746,-18.09649388,13.44174666,-28.45136868,-26.74870937,56.27023338
0.09973196018,0.06713192477,1.03162446,1.526541993,1,60.43631016,1.842438461,6.753207614,0,89.86007199,-9.739307272,55.9494975
0.09973196018,0.07099563267,1.59155053,1.577722149,1,112.9447467,2.241035535,-4.701342376,0,163.3360604,-57.92703334,44.75000483
0.09973196018,0.07485934057,2.099092798,1.732190515,1,113.7750216,2.721520633,-5.526505314,0,173.4011814,-143.3942291,39.52975976
0.09973196018,0.07872304847,2.701115495,2.110402763,1,270.541117,3.427801735,-88.82591059,0,294.4757449,-215.6396303,38.00079097
0.09973196018,0.08258675637,4.282152911,2.222161686,1,67.3242138,4.824400078,-218.9609655,0,210.8570025,-311.6977659,27.42640666
0.09973196018,0.08645046427,3.775926458,2.468710671,1,-344.7488364,4.511336054,-89.44405642,88.7635376,95.21938222,-20.65599191,33.17676496
0.09973196018,0.09031417218,3.318043987,1.956384697,1,-301.3278594,3.851864092,4.72746095,78.00724935,110.2954108,213.8973834,30.52444663
0.09973196018,0.09417788008,3.037832877,1.660539189,1,-315.6242483,3.462054157,-116.0465976,46.32933759,241.7093008,9.972613555,28.66188369
0.09973196018,0.09804158798,3.032458221,1.469483276,1,-207.2969245,3.369745385,-120.6153417,0,256.7948209,-111.2290043,25.85412484
0.09973196018,0.1019052959,3.22907829,1.624273123,1,-103.9560774,3.614582933,6.291818603,0,379.6562826,-185.6517146,26.70305789
0.09973196018,0.1057690038,4.097683282,2.211097021,1,-611.7198032,4.656174214,-144.0179707,0,1434.081937,204.8064281,28.35115975
0.09973196018,0.1096327117,6.406445365,0.2765175378,1,372.1318586,6.412410168,-404.1514177,0,-450.0509231,158.0334794,2.471489152
0.09973196018,0.1134964196,3.796626777,0.03897879259,1,-506.5254987,3.796826863,56.04790156,33.18827606,-489.0781419,-66.93510838,0.5882173768
0.09973196018,0.1173601275,2.559723713,0.751687965,1,-587.6910842,2.66781189,184.7575308,13.25756288,-555.8550737,64.52954749,16.36539347
0.09973196018,0.1212238354,-0.6217015481,0.5035046014,1,-772.3285884,0.8000185614,153.6261851,0,-874.4963491,282.0951947,140.9966263
0.1035956681,0.01690372206,-3.286920288,-0.06776726742,1,557.7641368,3.287618802,386.2132264,0,636.2466645,334.023891,-178.8188857
0.1035956681,0.02076742997,-0.9802658051,0.03305490637,1,439.9113372,0.9808229583,101.8886849,0,456.1924412,23.74264351,178.068698
0.1035956681,0.02463113787,0.1753629597,0.23416621,1,203.2555884,0.2925508188,38.45561294,0,201.6321805,-53.81982209,53.17110495
0.1035956681,0.02849484577,0.5841022665,0.3895802337,1,58.06440442,0.7021027106,-27.8274587,0,59.85804236,-77.62107329,33.70220285
0.1035956681,0.03235855367,0.630980849,0.4265541921,1,-16.55335107,0.7616333177,-29.10017146,0,10.35159184,-68.82476392,34.05938754
0.1035956681,0.03622226157,0.5601404803,0.5430644554,1,-33.05629168,0.780177134,12.73798722,7.454570579,14.57979366,-48.50143449,44.1132146
0.1035956681,0.04008596947,0.5595930576,0.6631654296,1,8.881157701,0.8677169914,3.550358337,0,39.42000385,-64.50170915,49.84161702
0.1035956681,0.04394967737,0.7467620598,0.8059977662,1,51.52325305,1.098765659,-12.37559164,0,81.08033583,-88.94239824,47.1846978
0.1035956681,0.04781338527,1.071934592,0.9589972052,1,54.98769883,1.438304352,-12.27534587,0,86.13266266,-63.27197055,41.81713685
0.1035956681,0.05167709317,1.292009915,1.003033828,1,6.184755243,1.635654756,5.220242784,0,46.88893516,-75.88696439,37.82347718
0.1035956681,0.05554080107,1.276995829,1.272371762,1,-37.38775355,1.802678077,21.33969823,7.810483259,-12.42509036,-112.6709025,44.89607651
0.1035956681,0.05940450897,1.099547637,1.520811645,1,-43.12017103,1.876665411,11.73827852,0,-43.4918821,-74.87362421,54.13305053
0.1035956681,0.06326821687,0.9423521546,1.607014855,1,-28.61235454,1.862934333,18.25094626,5.373377274,10.60991078,-11.28900587,59.6126763
0.1035956681,0.06713192477,1.029991453,1.634945391,1,27.46128006,1.932337658,13.5114891,0,73.55049298,-1.051809611,57.78967798
0.1035956681,0.07099563267,1.33263214,1.663283188,1,70.67743627,2.131295236,-9.999078582,0,102.3501733,-62.73703751,51.29809008
0.1035956681,0.07485934057,1.698519595,1.83870946,1,71.06802331,2.503162258,-42.84000003,0,115.7231947,-132.1195091,47.26959743
0.1035956681,0.07872304847,2.054338845,2.008233132,1,89.46930211,2.872857184,-90.81915414,0,80.34362231,-172.3409575,44.34978399
0.1035956681,0.08258675637,2.354627133,2.153685895,1,87.6806502,3.19102364,-151.7276547,0,122.8285501,-471.502426,42.44794342
0.1035956681,0.08645046427,2.867684905,3.243749442,1,162.1631427,4.329610509,-35.07112374,0,263.6260315,-443.4131214,48.52123174
0.1035956681,0.09031417218,3.999752129,3.731400098,1,-207.902288,5.470042393,-159.0819841,0,236.8822064,-236.6614799,43.01203392
0.1035956681,0.09417788008,2.979654845,3.543493953,1,-502.4757551,4.629761591,-146.2847048,123.2221296,186.899464,-48.60870837,49.9401763
0.1035956681,0.09804158798,2.78045752,3.354008579,1,-420.7119991,4.356640629,-19.51450026,49.70028415,380.4042993,30.61286469,50.34142629
0.1035956681,0.1019052959,2.823917667,3.349816457,1,-112.7740125,4.381299041,774.0166315,0,570.294259,-881.9648749,49.86888738
0.1035956681,0.1057690038,4.548182111,9.752237408,1,-112.4799144,10.76067354,-876.5092535,0,365.4653935,532.3488737,64.99691579
0.1035956681,0.1096327117,3.801379661,-2.09359982,1,-679.8482242,4.339775056,-1546.95411,0,397.6343371,775.7155153,-28.84365913
0.1035956681,0.1134964196,3.457790086,0.778120425,2,-679.8345912,3.544260667,368.457123,116.2966421,389.4768839,-431.3488248,12.6822391
0.1035956681,0.1173601275,2.679522294,0.99661674,1,379.1953734,2.858860726,-589.1213019,0,-1106.601783,-445.5605247,20.40209131
0.1035956681,0.1212238354,0.6473041956,0.2234435162,1,-438.4642303,0.684784438,-93.03240167,0,-613.4880137,307.1910333,19.04420802
0.107459376,0.01690372206,-1.502427845,0.137547476,1,242.6485334,1.508710953,306.9635048,0,302.1504967,355.7164522,174.769145
0.107459376,0.02076742997,-0.4499556868,0.04336390213,1,202.628403,0.4520404275,88.1518215,0,223.7375625,84.56802902,174.4951934
0.107459376,0.02463113787,0.1449257041,0.1513942034,1,136.3566656,0.2095797331,32.21283537,28.8928828,82.28661661,-48.14016048,46.25053649
0.107459376,0.02849484577,0.3948180902,0.3538244071,1,67.52400407,0.5301632158,-5.301214711,16.29699266,33.17115935,-100.4955446,41.86576468
0.107459376,0.03235855367,0.5339824025,0.5191972877,1,17.48599088,0.7447838813,-4.818095294,0,48.10889429,-85.3039794,44.19570322
0.107459376,0.03622226157,0.6482575663,0.6647983534,1,-9.132150529,0.9285444108,19.99114024,0,20.03622629,-33.10877041,45.72172643
0.107459376,0.04008596947,0.5761125662,0.724359832,1,-3.067483851,0.9255284194,10.20212115,0,5.628530041,-39.91033555,51.50335556
0.107459376,0.04394967737,0.6581527007,0.8584182482,1,53.70371208,1.081687046,12.28198602,0,70.30382065,-64.93315169,52.52247343
0.107459376,0.04781338527,1.05524145,1.02269657,1,58.14169259,1.469504267,-11.58545942,0,73.69283844,-67.49032751,44.10270093
0.107459376,0.05167709317,1.16752282,1.074418329,1,-1.661110244,1.586658211,-10.0691793,0,23.15783296,-83.84806761,42.62195769
0.107459376,0.05554080107,1.138298508,1.307756643,1,-11.81747834,1.733767842,46.65198516,0,0.8764485203,-61.34216404,48.96301266
0.107459376,0.05940450897,1.125249876,1.491676176,1,-2.760275655,1.868498086,62.79211013,0,-23.26404989,-29.80977164,52.97082691
0.107459376,0.06326821687,1.037748115,1.665543266,1,-1.954284732,1.962385161,53.20840684,0,-9.818047721,-1.904732634,58.07425235
0.107459376,0.06713192477,1.079765023,1.704617249,1,33.95456094,2.017823696,22.81711765,0,36.64376473,13.87413102,57.64838014
0.107459376,0.07099563267,1.310519424,1.700096354,1,34.54004864,2.146576058,12.05729309,0,54.32156987,-39.73435632,52.37316419
0.107459376,0.07485934057,1.42310036,1.904725054,1,31.89926899,2.377644247,-5.192403492,0,64.85293842,-102.2617104,53.23504177
0.107459376,0.07872304847,1.684341692,2.075143802,1,34.02070921,2.672681936,-8.516449596,0,82.72558111,-125.8228978,50.93463611
0.107459376,0.08258675637,1.874173924,2.357962904,1,7.622883472,3.012061911,6.488286887,0,55.23419934,-196.8370821,51.5213546
0.107459376,0.08645046427,1.9272031,2.860733636,1,58.69487605,3.449334534,-32.99708632,0,-80.7377136,-373.8456163,56.03285872
0.107459376,0.09031417218,1.789006839,3.674902062,1,85.32614952,4.087230191,-207.406544,0,7.232233816,-586.1489519,64.04236784
0.107459376,0.09417788008,2.284821657,4.32408367,1,123.833752,4.890614438,-38.99999554,0,209.0931289,-269.3125884,62.14827726
0.107459376,0.09804158798,3.075339059,4.564762647,1,-68.9986847,5.504068346,-76.64491995,0,205.4417508,-60.95163498,56.03134626
0.107459376,0.1019052959,2.811997809,4.2634494,1,-178.7598581,5.107282298,-145.0301283,9.145235697,99.20131903,-13.80267097,56.59278002
0.107459376,0.1057690038,2.767948103,4.057738084,1,766.5512747,4.911901369,-258.4273396,108.3945255,-607.4794923,-304.0172306,55.70051211
0.107459376,0.1096327117,3.426604711,4.439595423,1,-782.5028026,5.608175048,-106.8007694,0,985.8524161,-135.9820394,52.33802943
0.107459376,0.1134964196,3.553631611,4.170485987,1,-1121.531904,5.479165174,-1228.528041,0,-137.5149681,1211.768666,49.56599753
0.107459376,0.1173601275,-1.437984635,-4.988998246,1,-832.2855907,5.192100086,-474.6971135,189.9657857,-34.2102337,649.4101618,-106.0786286
0.107459376,0.1212238354,0.205744849,-0.1727361734,1,150.45581,0.2686423803,1419.978519,0,700.4001689,-1073.099216,-40.01564318
0.1113230839,0.01690372206,NaN,NaN,0,94.53356549,0.7443893984,134.999093,0,119.5570229,159.5953652,167.41992
0.1113230839,0.02076742997,NaN,NaN,0,84.89240061,0.3332561245,16.04971592,0,132.6040956,51.47568686,159.8839186
0.1113230839,0.02463113787,0.1138244279,0.02525533444,1,51.78889864,0.1165925911,1.747333432,0,74.58226049,-35.06609743,12.51010698
0.1113230839,0.02849484577,0.1753344918,0.2568508762,1,22.19450796,0.3109896407,32.44867837,0,21.53318924,-102.0378886,55.68132478
0.1113230839,0.03235855367,0.282775477,0.5448721459,1,47.72675998,0.6138791622,9.851730809,7.250779945,38.7506099,-93.39408319,62.57177817
0.1113230839,0.03622226157,0.509457789,0.6557625434,1,38.17308667,0.8304045714,-29.56592608,6.635902197,3.764275602,-68.87845827,52.15659115
0.1113230839,0.04008596947,0.4448091949,0.6967642872,1,13.08103922,0.826641211,-17.06217745,0,-4.313413169,-72.54597669,57.44613859
0.1113230839,0.04394967737,0.543333335,0.8701357369,1,48.33836856,1.025839809,-2.718217333,9.275155392,34.89764779,-86.1401559,58.0183693
0.1113230839,0.04781338527,0.7664088489,1.01908229,1,68.01504402,1.275112245,-51.38627289,8.673067275,31.83923623,-110.6017322,53.05471649
0.1113230839,0.05167709317,0.9291411066,1.098926975,1,61.44612402,1.439077375,-27.98279841,0,56.01317444,-106.2327866,49.78553059
0.1113230839,0.05554080107,1.220237268,1.321417388,1,42.95203671,1.798644741,28.66462276,0,34.13470477,-60.02326051,47.2796702
0.1113230839,0.05940450897,1.226981759,1.44159105,1,8.828706789,1.893058106,36.36504639,0,-29.44690684,-29.6891665,49.59788853
0.1113230839,0.06326821687,1.140574566,1.576631572,1,32.2182204,1.945938708,38.55856867,0,-46.51175397,-14.17436147,54.11708558
0.1113230839,0.06713192477,1.17175572,1.645335689,1,28.61977273,2.019935889,26.47279741,2.407408435,-6.58873712,-15.73578552,54.5427401
0.1113230839,0.07099563267,1.225696052,1.739713207,1,6.405282966,2.128128957,21.25597578,0,22.47696408,-61.74644879,54.83380563
0.1113230839,0.07485934057,1.283348286,1.966032813,1,27.89747426,2.347821936,37.59608777,0,52.23145958,-80.60677194,56.86509024
0.1113230839,0.07872304847,1.535290847,2.19641453,1,24.25559629,2.679804988,4.281217972,0,62.66264678,-91.89823186,55.0465024
0.1113230839,0.08258675637,1.619174989,2.337642113,1,-23.35474119,2.84364173,-7.9989119,0,-38.63941375,-139.6362216,55.29147144
0.1113230839,0.08645046427,1.295763541,2.705022644,1,-67.78673795,2.999358374,29.23298076,0,-109.6307884,-253.4037853,64.40458516
0.1113230839,0.09031417218,0.9336854903,3.429668019,1,136.4433302,3.554488896,27.50214488,37.09936664,-8.933293106,-274.7693174,74.77098437
0.1113230839,0.09417788008,1.788425078,3.872911281,1,290.4509219,4.26590038,-80.81965627,76.36539136,49.93172801,-335.678011,65.21354788
0.1113230839,0.09804158798,2.248824624,4.414366257,1,122.0258709,4.954174164,-288.366405,0,-12.85378595,-430.9408403,63.00419736
0.1113230839,0.1019052959,2.210234126,4.423777253,1,22.73244089,4.945193634,-229.2274576,0,9.939790238,-236.7377615,63.45209437
0.1113230839,0.1057690038,2.375060582,4.443383878,1,15.86476367,5.038310536,-102.1265366,0,153.1707059,-183.6624511,61.87477517
0.1113230839,0.1096327117,2.863337805,4.73880821,1,21.56228513,5.536696365,-145.4676451,0,241.9090225,-180.8457221,58.85830088
0.1113230839,0.1134964196,3.393036754,4.580074434,1,-62.89169417,5.699980722,-118.3792025,0,190.029844,52.09471138,53.46800236
0.1113230839,0.1173601275,3.354562479,4.080146802,1,-1427.750056,5.282110123,257.6495533,255,1063.982325,835.2829073,50.57408208
0.1113230839,0.1212238354,NaN,NaN,0,-782.1715953,3.076474472,-163.9845136,0,74.5518608,732.5009176,49.75584213
0.1151867918,0.01690372206,NaN,NaN,0,25.82554486,0.433020061,69.42111609,0,64.83537449,72.79758822,147.2534599
0.1151867918,0.02076742997,NaN,NaN,0,22.32075931,0.2959620894,28.84068395,0,76.13198398,27.48698704,129.7015592
0.1151867918,0.02463113787,NaN,NaN,0,-1.728071959,0.2400078926,3.078769107,0,83.25674115,-28.90121299,86.13169766
0.1151867918,0.02849484577,NaN,NaN,0,3.572899255,0.3731654028,22.10026455,0,46.89867578,-41.32455337,70.27497738
0.1151867918,0.03235855367,NaN,NaN,0,22.87356711,0.5285460257,8.539236666,4.469024565,13.86614399,-38.1991551,66.44775174
0.1151867918,0.03622226157,0.2678972207,0.5318527582,1,11.87453365,0.5955134569,-16.16444465,0,-7.036259656,-60.846053,63.26534782
0.1151867918,0.04008596947,0.2298928331,0.6571527489,1,9.528474554,0.6962043163,6.929610583,1.667374686,2.618582757,-64.15093642,70.71854712
0.1151867918,0.04394967737,0.314829902,0.8064872292,1,41.86266232,0.8657595036,-10.03616634,10.9762524,9.765019471,-68.46994864,68.67572661
0.1151867918,0.04781338527,0.4293671151,0.8829238152,1,79.32291328,0.98178948,-42.90201138,18.45597907,7.154405969,-106.8146507,64.06627888
0.1151867918,0.05167709317,0.6489530037,1.053426999,1,105.3157673,1.237274603,-31.20112868,24.770753,46.81032271,-132.3384929,58.36527581
0.1151867918,0.05554080107,1.017137891,1.273689048,1,88.64976015,1.629985669,-54.44810171,15.71021679,41.30067493,-129.5995869,51.38996523
0.1151867918,0.05940450897,1.151043526,1.343790385,1,34.30187796,1.769371018,-48.75131807,0,-4.583358539,-71.44055742,49.41780405
0.1151867918,0.06326821687,1.131961569,1.361353642,1,31.13043815,1.770486016,-13.6027619,0,-38.8416386,-71.78300515,50.25657611
0.1151867918,0.06713192477,1.1212497,1.568581851,1,26.58166748,1.928120824,5.837392501,4.287279701,-20.85802203,-97.90724961,54.44215319
0.1151867918,0.07099563267,1.154076063,1.762192635,1,30.29775941,2.106469663,21.81415005,5.694416094,4.816163043,-89.51999454,56.77884431
0.1151867918,0.07485934057,1.25691964,1.998744465,1,41.62929431,2.361107032,27.91382381,8.299607773,7.996372222,-91.49085247,57.83607694
0.1151867918,0.07872304847,1.345815143,2.223537426,1,14.57871947,2.599103131,-21.06311915,0,-2.456878528,-98.75090946,58.81521659
0.1151867918,0.08258675637,1.303754892,2.298907394,1,-30.54004152,2.642868144,-11.62598901,0,-43.15666633,-134.700257,60.44158848
0.1151867918,0.08645046427,1.061072591,2.699060448,1,-47.82359267,2.900138332,56.21360072,0,-73.8512839,-154.5429785,68.53888787
0.1151867918,0.09031417218,0.8336387105,3.113209255,1,28.33308663,3.222890839,59.83820369,0,-128.101566,-120.2290607,75.00932774
0.1151867918,0.09417788008,0.6755963289,3.39478776,1,25.0776829,3.461360186,-50.36549841,0,-164.1908746,-291.1750578,78.74462529
0.1151867918,0.09804158798,0.2961459727,4.043627052,1,134.6592279,4.054457074,-197.0635742,0,-47.68371367,-409.0968325,85.81126694
0.1151867918,0.1019052959,1.01164431,4.214022335,1,201.6231745,4.333752237,-139.8730902,0,152.3365439,-280.8312319,76.50068061
0.1151867918,0.1057690038,1.663742933,4.588248137,1,149.8906394,4.880580039,-10.08544219,4.072213122,148.832995,-288.8147212,70.06886803
0.1151867918,0.1096327117,2.165825177,5.290950853,1,196.7003754,5.717076143,-83.75121747,0,226.1537348,-228.5480835,67.7384979
0.1151867918,0.1134964196,3.297527699,5.147700932,1,15.55322354,6.113306292,-244.9710684,0,144.6457323,-76.06000472,57.35708193
0.1151867918,0.1173601275,2.784787148,4.638327841,1,69.89738649,5.410094696,-205.6818256,0,-301.5923158,314.6235317,59.01998391
0.1151867918,0.1212238354,NaN,NaN,0,-108.9934089,3.951506794,-330.6108223,0,-88.98272548,446.3292918,52.55843917
0.1190504997,0.01690372206,NaN,NaN,0,2.056857475,0.3594660998,40.37025078,0,40.25166427,35.36373298,119.5031857
0.1190504997,0.02076742997,NaN,NaN,0,2.958393579,0.3363084852,25.96901663,0,46.49695448,15.4200041,106.4602591
0.1190504997,0.02463113787,NaN,NaN,0,0.9834889039,0.3538910021,15.50220597,0,49.8357104,-10.82577675,87.72401839
0.1190504997,0.02849484577,NaN,NaN,0,3.02151921,0.4361190677,16.37861984,0,36.86870344,-24.11571096,76.60165095
0.1190504997,0.03235855367,NaN,NaN,0,6.024239547,0.5370804532,12.39652678,0,22.6669215,-28.61271738,71.7517909
0.1190504997,0.03622226157,NaN,NaN,0,-4.063514097,0.6200339456,10.34600845,0,18.43946896,-31.06405507,70.01498385
0.1190504997,0.04008596947,NaN,NaN,0,-1.170758357,0.7064282991,18.97243039,0,8.442767091,-23.32451931,71.53679637
0.1190504997,0.04394967737,NaN,NaN,0,0.3921894181,0.7837722458,-1.43871914,0,-9.651509261,-19.60204219,72.16827691
0.1190504997,0.04781338527,0.187947399,0.7402442584,1,13.73278217,0.7637314887,-7.136940226,3.250208499,1.087991522,-39.94459775,75.75368602
0.1190504997,0.05167709317,0.2972717788,0.8728790262,1,54.93791147,0.9221107877,7.344626842,12.95914666,28.19036045,-95.72478343,71.19296979
0.1190504997,0.05554080107,0.50913076,1.138474353,1,81.07568817,1.247131903,-27.73026346,18.14898588,39.35879936,-136.0383549,65.90559566
0.1190504997,0.05940450897,0.7625954598,1.291349855,1,49.58120337,1.499712067,-78.16859567,0,28.46251809,-121.599817,59.43639349
0.1190504997,0.06326821687,0.8106689032,1.306279906,1,15.32185408,1.537384553,-71.70027771,0,-1.493369268,-115.8787548,58.17652802
0.1190504997,0.06713192477,0.8160246858,1.462042586,1,60.44547803,1.674355043,-47.44033201,8.679268862,-20.73451986,-134.1393953,60.83235922
0.1190504997,0.07099563267,0.964100446,1.641259762,1,69.27390949,1.903476629,-20.61084398,18.10051341,-11.89883399,-117.420036,59.56938896
0.1190504997,0.07485934057,1.037705218,1.836085026,1,64.17439553,2.109037776,-17.79686815,13.89595049,-36.1536458,-144.4457262,60.52604962
0.1190504997,0.07872304847,1.072364438,2.130593956,1,42.48001237,2.385245499,-35.42756515,0,-38.31098668,-152.6233123,63.28310455
0.1190504997,0.08258675637,1.053813116,2.28889516,1,13.99767637,2.51983395,-25.98567615,0,-54.50718051,-148.6308927,65.27853744
0.1190504997,0.08645046427,0.9158475469,2.604459248,1,16.4243482,2.760794216,-2.211998995,0,-107.9064856,-141.0307372,70.62598268
0.1190504997,0.09031417218,0.7003528589,2.825250215,1,-4.572495563,2.910761568,17.2039341,0,-111.1286457,-121.8266619,76.07756533
0.1190504997,0.09417788008,0.4688121332,3.14163286,1,-16.79201917,3.176419658,78.42700445,0,-188.5948805,-150.5230614,81.5126313
0.1190504997,0.09804158798,-0.0932021282,3.709846394,1,70.23452581,3.711016963,168.732129,0,-40.2262068,-113.8242332,91.43913385
0.1190504997,0.1019052959,0.5847555124,4.233348109,2,123.8701123,4.273543638,-10.5871158,0,216.062362,-199.3827169,82.13545827
0.1190504997,0.1057690038,1.220197659,4.439297449,2,204.1058785,4.603937898,-8.915787107,52.93683354,73.33461222,-169.1916916,74.63105812
0.1190504997,0.1096327117,1.656704529,4.852607388,1,281.41917,5.127618195,57.0193403,75.8581429,-40.07877218,-108.5088899,71.14983762
0.1190504997,0.1134964196,2.152666461,5.07885018,1,300.7483543,5.516220811,-659.9106882,0,247.6308025,-88.49371251,67.03038069
0.1190504997,0.1173601275,3.775481409,2.644819104,1,511.1000186,4.609699336,-635.6463226,0,-438.1182067,51.0688567,35.01220323
0.1190504997,0.1212238354,NaN,NaN,0,-134.4322521,3.436707694,-221.8936806,0,-559.6339555,-108.409021,44.89315271
0.1229142076,0.01690372206,NaN,NaN,0,-5.032518294,0.3884575572,25.45263116,0,27.00351157,18.14159509,100.6194518
0.1229142076,0.02076742997,NaN,NaN,0,-2.950400937,0.3969992881,20.41455528,0,30.34558968,8.403443669,94.2096459
0.1229142076,0.02463113787,NaN,NaN,0,-0.3178852147,0.4295801529,16.5824183,0,32.72044255,-5.706187138,85.42566073
0.1229142076,0.02849484577,NaN,NaN,0,1.505449133,0.4915213537,15.51548205,0,28.07350608,-15.69979633,78.73088923
0.1229142076,0.03235855367,NaN,NaN,0,2.26538597,0.5685659628,14.32224218,0,21.49336963,-21.07194841,74.85505759
0.1229142076,0.03622226157,NaN,NaN,0,-0.2781125442,0.6466821145,14.41975348,0,16.98048822,-23.23269836,73.11325677
0.1229142076,0.04008596947,NaN,NaN,0,-0.6326327653,0.7262574273,17.1293269,0,12.45697537,-21.40453836,72.93890047
0.1229142076,0.04394967737,NaN,NaN,0,-2.037005805,0.8024169614,17.25763293,0,10.93523854,-18.91783328,73.07983658
0.1229142076,0.04781338527,NaN,NaN,0,-8.292125338,0.8700027912,33.04143976,0,27.43004933,-14.16734718,73.47502007
0.1229142076,0.05167709317,NaN,NaN,0,3.743832426,0.9985985097,36.4889859,0,31.69517727,-35.57628011,72.0667121
0.1229142076,0.05554080107,NaN,NaN,0,14.35344934,1.177039978,18.72691772,0,4.208729636,-62.05343316,70.93939107
0.1229142076,0.05940450897,0.3791967319,1.262193954,1,13.83635986,1.317924027,-28.39891584,0,-7.928254672,-75.98982065,73.2783303
0.1229142076,0.06326821687,0.4072109793,1.29638453,1,9.316179758,1.358835395,-57.48922685,0,1.161305141,-55.60815748,72.56182847
0.1229142076,0.06713192477,0.4196786731,1.254926052,1,46.08804681,1.323242073,-37.7234776,6.909271355,9.183751245,-77.11059958,71.50877536
0.1229142076,0.07099563267,0.6207650621,1.448564865,1,59.21335766,1.575972534,-35.39034858,13.14163234,-4.762302236,-127.5764497,66.80302855
0.1229142076,0.07485934057,0.6300616462,1.611106219,1,50.35018689,1.729925122,-16.88493491,0,-50.74451781,-136.6713556,68.64082738
0.1229142076,0.07872304847,0.6192414826,1.911384605,1,60.51249606,2.009191659,-16.5855894,0,-60.76462955,-126.0965642,72.04895423
0.1229142076,0.08258675637,0.629087476,2.034224637,1,40.01572419,2.12927709,-18.07839127,0,-68.90429084,-97.61282459,72.81568627
0.1229142076,0.08645046427,0.5076244994,2.218682423,1,51.6476555,2.276012813,34.61377029,0,-103.3286911,-138.0915157,77.11279947
0.1229142076,0.09031417218,0.4294070504,2.701507415,1,47.16976689,2.735421856,12.71707448,0,-75.79156704,-119.8781623,80.96834096
0.1229142076,0.09417788008,0.397038224,2.730991687,1,112.237229,2.759701967,61.99477972,5.000031264,-91.81979712,-174.9101972,81.72815318
0.1229142076,0.09804158798,0.5082940433,3.616839046,1,73.13925023,3.652381076,224.914728,0,-124.0375118,-251.1136414,82.00030347
0.1229142076,0.1019052959,0.2003822089,4.570226259,1,137.1347051,4.574617042,-27.26577239,37.11998245,-16.19036121,-147.9133804,87.48946646
0.1229142076,0.1057690038,0.9755876605,4.082986163,2,379.448406,4.197921782,-158.7543699,93.41512417,77.75551149,-23.79345703,76.5617203
0.1229142076,0.1096327117,1.966884597,4.048776713,2,254.4043709,4.501247371,521.7933312,0,-401.8471827,299.3427507,64.08964595
0.1229142076,0.1134964196,0.4059117037,4.942470228,1,163.3310951,4.959110431,-499.1919596,0,-536.2200556,297.4393872,85.30498955
0.1229142076,0.1173601275,0.5261505744,0.9708258848,1,363.5132677,1.104236082,-949.5612773,0,-177.106498,-57.17176839,61.54399765
0.1229142076,0.1212238354,NaN,NaN,0,328.4854813,1.87131475,-125.4780893,0,-17.91208711,-396.571019,53.00200569
0.1267779155,0.01690372206,NaN,NaN,0,-5.930612518,0.4367159075,16.87856769,0,18.68667965,9.352128366,91.12726612
0.1267779155,0.02076742997,NaN,NaN,0,-3.916845501,0.4514568042,15.48191404,0,20.65419846,3.930603605,87.9624576
0.1267779155,0.02463113787,NaN,NaN,0,-0.8100779585,0.4845182832,14.89742989,0,22.62696404,-4.702619149,83.35387183
0.1267779155,0.02849484577,NaN,NaN,0,1.052776566,0.5363702436,14.77864789,0,21.21150869,-11.9053388,79.21744725
0.1267779155,0.03235855367,NaN,NaN,0,1.809967744,0.6013904479,14.9572064,0,18.25256271,-16.74258158,76.33264029
0.1267779155,0.03622226157,NaN,NaN,0,1.318310716,0.6732960629,15.8814364,0,15.53213892,-19.3902516,74.68267287
0.1267779155,0.04008596947,NaN,NaN,0,0.9553456446,0.7498380065,17.86749079,0,13.46940762,-20.14310249,73.9585676
0.1267779155,0.04394967737,NaN,NaN,0,0.3845454657,0.8297985257,20.2984842,0,13.50543873,-20.49740538,73.64983109
0.1267779155,0.04781338527,NaN,NaN,0,-0.07782836571,0.9161888831,25.72809228,0,17.47150819,-22.05866575,73.45696903
0.1267779155,0.05167709317,NaN,NaN,0,4.537858953,1.025960549,26.74240898,0,16.38980495,-30.46010693,72.9511514
0.1267779155,0.05554080107,NaN,NaN,0,9.641533554,1.151169672,21.28373485,0,5.491511699,-37.30839717,72.73123247
0.1267779155,0.05940450897,NaN,NaN,0,13.1183313,1.259581145,17.95533754,0,-4.845478722,-27.4657289,73.42751928
0.1267779155,0.06326821687,NaN,NaN,0,4.330818966,1.328416432,7.886572168,0,-0.947674849,-21.15222393,73.6617378
0.1267779155,0.06713192477,NaN,NaN,0,-17.9063122,1.370984513,7.915548287,3.914459701,7.747856404,-22.96272976,74.2413718
0.1267779155,0.07099563267,0.3344443399,1.3940765,1,9.717827849,1.433632555,-17.06119155,0,8.935034303,-49.67997442,76.50947499
0.1267779155,0.07485934057,0.4444085654,1.445484617,1,31.40384974,1.512258162,4.195595944,7.270819012,16.90154472,-65.15179641,72.91016009
0.1267779155,0.07872304847,0.5210822741,1.662014567,1,44.6914019,1.741786198,26.50190383,9.984717685,-2.657301545,-82.86853295,72.5925142
0.1267779155,0.08258675637,0.606816051,1.868060037,1,10.77681278,1.964147149,5.350303013,0,-12.08190874,-83.59569249,72.00425715
0.1267779155,0.08645046427,0.5160397646,2.005675913,1,-13.33182421,2.070998046,46.48340067,0,-69.62018513,-78.29401863,75.57133521
0.1267779155,0.09031417218,0.2863137172,2.350163538,1,16.79966432,2.367539693,31.4679708,0,-141.9384777,-58.48194574,83.05404733
0.1267779155,0.09417788008,0.0325399426,2.353216116,1,-41.02569503,2.353441084,39.31733233,0,-83.39903029,-115.4173055,89.20777248
0.1267779155,0.09804158798,-0.1944270771,2.948012981,1,98.61780273,2.954417442,107.3422139,0,-130.873219,-225.9461081,93.77330138
0.1267779155,0.1019052959,-0.09208556425,3.640944839,1,365.4242545,3.642109151,102.236139,83.47463134,-181.8406936,17.95667045,91.44879691
0.1267779155,0.1057690038,0.5148861774,3.273644229,1,893.112577,3.313888096,-146.5628408,221.0569859,380.6431484,196.087742,81.0616151
0.1267779155,0.1096327117,4.829334495,2.317043075,1,348.4223348,5.356413005,310.1776305,26.74364278,-126.2866823,542.5076565,25.63100107
0.1267779155,0.1134964196,1.373153453,2.375988872,2,-218.6403922,2.744243707,-232.3317334,0,-1060.849579,223.4534542,59.97512662
0.1267779155,0.1173601275,-0.1142410133,0.5560222445,1,-156.1625444,0.5676369839,-215.2708207,0,-91.15217964,118.2907762,101.6104846
0.1267779155,0.1212238354,NaN,NaN,0,174.3364515,1.164647704,22.92407858,0,100.9652155,-252.0356564,68.98792215
0.1306416234,0.01690372206,NaN,NaN,0,-4.455083106,0.4778460798,11.45194195,0,12.78971958,4.233402299,86.42923885
0.1306416234,0.02076742997,NaN,NaN,0,-2.787273806,0.4930014024,11.61871315,0,14.14657724,0.7878517054,84.66226409
0.1306416234,0.02463113787,NaN,NaN,0,-0.05835768492,0.5239676968,12.74673933,0,15.92170647,-5.129554266,81.91964162
0.1306416234,0.02849484577,NaN,NaN,0,1.705767347,0.5700930664,13.74447321,0,15.89300194,-10.47635812,79.16636853
0.1306416234,0.03235855367,NaN,NaN,0,2.603397723,0.6285170301,14.84649914,0,14.77323358,-14.60278753,76.9755993
0.1306416234,0.03622226157,NaN,NaN,0,2.78604202,0.6958955139,16.28129491,0,13.42609714,-17.44262395,75.49546023
0.1306416234,0.04008596947,NaN,NaN,0,2.751159162,0.7702320981,18.16071568,0,12.38307747,-19.28021464,74.61963669
0.1306416234,0.04394967737,NaN,NaN,0,2.697670389,0.8508350453,20.3407208,0,12.14560058,-20.87001999,74.12297428
0.1306416234,0.04781338527,NaN,NaN,0,3.058407456,0.9390574943,22.83003617,0,12.56073976,-23.1098035,73.82244581
0.1306416234,0.05167709317,NaN,NaN,0,4.843898197,1.038114723,23.4688229,0,10.90102265,-26.89708469,73.59936874
0.1306416234,0.05554080107,NaN,NaN,0,6.556494625,1.142908026,21.71027516,0,6.21299093,-29.2543197,73.61155619
0.1306416234,0.05940450897,NaN,NaN,0,6.382108164,1.240972947,19.71699309,0,2.285007587,-26.74543976,73.98112997
0.1306416234,0.06326821687,NaN,NaN,0,1.489052064,1.324709534,17.30272111,0,3.451642728,-24.43418815,74.41276518
0.1306416234,0.06713192477,NaN,NaN,0,-6.315702676,1.401482433,19.69373346,0,8.111986522,-24.18908879,75.05034263
0.1306416234,0.07099563267,NaN,NaN,0,-6.714375179,1.490396255,29.45873812,0,15.2564116,-22.57088939,75.90738076
0.1306416234,0.07485934057,NaN,NaN,0,-15.11254727,1.604343871,26.90554355,0,25.0927532,-46.31496726,75.76362674
0.1306416234,0.07872304847,NaN,NaN,0,-20.257591,1.774452963,30.17586393,0,2.716268511,-70.97869433,76.92402713
0.1306416234,0.08258675637,0.3267701465,1.945905214,1,-8.047416887,1.973151244,-0.09532808397,1.985967905,3.714861395,-70.69010393,80.46742859
0.1306416234,0.08645046427,0.3847175635,2.001200638,1,-5.389486249,2.037844842,-7.40296181,0,4.939865176,-44.22882726,79.11802671
0.1306416234,0.09031417218,0.325032942,2.088189602,1,-17.8276431,2.113334386,68.73792816,0,-55.08351225,-77.77233431,81.15273518
0.1306416234,0.09417788008,0.1030101565,2.567273497,1,-49.94641492,2.569339273,93.99007673,0,-21.22607248,-72.16202043,87.70227717
0.1306416234,0.09804158798,0.05004324014,2.730152772,1,95.85882948,2.730611376,35.39541105,20.60033926,49.53569161,64.25865458,88.94989561
0.1306416234,0.1019052959,0.6647721164,2.455754355,1,265.1693871,2.544140605,-19.12656571,73.28291916,23.90375239,143.2042331,74.85306233
0.1306416234,0.1057690038,1.166937413,2.102953982,1,728.6438469,2.405027729,-23.06981209,156.8497746,461.0525481,39.33516974,60.97393402
0.1306416234,0.1096327117,5.261411477,2.214639733,1,-110.0764419,5.708509427,-655.1987376,0,-95.76955039,-547.9095603,22.82725834
0.1306416234,0.1134964196,0.3716086262,1.68841994,1,-593.4179046,1.728830491,-299.2554906,0,-729.1363873,-42.34352567,77.58752443
0.1306416234,0.1173601275,NaN,NaN,0,-130.3419404,1.231355949,-33.07890979,22.56796123,96.51541155,90.47264877,82.93513832
0.1306416234,0.1212238354,NaN,NaN,0,-7.481583955,1.234782523,-36.98792631,0,53.79191141,-31.31765424,78.74911626
0.1345053313,0.01690372206,NaN,NaN,0,-1.992378245,0.5059408483,7.66165395,0,8.190886585,0.7571178955,84.09942733
0.1345053313,0.02076742997,NaN,NaN,0,-0.6351498141,0.5205464692,8.598892178,0,9.304343592,-1.68767973,82.9392333
0.1345053313,0.02463113787,NaN,NaN,0,1.658153678,0.5496957815,10.72634108,0,11.02028264,-6.127091497,81.05109029
0.1345053313,0.02849484577,NaN,NaN,0,3.225252783,0.5925839608,12.60600649,0,11.66555902,-10.2677519,79.00965159
0.1345053313,0.03235855367,NaN,NaN,0,4.111813783,0.6473824736,14.40302204,0,11.52127254,-13.74958647,77.23499989
0.1345053313,0.03622226157,NaN,NaN,0,4.471300479,0.711922498,16.23652841,0,11.01593859,-16.49724203,75.90505908
0.1345053313,0.04008596947,NaN,NaN,0,4.565578595,0.7845415152,18.15335624,0,10.49120452,-18.66511212,75.0132433
0.1345053313,0.04394967737,NaN,NaN,0,4.59656947,0.8643372656,20.07364713,0,10.13314635,-20.59265644,74.46113212
0.1345053313,0.04781338527,NaN,NaN,0,4.769889606,0.9511449982,21.78250871,0,9.724827625,-22.61344358,74.14913124
0.1345053313,0.05167709317,NaN,NaN,0,5.222831754,1.044634061,22.59257128,0,8.440554944,-24.76410863,74.02212389
0.1345053313,0.05554080107,NaN,NaN,0,5.358438586,1.141579429,22.37154982,0,6.174421786,-26.06635718,74.108581
0.1345053313,0.05940450897,NaN,NaN,0,4.364554667,1.236850213,21.89963853,0,4.320875413,-25.82752227,74.42411993
0.1345053313,0.06326821687,NaN,NaN,0,1.558983803,1.328249364,21.91358575,0,4.357251653,-25.65000013,74.89442433
0.1345053313,0.06713192477,NaN,NaN,0,-2.131175387,1.42027389,24.09792631,0,5.99203535,-26.78854786,75.52656497
0.1345053313,0.07099563267,NaN,NaN,0,-4.439873116,1.52239949,28.42791134,0,8.178666889,-29.96848279,76.28083578
0.1345053313,0.07485934057,NaN,NaN,0,-7.89893884,1.642897659,30.52768524,0,8.513654171,-39.82277984,77.00555986
0.1345053313,0.07872304847,NaN,NaN,0,-8.798738984,1.78810219,33.74420339,0,-0.5431689635,-47.1832112,78.27291578
0.1345053313,0.08258675637,NaN,NaN,0,-1.647618484,1.942320472,38.12037265,0,-10.48643615,-38.18111476,80.11855289
0.1345053313,0.08645046427,NaN,NaN,0,-18.3931325,2.069933268,26.49602397,0,-2.807850977,-49.2632479,81.20338521
0.1345053313,0.09031417218,NaN,NaN,0,-43.79155597,2.220495983,44.09424816,0,-7.887412038,-64.2466594,83.49895784
0.1345053313,0.09417788008,0.1168771762,2.46418313,1,12.08300273,2.466953338,84.52459249,0,-27.81925626,-61.1427766,87.28447372
0.1345053313,0.09804158798,0.1906071236,2.769033907,1,58.5418584,2.775586398,53.12816636,6.053453505,11.45233639,-10.17417852,86.06224263
0.1345053313,0.1019052959,0.3873142996,2.7087649,1,49.22433287,2.736314977,-120.3506468,0,50.97052,16.63804561,81.86268648
0.1345053313,0.1057690038,0.5777307683,2.239749614,1,-30.28317419,2.313060996,-170.1125013,0,-23.14706567,-83.03444464,75.53616097
0.1345053313,0.1096327117,0.1808754597,2.372320725,1,-52.91623989,2.379206076,-709.381702,0,-82.81248151,-608.924492,85.63997029
0.1345053313,0.1134964196,0.05331463509,1.851612298,1,48.93624058,1.8523797,-170.4017114,0,-67.92417448,72.83301585,88.35070235
0.1345053313,0.1173601275,NaN,NaN,0,-1.317856591,1.436561498,-78.61852619,0,27.29656821,57.9510926,85.70799617
0.1345053313,0.1212238354,NaN,NaN,0,-3.215671165,1.332837719,-44.70344052,0,27.11869908,11.50453765,83.37852586
0.1383690392,0.01690372206,NaN,NaN,0,-0.705739564,0.5200076264,6.025257239,0,6.025257239,-0.705739564,83.1203731
0.1383690392,0.02076742997,NaN,NaN,0,0.491161814,0.5342182204,7.225126295,0,7.048619366,-2.784599284,82.19314706
0.1383690392,0.02463113787,NaN,NaN,0,2.55654339,0.562418042,9.718899454,0,8.733847536,-6.658206974,80.64516852
0.1383690392,0.02849484577,NaN,NaN,0,4.024075014,0.6038270317,11.96629867,0,9.62888026,-10.30186245,78.90601052
0.1383690392,0.03235855367,NaN,NaN,0,4.905776741,0.6569896423,14.06929899,0,9.871886357,-13.48431956,77.32374545
0.1383690392,0.03622226157,NaN,NaN,0,5.320061186,0.7201609397,16.0968379,0,9.726886515,-16.14324813,76.07692478
0.1383690392,0.04008596947,NaN,NaN,0,5.448600069,0.7918228123,18.06863289,0,9.427340863,-18.3642362,75.19698532
0.1383690392,0.04394967737,NaN,NaN,0,5.444232594,0.8708968536,19.91597915,0,9.079859386,-20.32407373,74.63488893
0.1383690392,0.04781338527,NaN,NaN,0,5.420189891,0.9565864072,21.45706749,0,8.546429294,-22.16391849,74.32661488
0.1383690392,0.05167709317,NaN,NaN,0,5.397677082,1.047735983,22.38133105,0,7.483371263,-23.84562172,74.23149432
0.1383690392,0.05554080107,NaN,NaN,0,5.073177016,1.141997949,22.71583236,0,5.939962137,-24.98736006,74.34333697
0.1383690392,0.05940450897,NaN,NaN,0,4.004621859,1.236708285,22.97049219,0,4.620886882,-25.4742253,74.65478895
0.1383690392,0.06326821687,NaN,NaN,0,1.938029244,1.331350593,23.75621444,0,4.239927747,-26.14758482,75.13624407
0.1383690392,0.06713192477,NaN,NaN,0,-0.6522825078,1.429239157,25.86140218,0,4.644409283,-27.84169222,75.77758365
0.1383690392,0.07099563267,NaN,NaN,0,-2.998787803,1.53633526,29.09508651,0,4.936351175,-31.22392327,76.56542099
0.1383690392,0.07485934057,NaN,NaN,0,-5.53007676,1.657744409,31.63739499,0,3.611846329,-37.22014583,77.50603228
0.1383690392,0.07872304847,NaN,NaN,0,-6.62813022,1.794706301,34.35420965,0,-1.678839776,-41.54893793,78.76942989
0.1383690392,0.08258675637,NaN,NaN,0,-6.377080349,1.939440918,37.2058062,0,-7.283691262,-40.71868115,80.30718515
0.1383690392,0.08645046427,NaN,NaN,0,-14.36829026,2.08266755,35.66033241,0,-6.172999942,-45.90849465,81.80825477
0.1383690392,0.09031417218,NaN,NaN,0,-18.73730749,2.240587703,44.41461678,0,-8.024808031,-46.60810517,83.66653915
0.1383690392,0.09417788008,NaN,NaN,0,9.18749629,2.420836574,61.37198698,0,-17.25358462,-21.78644423,85.41894352
0.1383690392,0.09804158798,NaN,NaN,0,66.30274018,2.557351295,12.9660223,0,-48.00263613,0.1808197012,85.15477891
0.1383690392,0.1019052959,NaN,NaN,0,60.22378558,2.476618215,-85.95390351,0,-67.2515799,22.15126478,83.87949293
0.1383690392,0.1057690038,0.1888515578,2.130525821,1,15.82056512,2.138879423,-147.6729315,0,-40.71776304,-53.62552091,84.93449427
0.1383690392,0.1096327117,0.1678614196,2.099129389,1,45.57316571,2.105830393,-119.0111279,0,-95.8409076,112.274573,85.42794827
0.1383690392,0.1134964196,-0.005368313661,1.236905431,1,146.6398892,1.236917081,-114.3888959,0,-171.5554207,84.01240255,90.2486688
0.1383690392,0.1173601275,NaN,NaN,0,41.14523984,1.334486643,2.525738425,0,-10.60197599,-21.11748832,86.92461024
0.1383690392,0.1212238354,NaN,NaN,0,9.508503871,1.333023662,-11.73888504,0,11.73888504,-9.508503871,85.15266448
