PIVlab, ASCII chart output - 19-Sep-2021
FRAME: 708, filenames: A: 72_12_75_60 708.jpg & B: 72_12_75_60 709.jpg, conversion factor xy (px -> m): 0.00024148, conversion factor uv (px/frame -> m/s): 1
x [m],y [m],u [m/s],v [m/s],Vector type [-],vorticity [1/s],magnitude [m/s],divergence [1/s],dcev [1],simple shear [1/s],simple strain [1/s],vector direction [degrees]
0.03791263377,0.01690372206,NaN,NaN,0,-0.1115323513,0.5756872332,-2.407993137,0,2.407993137,0.1115323513,-67.84298448
0.03791263377,0.02076742997,NaN,NaN,0,0.3833118804,0.5818727737,-2.945770988,0,2.955988096,0.8600926078,-67.61915562
0.03791263377,0.02463113787,NaN,NaN,0,1.343878063,0.5942065619,-4.068626882,0,3.917405319,2.310338449,-67.22552398
0.03791263377,0.02849484577,NaN,NaN,0,2.214693474,0.6124751648,-5.159072642,0,4.644492525,3.721555843,-66.73861035
0.03791263377,0.03235855367,NaN,NaN,0,3.007344648,0.6362003764,-6.193853992,0,5.174820719,4.985412053,-66.22101496
0.03791263377,0.03622226157,NaN,NaN,0,3.685413187,0.6647505738,-7.154425048,0,5.636199564,6.083972221,-65.70550769
0.03791263377,0.04008596947,NaN,NaN,0,4.184282789,0.6976385357,-8.060256312,0,6.137590525,7.130188013,-65.20794294
0.03791263377,0.04394967737,NaN,NaN,0,4.47515437,0.7347537756,-8.960632638,0,6.646100182,8.291938462,-64.75397656
0.03791263377,0.04781338527,NaN,NaN,0,4.574253086,0.7762507567,-9.914166965,0,7.01604543,9.644773213,-64.3917719
0.03791263377,0.05167709317,NaN,NaN,0,4.473852407,0.8222469272,-10.98210634,0,7.169435403,11.14552151,-64.17747822
0.03791263377,0.05554080107,NaN,NaN,0,3.988998016,0.87279858,-12.31316888,0,7.316232737,12.82586783,-64.15444932
0.03791263377,0.05940450897,NaN,NaN,0,3.125128074,0.9287093822,-13.89426894,0,7.358381704,15.02501194,-64.36192966
0.03791263377,0.06326821687,NaN,NaN,0,1.931341752,0.9910915084,-15.36643782,0,6.654492749,18.03104538,-64.86306631
0.03791263377,0.06713192477,NaN,NaN,0,-0.3009857974,1.059713789,-17.20796696,0,5.44616615,21.4246677,-65.76380236
0.03791263377,0.07099563267,NaN,NaN,0,-3.019414687,1.135573297,-19.90158606,0,3.559897392,24.89428062,-67.15478266
0.03791263377,0.07485934057,NaN,NaN,0,-2.786424419,1.220354623,-21.64482135,0,-1.811189017,26.92831907,-69.01187077
0.03791263377,0.07872304847,NaN,NaN,0,-1.795067165,1.304682548,-19.33740237,0,-8.868830895,26.18647389,-71.07655085
0.03791263377,0.08258675637,NaN,NaN,0,-2.879118086,1.373571416,-13.11528352,0,-15.84584714,22.38834634,-73.24827554
0.03791263377,0.08645046427,NaN,NaN,0,-12.96808703,1.415493098,-9.580183767,0,-14.85230421,18.49797298,-75.65231879
0.03791263377,0.09031417218,NaN,NaN,0,-39.16245815,1.452683805,13.00030806,0,-23.58061949,47.92727554,-78.54872536
0.03791263377,0.09417788008,NaN,NaN,0,-139.3685085,1.510182818,96.04616218,0,-84.86847491,166.0140658,-85.88586508
0.03791263377,0.09804158798,NaN,NaN,0,-58.09336468,1.789983458,-138.4392402,0,-177.4934352,-100.921355,-108.8381476
0.03791263377,0.1019052959,NaN,NaN,0,401.38596,1.835662435,-301.7080529,0,-83.31747552,-566.2419207,-115.9025027
0.03791263377,0.1057690038,0.6509453894,-0.6720204777,2,1034.788994,0.9355968269,-201.9172546,0,345.0494184,-1053.672628,-45.91265505
0.03791263377,0.1096327117,4.529399815,1.639684567,1,1097.420952,4.817055964,-451.6712716,0,-136.0036731,-930.2326629,19.90072388
0.03791263377,0.1134964196,4.365580924,1.177000951,2,-191.2273882,4.521463042,-11.47353703,0,-39.72472638,303.7801726,15.08870537
0.03791263377,0.1173601275,NaN,NaN,0,-48.97600186,3.661426367,-235.8714358,0,-240.0036124,59.61979948,6.612640361
0.03791263377,0.1212238354,NaN,NaN,0,-0.4381830605,3.249239961,-200.415613,0,-200.415613,-0.4381830605,0.6226391429
0.04177634167,0.01690372206,NaN,NaN,0,-0.6227348389,0.5695106691,-3.008228572,0,3.12997803,-0.5418538099,-68.07167191
0.04177634167,0.02076742997,NaN,NaN,0,-0.1383890067,0.5757458606,-3.482842027,0,3.746775159,0.2960206856,-67.80160028
0.04177634167,0.02463113787,NaN,NaN,0,0.8263918333,0.5883088346,-4.542263704,0,4.75897234,1.90814021,-67.34311057
0.04177634167,0.02849484577,NaN,NaN,0,1.715056642,0.607066373,-5.597040444,0,5.419052605,3.486613633,-66.80444519
0.04177634167,0.03235855367,NaN,NaN,0,2.568649944,0.6314274471,-6.592946207,0,5.797047408,4.825826175,-66.26166749
0.04177634167,0.03622226157,NaN,NaN,0,3.322112766,0.6604649502,-7.476179194,0,6.138686804,5.869302243,-65.73450923
0.04177634167,0.04008596947,NaN,NaN,0,3.850174697,0.693459388,-8.267980927,0,6.672577943,6.812383681,-65.21197738
0.04177634167,0.04394967737,NaN,NaN,0,4.110888667,0.7304097062,-9.040166605,0,7.340703158,7.968162191,-64.70531706
0.04177634167,0.04781338527,NaN,NaN,0,4.167568365,0.771773596,-9.85873323,0,7.838784821,9.437888357,-64.27525117
0.04177634167,0.05167709317,NaN,NaN,0,4.089945102,0.8177009285,-10.69901068,0,7.944389059,10.98589599,-63.99862812
0.04177634167,0.05554080107,NaN,NaN,0,3.467613089,0.8674534495,-11.86776655,0,8.321281579,12.50243484,-63.91048857
0.04177634167,0.05940450897,NaN,NaN,0,2.500761433,0.9222981367,-13.49155925,0,9.058702648,14.72976349,-64.019763
0.04177634167,0.06326821687,NaN,NaN,0,1.655569333,0.9850548115,-14.32636851,0,8.473244039,18.31416553,-64.36656112
0.04177634167,0.06713192477,NaN,NaN,0,-1.203712239,1.05300187,-15.49572667,0,7.512936091,22.20882746,-65.11162432
0.04177634167,0.07099563267,NaN,NaN,0,-6.006602662,1.127689449,-19.7250939,0,7.08048386,27.45673106,-66.45243249
0.04177634167,0.07485934057,NaN,NaN,0,-3.177369641,1.222294073,-24.05590853,0,-0.4920553116,31.3437698,-68.53351988
0.04177634167,0.07872304847,NaN,NaN,0,1.509773491,1.321925171,-21.32522998,0,-10.17888901,31.16962851,-70.72614447
0.04177634167,0.08258675637,NaN,NaN,0,5.123612901,1.402756693,-8.804814958,0,-22.81421929,24.10404163,-72.84251728
0.04177634167,0.08645046427,NaN,NaN,0,2.012483453,1.423376323,-13.30486153,0,-4.005614305,0.4990113522,-75.01676419
0.04177634167,0.09031417218,NaN,NaN,0,25.59072665,1.451629251,5.047554161,0,38.23741508,11.78239624,-73.75398422
0.04177634167,0.09417788008,0.6146079052,-1.401005144,1,-156.4299115,1.529888326,-9.627016659,0,-217.9511613,127.8318415,-66.31338626
0.04177634167,0.09804158798,-1.040388038,-1.924765571,1,-387.8253626,2.187951044,55.91551934,0,-412.766538,363.0351391,-118.3924254
0.04177634167,0.1019052959,-2.478645346,-2.587625645,1,-92.26478386,3.583223302,208.3090952,0,-97.78137538,228.94498,-133.7677034
0.04177634167,0.1057690038,-1.774670885,-2.004496602,1,727.3196743,2.677211866,227.3251049,107.5643225,395.5417578,-250.0696739,-131.5199091
0.04177634167,0.1096327117,1.85976324,-0.7431116663,1,1392.667166,2.002731699,-137.0877502,255,342.698372,-1036.27026,-21.7803286
0.04177634167,0.1134964196,4.930274653,1.469681967,1,518.9446511,5.14466454,-450.1082688,40.31643117,-147.0706167,-656.0530663,16.59896749
0.04177634167,0.1173601275,NaN,NaN,0,-41.11409391,3.296995482,-478.7933958,0,-494.4457362,-7.562114623,0.9141114692
0.04177634167,0.1212238354,NaN,NaN,0,39.49254939,2.882480591,-261.2545118,0,-264.9485053,-52.32726231,-6.994633733
0.04564004958,0.01690372206,NaN,NaN,0,-1.545114416,0.5571324362,-4.284909153,0,4.568097282,-2.030286257,-68.58707541
0.04564004958,0.02076742997,NaN,NaN,0,-1.156883157,0.5633326127,-4.573118128,0,5.412142021,-0.9471221702,-68.19583224
0.04564004958,0.02463113787,NaN,NaN,0,-0.2583601796,0.5762677246,-5.460117571,0,6.596038093,1.100015963,-67.57373447
0.04564004958,0.02849484577,NaN,NaN,0,0.6430415533,0.5961099,-6.453258423,0,7.083147907,3.131553105,-66.91540614
0.04564004958,0.03235855367,NaN,NaN,0,1.688216703,0.6220339287,-7.406821685,0,6.997498524,4.659866285,-66.33325625
0.04564004958,0.03622226157,NaN,NaN,0,2.696516643,0.6522785963,-8.156977799,0,6.936618894,5.487413687,-65.80927926
0.04564004958,0.04008596947,NaN,NaN,0,3.295087631,0.6853805566,-8.72783867,0,7.56165822,6.049365202,-65.25249529
0.04564004958,0.04394967737,NaN,NaN,0,3.407920784,0.7217018272,-9.240493171,0,8.74808614,7.163264719,-64.62885037
0.04564004958,0.04781338527,NaN,NaN,0,3.284738517,0.762771057,-9.848937113,0,9.664449723,9.085373599,-64.0413972
0.04564004958,0.05167709317,NaN,NaN,0,3.576850798,0.8093589567,-10.04658279,0,9.121950183,10.89859302,-63.64761811
0.04564004958,0.05554080107,NaN,NaN,0,2.458939126,0.8570531586,-10.83915264,0,9.797610553,11.59638681,-63.46035638
0.04564004958,0.05940450897,NaN,NaN,0,0.6964218297,0.908064554,-13.59514727,0,13.14021668,13.3601274,-63.39799526
0.04564004958,0.06326821687,NaN,NaN,0,2.213098637,0.9741140034,-12.28559839,0,11.84763242,18.95317769,-63.38433081
0.04564004958,0.06713192477,NaN,NaN,0,-1.599617816,1.040326148,-9.66930212,0,10.4886383,22.69392073,-63.69935015
0.04564004958,0.07099563267,NaN,NaN,0,-18.2707421,1.101582947,-18.1989807,0,19.38598529,32.62821998,-64.70109148
0.04564004958,0.07485934057,NaN,NaN,0,-5.670033825,1.221121963,-32.20761445,0,3.185181766,41.14127499,-67.60382185
0.04564004958,0.07872304847,NaN,NaN,0,7.656358802,1.359905828,-31.39052618,0,-10.30889146,44.7564966,-70.17766476
0.04564004958,0.08258675637,0.4550094859,-1.423224358,1,12.06203494,1.494189146,5.843680768,0,-53.43724888,35.6767459,-72.27075168
0.04564004958,0.08645046427,0.3012886788,-1.394595821,1,62.36945231,1.426769908,-26.37610418,0,-88.65911982,-38.88246805,-77.80916939
0.04564004958,0.09031417218,0.3534338898,-1.374903421,1,107.0482955,1.419603794,-21.4149095,18.5053103,-38.78069812,69.01520997,-75.58363234
0.04564004958,0.09417788008,0.5650547343,-1.743991388,1,184.2505923,1.833246523,-77.3197581,31.73500675,-6.366867708,30.23600934,-72.04763036
0.04564004958,0.09804158798,1.040724642,-1.790467489,1,126.6156693,2.070961518,157.7159882,0,-43.15321889,139.2292152,-59.8323357
0.04564004958,0.1019052959,0.8875292634,-1.672563897,1,-139.9418023,1.893456675,445.7315445,0,16.31505935,488.0344178,-62.04779125
0.04564004958,0.1057690038,0.5630670184,-1.953913435,1,-426.4981987,2.033426217,550.5131939,0,195.7245256,743.2100225,-73.92439486
0.04564004958,0.1096327117,-0.004112800369,-2.417088156,1,-1266.816479,2.417091655,799.8672676,0,1144.816991,655.5432276,-90.09749163
0.04564004958,0.1134964196,0.09169663417,-1.396287501,1,1333.758764,1.399295201,-40.04162117,190.5500098,-877.7083791,-321.4250629,-86.24268158
0.04564004958,0.1173601275,NaN,NaN,0,625.478194,2.204308028,-185.7350682,111.0296644,-121.8782472,-251.8180461,-37.10809947
0.04564004958,0.1212238354,NaN,NaN,0,252.3482417,2.335173833,-128.0795843,0,-107.6545652,-225.8833294,-29.24849945
0.04950375748,0.01690372206,NaN,NaN,0,-1.960371816,0.5386648869,-5.715005676,0,6.057525231,-4.160257875,-69.54118605
0.04950375748,0.02076742997,NaN,NaN,0,-1.929923311,0.5442828072,-5.628259486,0,7.493403266,-2.590583348,-68.87103159
0.04950375748,0.02463113787,NaN,NaN,0,-1.345990947,0.5574054955,-6.271830029,0,9.129890102,0.3074927087,-67.89247002
0.04950375748,0.02849484577,NaN,NaN,0,-0.5727469527,0.5791435187,-7.349053991,0,9.320002408,3.279716538,-67.00192421
0.04950375748,0.03235855367,NaN,NaN,0,0.8446586727,0.6083787093,-8.42410431,0,8.173179886,5.194672175,-66.39893568
0.04950375748,0.03622226157,NaN,NaN,0,2.480649472,0.6412965059,-9.017071649,0,7.04863203,5.371121019,-65.97310223
0.04950375748,0.04008596947,NaN,NaN,0,3.225738399,0.6741591263,-9.245902782,0,7.889349902,4.734398721,-65.42308101
0.04950375748,0.04394967737,NaN,NaN,0,2.940968321,0.7083275981,-9.345030295,0,10.42553346,5.550157885,-64.57916541
0.04950375748,0.04781338527,NaN,NaN,0,1.986614123,0.7483299425,-10.24993926,0,12.94897775,8.841748297,-63.65956509
0.04950375748,0.05167709317,NaN,NaN,0,4.473780448,0.7999833153,-8.799230737,0,9.081351398,11.9267157,-63.11399005
0.04950375748,0.05554080107,NaN,NaN,0,2.094870787,0.8434098543,-7.847113951,0,8.606993774,9.624391979,-62.88482759
0.04950375748,0.05940450897,NaN,NaN,0,-4.387111877,0.8789130021,-17.7642788,0,21.85692108,8.161181592,-62.69986564
0.04950375748,0.06326821687,NaN,NaN,0,8.1000212,0.9634413473,-11.55157567,0,15.28843066,21.4444971,-62.02695182
0.04950375748,0.06713192477,NaN,NaN,0,10.86288444,1.033877221,7.30309728,1.400265875,3.207999399,16.9854578,-61.49006997
0.04950375748,0.07099563267,0.5062738973,-0.8882907021,1,-6.019267546,1.022435147,2.496359653,0.8699194993,3.002190677,52.91122513,-60.31938185
0.04950375748,0.07485934057,0.4818239309,-1.103291795,1,-20.58692401,1.203913239,19.30456839,0,15.85423019,130.3262244,-66.40839084
0.04950375748,0.07872304847,0.4879881508,-1.317245951,1,-20.39950705,1.404731053,45.73718382,0,44.31715766,172.5865417,-69.67230088
0.04950375748,0.08258675637,0.5742347465,-1.593400662,1,-79.60551156,1.69371521,44.19885821,12.16540669,-16.70963747,210.1710367,-70.18169192
0.04950375748,0.08645046427,0.1158545486,-1.958513969,1,18.65332522,1.961937624,96.96848447,0,-14.56658226,191.1020672,-86.61465255
0.04950375748,0.09031417218,0.5900247275,-1.957105329,1,153.1341077,2.044111163,-31.99222716,25.02471354,-71.13114245,14.33150281,-73.22308228
0.04950375748,0.09417788008,0.4326900531,-2.13749533,1,34.19746471,2.180850056,-131.3245932,0,-159.2336346,30.07415954,-78.55633702
0.04950375748,0.09804158798,0.1069214901,-2.580702965,1,297.9925594,2.582916956,-106.7622894,47.86643598,-117.734749,-146.5169914,-87.62752686
0.04950375748,0.1019052959,1.129153579,-1.983894774,1,482.499786,2.282723435,425.0669058,0,324.2320677,-346.2888219,-60.3531984
0.04950375748,0.1057690038,3.223897727,0.3995902541,2,962.6172379,3.248567211,1774.96459,0,681.8887272,-957.806797,7.065565943
0.04950375748,0.1096327117,7.483044269,8.574735625,1,799.3509922,11.38077513,73.23107287,64.78257763,-719.175355,2007.738431,48.88928025
0.04950375748,0.1134964196,3.53367297,-7.074781108,1,-320.206504,7.908183886,-1000.671822,0,-1200.883071,1952.373292,-63.45903965
0.04950375748,0.1173601275,NaN,NaN,0,-281.7159438,3.258262612,415.9028532,0,-246.340116,-964.3302022,-60.4686144
0.04950375748,0.1212238354,NaN,NaN,0,-15.03231505,2.294501429,127.5130831,0,-43.24323981,-438.266936,-49.39288832
0.05336746538,0.01690372206,NaN,NaN,0,-1.090664282,0.5149315597,-7.267758122,0,7.426488583,-7.823994288,-71.28204765
0.05336746538,0.02076742997,NaN,NaN,0,-2.232158971,0.5179792985,-6.341771061,0,10.39834406,-5.173759106,-69.96149165
0.05336746538,0.02463113787,NaN,NaN,0,-2.622933346,0.5300941795,-6.64988907,0,13.11011664,-0.5591783184,-68.2071719
0.05336746538,0.02849484577,NaN,NaN,0,-2.432697089,0.5547833378,-8.2470232,0,12.89379174,4.485148163,-66.86139663
0.05336746538,0.03235855367,NaN,NaN,0,-0.2174845319,0.5910913969,-9.923469915,0,9.326586582,7.467984857,-66.33926193
0.05336746538,0.03622226157,NaN,NaN,0,3.155684174,0.6304316673,-10.2413017,0,5.195379437,6.067999493,-66.31983277
0.05336746538,0.04008596947,NaN,NaN,0,4.18624817,0.6617714155,-9.893670516,0,6.521575901,1.966950777,-65.97001805
0.05336746538,0.04394967737,NaN,NaN,0,3.143599979,0.6892908147,-8.643785965,0,12.11572004,1.461219804,-64.7001077
0.05336746538,0.04781338527,NaN,NaN,0,-2.753030795,0.7224362507,-13.0065589,0,22.62457641,8.804746002,-62.95892621
0.05336746538,0.05167709317,NaN,NaN,0,10.23678608,0.7989900535,-7.053286945,0.9136347091,5.647483889,18.34212951,-62.30434474
0.05336746538,0.05554080107,NaN,NaN,0,5.83387545,0.8377921909,6.01420637,0,-6.307907941,6.813283809,-62.2712855
0.05336746538,0.05940450897,0.3695190032,-0.7105362638,1,8.646302274,0.8008783153,8.506148857,0,13.30597963,34.78513705,-62.52302021
0.05336746538,0.06326821687,0.4746299424,-0.8431149334,1,-2.082097447,0.9675310709,27.13671448,0,50.03448079,92.27440856,-60.6227473
0.05336746538,0.06713192477,0.5547930055,-0.9622092871,1,11.16688081,1.110694373,48.11777166,0,43.23680303,78.64794575,-60.03300479
0.05336746538,0.07099563267,0.6848298854,-0.9610746083,1,77.27307231,1.180108628,75.12713513,0,49.18440856,81.85829657,-54.52758822
0.05336746538,0.07485934057,1.043387773,-0.9882165287,1,67.83003603,1.437090795,101.6221028,0,92.60125267,119.2757857,-43.44442998
0.05336746538,0.07872304847,1.304689523,-1.029283283,1,-3.546290456,1.661817928,113.3414871,0,105.6328599,163.03379,-38.27027979
0.05336746538,0.08258675637,1.437820458,-1.180213072,1,-57.63330806,1.860169499,93.49818659,0,86.00492022,221.2678239,-39.38034093
0.05336746538,0.08645046427,1.414309145,-1.52294784,1,-222.8320128,2.07837448,114.7557593,33.31882432,-75.48827396,389.4105197,-47.11820166
0.05336746538,0.09031417218,0.2851980096,-2.241398839,1,-76.91813835,2.259470438,-22.91109408,0,-244.1352496,227.7302172,-82.74858973
0.05336746538,0.09417788008,0.1738526338,-2.491352654,1,57.61357747,2.497411217,-49.97800628,0,-115.3484093,249.0398194,-86.0082325
0.05336746538,0.09804158798,0.06212748364,-3.396716375,1,245.5029868,3.397284497,-15.5749547,46.39970565,17.98798117,-69.22510869,-88.95215104
0.05336746538,0.1019052959,1.191904768,-2.284064131,2,309.4673326,2.576351282,-118.4084897,0,637.3429986,-211.104414,-62.44286777
0.05336746538,0.1057690038,3.72032604,-3.0385664,2,1194.369833,4.803510343,-879.2988518,107.4812546,577.0479137,673.6566057,-39.24013991
0.05336746538,0.1096327117,8.036145511,-8.284230401,1,1595.097749,11.54158169,-593.6880195,0,-1582.55356,-138.0640032,-45.87088205
0.05336746538,0.1134964196,3.768793125,-4.798964511,2,-1660.106519,6.101955588,960.6987874,237.9040186,-513.2399476,-874.5868294,-51.85622471
0.05336746538,0.1173601275,-0.3610304043,-1.193222863,1,-649.9649019,1.246644999,457.2461508,85.24527623,-108.8904747,-461.3024693,-106.8341068
0.05336746538,0.1212238354,NaN,NaN,0,190.023232,1.504204979,-29.62052805,0,430.0174367,-0.2507679308,-56.19931353
0.05723117328,0.01690372206,NaN,NaN,0,3.173269696,0.4893557707,-8.606255485,0,8.076328206,-15.27820803,-74.59755402
0.05723117328,0.02076742997,NaN,NaN,0,-1.701158868,0.4833166359,-5.682118525,0,15.14732385,-9.86033951,-71.70669724
0.05723117328,0.02463113787,NaN,NaN,0,-4.480886377,0.4906128631,-5.738931988,0,20.01844066,-1.85559504,-68.2344875
0.05723117328,0.02849484577,NaN,NaN,0,-6.317623527,0.5190460979,-9.065679826,0,19.81846131,7.752069576,-65.92486288
0.05723117328,0.03235855367,NaN,NaN,0,-2.437583885,0.5708215377,-12.78145045,0,11.04399527,14.1241196,-65.78965424
0.05723117328,0.03622226157,NaN,NaN,0,6.173323586,0.6276389511,-12.13099473,0,-2.115276765,9.465941317,-67.02466223
0.05723117328,0.04008596947,NaN,NaN,0,7.219970129,0.6536599295,-11.44369161,0,0.8858542211,-4.395814909,-67.53593535
0.05723117328,0.04394967737,NaN,NaN,0,8.200214221,0.6651836215,-2.329884153,0,8.891194401,-10.47697545,-65.45637821
0.05723117328,0.04781338527,0.3158022247,-0.5725818187,1,16.70491385,0.6538967688,-10.34042213,0,16.70208675,22.31268769,-61.12147272
0.05723117328,0.05167709317,0.4053827999,-0.731243222,1,-7.600312458,0.836093215,52.77577779,0,38.18474738,111.0211148,-60.99711929
0.05723117328,0.05554080107,0.4339715475,-0.7976247875,1,0.9007297188,0.9080399803,93.00368514,0,41.80357819,101.2262115,-61.45028058
0.05723117328,0.05940450897,0.5703797718,-0.7630126622,1,49.69088742,0.9526391797,121.6234132,0,74.36255466,83.29051194,-53.22054612
0.05723117328,0.06326821687,0.9132778118,-0.6495176542,1,26.51905065,1.120691547,102.9337161,0,80.34383271,108.5195441,-35.42020742
0.05723117328,0.06713192477,0.9832667385,-0.7845946696,1,-0.6015478565,1.25793572,66.86097508,0,52.24674035,156.7485776,-38.5880092
0.05723117328,0.07099563267,1.11281975,-0.9968170941,1,24.50837255,1.493992006,82.23240178,0,66.60672164,139.9459728,-41.85264502
0.05723117328,0.07485934057,1.335308848,-1.00758305,1,29.1917984,1.67280403,107.7002815,0,85.46535321,81.45412339,-37.03708317
0.05723117328,0.07872304847,1.555821493,-0.8954096056,1,46.8092504,1.795087429,119.1279698,0,70.97652223,127.1103161,-29.92137672
0.05723117328,0.08258675637,1.790398668,-1.038424504,1,79.57847951,2.069747048,110.9612906,0,51.89737334,238.7688806,-30.11357216
0.05723117328,0.08645046427,2.063805784,-1.389220801,1,-2.098732664,2.48781606,-122.4421832,0,-103.7614117,282.546739,-33.94589413
0.05723117328,0.09031417218,1.381385992,-2.603183403,1,-214.0656305,2.946996961,389.1729441,0,-9.035870106,755.8023997,-62.04722764
0.05723117328,0.09417788008,1.201806753,-2.805769925,1,-274.0649396,3.052324417,496.555595,0,-140.5904168,718.2522422,-66.81290152
0.05723117328,0.09804158798,-0.2207211849,-3.45975449,1,-147.7777078,3.46678799,5.526160265,0,-200.5391986,-535.0661944,-93.65033909
0.05723117328,0.1019052959,-0.14398803,-0.7170789732,2,-581.7016911,0.7313923753,-478.0645374,0,1267.591362,-859.6133515,-101.3538897
0.05723117328,0.1057690038,2.429356156,-1.985561322,2,290.5251845,3.137550812,-675.6087194,0,951.7416615,97.14686795,-39.25981541
0.05723117328,0.1096327117,4.655768198,-3.702780841,2,-640.5109149,5.948677455,-569.7921884,0,1012.440756,-399.4733217,-38.49559487
0.05723117328,0.1134964196,3.866384423,-2.643623673,2,-845.8289394,4.683767141,600.488391,112.676973,52.43506858,-165.192231,-34.36219997
0.05723117328,0.1173601275,1.590326031,-0.7444145726,1,-439.8708326,1.755929936,645.2846232,0,-204.1684813,171.9239348,-25.08379033
0.05723117328,0.1212238354,NaN,NaN,0,-158.5123109,1.600820648,94.40792889,0,48.60680098,130.7883545,-30.59219254
0.06109488118,0.01690372206,NaN,NaN,0,16.83814765,0.4743973661,-8.286047759,0,6.181687604,-32.73313233,-81.15259039
0.06109488118,0.02076742997,NaN,NaN,0,-0.4524603462,0.4375773,-0.3735274308,0,24.90858192,-18.801784,-74.43239017
0.06109488118,0.02463113787,NaN,NaN,0,-7.281829768,0.4313795657,-1.558040532,0,31.99786085,-4.754931905,-67.15835827
0.06109488118,0.02849484577,NaN,NaN,0,-15.91932675,0.4612609444,-9.495313667,0,35.31761758,14.25460558,-62.50786193
0.06109488118,0.03235855367,NaN,NaN,0,-9.388551067,0.546066171,-20.00565731,0,17.14620995,31.81048265,-63.6463336
0.06109488118,0.03622226157,0.242903786,-0.6093751054,1,-20.4191271,0.6560032533,-12.72702521,2.086066411,11.58801504,23.39797105,-68.26721665
0.06109488118,0.04008596947,0.2082837761,-0.628890511,1,-4.8132337,0.6624842686,10.39020253,0,5.379251587,13.2712433,-71.67552028
0.06109488118,0.04394967737,0.2450907138,-0.6205066054,1,37.00534322,0.6671565823,29.68925338,4.0333736,6.06574888,33.46297035,-68.44673053
0.06109488118,0.04781338527,0.374697895,-0.643471051,1,94.91618235,0.7446163482,53.08735546,0,101.5591155,29.8045807,-59.7874442
0.06109488118,0.05167709317,1.004213874,-0.5305487646,1,69.85380425,1.135749751,61.48464742,0,128.2880968,45.9743883,-27.8485007
0.06109488118,0.05554080107,1.140260324,-0.5835439403,1,-26.65842021,1.280904811,55.03440739,0,67.30142022,76.94687742,-27.10172233
0.06109488118,0.05940450897,1.161246555,-0.6152121482,1,-3.434846419,1.314145939,78.74744018,0,42.61049186,92.10449478,-27.91401573
0.06109488118,0.06326821687,1.291623574,-0.6351516977,1,23.32921351,1.439343301,67.2952361,0,43.31879736,104.2563092,-26.18550269
0.06109488118,0.06713192477,1.418755001,-0.7580189384,1,17.59380636,1.608557883,85.10481254,0,47.53499189,127.3614196,-28.11490344
0.06109488118,0.07099563267,1.543262227,-0.7984188843,1,22.12168934,1.737564679,101.5216839,0,69.88064379,104.8275787,-27.35514194
0.06109488118,0.07485934057,1.774225142,-0.7707919504,1,87.42214563,1.934423709,71.57208918,0,97.06905438,107.1568494,-23.48198866
0.06109488118,0.07872304847,2.256082334,-0.9359080034,1,147.5797806,2.442505125,63.64664891,12.71698751,115.082555,197.2936128,-22.53051665
0.06109488118,0.08258675637,2.789075684,-1.287164781,1,20.94833576,3.071764369,59.78401797,0,-78.71045372,313.3836062,-24.77343143
0.06109488118,0.08645046427,2.032906382,-1.915742736,1,312.2174229,2.793345412,57.60562641,46.53120378,184.707463,99.54952014,-43.30042802
0.06109488118,0.09031417218,4.709048291,-1.449223734,1,-665.7588769,4.927005707,-473.9104171,0,1399.40877,-458.4063076,-17.10590553
0.06109488118,0.09417788008,4.867515272,-1.975646086,1,-1003.316198,5.253178312,127.6973753,128.6501656,-728.9340122,684.5064522,-22.09144156
0.06109488118,0.09804158798,-1.98386053,-3.600571364,1,-1326.08025,4.11093867,1477.421556,0,-962.9145085,-292.0471283,-118.8541015
0.06109488118,0.1019052959,-3.976491859,4.861064049,1,1335.869279,6.280320947,394.2828233,227.6541476,-437.9807651,-412.3910687,129.2841651
0.06109488118,0.1057690038,1.485318415,-0.4838190737,2,1189.943511,1.562130497,-775.2792999,0,949.8866139,974.0175394,-18.04220353
0.06109488118,0.1096327117,4.291186702,-1.897707969,2,302.617115,4.692076176,9.411421308,0,723.685086,227.9879066,-23.85663599
0.06109488118,0.1134964196,5.450650337,-1.328334767,1,-391.9451432,5.610174895,469.5526834,0,5.07274436,51.51638655,-13.69612477
0.06109488118,0.1173601275,2.796424758,-0.2825378263,1,-520.3478182,2.810661675,365.058474,0,-448.607435,137.65475,-5.769322407
0.06109488118,0.1212238354,NaN,NaN,0,-354.82233,1.76513919,-99.14232545,0,-209.1615505,-12.60608639,-14.76024871
0.06495858908,0.01690372206,NaN,NaN,0,58.58540807,0.5137454871,-0.645404074,0,-3.648072854,-79.35236125,-93.18174001
0.06495858908,0.02076742997,NaN,NaN,0,-3.910041585,0.3691550061,20.14386824,0,52.06241421,-33.97050341,-77.86275906
0.06495858908,0.02463113787,0.1575321315,-0.303871425,1,6.028667364,0.3422779797,6.663602863,0,33.44349027,-15.32896225,-62.59700603
0.06495858908,0.02849484577,0.2301252243,-0.2759303566,1,-5.659512453,0.3592981778,5.259985857,0,37.27814801,34.82266486,-50.17197857
0.06495858908,0.03235855367,0.2796973035,-0.4180929814,1,-9.125759719,0.5030231831,8.840075646,0,23.64382502,54.97544788,-56.21813073
0.06495858908,0.03622226157,0.2862187879,-0.4541839588,1,-23.36687795,0.5368465917,10.10284689,0,39.28154528,48.04205867,-57.78158692
0.06495858908,0.04008596947,0.3411869294,-0.5646790138,1,1.042244368,0.6597506418,22.44585668,0,59.54485788,92.44046986,-58.85904351
0.06495858908,0.04394967737,0.5203096535,-0.7246226988,1,23.30353609,0.892076337,69.3232162,0,53.01836286,64.72567707,-54.3200588
0.06495858908,0.04781338527,0.6360724533,-0.5469154655,1,40.72805874,0.838871082,67.4890066,0,36.98575384,10.7682295,-40.68999812
0.06495858908,0.05167709317,0.8205731252,-0.5054701842,1,33.93542953,0.9637636437,-0.1196101288,0,45.73835404,-29.1911804,-31.63292449
0.06495858908,0.05554080107,0.9439086804,-0.4345914097,1,54.82920548,1.039150273,-15.11019828,2.32194101,51.26800167,5.501282391,-24.72213709
0.06495858908,0.05940450897,1.230501743,-0.5851069249,1,86.31994972,1.362528771,2.485202036,7.27832763,77.30375288,38.12255739,-25.43121476
0.06495858908,0.06326821687,1.576102873,-0.5722837412,1,87.07172928,1.676785301,33.0989919,9.89504509,61.40545126,54.78897256,-19.95598485
0.06495858908,0.06713192477,1.804174198,-0.6689106745,1,43.29501157,1.92418451,21.19199948,0,43.14789819,83.31023137,-20.34262734
0.06495858908,0.07099563267,1.910093026,-0.8122904445,1,36.09946198,2.075637525,9.519057725,5.23425497,21.27833863,87.52690556,-23.03821747
0.06495858908,0.07485934057,2.02586526,-0.9703102125,1,108.9531248,2.246248419,43.54028276,15.11947021,60.29502587,97.55030468,-25.59259784
0.06495858908,0.07872304847,2.564018443,-1.020969393,1,179.8719835,2.759813233,7.298435547,23.08852691,132.3524747,124.58648,-21.71200828
0.06495858908,0.08258675637,3.232209366,-1.423476957,1,35.75323616,3.531779159,-74.4951032,0,-8.062498464,148.3252211,-23.76887011
0.06495858908,0.08645046427,2.671007365,-1.88188204,1,-695.8656676,3.267378209,1022.51992,0,-715.4788256,-737.3175948,-35.16695127
0.06495858908,0.09031417218,-2.220813503,5.376021152,1,346.1676994,5.81666709,1.96163759,63.6834172,85.77948094,-33.30105212,112.4453301
0.06495858908,0.09417788008,4.339925099,-1.745637307,1,844.2153476,4.677841326,-988.7142584,0,858.8204485,934.9842949,-21.91134858
0.06495858908,0.09804158798,4.359219357,-2.056588147,1,-843.5749773,4.819994627,210.9065866,141.4509147,-335.0540022,1718.546461,-25.25695424
0.06495858908,0.1019052959,-0.213953001,-7.570717403,1,672.3118253,7.57374002,1180.067122,0,-973.0583427,1401.740946,-91.61878213
0.06495858908,0.1057690038,3.197222662,-2.913071053,2,883.2182065,4.325299494,1288.143077,0,614.5562129,-134.0193505,-42.33744928
0.06495858908,0.1096327117,5.573009857,-2.075897195,1,281.2234837,5.947082312,447.3468424,0,413.0371882,-19.40907584,-20.42992016
0.06495858908,0.1134964196,5.879643105,-1.109662524,1,-290.3054458,5.983439977,183.7827869,0,-237.7745289,-232.5702472,-10.68769674
0.06495858908,0.1173601275,3.532663086,-0.4672306875,1,-369.1676341,3.563427142,4.602097449,0,-907.6891616,-217.4014829,-7.534222259
0.06495858908,0.1212238354,NaN,NaN,0,-748.4758126,0.9791982517,-475.8471879,0,-590.352969,-587.3075551,-14.90736016
0.06882229698,0.01690372206,-0.236124024,-0.7092047193,1,160.2342611,0.7474796911,110.1636715,0,-4.872165592,-150.6952865,-108.4147659
0.06882229698,0.02076742997,0.06401285401,-0.2052633108,1,38.94170269,0.2150131909,90.85402713,0,56.84682482,-17.22253326,-72.67953135
0.06882229698,0.02463113787,0.1339748665,-0.2916284591,1,31.32265432,0.3209305579,7.859653518,0,47.30266265,17.69755748,-65.32582778
0.06882229698,0.02849484577,0.3677981124,-0.2432740981,1,35.20849507,0.4409736254,20.08442825,0,56.67067867,38.47958566,-33.48199687
0.06882229698,0.03235855367,0.488969156,-0.3627019741,1,-10.34954838,0.6088050242,38.07793763,0,36.1694621,70.18331483,-36.56686407
0.06882229698,0.03622226157,0.467558717,-0.3673198976,1,9.55309576,0.594588144,77.72963984,0,32.68659519,88.12160733,-38.15361489
0.06882229698,0.04008596947,0.6521709837,-0.402853501,1,31.08496048,0.7665624144,66.66564464,0,45.38504512,102.4802819,-31.70410123
0.06882229698,0.04394967737,0.7630164818,-0.5056971944,1,-15.36528666,0.9153817804,53.03358285,0,21.80728832,119.0522182,-33.53484534
0.06882229698,0.04781338527,0.6770609964,-0.657930224,1,10.56216184,0.9440782661,84.21093027,0,22.55345219,78.84005778,-44.17899274
0.06882229698,0.05167709317,0.8909655414,-0.4849457119,1,51.78093614,1.014392399,83.51041617,0,58.49481295,67.81905597,-28.55911368
0.06882229698,0.05554080107,1.103134279,-0.5973033917,1,59.66997922,1.254462666,53.69892436,0,50.89157075,96.43051575,-28.43378505
0.06882229698,0.05940450897,1.318143075,-0.6500480991,1,65.51678152,1.469715516,36.27418264,0,71.15574426,71.73631144,-26.25041504
0.06882229698,0.06326821687,1.631196997,-0.7343186989,1,77.62938778,1.788862095,-1.108810507,10.78431701,52.91309451,26.98317915,-24.23592505
0.06882229698,0.06713192477,1.822521096,-0.7585873415,1,45.88426581,1.974091664,-21.58676653,5.479553779,28.40253126,9.824685864,-22.59852709
0.06882229698,0.07099563267,1.918219482,-0.8556833757,1,71.09799579,2.10041901,-1.620445454,7.936709685,57.49269394,50.19643497,-24.04079487
0.06882229698,0.07485934057,2.31935796,-0.9587926318,1,104.6924171,2.509722027,27.37142707,0,114.6377352,95.65457279,-22.45956943
0.06882229698,0.07872304847,2.765647124,-1.119509505,1,114.3162532,2.983639648,-19.69563326,14.83765467,81.08561292,109.1089663,-22.03766713
0.06882229698,0.08258675637,3.074333693,-1.456455981,1,106.7938027,3.401880609,-176.9582149,0,-11.23851135,48.73502246,-25.34910832
0.06882229698,0.08645046427,3.134844858,-1.991522249,1,244.9728801,3.713948459,-116.1229729,30.01387263,146.7824734,142.3934048,-32.42721319
0.06882229698,0.09031417218,4.587961948,-2.455287751,1,1148.244947,5.203636495,734.5104983,87.25913101,-753.5273419,715.7963489,-28.15385014
0.06882229698,0.09417788008,4.659918387,-1.919216243,1,117.9768909,5.0396657,112.4805542,0,110.5653618,-99.61956256,-22.38461678
0.06882229698,0.09804158798,5.470982455,-1.635794855,1,83.13459667,5.710295424,171.7887582,0,263.4086772,62.29534275,-16.64638702
0.06882229698,0.1019052959,5.998860373,-1.496165668,1,-757.7734627,6.182623834,763.1696748,0,880.3326554,733.6787514,-14.00433225
0.06882229698,0.1057690038,5.944515376,-1.521850541,1,-231.1237746,6.136227842,320.6053134,0,217.0835979,292.7182802,-14.35983048
0.06882229698,0.1096327117,5.944613231,-1.388418318,1,-237.3195954,6.104599241,140.5145384,34.43839368,60.71060937,37.89811308,-13.14628745
0.06882229698,0.1134964196,5.262149842,-1.125370648,1,-497.3584789,5.381141148,-294.1690535,0,-530.251072,-41.8701183,-12.07151009
0.06882229698,0.1173601275,1.974230091,-2.363227707,1,-911.4565092,3.079355395,-104.9930746,0,-1071.866027,-437.9887253,-50.12476541
0.06882229698,0.1212238354,-2.400829109,0.1612272786,1,-1194.687775,2.406236615,261.3714142,0,-1070.006821,-1045.381089,176.1580799
0.07268600488,0.01690372206,-0.1851168921,-1.150876556,1,204.6780045,1.165669383,265.6247085,0,78.58554844,-179.1053464,-99.13767865
0.07268600488,0.02076742997,0.3621069216,-0.2917230424,1,53.49230601,0.4649986625,226.1339784,0,60.74889261,-9.066828283,-38.85584999
0.07268600488,0.02463113787,0.2562777296,-0.2421293406,1,-11.45708481,0.3525689894,35.47786206,0,35.86176248,9.928235466,-43.37396903
0.07268600488,0.02849484577,0.4563994675,-0.1930067482,1,42.11498965,0.4955321168,35.31524304,0,72.20768736,34.33891989,-22.92301349
0.07268600488,0.03235855367,0.69798716,-0.2383571131,1,17.97049334,0.7375636846,74.09074468,0,103.8348052,118.5548011,-18.85463157
0.07268600488,0.03622226157,0.927019562,-0.3648028743,1,19.02154946,0.9962160435,102.8838955,0,57.7777919,173.0420331,-21.4807443
0.07268600488,0.04008596947,0.994717382,-0.5094276638,1,24.21459009,1.117577386,115.2157006,0,42.60706605,171.1712382,-27.11848676
0.07268600488,0.04394967737,1.185198923,-0.5809987271,1,0.3831993412,1.319945456,205.0298057,0,69.84376116,202.7410609,-26.11464785
0.07268600488,0.04781338527,1.266053844,-0.5005846222,1,-31.27637634,1.361424732,281.3472644,0,88.23385999,255.0851855,-21.57333088
0.07268600488,0.05167709317,1.405266002,-0.4795297253,1,9.071232824,1.484830393,179.7958459,0,57.6810028,171.4939744,-18.84157542
0.07268600488,0.05554080107,1.523964984,-0.4685086159,1,-9.275280411,1.594355543,76.64546628,0,72.0535095,98.33186102,-17.08886334
0.07268600488,0.05940450897,1.647822742,-0.56331962,1,1.619978308,1.741450195,77.13800858,0,37.74865282,128.7132487,-18.87334861
0.07268600488,0.06326821687,1.676073875,-0.6677802787,1,1.615753579,1.804204572,34.94037847,0,27.08885222,79.75105642,-21.72329448
0.07268600488,0.06713192477,1.758728954,-0.7364549904,1,46.240026,1.90669701,12.92071143,0,62.90450463,63.9279519,-22.7211445
0.07268600488,0.07099563267,2.097776461,-0.8648573568,1,92.57436715,2.269062433,67.07259772,0,99.59151399,117.6533929,-22.4050495
0.07268600488,0.07485934057,2.501201787,-0.9318844082,1,98.59855703,2.669160717,48.81825911,0,111.4869372,122.4536194,-20.43411876
0.07268600488,0.07872304847,2.909485444,-1.14936288,1,49.45523645,3.128280771,-63.52301457,0,11.52002946,181.7426621,-21.55599815
0.07268600488,0.08258675637,2.736792404,-1.879519341,1,28.61898552,3.320033978,-136.2461118,0,-64.07114894,151.5339788,-34.4797193
0.07268600488,0.08645046427,2.772508641,-2.26126109,1,29.1524257,3.577723561,12.31813981,0,138.0331208,36.22060003,-39.20072252
0.07268600488,0.09031417218,3.382748521,-1.971871465,1,81.3600454,3.915515883,-69.83060554,0,337.1776947,-195.8721728,-30.2387605
0.07268600488,0.09417788008,4.389616214,-1.774273291,1,180.4653492,4.734635806,46.26240408,0,306.3477006,-112.0854119,-22.0084513
0.07268600488,0.09804158798,5.263651947,-1.360061758,1,97.49207876,5.436524607,4.464963833,0,207.8663764,-133.4128084,-14.48764176
0.07268600488,0.1019052959,5.569432089,-1.241553853,1,-15.66965678,5.706139655,-129.8719691,0,94.16263207,-176.1314368,-12.56705771
0.07268600488,0.1057690038,5.566925876,-1.181328687,1,-25.27737512,5.690887556,-57.19387714,0,204.6160198,-139.2803917,-11.98071829
0.07268600488,0.1096327117,6.262344228,-0.924395538,1,-267.6447807,6.330202393,-97.24334609,47.29052956,12.54268724,-82.8992987,-8.39689291
0.07268600488,0.1134964196,4.581285902,-1.236749896,1,-688.6739928,4.745285115,-102.2042094,73.38037746,-560.8004331,-60.11752114,-15.10727526
0.07268600488,0.1173601275,1.434740016,-1.087006208,1,-1092.379272,1.800017058,206.9363055,164.5042679,-632.4480271,-172.6408222,-37.14876601
0.07268600488,0.1212238354,-2.082942959,0.2298252513,1,-910.553308,2.095583694,387.464777,0,-910.3312237,-294.1765338,173.7036359
0.07654971278,0.01690372206,0.09816151884,-1.196389138,1,153.9670328,1.200409369,289.4957485,0,262.4906389,-238.0612949,-85.30949364
0.07654971278,0.02076742997,0.902696917,-0.1772259798,1,-1.893188094,0.9199297646,109.8974762,0,56.56845104,-171.5903876,-11.10757161
0.07654971278,0.02463113787,0.3094107643,-0.1088022549,1,-61.68584675,0.3279831577,17.25807693,11.16475276,-7.101823498,4.259869778,-19.37388758
0.07654971278,0.02849484577,0.636921452,-0.1270047042,1,102.7408652,0.6494606461,27.39576929,0,136.3777568,7.245462085,-11.27709547
0.07654971278,0.03235855367,1.233295273,-0.03094735378,1,93.59966173,1.233683497,29.54609092,0,138.4920177,52.98792339,-1.437434141
0.07654971278,0.03622226157,1.533655907,-0.2175770975,1,52.71598758,1.549012665,40.73682522,0,83.26509635,118.6006287,-8.074569136
0.07654971278,0.04008596947,1.758686461,-0.3317903463,1,77.15041444,1.789710285,121.7891094,0,131.1645292,126.8994272,-10.68373936
0.07654971278,0.04394967737,2.338524001,-0.2373218729,1,64.7378397,2.350535295,218.8919665,0,191.7496731,183.7928415,-5.794744047
0.07654971278,0.04781338527,2.749679291,-0.1961775798,1,-58.69489081,2.756668614,268.1524842,0,35.32945854,283.6324036,-4.080888234
0.07654971278,0.05167709317,2.248246796,-0.2971317596,1,-178.8523694,2.267796494,176.7563573,0,-72.32700405,199.2464435,-7.528667208
0.07654971278,0.05554080107,1.779195561,-0.2830727035,1,-84.78149219,1.801573479,101.7596737,0,49.90447913,156.9723606,-9.040075295
0.07654971278,0.05940450897,2.113492205,-0.510457454,1,-4.101131503,2.174262199,50.9665803,0,80.48776487,142.2844004,-13.57822587
0.07654971278,0.06326821687,2.0743312,-0.6358980864,1,-19.31887947,2.169612017,29.72062116,0,20.85876777,77.27680671,-17.04322024
0.07654971278,0.06713192477,2.119441883,-0.6942006638,1,54.18816202,2.230235068,60.90653332,0,90.13319074,110.7739375,-18.13565875
0.07654971278,0.07099563267,2.631946751,-0.8285711699,1,102.2451061,2.759288655,74.41655502,0,120.7687988,130.0095339,-17.47468198
0.07654971278,0.07485934057,2.98110247,-0.9089956956,1,76.13385924,3.116607949,39.04113803,0,76.68995005,152.2766376,-16.95747584
0.07654971278,0.07872304847,3.22241331,-1.266080064,1,34.98934751,3.462211182,38.2248558,0,4.428507031,272.6079699,-21.44976917
0.07654971278,0.08258675637,3.133401546,-1.814583585,1,-45.68253835,3.62090028,170.0261215,0,71.55692199,248.9034568,-30.07555325
0.07654971278,0.08645046427,3.322384371,-1.570839048,1,-68.14637338,3.675020166,242.9282106,0,178.9110815,152.9368044,-25.30500591
0.07654971278,0.09031417218,3.561364024,-1.466883079,1,48.67671444,3.851630781,148.5205401,0,231.6791429,112.8047344,-22.38617455
0.07654971278,0.09417788008,4.405597512,-1.432843607,1,110.1504039,4.632745432,76.11619908,0,255.1467827,9.459434035,-18.01621076
0.07654971278,0.09804158798,4.972765649,-1.209340809,1,-1.131584996,5.117704895,2.016622374,0,107.4944608,-91.4267306,-13.66857844
0.07654971278,0.1019052959,4.816552595,-1.071805786,1,-53.11675988,4.934363844,-11.48703214,0,108.1495283,-160.4970528,-12.54536559
0.07654971278,0.1057690038,5.185396192,-0.6336096148,1,-45.86916406,5.223963515,21.15770092,0,157.6897486,-177.0845114,-6.966503621
0.07654971278,0.1096327117,5.248594671,-0.305855784,1,-173.6219005,5.257498814,-225.3099959,0,31.16545281,-225.906586,-3.335073569
0.07654971278,0.1134964196,4.634986089,-0.631304565,1,-577.5832178,4.677781686,-146.9623902,96.17312109,-235.588205,-74.4072316,-7.756197473
0.07654971278,0.1173601275,2.106737821,-0.5861877236,1,-989.1328551,2.186769373,182.0231717,120.0612307,-738.579707,-23.32100351,-15.54892135
0.07654971278,0.1212238354,-2.040390587,0.1620853473,1,-1049.620549,2.046818362,242.432737,0,-1097.088526,-144.9014457,175.4580533
0.08041342068,0.01690372206,0.01361081258,-0.7315730413,1,-107.9018442,0.731699644,135.7826693,0,164.9106671,-208.8234516,-88.93414312
0.08041342068,0.02076742997,0.1237435322,-0.06584434535,1,10.7571719,0.1401711082,11.17349526,0,73.56751984,-170.0877286,-28.01759154
0.08041342068,0.02463113787,0.3394167903,-0.03123261873,1,46.94739947,0.3408507503,39.5098385,0,73.79142102,38.78495936,-5.257465147
0.08041342068,0.02849484577,0.5902430669,-0.06304362409,1,76.637903,0.5936003509,14.21041583,0,98.70084162,22.92575996,-6.096625208
0.08041342068,0.03235855367,1.016874483,-0.06490616271,1,126.867442,1.018943828,-22.65553744,6.766574931,119.6340791,24.89630188,-3.652182422
0.08041342068,0.03622226157,1.542652941,-0.2467700413,1,113.3215908,1.562265519,-17.37949236,0,129.6322728,43.65688651,-9.088305809
0.08041342068,0.04008596947,1.955577245,-0.300732902,1,139.1597283,1.978565804,46.23651239,0,171.0092819,5.729325422,-8.742580688
0.08041342068,0.04394967737,2.741055397,-0.09026210304,1,184.7428905,2.742541146,36.34288756,0,188.5804213,-5.956091913,-1.886050702
0.08041342068,0.04781338527,3.397989475,-0.1373020008,1,23.21785423,3.400762313,72.63015234,0,7.057622233,66.85454143,-2.313882368
0.08041342068,0.05167709317,2.858030994,-0.06794682953,1,-137.8043136,2.858838564,254.9020025,0,-88.49630425,205.9385091,-1.361893332
0.08041342068,0.05554080107,2.523629989,0.05187863557,1,-90.48400528,2.524163172,128.1158472,0,-29.48958573,171.7387109,1.177671953
0.08041342068,0.05940450897,2.394488083,-0.2364928327,1,-104.0518514,2.406138408,-47.52163351,17.50656132,-8.314123959,98.56193073,-5.640553759
0.08041342068,0.06326821687,2.089480683,-0.5125455857,1,-46.79184332,2.15142569,-84.4351784,0,53.92593927,9.019367211,-13.78241084
0.08041342068,0.06713192477,2.422052146,-0.597573899,1,71.36647079,2.494680573,-39.11738847,0,135.2067209,33.54380654,-13.85934779
0.08041342068,0.07099563267,2.887619156,-0.7932872189,1,86.23747402,2.994603312,-35.95183482,0,125.5657119,50.01789823,-15.36134424
0.08041342068,0.07485934057,3.240397789,-0.9297358358,1,141.8805731,3.371140245,-45.31669255,0,174.6116579,77.40320095,-16.00925886
0.08041342068,0.07872304847,4.110452689,-1.267441041,1,117.4248354,4.301421637,11.02710882,0,171.1622331,139.609416,-17.13692955
0.08041342068,0.08258675637,4.355413926,-1.426540312,1,-61.65375936,4.583082775,170.6400754,0,111.2337852,180.8018707,-18.13531147
0.08041342068,0.08645046427,4.302015427,-1.30670325,1,-66.04866022,4.496088312,207.5240815,0,75.62990289,165.6635736,-16.89574493
0.08041342068,0.09031417218,4.392433049,-1.264803537,1,-29.97181493,4.570907576,184.6026681,0,138.2201731,160.6221769,-16.06378452
0.08041342068,0.09417788008,4.720255463,-1.214049637,1,-30.61969416,4.873882247,101.8996963,0,166.6973612,17.92826298,-14.42384329
0.08041342068,0.09804158798,4.918197406,-0.9403624464,1,-82.5173266,5.007289412,59.42810188,0,130.3160637,-94.71957973,-10.82434669
0.08041342068,0.1019052959,4.904935822,-0.6184680213,1,-115.6954689,4.943773671,71.00835539,0,127.6717419,-70.18397918,-7.186553294
0.08041342068,0.1057690038,4.964470226,-0.3948365079,1,-127.7181379,4.980146634,3.6318265,23.66013379,27.82428563,-121.9757533,-4.547302307
0.08041342068,0.1096327117,4.518975155,-0.1331570229,1,-205.2771205,4.520936545,-37.69740442,31.45054277,-115.2677844,-161.7894572,-1.687800495
0.08041342068,0.1134964196,3.725978345,0.08461893699,1,-432.3871808,3.726939092,-112.6715151,68.8199899,-207.1684951,-116.3506216,1.300993788
0.08041342068,0.1173601275,2.047918838,-0.1189420301,1,-796.7397696,2.051369974,-42.6204586,97.17402636,-609.1866161,-32.73459651,-3.323974063
0.08041342068,0.1212238354,-1.706110539,0.0464228535,1,-958.9750345,1.706741999,185.294886,0,-984.2512512,99.69582528,178.4413803
0.08427712858,0.01690372206,-0.1840467286,-0.1423212826,1,24.78077836,0.2326554229,82.99400283,0,219.9299912,-24.55871375,-142.2856187
0.08427712858,0.02076742997,0.2886987382,0.06545485775,1,87.15242361,0.2960258432,67.84119979,0,118.8584195,32.32182582,12.77435281
0.08427712858,0.02463113787,0.6119189934,-0.005084796768,1,52.86774381,0.6119401193,20.61039708,0,74.39499503,48.35959926,-0.4760935555
0.08427712858,0.02849484577,0.7804047877,-0.04175995395,1,74.35626884,0.7815212898,14.63189017,0,88.70831971,28.55896748,-3.063012111
0.08427712858,0.03235855367,1.241952932,-0.0588949554,1,103.9174194,1.243348584,7.212478405,0,117.3154784,36.40656755,-2.715003324
0.08427712858,0.03622226157,1.635184083,-0.1545573868,1,69.32771091,1.642472213,3.417419433,0,116.3784464,42.19830628,-5.399547894
0.08427712858,0.04008596947,1.95946728,-0.2087329743,1,81.49574786,1.970553596,11.15531854,0,130.9285972,28.73878756,-6.08052333
0.08427712858,0.04394967737,2.455929703,-0.222494775,1,185.8341008,2.465987557,-25.41768168,17.88399028,158.1722679,-12.50702103,-5.176575745
0.08427712858,0.04781338527,3.288607404,-0.2586159958,1,231.5920275,3.298760509,-20.49877941,28.4304843,175.4962561,-50.48933865,-4.49648464
0.08427712858,0.05167709317,4.028799921,-0.1066200143,1,-12.61710097,4.030210495,65.2867226,0,-78.19240811,10.62215726,-1.515948024
0.08427712858,0.05554080107,2.937745987,-0.04740808283,1,-186.5054543,2.938128487,26.18759066,0,-258.1717731,34.97055945,-0.9245344279
0.08427712858,0.05940450897,2.310697004,-0.1405548402,1,-180.8577587,2.314967885,-82.87836505,20.72402707,-118.0259773,-31.28390802,-3.480892883
0.08427712858,0.06326821687,1.782946535,-0.2467539941,1,-85.01055088,1.799940521,-146.8849251,0,29.93656003,-67.4312622,-7.879496638
0.08427712858,0.06713192477,2.097907191,-0.4475405851,1,83.57674463,2.145112388,-112.7049338,0,150.2264827,-1.447984928,-12.04223689
0.08427712858,0.07099563267,2.686293911,-0.6766183464,1,91.00850391,2.770196268,-72.88979849,0,169.6654914,13.81234564,-14.13747078
0.08427712858,0.07485934057,3.105075366,-0.7825323444,1,94.67155058,3.202163315,-68.13635481,0,194.7227201,30.68998496,-14.14496917
0.08427712858,0.07872304847,3.804428841,-1.058454456,1,103.3510358,3.948924492,-126.0509782,0,255.4222565,-31.82432377,-15.54743877
0.08427712858,0.08258675637,4.49127057,-1.146596614,1,33.84683406,4.635320391,16.94632646,0,214.5786799,7.882496317,-14.32139339
0.08427712858,0.08645046427,4.764272462,-1.023434464,1,-35.61646198,4.872957028,115.7940314,0,140.164069,30.49818182,-12.12371707
0.08427712858,0.09031417218,4.895211985,-0.8170383656,1,-106.5473317,4.962927772,94.84234378,0,133.5434933,3.488045845,-9.475642388
0.08427712858,0.09417788008,4.868577745,-0.6704681414,1,-141.4331501,4.914527117,44.6974685,8.651046501,126.2140138,-66.60069885,-7.841073285
0.08427712858,0.09804158798,4.836409688,-0.3870147571,1,-133.7488331,4.851869649,25.37741938,9.640778202,121.1081258,-114.1160891,-4.575121732
0.08427712858,0.1019052959,4.819737744,-0.1315059707,1,-130.3575135,4.821531473,6.747662326,15.27958411,102.337833,-84.97139158,-1.562920755
0.08427712858,0.1057690038,4.728149827,-0.03263912394,1,-164.8681085,4.728262482,-82.11407147,22.94892784,76.37745509,-126.998409,-0.3955150351
0.08427712858,0.1096327117,4.477835708,0.0419139989,1,-203.7114496,4.478031868,-126.4572171,28.83883357,-49.4232081,-196.7300693,0.5362914729
0.08427712858,0.1134964196,3.75011145,0.2388746504,1,-424.3398156,3.757711669,-84.39259044,60.9067222,-264.6998006,-109.3812492,3.644703284
0.08427712858,0.1173601275,1.815587899,0.1384628773,1,-704.8827893,1.820860068,8.116143427,92.61989905,-508.8169248,53.26687062,4.361128191
0.08427712858,0.1212238354,-0.9392697243,0.06442542903,1,-739.5590298,0.9414766332,223.2194224,0,-686.458513,261.5439802,176.0761723
0.08814083648,0.01690372206,0.2393877007,0.02242651406,1,53.69644092,0.2404358953,83.45371699,0,86.76785502,65.73403002,5.352009232
0.08814083648,0.02076742997,0.5107442056,0.05665836133,1,54.17113415,0.5138772358,12.06472092,6.392976676,40.68826486,4.425458691,6.330108144
0.08814083648,0.02463113787,0.60589671,0.05194239189,1,24.16933676,0.6081190963,-23.77851614,0,39.59731577,-7.149450303,4.899879884
0.08814083648,0.02849484577,0.7571199248,-0.007591491745,1,66.99856763,0.7571579831,-11.56579608,0,82.9892266,5.27874019,-0.574474198
0.08814083648,0.03235855367,1.185405736,-0.01313997598,1,111.6982192,1.18547856,-7.571428722,0,137.2281699,7.281725989,-0.635085786
0.08814083648,0.03622226157,1.718898781,-0.06497974295,1,100.8288653,1.720126561,-3.33726276,0,138.4000585,21.66432582,-2.164928541
0.08814083648,0.04008596947,2.109716418,-0.1097388113,1,88.13455223,2.112568572,-19.09045428,0,138.4940296,15.11492715,-2.977608368
0.08814083648,0.04394967737,2.594525423,-0.1971393454,1,114.5791565,2.602004245,-18.71410955,0,147.8619311,44.51553167,-4.345145384
0.08814083648,0.04781338527,3.123712122,-0.3540396757,1,68.85504511,3.143711423,-8.836066727,0,75.25401392,23.30179658,-6.466275611
0.08814083648,0.05167709317,3.151320733,-0.3213106618,1,-28.11197562,3.1676589,-87.13391055,0,-66.04237406,-120.5268565,-5.821795261
0.08814083648,0.05554080107,2.759927217,-0.2250190867,1,-147.6790642,2.769085017,65.6752279,0,-162.3656798,-19.10899697,-4.661061466
0.08814083648,0.05940450897,1.953398406,0.006270817693,1,-223.2357003,1.953408472,81.0894517,24.14249921,-164.6046125,40.55958621,0.1839308113
0.08814083648,0.06326821687,1.261425537,-0.06842352514,1,-46.44192672,1.263279923,-37.98515585,0,53.58537702,51.65143311,-3.104853109
0.08814083648,0.06713192477,1.980998612,-0.3400587793,1,130.835754,2.009973998,-60.33069926,0,230.9761721,48.6206192,-9.740475046
0.08814083648,0.07099563267,2.659361134,-0.4893795951,1,51.74084925,2.704014429,34.69910525,0,236.7688856,87.26740691,-10.42699942
0.08814083648,0.07485934057,3.095715954,-0.5431673417,1,10.71527738,3.143006208,63.75685407,0,206.9791045,113.0625144,-9.951691077
0.08814083648,0.07872304847,3.500468637,-0.6798822644,1,54.63018616,3.565882861,-23.03957503,0,296.2320751,24.86205583,-10.99148421
0.08814083648,0.08258675637,4.451345244,-0.7282452513,1,47.14835472,4.510522767,-49.96148457,0,306.5991864,-63.50899965,-9.291344242
0.08814083648,0.08645046427,4.867245807,-0.6275386233,1,-84.83607485,4.907533644,56.43282975,0,167.9188844,-44.78665738,-7.346669793
0.08814083648,0.09031417218,4.772352952,-0.3371627191,1,-139.3019422,4.784248258,46.14871451,19.89628826,79.35485678,-69.69840954,-4.041183931
0.08814083648,0.09417788008,4.635627779,-0.1799391749,1,-127.9032751,4.639118776,10.81914266,19.29699854,76.91188277,-87.91842453,-2.222909704
0.08814083648,0.09804158798,4.575337107,0.04433039926,1,-101.6528726,4.57555186,30.75000942,5.075281941,93.13111082,-88.44585482,0.5551209117
0.08814083648,0.1019052959,4.602702181,0.2805988275,1,-153.7235823,4.611247452,38.83054454,26.90092334,45.32604458,-88.75039464,3.488658356
0.08814083648,0.1057690038,4.156520683,0.537265882,1,-308.7944311,4.191099954,-82.09374678,56.11124957,-36.06297837,-129.2942215,7.365132848
0.08814083648,0.1096327117,3.270273883,0.4629676746,1,-282.9710274,3.302882126,-166.1285088,43.29362128,-22.23523664,-208.6150131,8.057730607
0.08814083648,0.1134964196,2.97729283,0.7014213244,1,-284.6192957,3.058801149,-94.32160772,50.68152389,29.63392031,-139.7783372,13.25659887
0.08814083648,0.1173601275,2.285084874,0.6385991996,1,-584.9400913,2.372640263,74.81167567,106.7909188,-142.4490521,191.2370361,15.61377021
0.08814083648,0.1212238354,0.1668736498,0.2515877395,1,-642.8091378,0.3018993303,167.6703009,0,-453.6563708,368.0019357,56.44439466
0.09200454438,0.01690372206,0.3923711482,-0.01454299868,1,-29.05893035,0.3926405694,-29.83355245,0,8.374565104,-44.27770225,-2.122661664
0.09200454438,0.02076742997,0.3524119755,0.01336098917,1,12.17516716,0.352665162,-60.58948911,0,13.71996245,-78.465428,2.171214006
0.09200454438,0.02463113787,0.492422365,0.05452440762,1,53.97440909,0.4954318284,-34.94565604,0,50.51109426,-36.66998211,6.318446264
0.09200454438,0.02849484577,0.7561134402,0.02002328144,1,93.60398835,0.7563785205,6.464766465,0,100.0988639,10.28987208,1.516943604
0.09200454438,0.03235855367,1.240833606,0.03974531684,1,120.0350639,1.241469986,44.73906647,0,125.8119529,52.3526214,1.834621957
0.09200454438,0.03622226157,1.705994501,-0.009393270891,1,76.49122236,1.706020361,16.16479855,0,105.5291105,30.11615874,-0.3154695627
0.09200454438,0.04008596947,1.944107004,-0.01415866376,1,88.52253393,1.944158561,8.759921653,0,131.3761702,30.63180925,-0.4172699
0.09200454438,0.04394967737,2.555618862,-0.09389985582,1,169.642558,2.557343338,33.0266645,0,192.8050677,89.89783369,-2.104244269
0.09200454438,0.04781338527,3.344498759,-0.2338922495,1,77.75628517,3.352667227,28.2463169,0,95.8698093,69.4689307,-4.000376994
0.09200454438,0.05167709317,3.226459375,-0.2531719944,1,-41.89320497,3.236377011,46.49522577,0,-16.81580304,12.91624484,-4.486659653
0.09200454438,0.05554080107,3.117664301,-0.1041528756,1,-87.05620778,3.119403551,116.6023556,0,-28.31121465,28.82383818,-1.913388065
0.09200454438,0.05940450897,2.780713353,0.08597855698,1,-183.1700769,2.782042247,155.1996754,0,-148.6136128,92.0802131,1.770998612
0.09200454438,0.06326821687,1.835749038,0.1397222897,1,-136.0884837,1.841058622,109.5190525,11.68370235,-52.34462506,147.463385,4.352497093
0.09200454438,0.06713192477,2.052662862,-0.0606272602,1,82.32643836,2.053558007,47.77949266,0,259.7770239,74.03570896,-1.691790996
0.09200454438,0.07099563267,3.157536888,0.03827593933,1,80.48275597,3.157768872,113.7826852,0,368.7206878,104.3614204,0.6945104518
0.09200454438,0.07485934057,3.788253757,-0.02422624488,1,-72.48014434,3.78833122,114.7398802,0,241.7303837,156.9923674,-0.3664069918
0.09200454438,0.07872304847,3.811470375,-0.1249753293,1,-139.6995346,3.813518749,107.4706217,0,208.1829743,138.5102717,-1.878013908
0.09200454438,0.08258675637,4.052853763,-0.1441543856,1,-70.20275538,4.055416639,-0.05821184141,0,328.4519609,-20.27511231,-2.037072625
0.09200454438,0.08645046427,4.80926987,-0.0468631312,1,-79.2750829,4.80949819,18.77473,0,273.7434791,-25.72708693,-0.5582915341
0.09200454438,0.09031417218,4.804222842,0.0277876361,1,-155.4181247,4.804303203,73.42228922,18.97985784,93.66883202,30.00779268,0.3313952265
0.09200454438,0.09417788008,4.57068864,0.1208778021,1,-132.8429097,4.572286746,22.91575053,19.1345251,83.47762303,-64.50960127,1.514908249
0.09200454438,0.09804158798,4.613489794,0.3655736585,1,-101.6718738,4.627951186,115.8368785,0,116.2105983,-17.89109899,4.530659752
0.09200454438,0.1019052959,4.626862025,0.6375636454,1,-196.2311937,4.670582362,150.0370126,23.85760489,14.51939035,-19.62951058,7.84572758
0.09200454438,0.1057690038,3.911408464,1.021115545,1,-326.1847634,4.042498377,48.72552405,58.96789195,-87.12956181,-57.84497733,14.63113399
0.09200454438,0.1096327117,3.029936201,1.049320934,1,-280.7666975,3.20649151,86.69212214,50.70172561,4.920063139,-25.10249339,19.10188187
0.09200454438,0.1134964196,2.845617643,1.453057284,1,-190.9290626,3.195139315,151.8561467,0,142.6816801,-54.8877605,27.05021267
0.09200454438,0.1173601275,2.843522408,1.848119001,1,-455.9754428,3.39133654,30.82831817,86.35789329,12.04791023,201.0794944,33.02145146
0.09200454438,0.1212238354,1.130411328,0.7952564691,1,-573.9048144,1.382122506,-67.75999144,0,-312.8656787,477.2411107,35.12679666
0.09586825228,0.01690372206,-0.04695653963,0.1670586062,1,-24.2992946,0.1735324019,-106.3375531,0,34.87626572,-52.27983976,105.6995179
0.09586825228,0.02076742997,-0.02652337619,0.06262699909,1,35.62063212,0.06801198791,-85.16743385,0,61.73438344,-51.90988579,112.9533109
0.09586825228,0.02463113787,0.3291948031,0.03856115501,1,104.954319,0.331445593,-40.35376737,0,114.6218892,-28.6747818,6.681055067
0.09586825228,0.02849484577,0.8218549541,0.01750281028,1,154.4142401,0.8220413092,-3.038929962,0,164.2808801,4.565402535,1.22002743
0.09586825228,0.03235855367,1.560539657,0.009180235462,1,134.2427598,1.560566659,34.06430004,0,144.2099481,26.37444213,0.3370517866
0.09586825228,0.03622226157,1.897714882,0.04721417502,1,88.33223393,1.898302123,65.19879499,0,93.19673286,53.12363621,1.425195659
0.09586825228,0.04008596947,2.26191456,0.05583512184,1,140.7828711,2.262603597,60.77485735,0,162.4892516,100.8556172,1.414053093
0.09586825228,0.04394967737,3.069469778,-0.1076461736,1,155.8322273,3.071356771,24.40208584,0,164.932377,112.3718392,-2.008537367
0.09586825228,0.04781338527,3.501255296,-0.2840543094,1,39.92145898,3.512758958,-19.89198135,0,40.67457248,10.33098977,-4.638206781
0.09586825228,0.05167709317,3.380869301,-0.2244189058,1,-49.77620469,3.388309472,26.2195467,8.009543812,3.332801216,-47.80486823,-3.797668444
0.09586825228,0.05554080107,3.321811551,0.001954407414,1,-103.7172839,3.321812126,26.67981042,18.70679776,-18.45904211,-67.58347659,0.03371030584
0.09586825228,0.05940450897,2.908815665,0.1397869009,1,-175.9182198,2.912172549,16.23631661,27.26151211,-100.3658493,-49.29241444,2.751306168
0.09586825228,0.06326821687,2.254330611,0.2551382833,1,-108.6046977,2.268722558,150.6646391,0,-9.716538871,97.40710661,6.457085981
0.09586825228,0.06713192477,2.451656969,0.3455584501,1,60.79847193,2.475890251,139.4507447,0,262.1751222,43.90799,8.022928497
0.09586825228,0.07099563267,3.502206238,0.6242875794,1,90.02345274,3.557412475,62.6976974,0,348.4033281,-21.49394339,10.10712957
0.09586825228,0.07485934057,4.145609985,0.6708503578,1,-42.24064697,4.19953835,31.05926372,0,287.7718167,20.72034702,9.192027758
0.09586825228,0.07872304847,4.450866959,0.6642341336,1,-192.7340371,4.500158182,142.1151073,0,251.5307265,105.5725499,8.488007408
0.09586825228,0.08258675637,4.372783219,0.8120401256,1,-199.62927,4.447543395,145.6613167,0,300.4435608,126.9777485,10.52017398
0.09586825228,0.08645046427,4.84038393,0.7364219837,1,-109.9946709,4.89608353,-27.91389944,0,316.8408865,20.43437294,8.650711782
0.09586825228,0.09031417218,5.171976576,0.6252365236,1,-273.4668456,5.209631697,-20.77089607,39.08061894,178.8782664,0.08000910537,6.892996804
0.09586825228,0.09417788008,4.474921289,0.6558601766,1,-253.2110856,4.522728504,5.699707744,30.25110417,196.735391,-61.83337481,8.338105588
0.09586825228,0.09804158798,4.953770989,0.8861646282,1,-84.34908511,5.032408445,15.24900457,0,247.8286761,-98.37691099,10.14218611
0.09586825228,0.1019052959,5.106558677,1.094877524,1,-255.3053017,5.222614126,82.20530474,45.27080807,39.84253114,-66.54836392,12.10135377
0.09586825228,0.1057690038,4.12128578,1.460905353,1,-324.1381379,4.372555423,143.1827189,52.53791781,-89.53714484,21.04606759,19.51829954
0.09586825228,0.1096327117,3.508238219,1.566777869,1,-215.0929954,3.842203572,212.976106,4.845005701,15.9745708,75.93406064,24.06552086
0.09586825228,0.1134964196,3.35195035,1.990395787,1,-64.19849736,3.898364597,-197.8724653,0,-20.4686942,-425.6657872,30.7019375
0.09586825228,0.1173601275,3.181108922,2.446904726,1,-325.1284909,4.013327386,-319.6840478,0,-89.74791941,-130.6870804,37.56743627
0.09586825228,0.1212238354,1.748989085,1.26016671,1,-427.6673228,2.155686192,-484.8571482,0,-313.6515725,129.4429213,35.77318284
0.09973196018,0.01690372206,-0.2204801258,0.2140940812,1,37.50786754,0.3073235453,62.52436987,0,-15.11208633,114.203838,135.8418978
0.09973196018,0.02076742997,-0.1772147474,0.1142568965,1,58.97504575,0.2108547014,-0.4483022561,3.203482188,56.50892757,31.18374897,147.1886287
0.09973196018,0.02463113787,0.2257162143,0.09187707498,1,104.7446302,0.2436990076,-24.29739966,0,138.3446654,-9.774614382,22.14862617
0.09973196018,0.02849484577,0.7620112844,0.05814509627,1,140.9339642,0.7642264388,-37.39907279,0,182.2361794,-33.87358524,4.363485744
0.09973196018,0.03235855367,1.474351251,0.07825562086,1,169.0991107,1.476426617,-66.42396331,0,193.5438647,-53.80826734,3.038294489
0.09973196018,0.03622226157,2.163157813,0.009401732067,1,125.5845494,2.163178245,-15.06034154,0,157.6275158,-12.84817367,0.2490230589
0.09973196018,0.04008596947,2.568599946,0.06970845039,1,120.0566394,2.56954567,-0.3209463434,3.892229295,118.2935587,17.31529045,1.554551111
0.09973196018,0.04394967737,3.084073357,-0.05873953536,1,92.85160909,3.084632685,-94.69905549,0,98.40455047,-16.87461921,-1.091128587
0.09973196018,0.04781338527,3.30755788,-0.2309824389,1,-26.84414942,3.31561337,-76.88546777,0,42.11099726,-79.67171013,-3.994750204
0.09973196018,0.05167709317,3.143059997,-0.04797430873,1,-118.6533735,3.143426106,0.6676333149,21.86661399,28.60169094,-117.4164759,-0.8744700976
0.09973196018,0.05554080107,2.959624483,0.2252600669,1,-115.4766857,2.968184492,-10.97724018,21.72197608,-11.36151301,-121.1991222,4.352449301
0.09973196018,0.05940450897,2.652994247,0.3778908478,1,-62.7708093,2.679772372,0.475196825,11.30051185,19.96253157,-76.27418254,8.106643489
0.09973196018,0.06326821687,2.794225802,0.5217972503,1,-41.69194973,2.842528839,113.1636855,0,69.67367345,25.28373827,10.57765341
0.09973196018,0.06713192477,2.761107454,0.7174332944,1,-13.80356737,2.852792475,122.6051498,0,149.0390379,-10.63035035,14.5653789
0.09973196018,0.07099563267,3.316736158,1.036580305,1,69.40732886,3.47494424,39.18390236,0,248.216991,-98.87317588,17.35560243
0.09973196018,0.07485934057,3.988315048,1.250845518,1,68.55048386,4.179865001,31.60572812,0,307.1836587,-112.026673,17.41286245
0.09973196018,0.07872304847,4.768463133,1.591533948,1,-52.15501536,5.027048931,40.91539813,0,341.4979095,-98.105319,18.457074
0.09973196018,0.08258675637,5.106251474,1.787980961,1,-213.4606982,5.410238445,19.00803052,0,216.54272,16.22033619,19.29797226
0.09973196018,0.08645046427,4.780371165,1.602304784,1,-260.3711801,5.041758532,-90.23726028,34.78975088,161.509624,-87.01135842,18.53033685
0.09973196018,0.09031417218,4.724279299,1.775517019,1,-182.5646202,5.046907526,-68.76870584,29.04391206,72.16118691,-135.2941215,20.59763207
0.09973196018,0.09417788008,4.353804547,1.859339559,1,-565.5724801,4.734211405,-19.48304681,63.99835479,453.7701739,13.25895212,23.12543188
0.09973196018,0.09804158798,4.292307845,1.649011499,1,-242.0847482,4.598167631,-106.650278,0,328.4140806,-85.57961182,21.01569156
0.09973196018,0.1019052959,4.687355871,1.777928659,1,-231.3637988,5.013216072,69.31514454,0,297.0086882,-2.774610513,20.77189229
0.09973196018,0.1057690038,4.545940523,1.927545255,1,-205.3186441,4.937712623,182.4615491,12.88610751,65.25754475,139.9713144,22.97765464
0.09973196018,0.1096327117,4.146200695,1.942098515,1,-620.3889413,4.578507054,43.77934009,82.01017958,-443.2247321,122.8559145,25.0985969
0.09973196018,0.1134964196,0.4364479703,1.62201647,1,-398.6446219,1.679709576,-73.40354139,9.104243453,-388.8840554,-284.4604539,74.93970579
0.09973196018,0.1173601275,1.103419922,2.757560775,1,-8.431288232,2.970130797,-365.3313455,0,-167.3722186,-265.3661164,68.19150473
0.09973196018,0.1212238354,-0.242805428,1.235780024,1,-260.8068746,1.259407299,-690.2113506,0,-436.0498159,97.51939399,101.1158495
0.1035956681,0.01690372206,0.6358696335,-0.03624952534,1,-84.79079727,0.6369020482,193.9806343,0,-196.617754,147.7306763,-3.262774526
0.1035956681,0.02076742997,0.09222941211,0.05309863876,1,-41.61395948,0.1064224126,88.03160586,0,-71.83124692,35.06916478,29.93004495
0.1035956681,0.02463113787,0.1975504933,0.1683818767,1,53.3269946,0.2595739852,1.402491665,0,64.24110883,-30.6868561,40.4425663
0.1035956681,0.02849484577,0.5464782222,0.1770825053,1,101.153946,0.5744533584,-65.68704668,0,131.3809576,-48.92743289,17.95455989
0.1035956681,0.03235855367,1.095997438,0.1036276245,1,152.9247833,1.100885583,-94.89704519,0,168.8920674,-93.32765435,5.401314201
0.1035956681,0.03622226157,1.789884531,0.1710188374,1,137.9271845,1.798036172,-110.4897189,0,180.8283571,-96.35704301,5.457894846
0.1035956681,0.04008596947,2.327575742,0.04902309318,1,114.8320519,2.328091944,-132.6859049,0,104.7749113,-66.11512003,1.206577756
0.1035956681,0.04394967737,2.63838169,-0.08619123005,1,59.50687891,2.639789171,-134.7970086,0,87.70620339,-117.5454825,-1.87108563
0.1035956681,0.04781338527,2.896364091,-0.01763176437,1,-20.90420427,2.896417758,-64.26844177,0,96.32506781,-175.7475937,-0.3487866764
0.1035956681,0.05167709317,2.929785876,0.3445316501,1,-65.61673708,2.949974125,-33.59065862,6.79449024,43.5541491,-142.7750996,6.706961888
0.1035956681,0.05554080107,2.811120695,0.4042250228,1,-76.52859329,2.840034759,-20.93612032,13.94932541,-4.697875839,-50.67768375,8.182754428
0.1035956681,0.05940450897,2.615950525,0.4594443637,1,-22.28114785,2.655990639,40.35160493,0,16.62086506,-32.42757658,9.961371155
0.1035956681,0.06326821687,2.789251016,0.6854225214,1,3.877957303,2.872233497,36.70113653,0,65.57459127,-96.6656604,13.80613641
0.1035956681,0.06713192477,2.884294886,0.9747347107,1,31.12126737,3.044546723,100.1136282,0,93.71562943,-62.87316536,18.67245492
0.1035956681,0.07099563267,3.271584321,1.315155884,1,104.2722124,3.526031617,88.97583291,0,141.7588241,-71.00637742,21.89981032
0.1035956681,0.07485934057,3.834886946,1.592859241,1,64.03633726,4.152536387,48.31002185,0,183.9941851,-176.8721577,22.55605144
0.1035956681,0.07872304847,4.229901809,2.18519405,1,-3.396740744,4.761002242,-32.58652189,0,177.8427418,-260.4993227,27.32116259
0.1035956681,0.08258675637,4.508895338,2.47344773,1,-139.3308274,5.142769764,-149.6866016,0,120.0864203,-196.598049,28.74788082
0.1035956681,0.08645046427,4.155547042,2.36644618,1,-232.4195025,4.782116554,-172.0752186,0,199.974524,51.55066493,29.66007754
0.1035956681,0.09031417218,4.383537418,1.609422637,1,-259.099332,4.669651113,220.4777812,0,335.5352768,-356.1331635,20.16078982
0.1035956681,0.09417788008,4.450873206,4.594302442,1,-551.0815181,6.396709093,126.7448193,33.51286313,506.438761,-256.561285,45.90846232
0.1035956681,0.09804158798,4.211050845,3.090405461,1,66.4003436,5.223366264,-343.522577,0,169.8438761,33.82167444,36.27419586
0.1035956681,0.1019052959,5.363651864,3.136354477,1,-331.5191786,6.213330888,88.50781042,0,630.7191614,239.6767818,30.31663518
0.1035956681,0.1057690038,5.367072182,2.506332712,1,-38.28984402,5.923442198,54.52873882,0,-275.2907182,283.6003654,25.03178588
0.1035956681,0.1096327117,4.152068168,2.251288623,2,-515.6084348,4.723131433,64.87366058,68.27897339,-363.8068486,188.6472375,28.46694658
0.1035956681,0.1134964196,1.969268404,2.028107765,1,-642.9609135,2.826877986,142.9674806,110.042561,-239.0389945,251.2792982,45.84330407
0.1035956681,0.1173601275,0.7442781552,1.832803398,2,-221.9594572,1.978160324,-272.1510998,0,-427.7449144,101.8493755,67.89855433
0.1035956681,0.1212238354,-0.54099951,0.5830791734,1,-168.9848092,0.7954003975,-452.0532051,0,-496.3230754,194.8508863,132.8561449
0.107459376,0.01690372206,1.099792565,-0.2179726151,1,-208.0067871,1.121184974,54.70998429,0,-206.8185117,-56.82988617,-11.2104181
0.107459376,0.02076742997,0.2984106727,-0.002493875709,1,-124.7415903,0.2984210934,74.66485015,0,-130.7701115,-16.4441696,-0.4788207642
0.107459376,0.02463113787,0.112569984,0.1340460244,1,20.35280659,0.1750438172,-3.530503069,2.529272489,-14.97876124,-49.45201688,49.97692798
0.107459376,0.02849484577,0.3191744141,0.17493344,1,90.44463022,0.3639697996,-53.1686311,0,73.78517828,-54.69631334,28.72631139
0.107459376,0.03235855367,0.7471059926,0.1399485423,1,116.0261026,0.7601006241,-92.40923556,0,154.3845905,-92.46770052,10.60973996
0.107459376,0.03622226157,1.363962345,0.1751593315,1,121.9760253,1.375163289,-143.8990445,0,150.6597146,-115.662452,7.31784191
0.107459376,0.04008596947,1.800490855,0.0308505968,1,69.85132791,1.800755141,-179.3563309,0,123.0031409,-147.018246,0.9816412185
0.107459376,0.04394967737,2.10909568,0.05021441744,1,17.67913359,2.109693361,-128.1294737,0,132.3620154,-177.5914501,1.363869256
0.107459376,0.04781338527,2.380206028,0.2219572258,1,-15.83280117,2.390532523,-95.59404028,0,107.0763819,-179.3518443,5.32749735
0.107459376,0.05167709317,2.461634224,0.3738301067,1,15.46561596,2.489857828,-88.17755455,0,62.88493288,-160.8631092,8.635106241
0.107459376,0.05554080107,2.682929662,0.5027929774,1,-6.99993016,2.729635937,-56.25077444,0,64.45151797,-96.20378322,10.61436691
0.107459376,0.05940450897,2.683610378,0.5281968624,1,-49.21552026,2.73509718,6.934199074,8.593650503,18.05652273,-59.68109681,11.13481111
0.107459376,0.06326821687,2.562540397,0.7601750224,1,3.608330837,2.67291589,22.7661631,0,53.68982741,-88.80613333,16.52293659
0.107459376,0.06713192477,2.904993724,0.9592796256,1,105.3594705,3.059281932,44.0456026,0,107.8099794,-64.97987529,18.27412474
0.107459376,0.07099563267,3.386164885,1.181417623,1,94.4966199,3.586343574,88.55413056,0,57.32510123,-106.8664335,19.23364878
0.107459376,0.07485934057,3.491588508,1.714327603,1,17.48660308,3.889744135,60.35115569,0,47.19223934,-227.0341162,26.15047828
0.107459376,0.07872304847,3.636065039,2.291790368,1,27.82258132,4.298054451,-1.88649005,0,43.79779808,-280.3666071,32.22298934
0.107459376,0.08258675637,3.768308734,2.790293431,1,24.20359515,4.688911189,-35.17369803,0,151.4397176,-289.1159363,36.51858104
0.107459376,0.08645046427,4.314699494,3.272949001,1,-71.98140697,5.415609558,61.00832241,0,183.7491193,-270.9831368,37.18241968
0.107459376,0.09031417218,4.200146527,4.073011455,1,-142.2285185,5.850696809,151.1198674,0,22.53317315,-540.5318009,44.11959499
0.107459376,0.09417788008,3.852231643,5.945289016,1,-589.2319653,7.084218384,-478.9970849,30.45047156,303.3841388,44.9359903,57.05890489
0.107459376,0.09804158798,3.095714021,2.048687093,1,-123.0632036,3.712218219,-278.917692,0,667.393594,-162.5650868,33.49586446
0.107459376,0.1019052959,5.955365273,5.495736536,1,-39.58305982,8.103671736,-153.071385,0,753.0579561,115.2832666,42.70147377
0.107459376,0.1057690038,5.852372615,1.011843105,2,1055.981892,5.939199583,-177.6624474,0,-1270.706686,590.2840717,9.809152895
0.107459376,0.1096327117,5.125731392,2.528615502,1,-690.7563337,5.715506859,246.4130413,106.7629769,-316.7396651,-315.4331774,26.25795247
0.107459376,0.1134964196,1.959702364,3.18265278,2,-1147.0357,3.737607801,-289.4929209,210.4081043,-64.31559942,-142.9627901,58.37752558
0.107459376,0.1173601275,0.4454238046,1.962465878,2,-546.9908559,2.012380354,-471.2591753,0,-280.2617485,359.9662391,77.2121469
0.107459376,0.1212238354,-1.236560059,-0.02895942095,1,-550.6898451,1.236899118,-478.6781021,0,-319.9680343,552.1582607,-178.6584159
0.1113230839,0.01690372206,NaN,NaN,0,-120.631218,0.6284768249,-66.10182016,0,-40.09616839,-97.91818495,-2.887392609
0.1113230839,0.02076742997,NaN,NaN,0,-98.20065886,0.318574531,14.86862501,13.49725087,-66.1071656,-1.573972848,5.368509863
0.1113230839,0.02463113787,-0.007158487616,0.03187101893,1,-26.74372738,0.03266505461,26.8500903,0,-21.77379418,5.391673241,102.6590071
0.1113230839,0.02849484577,0.1297195842,0.1127152492,1,45.11362125,0.1718484737,21.53932228,0,55.52686626,-35.39111965,40.98785524
0.1113230839,0.03235855367,0.3816869591,0.2518336172,1,64.81408729,0.4572801171,-30.1421709,0,105.3062113,-73.91592131,33.41646871
0.1113230839,0.03622226157,0.7870147258,0.2818442344,1,65.92159884,0.8359595392,-131.9227922,0,111.3363019,-132.5834414,19.70336612
0.1113230839,0.04008596947,1.066559711,0.254386173,1,21.23955982,1.096477059,-162.7256561,0,152.2079762,-182.1540637,13.41503652
0.1113230839,0.04394967737,1.457165341,0.3569099265,1,23.13283418,1.50023849,-144.0215546,0,175.5089404,-196.5273987,13.76275516
0.1113230839,0.04781338527,1.834053504,0.4572534174,1,9.597150882,1.890193891,-124.886767,0,122.5039728,-169.102354,13.99919177
0.1113230839,0.05167709317,1.967565496,0.5277460395,1,4.471011833,2.03711312,-81.46766149,0,95.95772714,-139.1943675,15.0146285
0.1113230839,0.05554080107,2.222080817,0.6802925475,1,21.98553647,2.323884917,-110.200244,0,93.08176036,-159.7945335,17.02202797
0.1113230839,0.05940450897,2.41215192,0.7193638877,1,-0.5703094155,2.517133546,-74.33799099,0,81.32461404,-125.747221,16.60589337
0.1113230839,0.06326821687,2.534091861,0.8789227954,1,17.1311132,2.682186951,2.407139027,0,84.13406042,-66.13812389,19.12855884
0.1113230839,0.06713192477,2.803410971,0.9842027616,1,61.22561994,2.971156029,-28.72555095,0,111.3389442,-104.4593293,19.34481271
0.1113230839,0.07099563267,3.200830931,1.171535993,1,32.49648636,3.408491636,18.79643228,0,67.78586229,-168.4409053,20.10312891
0.1113230839,0.07485934057,3.190872674,1.707633142,1,9.403295673,3.619071617,101.50601,0,-25.31356749,-176.822905,28.15398792
0.1113230839,0.07872304847,3.139358288,2.246917621,1,47.89237223,3.860597008,102.2314387,0,-31.05304506,-223.2118483,35.59225078
0.1113230839,0.08258675637,3.255934915,2.965050941,1,24.51854594,4.403707445,12.02855548,0,28.51532974,-274.6382014,42.32288514
0.1113230839,0.08645046427,3.344265693,3.354514234,1,56.44402578,4.736758255,-287.3768823,0,-154.0113035,-101.276568,45.08765741
0.1113230839,0.09031417218,2.878963454,2.246013687,1,137.619439,3.651439175,298.2492312,0,-285.2697745,-915.2472914,37.9594545
0.1113230839,0.09417788008,2.773787925,8.043110336,1,355.8451678,8.507968225,90.80208647,0,-452.5587701,-918.1991238,70.97247381
0.1113230839,0.09804158798,2.505290344,6.144499634,1,116.2364724,6.635612667,-410.0523708,0,516.2807235,67.26696876,67.81785581
0.1113230839,0.1019052959,5.217649612,6.198887832,1,838.6518778,8.102473563,-2145.320759,0,314.6525081,1122.993588,49.91243349
0.1113230839,0.1057690038,6.961321612,-6.483312329,1,-487.0587265,9.512798607,-1162.960008,0,142.2461466,-515.2640341,-42.96376881
0.1113230839,0.1096327117,3.885394523,3.69637978,1,-991.2257176,5.362789767,1077.771991,0,-733.2669012,-2207.863111,43.57190365
0.1113230839,0.1134964196,0.2983858563,6.211421973,1,-530.8621283,6.21858481,-350.4828764,12.31298479,-393.4105798,-134.8834977,87.24972516
0.1113230839,0.1173601275,0.3142747583,2.863366758,2,-51.51423851,2.880562065,-570.9466167,0,-92.25426346,655.0521486,83.73645408
0.1113230839,0.1212238354,NaN,NaN,0,-357.2800434,1.496766146,-179.8955044,0,61.51834835,539.0231802,99.89051807
0.1151867918,0.01690372206,NaN,NaN,0,-58.7472363,0.4752927822,-19.45078101,0,-1.448747956,-34.10753876,11.30731505
0.1151867918,0.02076742997,NaN,NaN,0,-52.91502386,0.3702808221,15.73647122,9.517824358,-6.334909265,0.192567878,19.15625713
0.1151867918,0.02463113787,NaN,NaN,0,-38.39583287,0.2823504025,57.08462926,0,16.62342868,32.8433637,32.87169583
0.1151867918,0.02849484577,NaN,NaN,0,-10.05230679,0.3418618936,47.12215945,0,37.98225955,10.07228641,39.00571876
0.1151867918,0.03235855367,NaN,NaN,0,-5.150212223,0.4548796864,18.72144966,0,24.90646905,-16.33847335,40.66212441
0.1151867918,0.03622226157,0.3419875208,0.3506284785,1,-5.536070747,0.4897915826,-14.85902783,0,37.35018308,-77.09872767,45.71477518
0.1151867918,0.04008596947,0.4679763568,0.5368743017,1,18.24859683,0.7122049469,-33.96703917,0,98.56315229,-108.5903574,48.92236669
0.1151867918,0.04394967737,0.7933139988,0.6389511829,1,59.40663934,1.018629331,-91.9540015,0,141.5251084,-123.3543834,38.84867354
0.1151867918,0.04781338527,1.244317938,0.6581962055,1,61.52611159,1.407675167,-149.763027,0,149.6043935,-172.6314402,27.87711395
0.1151867918,0.05167709317,1.609060599,0.7273080514,1,19.24154658,1.765800955,-132.730604,0,83.1033457,-163.6055607,24.32334274
0.1151867918,0.05554080107,1.639748707,0.7774880194,1,25.53553306,1.814735089,-152.222732,0,52.49287181,-182.5839489,25.36800242
0.1151867918,0.05940450897,1.910539564,0.8446149251,1,61.1461241,2.0889078,-101.359841,0,113.9586711,-163.8818602,23.84935327
0.1151867918,0.06326821687,2.316302488,1.019054839,1,24.84909156,2.530559223,-53.39278726,0,99.34939839,-133.1834845,23.74704375
0.1151867918,0.06713192477,2.39040625,1.152902872,1,19.75074626,2.653907887,-72.57080305,0,107.5052154,-149.8827096,25.74820655
0.1151867918,0.07099563267,2.807982352,1.317765463,1,54.92999689,3.101817323,-28.29778589,0,154.7597095,-138.8881625,25.1403199
0.1151867918,0.07485934057,3.200586026,1.580191784,1,34.76585831,3.569419698,53.31851697,0,58.57704754,-119.8319617,26.27645243
0.1151867918,0.07872304847,3.168632075,1.986768336,1,-31.85045286,3.739983643,90.47745146,0,-83.82191865,-226.7163125,32.08817965
0.1151867918,0.08258675637,2.75366177,2.805735836,1,-4.093695858,3.931260196,-4.07108721,0,-87.93603214,-126.5034135,45.53666551
0.1151867918,0.08645046427,2.813056088,2.459811082,1,-19.89462401,3.736837582,-148.8656017,0,-222.726078,-53.97106357,41.16731278
0.1151867918,0.09031417218,1.816246247,2.439091059,1,-320.2755468,3.041038577,-58.13795946,39.13564334,-238.1633856,-151.8410191,53.32713363
0.1151867918,0.09417788008,0.655411173,2.821852334,1,662.3706354,2.896966414,12.1952878,0,-674.0058037,-286.8051016,76.92416438
0.1151867918,0.09804158798,1.771291355,3.594341226,2,718.8202892,4.007088958,8.163861084,117.0829759,-369.4200325,-159.8881018,63.76592206
0.1151867918,0.1019052959,2.005391705,3.471156031,2,407.3418504,4.008805319,-479.3681211,0,-1029.305594,-440.2740914,59.9836759
0.1151867918,0.1057690038,-0.631794876,3.443293315,1,-1508.817036,3.500776145,-1178.368328,0,1186.328293,-1192.379995,100.3973003
0.1151867918,0.1096327117,0.7593894014,3.525293019,2,150.7346813,3.606156283,-506.6885277,0,34.62698791,-576.681422,77.84357467
0.1151867918,0.1134964196,0.08438846965,3.713725413,2,376.4890255,3.714684086,-454.1265846,0,-373.6436729,-8.897612452,88.69826908
0.1151867918,0.1173601275,0.7703830127,1.805058322,1,192.3608176,1.962581344,-299.1775053,0,-175.1193721,250.7010659,66.88763692
0.1151867918,0.1212238354,NaN,NaN,0,-162.0364382,1.596313465,-30.40974846,0,-158.5771535,81.34978094,84.57195004
0.1190504997,0.01690372206,NaN,NaN,0,-33.26648474,0.4615437277,-1.102188021,0,11.51381609,-11.4818053,24.2719955
0.1190504997,0.02076742997,NaN,NaN,0,-31.36536347,0.4329404463,14.10760105,4.928391878,10.54385175,-0.05577001285,28.98251838
0.1190504997,0.02463113787,NaN,NaN,0,-24.74770789,0.4189958844,31.83557197,0,17.49559308,8.922703174,35.69124572
0.1190504997,0.02849484577,NaN,NaN,0,-12.92572785,0.4604117518,34.14104135,0,26.02119873,2.173179692,40.38443901
0.1190504997,0.03235855367,NaN,NaN,0,-6.754298798,0.5368385069,31.0948543,0,27.72239603,-7.530583593,43.26923372
0.1190504997,0.03622226157,NaN,NaN,0,-4.062459606,0.6218321446,43.08981053,0,36.37998742,-7.828712925,46.03125661
0.1190504997,0.04008596947,NaN,NaN,0,16.85578918,0.764782284,38.40088821,0,33.24111736,-20.25973466,47.5934001
0.1190504997,0.04394967737,NaN,NaN,0,2.077247915,0.9195136333,5.586282087,0,16.72745604,-54.68328835,47.15573127
0.1190504997,0.04781338527,0.5884154543,0.7975621709,1,9.058658878,0.9911297409,-64.61931062,0,42.01468496,-90.57822772,53.58129928
0.1190504997,0.05167709317,0.8226091151,0.7744893773,1,29.73378613,1.129831648,-115.2235154,0,58.28273918,-111.8292783,43.27423038
0.1190504997,0.05554080107,0.9284855985,0.7844478302,1,57.9086154,1.215501503,-95.79228352,0,88.25314494,-134.3373209,40.19339932
0.1190504997,0.05940450897,1.387335463,0.9234161427,1,98.89037837,1.666552448,-120.3090767,0,130.0943354,-219.2612747,33.64789791
0.1190504997,0.06326821687,1.813215646,1.16677022,1,43.34350538,2.156178037,-128.7570875,0,100.7098568,-232.2442726,32.76052014
0.1190504997,0.06713192477,1.943915577,1.323260397,1,50.90583845,2.351558175,-82.00127931,0,141.049049,-183.0644634,34.24386524
0.1190504997,0.07099563267,2.554873261,1.557248842,1,69.60535249,2.992056373,-44.73973309,0,186.6170641,-168.0337907,31.36318382
0.1190504997,0.07485934057,2.933884152,1.799632622,1,-58.97549098,3.44185325,-93.01718078,0,74.01230655,-219.5449173,31.52478367
0.1190504997,0.07872304847,2.612971124,2.046115058,1,-72.45191553,3.318765573,-26.98041109,11.83561271,25.23018669,-244.7701726,38.0631008
0.1190504997,0.08258675637,2.751433185,2.641108644,1,9.502403175,3.813900817,17.89150008,0,-23.06633169,-117.9152686,43.82796479
0.1190504997,0.08645046427,2.560564067,2.570832743,1,-134.8323809,3.628452746,-89.18970563,17.45487072,-42.13937461,-69.04388874,45.11465709
0.1190504997,0.09031417218,2.067666015,2.563271092,1,-202.8968671,3.293266076,100.7086746,33.29989606,-16.52661694,20.75713718,51.10857093
0.1190504997,0.09417788008,1.712775818,2.87974213,1,-117.0393967,3.35059931,124.8832468,0,78.58053222,286.2345194,59.2572115
0.1190504997,0.09804158798,1.919072197,1.939856906,2,376.4186756,2.728714516,-190.895752,0,-388.9338785,386.6945931,45.30859976
0.1190504997,0.1019052959,1.66442073,0.6481017503,2,789.6655861,1.786150118,636.2372519,0,-1855.385283,121.1659479,21.27523071
0.1190504997,0.1057690038,-2.198557415,3.929941972,1,-240.5110481,4.503120986,152.0691243,0,-268.029269,-520.774653,119.2242913
0.1190504997,0.1096327117,-0.3004305111,3.247773568,1,116.0618583,3.26163941,-369.3931672,0,67.16964907,-209.7502416,95.28502148
0.1190504997,0.1134964196,-1.490604392,3.31312834,1,136.1520393,3.633004383,-433.535319,0,-25.53123717,33.4365561,114.2233824
0.1190504997,0.1173601275,0.1269759563,1.443530645,1,244.4352288,1.449104419,-436.5530186,0,125.7604987,35.85376375,84.97308246
0.1190504997,0.1212238354,NaN,NaN,0,-27.99420169,1.489106957,-67.43543732,0,-68.93454951,-90.39570162,92.31985864
0.1229142076,0.01690372206,NaN,NaN,0,-21.02876724,0.49510484,5.334547649,0,14.1044317,-3.580038873,32.52602736
0.1229142076,0.02076742997,NaN,NaN,0,-19.97040457,0.4935638503,12.55545335,1.251231552,14.06273991,-0.4514501233,35.04740019
0.1229142076,0.02463113787,NaN,NaN,0,-16.30390735,0.5058410372,22.00901624,0,16.79389317,0.7300393193,38.72769385
0.1229142076,0.02849484577,NaN,NaN,0,-10.14859794,0.5463544702,26.51157967,0,20.88454626,-2.771687222,42.00906407
0.1229142076,0.03235855367,NaN,NaN,0,-4.878795511,0.6121649002,28.42711566,0,23.5819289,-8.128327794,44.57013008
0.1229142076,0.03622226157,NaN,NaN,0,-0.09072348279,0.6968743835,31.81881063,0,26.48171866,-12.32952256,46.66645372
0.1229142076,0.04008596947,NaN,NaN,0,7.311578883,0.8060624204,29.45100681,0,25.14206638,-19.38007254,48.12351241
0.1229142076,0.04394967737,NaN,NaN,0,7.568477557,0.9209512918,21.54854241,0,20.02457832,-26.42253742,49.04786871
0.1229142076,0.04781338527,NaN,NaN,0,14.79864454,1.01620252,26.98627254,0,18.37607308,-9.780885535,50.62442168
0.1229142076,0.05167709317,NaN,NaN,0,-1.979766359,1.112258571,-0.5321171096,0,29.39259258,-28.7955772,48.85735223
0.1229142076,0.05554080107,NaN,NaN,0,-44.0627585,1.167876526,-7.422851277,8.044752572,9.57360562,-40.43907221,50.00649519
0.1229142076,0.05940450897,0.5985389139,0.9651779005,1,-3.189581772,1.135701198,-36.00592002,0,47.42262121,-125.5497611,58.19557248
0.1229142076,0.06326821687,0.9214986803,1.240701664,1,79.45324846,1.545477414,-47.47257775,0,119.2498502,-186.2025284,53.39784793
0.1229142076,0.06713192477,1.366269646,1.501189907,1,108.8601727,2.029843315,-44.06029313,0,166.6236253,-181.0175599,47.69390524
0.1229142076,0.07099563267,1.985887607,1.769864538,1,51.14027528,2.660107154,-116.8745715,0,111.0530757,-270.3095352,41.70809269
0.1229142076,0.07485934057,1.992937378,2.094017788,1,-5.470947882,2.890797449,-139.1763397,0,39.83679389,-292.997209,46.41677612
0.1229142076,0.07872304847,2.118667198,2.364183446,1,33.07862608,3.174604552,-82.48097207,0,63.78733195,-234.1182036,48.13483682
0.1229142076,0.08258675637,2.367199145,2.679899758,1,10.90588326,3.575680985,-102.81297,0,10.58137806,-220.2562004,48.54531458
0.1229142076,0.08645046427,2.201687699,2.817949783,1,-39.82201286,3.57606903,-100.9097398,0,18.69089122,-224.9541867,51.99919149
0.1229142076,0.09031417218,2.285554663,3.159171267,1,-61.26778486,3.899246493,15.7108463,0,72.18021304,-180.919136,54.11552064
0.1229142076,0.09417788008,2.243850134,3.577670599,1,-24.38426467,4.223101981,-305.0411329,0,87.0821256,347.6812819,57.90480873
0.1229142076,0.09804158798,2.527800884,0.6372425163,2,109.7123226,2.606886138,-1453.110098,0,585.9733677,1219.508737,14.14908798
0.1229142076,0.1019052959,4.931776432,-6.748547908,1,-649.6068547,8.35854758,310.1734763,36.80264954,-536.8612589,-388.5668271,-53.84101057
0.1229142076,0.1057690038,-2.05636534,3.336970947,1,-751.8555326,3.91969559,1499.490699,0,-907.1798189,-1110.679627,121.6429167
0.1229142076,0.1096327117,-1.478251563,3.336387804,1,86.31659246,3.649206936,-124.1976504,0,67.65184261,-60.02548917,113.8966697
0.1229142076,0.1134964196,-1.461476281,3.089028461,1,108.016369,3.417310309,-219.7138107,0,73.27313755,295.2976823,115.3196937
0.1229142076,0.1173601275,-0.7778018639,1.34653383,1,159.8684488,1.55503347,-309.85191,0,99.64062071,119.2837324,120.0121316
0.1229142076,0.1212238354,NaN,NaN,0,86.36411908,1.502727997,-40.01247961,0,78.75852104,-83.72171487,107.7772618
0.1267779155,0.01690372206,NaN,NaN,0,-13.81991562,0.5373156045,6.961512403,0,12.76623587,-1.217995979,37.2817232
0.1267779155,0.02076742997,NaN,NaN,0,-12.91466411,0.5454423158,10.99929509,0,13.07769916,-1.128677558,38.73210585
0.1267779155,0.02463113787,NaN,NaN,0,-10.34891901,0.5674021953,17.13345996,0,14.73269342,-2.779408552,41.0107415
0.1267779155,0.02849484577,NaN,NaN,0,-6.48596105,0.6088024243,21.46914544,0,17.14116423,-5.861640105,43.38824573
0.1267779155,0.03235855367,NaN,NaN,0,-2.52156182,0.6698348542,24.28321804,0,19.23905467,-9.881517795,45.52047786
0.1267779155,0.03622226157,NaN,NaN,0,1.266782303,0.748198243,26.30730954,0,20.82289192,-13.980977,47.33959786
0.1267779155,0.04008596947,NaN,NaN,0,4.912772279,0.8420782819,26.03578599,0,20.82085118,-18.50849551,48.79976212
0.1267779155,0.04394967737,NaN,NaN,0,6.086438892,0.9431433575,24.1706082,0,19.8527178,-21.84590327,49.98381422
0.1267779155,0.04781338527,NaN,NaN,0,6.003568089,1.042702301,24.30985638,0,20.61607645,-20.5653189,51.09198431
0.1267779155,0.05167709317,NaN,NaN,0,-2.051119543,1.142534001,20.1150874,0,25.00033436,-26.54961106,51.62475885
0.1267779155,0.05554080107,NaN,NaN,0,-14.07527592,1.239483134,28.97360383,0,28.00904945,-28.81127758,53.13754277
0.1267779155,0.05940450897,NaN,NaN,0,-8.604936209,1.354421145,68.63528297,0,51.77646732,-16.4771527,55.70614957
0.1267779155,0.06326821687,NaN,NaN,0,22.75406032,1.603922642,50.27792143,0,57.77712995,-60.36051339,55.41797112
0.1267779155,0.06713192477,NaN,NaN,0,9.631231916,1.882965724,8.219329468,0,28.81465492,-112.9600534,55.21310153
0.1267779155,0.07099563267,1.058906969,1.788734403,1,22.85491831,2.078666576,-73.80678261,0,26.27180268,-184.6451293,59.37503173
0.1267779155,0.07485934057,1.264091798,1.974688502,1,57.95954915,2.344637019,-77.98304376,0,27.66219747,-175.3066857,57.37476419
0.1267779155,0.07872304847,1.389724388,2.164764527,1,57.13216552,2.572457839,-69.72387845,0,4.750483829,-241.881393,57.30055739
0.1267779155,0.08258675637,1.503188279,2.639854851,1,35.57163593,3.037829593,-164.8030181,0,-58.40031528,-328.413985,60.34191348
0.1267779155,0.08645046427,1.301521039,2.796909513,1,8.594859348,3.0849084,-165.753279,0,-27.7057341,-279.3799652,65.04543651
0.1267779155,0.09031417218,1.429349441,3.078875176,1,91.99308362,3.394482608,-148.88659,0,57.08750795,-281.7916136,65.09719569
0.1267779155,0.09417788008,1.877524899,3.310415703,1,-10.53015449,3.805778747,-87.47408954,0,-96.32178117,-268.9358641,60.43996383
0.1267779155,0.09804158798,1.016504773,3.779990468,1,-462.1104074,3.914282807,-516.515591,0,328.5617047,59.79554852,74.94826056
0.1267779155,0.1019052959,1.361531721,1.0837178,2,-1609.201878,1.740176111,-671.3501707,167.6557585,1165.894615,-554.8361434,38.51820653
0.1267779155,0.1057690038,-0.6963050043,3.3298143,1,-341.8195963,3.401838317,498.4945344,0,-272.5505096,-42.93889725,101.8110552
0.1267779155,0.1096327117,-1.012214911,3.175658427,2,-3.030578847,3.333074477,84.32252566,0,-126.9651141,123.3843964,107.6792517
0.1267779155,0.1134964196,-1.19857039,3.178890642,1,112.6275128,3.397339649,-215.9294393,0,-8.351748521,292.605514,110.6584726
0.1267779155,0.1173601275,-0.6093238169,1.21082791,1,16.26977118,1.355499812,-209.8660106,0,154.6078903,235.4031383,116.7128701
0.1267779155,0.1212238354,NaN,NaN,0,-20.80608342,1.554684533,52.70072873,0,57.54529837,-75.50399567,110.2596708
0.1306416234,0.01690372206,NaN,NaN,0,-8.651512784,0.57392582,6.666216526,0,9.981379461,-1.060793565,40.00234738
0.1306416234,0.02076742997,NaN,NaN,0,-7.782837171,0.5855711857,9.39163175,0,10.4857075,-2.110732671,40.95964146
0.1306416234,0.02463113787,NaN,NaN,0,-5.691143513,0.6111048866,14.05638307,0,11.91801713,-4.857355865,42.56561688
0.1306416234,0.02849484577,NaN,NaN,0,-2.924765433,0.652834698,17.9483241,0,13.70836258,-8.013946851,44.42095137
0.1306416234,0.03235855367,NaN,NaN,0,0.01172697894,0.7111142851,20.92930151,0,15.41023361,-11.55512628,46.24994096
0.1306416234,0.03622226157,NaN,NaN,0,2.766642234,0.784705272,23.09142349,0,16.74994318,-15.20437213,47.92320524
0.1306416234,0.04008596947,NaN,NaN,0,4.986289037,0.8714569962,24.21421941,0,17.46572861,-18.82702923,49.39740372
0.1306416234,0.04394967737,NaN,NaN,0,5.860937642,0.9674171763,24.78824803,0,17.94936523,-21.88726126,50.71102368
0.1306416234,0.04781338527,NaN,NaN,0,5.180308468,1.069307309,25.96745735,0,19.23518056,-24.08487572,51.94446192
0.1306416234,0.05167709317,NaN,NaN,0,1.846996018,1.177865741,27.70900652,0,21.98361897,-28.02627058,53.11706704
0.1306416234,0.05554080107,NaN,NaN,0,-1.582289432,1.297029622,34.56689622,0,25.68579049,-31.77927434,54.60663964
0.1306416234,0.05940450897,NaN,NaN,0,1.127220645,1.440985863,46.44652112,0,32.86090058,-36.03606423,56.27420145
0.1306416234,0.06326821687,NaN,NaN,0,9.354417591,1.634721343,42.01063458,0,32.44982687,-55.52133555,57.32498226
0.1306416234,0.06713192477,NaN,NaN,0,7.181727048,1.845599823,30.40676824,0,19.93275097,-74.94431327,58.5997527
0.1306416234,0.07099563267,NaN,NaN,0,6.494767467,2.038160129,33.28051825,0,7.149578003,-70.67367074,61.0261831
0.1306416234,0.07485934057,NaN,NaN,0,-11.15260758,2.221973406,0.74086679,1.537308282,-7.634905913,-97.28143646,62.83941029
0.1306416234,0.07872304847,NaN,NaN,0,-74.62061714,2.347352975,-33.20354874,0,-68.4406985,-121.1661808,67.06543852
0.1306416234,0.08258675637,0.4615527134,2.316819588,1,-25.24086141,2.362347119,-49.01191755,0,-86.79984996,-182.5362362,78.73314296
0.1306416234,0.08645046427,0.481822867,2.677694893,1,35.8301153,2.720699031,-7.167553318,6.581669884,5.57756262,-190.2783757,79.79938834
0.1306416234,0.09031417218,0.6215398858,3.024306319,1,62.97257018,3.08751365,-45.48578094,4.463087202,36.66314848,-192.62473,78.38656712
0.1306416234,0.09417788008,0.8667861804,3.246196813,1,17.39187403,3.359927385,-105.8043275,0,19.26414798,-278.6596004,75.04990301
0.1306416234,0.09804158798,0.7631680476,3.692168603,1,-44.62598175,3.770216765,2.049768419,0,-129.4646884,-186.2195167,78.32147821
0.1306416234,0.1019052959,0.1941506828,3.973614337,1,-410.5027062,3.978354608,-171.2127854,65.94990249,136.3102721,-148.5500634,87.20275439
0.1306416234,0.1057690038,-0.2962314262,3.604606464,1,-78.72140812,3.61675833,-69.71621262,0,-146.4207072,219.1444893,94.6980869
0.1306416234,0.1096327117,-0.675732687,2.857540961,2,36.02349261,2.936350628,-25.88882367,0,-260.9346199,228.5316855,103.3045314
0.1306416234,0.1134964196,-1.165222326,2.621599933,1,130.7731704,2.868889903,-3.044415863,0,-131.6534582,249.6944228,113.9637081
0.1306416234,0.1173601275,NaN,NaN,0,-16.67610997,1.999875962,-87.17670882,0,176.7058378,142.6282905,109.8517743
0.1306416234,0.1212238354,NaN,NaN,0,-17.93988674,1.817919886,-23.23848673,0,86.38173755,53.02575267,107.508432
0.1345053313,0.01690372206,NaN,NaN,0,-4.37335405,0.5997841014,5.621333307,0,6.670626533,-1.829479926,41.50430447
0.1345053313,0.02076742997,NaN,NaN,0,-3.54156161,0.6126963729,7.776384832,0,7.29820091,-3.327856221,42.23735479
0.1345053313,0.02463113787,NaN,NaN,0,-1.708052444,0.6394816845,11.75211647,0,8.745305034,-6.525335385,43.52175769
0.1345053313,0.02849484577,NaN,NaN,0,0.4663158513,0.6811464401,15.33846638,0,10.36403535,-9.781665151,45.09906769
0.1345053313,0.03235855367,NaN,NaN,0,2.726592935,0.737831998,18.3942404,0,11.94357402,-13.12066836,46.75087309
0.1345053313,0.03622226157,NaN,NaN,0,4.801770618,0.8087040455,20.91486349,0,13.30091857,-16.45435599,48.34586138
0.1345053313,0.04008596947,NaN,NaN,0,6.404803993,0.892212904,22.94142014,0,14.34275487,-19.70798801,49.8336585
0.1345053313,0.04394967737,NaN,NaN,0,7.190714172,0.9863542348,24.80070716,0,15.24383396,-22.79123683,51.22979441
0.1345053313,0.04781338527,NaN,NaN,0,7.009732121,1.089898915,27.06271849,0,16.39166159,-25.86065215,52.58758991
0.1345053313,0.05167709317,NaN,NaN,0,5.84108458,1.203775185,30.18658511,0,18.01317048,-29.69132119,53.97008639
0.1345053313,0.05554080107,NaN,NaN,0,4.77190153,1.331356736,35.1384534,0,19.88959295,-34.24348499,55.48731465
0.1345053313,0.05940450897,NaN,NaN,0,5.34169063,1.478813986,40.57327071,0,21.53151764,-40.36649432,57.09536262
0.1345053313,0.06326821687,NaN,NaN,0,6.35466235,1.650419231,40.91132752,0,19.22852599,-50.74445129,58.67002895
0.1345053313,0.06713192477,NaN,NaN,0,3.246491217,1.833098144,38.11659067,0,11.3169441,-60.62219343,60.51652828
0.1345053313,0.07099563267,NaN,NaN,0,-3.371168692,2.011171735,36.54490062,0,0.4948650445,-65.06012385,62.95593517
0.1345053313,0.07485934057,NaN,NaN,0,-18.17473452,2.178828428,29.17031843,0,-13.18009589,-73.67843162,65.85951249
0.1345053313,0.07872304847,NaN,NaN,0,-41.82775667,2.32797215,33.36127239,0,-31.29717806,-73.71955193,70.07668355
0.1345053313,0.08258675637,NaN,NaN,0,-46.63515255,2.47789922,86.77649203,0,-19.26972633,-40.40200358,75.78313951
0.1345053313,0.08645046427,NaN,NaN,0,-10.95603915,2.733616983,83.88902371,0,-14.71719277,-64.98722934,78.6357438
0.1345053313,0.09031417218,NaN,NaN,0,-1.188927513,3.020481071,64.86917061,0,-36.74847972,-100.1606796,80.29151325
0.1345053313,0.09417788008,0.3920685832,3.317649622,1,2.770118613,3.340735965,-0.06126190141,0,-55.68129159,-122.9937516,83.26023824
0.1345053313,0.09804158798,0.3049266619,3.452198487,1,73.71840916,3.465639142,-76.04275348,0,-142.5660328,-44.67231836,84.95226396
0.1345053313,0.1019052959,0.1260614759,3.196443424,1,188.0007444,3.198928267,-49.70466176,0,-297.7099834,49.66995809,87.74153696
0.1345053313,0.1057690038,-0.1189577912,3.068243983,1,389.6936851,3.070549153,-92.22810676,0,-481.6580804,210.1095526,92.22028216
0.1345053313,0.1096327117,-0.2292620848,2.028299021,2,350.4990123,2.04121484,-13.50147934,0,-383.2729749,220.287721,96.44886833
0.1345053313,0.1134964196,-0.2455868094,2.164950803,1,69.03436882,2.178835666,145.0455796,0,-111.9498847,163.2404725,96.47182995
0.1345053313,0.1173601275,NaN,NaN,0,-28.61064705,1.997459756,18.56144995,2.491652914,-17.3744325,97.08234588,101.4076819
0.1345053313,0.1212238354,NaN,NaN,0,-27.91047994,1.909080388,3.398780201,0,13.32106333,53.31470284,102.8094128
0.1383690392,0.01690372206,NaN,NaN,0,-2.337678414,0.6130197773,4.980895553,0,4.980895553,-2.337678414,42.17768847
0.1383690392,0.02076742997,NaN,NaN,0,-1.524268331,0.6263365427,6.950451556,0,5.662066368,-3.96128976,42.82252431
0.1383690392,0.02463113787,NaN,NaN,0,0.2007858748,0.6534967061,10.68861526,0,7.134360367,-7.283080649,43.97611042
0.1383690392,0.02849484577,NaN,NaN,0,2.127782646,0.6950438637,14.15542183,0,8.702605453,-10.57047273,45.43377498
0.1383690392,0.03235855367,NaN,NaN,0,4.090283152,0.7509942078,17.24573233,0,10.2353837,-13.84012391,47.00583471
0.1383690392,0.03622226157,NaN,NaN,0,5.87986387,0.8206800977,19.95635715,0,11.59658164,-17.06040825,48.56647931
0.1383690392,0.04008596947,NaN,NaN,0,7.280394046,0.9029342239,22.37417077,0,12.72058644,-20.22104971,50.06211169
0.1383690392,0.04394967737,NaN,NaN,0,8.085297325,0.9965094417,24.76114001,0,13.69363975,-23.35834788,51.49839971
0.1383690392,0.04781338527,NaN,NaN,0,8.20300122,1.100871865,27.50659907,0,14.6982814,-26.66470012,52.91712648
0.1383690392,0.05167709317,NaN,NaN,0,7.709658767,1.216924154,30.9368045,0,15.8138583,-30.53423455,54.37406263
0.1383690392,0.05554080107,NaN,NaN,0,7.066733917,1.347005238,35.27216732,0,16.74827961,-35.09174435,55.92585709
0.1383690392,0.05940450897,NaN,NaN,0,6.59594147,1.493843313,39.47418281,0,16.66408757,-40.76457476,57.58090339
0.1383690392,0.06326821687,NaN,NaN,0,5.406167272,1.657124205,41.18333025,0,13.68569804,-48.22926575,59.35960852
0.1383690392,0.06713192477,NaN,NaN,0,1.425299046,1.829148842,41.0351068,0,7.007079511,-55.30814481,61.43465976
0.1383690392,0.07099563267,NaN,NaN,0,-5.923315374,2.000543611,40.78516286,0,-2.434849586,-60.09321188,63.9952258
0.1383690392,0.07485934057,NaN,NaN,0,-17.3795254,2.166693733,39.72504375,0,-13.25104439,-64.96180439,67.12235822
0.1383690392,0.07872304847,NaN,NaN,0,-29.67168798,2.329524159,46.23694592,0,-22.50702601,-64.0964737,70.99053205
0.1383690392,0.08258675637,NaN,NaN,0,-31.70715453,2.50585144,67.94413362,0,-21.07348294,-51.28845278,75.18531155
0.1383690392,0.08645046427,NaN,NaN,0,-15.76558154,2.720349137,64.28739951,0,-24.49273799,-55.89844447,78.23112803
0.1383690392,0.09031417218,NaN,NaN,0,2.213028684,2.927401443,39.96709905,0,-44.53411788,-52.48159342,80.4598484
0.1383690392,0.09417788008,NaN,NaN,0,52.56096557,3.045604265,-4.124012834,0,-101.3285064,3.745603952,82.61750699
0.1383690392,0.09804158798,NaN,NaN,0,128.6404996,2.871882411,-121.6086313,0,-179.7108599,117.3814012,84.06886704
0.1383690392,0.1019052959,NaN,NaN,0,266.7663752,2.105926271,-321.2769639,0,-302.3622916,356.4530817,84.71390896
0.1383690392,0.1057690038,0.1592280473,0.2379577636,1,723.3705205,0.2863170765,-196.4612733,0,-741.6916906,340.4606881,56.2117719
0.1383690392,0.1096327117,0.1232289485,0.02246033685,1,501.8953749,0.1252590934,309.2047856,0,-536.401896,-126.7422173,10.32963174
0.1383690392,0.1134964196,0.02590492928,1.922329643,1,16.78353559,1.92250418,316.4018306,0,-108.8062692,-175.8675326,89.22794028
0.1383690392,0.1173601275,NaN,NaN,0,-37.08704122,1.938417537,38.32946515,0,-54.45579996,45.91866773,96.88346575
0.1383690392,0.1212238354,NaN,NaN,0,-32.84617835,1.921177344,16.5725964,0,-16.5725964,32.84617835,99.82382647
