PIVlab, ASCII chart output - 19-Sep-2021
FRAME: 740, filenames: A: 72_12_75_60 740.jpg & B: 72_12_75_60 741.jpg, conversion factor xy (px -> m): 0.00024148, conversion factor uv (px/frame -> m/s): 1
x [m],y [m],u [m/s],v [m/s],Vector type [-],vorticity [1/s],magnitude [m/s],divergence [1/s],dcev [1],simple shear [1/s],simple strain [1/s],vector direction [degrees]
0.03791263377,0.01690372206,NaN,NaN,0,-0.8835565079,0.4160842599,-2.020124399,0,2.020124399,0.8835565079,-46.26647579
0.03791263377,0.02076742997,NaN,NaN,0,-0.4592893579,0.42166158,-2.681817223,0,2.168809343,1.535913034,-46.57782809
0.03791263377,0.02463113787,NaN,NaN,0,0.3420927787,0.4324740742,-3.893413916,0,2.522741286,2.728689945,-47.12672178
0.03791263377,0.02849484577,NaN,NaN,0,1.167519137,0.4479549837,-4.874622485,0,2.8719721,3.690032112,-47.79909589
0.03791263377,0.03235855367,NaN,NaN,0,1.948214097,0.4674755961,-5.627253551,0,3.271551091,4.451296024,-48.4844427
0.03791263377,0.03622226157,NaN,NaN,0,2.620062436,0.4904774791,-6.205778385,0,3.742693178,5.095755059,-49.10960509
0.03791263377,0.04008596947,NaN,NaN,0,3.120003947,0.5165736798,-6.733008994,0,4.303479122,5.72157741,-49.65300829
0.03791263377,0.04394967737,NaN,NaN,0,3.42485203,0.5457191739,-7.401517277,0,4.991132096,6.427946747,-50.14045956
0.03791263377,0.04781338527,NaN,NaN,0,3.589204349,0.578432129,-8.370535403,0,5.820079602,7.357506282,-50.6248677
0.03791263377,0.05167709317,NaN,NaN,0,3.582489346,0.6157652176,-9.721028591,0,6.82257635,8.742494222,-51.16781221
0.03791263377,0.05554080107,NaN,NaN,0,3.331112027,0.6592333313,-11.52306042,0,7.901820899,10.84586033,-51.85735488
0.03791263377,0.05940450897,NaN,NaN,0,2.618751919,0.7105971389,-13.85306411,0,8.906716438,13.94519334,-52.811667
0.03791263377,0.06326821687,NaN,NaN,0,1.417720603,0.7718429676,-16.81668133,0,9.40933981,18.12136798,-54.18240696
0.03791263377,0.06713192477,NaN,NaN,0,0.3879923865,0.8448028069,-20.56540587,0,8.785759369,22.56733653,-56.08699857
0.03791263377,0.07099563267,NaN,NaN,0,0.4024575367,0.9302676347,-25.38059934,0,7.668583734,25.58408965,-58.42275865
0.03791263377,0.07485934057,NaN,NaN,0,2.586567238,1.029049395,-30.8311973,0,7.649353551,26.29794795,-60.7683459
0.03791263377,0.07872304847,NaN,NaN,0,6.931968217,1.141965147,-34.43833739,0,9.529309993,26.5208719,-62.53505565
0.03791263377,0.08258675637,NaN,NaN,0,11.65007181,1.267041882,-38.77565505,0,15.46333765,25.38885805,-63.46067489
0.03791263377,0.08645046427,NaN,NaN,0,20.23236143,1.41041391,-49.83789854,0,28.34788994,20.29101173,-63.40392428
0.03791263377,0.09031417218,NaN,NaN,0,34.71972188,1.594003465,-50.75760837,0,40.78253957,26.46047501,-61.77626839
0.03791263377,0.09417788008,NaN,NaN,0,50.32996109,1.812269279,0.4199081439,0,7.486962445,59.24790105,-59.37656926
0.03791263377,0.09804158798,NaN,NaN,0,62.67853256,1.902016921,-21.41808138,0,-13.04883672,-21.87527244,-59.0840987
0.03791263377,0.1019052959,NaN,NaN,0,273.0046909,1.915625988,27.69232801,0,-113.6072285,-203.9345074,-54.40799257
0.03791263377,0.1057690038,1.593082292,-0.7368443919,1,180.8100245,1.755235269,-75.89372985,0,-489.0116972,-507.2196777,-24.82183996
0.03791263377,0.1096327117,-0.07588863842,0.1087649819,1,275.0466024,0.1326231757,403.7278007,0,-1091.276646,-416.2044573,124.9046544
0.03791263377,0.1134964196,-1.560592178,2.431134351,1,773.1310311,2.88892059,335.362315,0,-983.741726,217.1465352,122.6971905
0.03791263377,0.1173601275,NaN,NaN,0,441.6898243,1.054155834,-210.7164023,0,-204.8728743,431.716104,147.5567769
0.03791263377,0.1212238354,NaN,NaN,0,222.7341281,0.6476148577,-96.41702892,0,-96.41702892,222.7341281,-175.4799501
0.04177634167,0.01690372206,NaN,NaN,0,-1.683040435,0.4105195604,-2.4397234,0,2.810272028,0.7395397125,-45.94667291
0.04177634167,0.02076742997,NaN,NaN,0,-1.16632005,0.4164566469,-3.146680499,0,2.861761995,1.432565958,-46.31890348
0.04177634167,0.02463113787,NaN,NaN,0,-0.2199272321,0.427857584,-4.415244689,0,3.065418205,2.668682042,-46.96371736
0.04177634167,0.02849484577,NaN,NaN,0,0.7623674006,0.4439788021,-5.392222769,0,3.271507059,3.601087585,-47.73243149
0.04177634167,0.03235855367,NaN,NaN,0,1.68112404,0.4640555678,-6.081023827,0,3.575924671,4.288436859,-48.48525124
0.04177634167,0.03622226157,NaN,NaN,0,2.445923907,0.4874342625,-6.526414056,0,3.999094679,4.845050297,-49.13327759
0.04177634167,0.04008596947,NaN,NaN,0,2.938738466,0.5135661948,-6.859771887,0,4.552971001,5.372989855,-49.65401057
0.04177634167,0.04394967737,NaN,NaN,0,3.103330203,0.5421913066,-7.363729979,0,5.311855154,5.942034006,-50.08809348
0.04177634167,0.04781338527,NaN,NaN,0,3.116398716,0.5738604457,-8.223829284,0,6.290403316,6.667308931,-50.50293261
0.04177634167,0.05167709317,NaN,NaN,0,2.936777383,0.6097088348,-9.447413659,0,7.636202828,7.846192344,-50.93736274
0.04177634167,0.05554080107,NaN,NaN,0,2.552759154,0.6514958189,-11.04738983,0,9.215505572,9.797592166,-51.46822589
0.04177634167,0.05940450897,NaN,NaN,0,1.538832237,0.7010673798,-13.08561124,0,10.97757949,13.00219104,-52.20000262
0.04177634167,0.06326821687,NaN,NaN,0,-0.4271105709,0.7608796683,-15.83423069,0,12.2090717,18.04891739,-53.34813644
0.04177634167,0.06713192477,NaN,NaN,0,-2.371195585,0.8335873059,-19.62237538,0,10.99434917,23.87311353,-55.24421869
0.04177634167,0.07099563267,NaN,NaN,0,-3.315793789,0.9185469475,-25.4288971,0,8.119245057,27.20328223,-57.94336457
0.04177634167,0.07485934057,NaN,NaN,0,-0.7748944543,1.016241713,-33.46983662,0,6.95033734,25.99370084,-60.92993484
0.04177634167,0.07872304847,NaN,NaN,0,4.989588009,1.130514717,-36.20880504,0,7.044916374,25.37516449,-63.10559828
0.04177634167,0.08258675637,NaN,NaN,0,6.060984673,1.249053952,-38.07011805,0,10.23771413,23.33530168,-64.37101875
0.04177634167,0.08645046427,NaN,NaN,0,13.88715184,1.371546789,-62.0146931,0,29.23793136,6.989441249,-65.24321119
0.04177634167,0.09031417218,NaN,NaN,0,43.79441508,1.561896318,-89.25032076,0,76.31519437,13.44702619,-63.090344
0.04177634167,0.09417788008,1.038427445,-1.64228536,1,78.94219376,1.943047287,-85.39584656,0,-30.62338046,14.32723983,-57.69457295
0.04177634167,0.09804158798,0.8935806208,-1.778077043,1,28.22915686,1.989986004,-92.56218823,0,-96.5544553,78.86508107,-63.31797882
0.04177634167,0.1019052959,0.7744384492,-2.304630254,1,31.61129789,2.431270351,-90.95549038,0,-142.1238623,-25.53514957,-71.42580442
0.04177634167,0.1057690038,0.4665923524,-2.030842131,1,136.7350356,2.083753388,-174.2043286,0,-363.053947,-115.6746117,-77.06066973
0.04177634167,0.1096327117,-0.09999171665,-2.530771984,1,319.6901262,2.532746568,147.5213253,0,-568.1090414,-128.8854149,-92.26260011
0.04177634167,0.1134964196,-0.4932257728,-0.9628872249,1,625.1942763,1.081861114,443.8954791,0,-719.066792,-34.20057581,-117.1231716
0.04177634167,0.1173601275,NaN,NaN,0,301.057932,0.8254201528,144.7572865,0,-277.3368575,68.32899284,-124.0937109
0.04177634167,0.1212238354,NaN,NaN,0,173.3277308,0.7790630875,75.19736605,0,-141.693234,66.93698152,-121.0280878
0.04564004958,0.01690372206,NaN,NaN,0,-3.445654353,0.3990647201,-3.326147158,0,4.554360536,0.5079945829,-45.22476325
0.04564004958,0.02076742997,NaN,NaN,0,-2.678239953,0.4058481713,-4.131228509,0,4.341380978,1.294468774,-45.74662572
0.04564004958,0.02463113787,NaN,NaN,0,-1.363011184,0.4185963606,-5.519842563,0,4.150824607,2.621203685,-46.62150914
0.04564004958,0.02849484577,NaN,NaN,0,-0.005359582967,0.4361268243,-6.494147668,0,3.998826499,3.461051735,-47.61706935
0.04564004958,0.03235855367,NaN,NaN,0,1.237156507,0.4574032268,-7.072194314,0,4.092380105,3.962324148,-48.52622353
0.04564004958,0.03622226157,NaN,NaN,0,2.263112999,0.4816893789,-7.236587958,0,4.405447551,4.345513583,-49.22648599
0.04564004958,0.04008596947,NaN,NaN,0,2.789827014,0.5081013298,-7.068792414,0,4.893323841,4.730439812,-49.69137246
0.04564004958,0.04394967737,NaN,NaN,0,2.541761584,0.5356499634,-7.2131941,0,5.804484219,5.056497859,-50.00649783
0.04564004958,0.04781338527,NaN,NaN,0,2.278564116,0.5651458495,-7.966895377,0,6.951194492,5.270245812,-50.30743532
0.04564004958,0.05167709317,NaN,NaN,0,1.685440563,0.5977777849,-9.042040529,0,9.026347826,5.932740466,-50.53846098
0.04564004958,0.05554080107,NaN,NaN,0,1.261637752,0.6361198835,-10.30277401,0,11.48909628,7.326824931,-50.76728966
0.04564004958,0.05940450897,NaN,NaN,0,-0.1610626842,0.6816977498,-11.58472804,0,15.1510154,10.24009356,-50.98025646
0.04564004958,0.06326821687,NaN,NaN,0,-4.29170434,0.738115784,-13.48608315,0,19.45292311,17.52516866,-51.42490704
0.04564004958,0.06713192477,NaN,NaN,0,-8.229312113,0.8122199574,-16.16048518,0,16.9627623,28.17340064,-53.09170261
0.04564004958,0.07099563267,NaN,NaN,0,-12.3360742,0.8966860171,-23.19190448,0,8.680241532,33.41309747,-56.57093466
0.04564004958,0.07485934057,NaN,NaN,0,-8.625635854,0.988953524,-42.54375939,0,6.253530958,23.96509634,-61.38427557
0.04564004958,0.07872304847,NaN,NaN,0,7.090958156,1.116116016,-40.83629448,0,2.111639479,23.67141715,-64.25389604
0.04564004958,0.08258675637,0.5091984257,-1.117393357,1,5.749456763,1.227945826,-7.673792928,0,-22.8276586,43.19526902,-65.50114915
0.04564004958,0.08645046427,0.4188377673,-1.201859896,1,8.193544435,1.272749891,93.21278429,0,-20.68177127,134.9976447,-70.78699646
0.04564004958,0.09031417218,0.460947565,-1.278837853,1,61.77854033,1.359374456,50.0206343,15.25456702,-2.319633758,252.1550714,-70.17868017
0.04564004958,0.09417788008,0.6485696144,-1.982848318,1,99.25252368,2.086223861,-49.28094028,35.26189782,20.67058726,166.8514441,-71.88760321
0.04564004958,0.09804158798,0.9242954362,-2.113910254,1,72.13736018,2.307149457,-14.95023385,8.064084637,-67.92969757,48.76216111,-66.3829151
0.04564004958,0.1019052959,0.6648267937,-2.229014402,1,-31.44151648,2.326048123,-74.12405865,0,-85.34285421,69.25447644,-73.39223988
0.04564004958,0.1057690038,0.4730747405,-2.667883033,1,59.63006003,2.709501723,-102.7134579,0,-232.7051824,180.0246016,-79.94471007
0.04564004958,0.1096327117,-0.00388492393,-3.321431676,1,107.1619985,3.321433948,8.77381752,0,-223.8181989,33.31364527,-90.06701617
0.04564004958,0.1134964196,0.02234925718,-2.762697759,1,322.4325867,2.762788156,363.3666407,0,-338.5929126,-64.25351734,-89.53650732
0.04564004958,0.1173601275,NaN,NaN,0,150.1360848,1.670549395,288.4118065,0,-180.8796905,-98.3957907,-92.27533964
0.04564004958,0.1212238354,NaN,NaN,0,95.75288098,1.271847448,178.877353,0,-111.3396454,-28.71913926,-94.34850082
0.04950375748,0.01690372206,NaN,NaN,0,-5.698547001,0.3809790902,-4.528782664,0,6.788564272,0.6112683624,-43.89085775
0.04950375748,0.02076742997,NaN,NaN,0,-4.460797679,0.3894225073,-5.490779251,0,6.075753321,1.574646303,-44.72896365
0.04950375748,0.02463113787,NaN,NaN,0,-2.548517969,0.4046927862,-7.038749388,0,5.197672744,3.060612192,-46.06421804
0.04950375748,0.02849484577,NaN,NaN,0,-0.6579510547,0.424651488,-7.992331026,0,4.480594226,3.65959152,-47.4985391
0.04950375748,0.03235855367,NaN,NaN,0,1.00974857,0.4478342145,-8.477017802,0,4.3893217,3.754294415,-48.70084803
0.04950375748,0.03622226157,NaN,NaN,0,2.57954457,0.4738756202,-8.278951049,0,4.636991579,3.844240076,-49.49980864
0.04950375748,0.04008596947,NaN,NaN,0,3.415695006,0.5015255258,-6.96561571,0,4.810392595,4.146757949,-49.83956085
0.04950375748,0.04394967737,NaN,NaN,0,1.995325004,0.5271782464,-6.45335863,0,6.06156339,4.283271807,-49.90368925
0.04950375748,0.04781338527,NaN,NaN,0,1.770655601,0.5533129774,-7.388517595,0,6.683542608,3.424435993,-50.14641746
0.04950375748,0.05167709317,NaN,NaN,0,0.2647830013,0.580178519,-8.451079071,0,10.0288977,3.287698776,-50.09340174
0.04950375748,0.05554080107,NaN,NaN,0,0.9694139745,0.6136200891,-9.536937637,0,12.56351634,3.336873533,-50.00941111
0.04950375748,0.05940450897,NaN,NaN,0,0.8469836143,0.6519299711,-9.464443746,0,18.68446271,3.106189609,-49.37283636
0.04950375748,0.06326821687,NaN,NaN,0,-8.349331991,0.6998349423,-10.36488868,0,33.48884306,13.63826306,-47.83088829
0.04950375748,0.06713192477,NaN,NaN,0,-13.91827432,0.7856759675,-8.341577715,0,28.72353539,37.88222291,-48.40051685
0.04950375748,0.07099563267,0.5270171829,-0.6972895587,1,-26.16598339,0.874047962,14.47699481,9.188026094,0.377856144,77.42208174,-52.91771196
0.04950375748,0.07485934057,0.4219877786,-0.8307331234,1,-43.41406827,0.9317677863,62.9738816,0,22.20344083,148.4330535,-63.07078175
0.04950375748,0.07872304847,0.4450655142,-1.027478836,1,8.473392286,1.119730356,89.14939533,0,57.66125123,194.189647,-66.57953834
0.04950375748,0.08258675637,0.6775127232,-1.236577974,1,114.7180061,1.410017225,117.5165349,0,146.9559991,202.8179517,-61.28196275
0.04950375748,0.08645046427,1.456097435,-1.357058594,1,162.6836308,1.990434065,132.3497329,0,147.0956821,236.874926,-42.98370055
0.04950375748,0.09031417218,1.874409502,-1.640432788,1,42.46085998,2.490869469,118.7962967,0,-32.99117576,271.2002644,-41.19154214
0.04950375748,0.09417788008,1.492685529,-1.945903008,1,-115.4683123,2.452478054,67.65995114,0,-104.5766528,243.3519212,-52.50849563
0.04950375748,0.09804158798,1.024220031,-2.319255241,1,-62.12568891,2.535344463,-4.613208368,0,-128.6396955,142.1334622,-66.17298366
0.04950375748,0.1019052959,0.7556238059,-2.512889279,1,32.71401237,2.624038846,-4.488157208,0,-99.72736039,213.2003683,-73.26400923
0.04950375748,0.1057690038,0.765300029,-3.160340117,1,-22.54688706,3.251681686,-29.58535543,0,-156.8149793,306.0232211,-76.38744147
0.04950375748,0.1096327117,0.06262194584,-3.809582787,1,65.38143297,3.810097443,45.65269767,0,-91.99836847,137.9362144,-89.05825643
0.04950375748,0.1134964196,0.6624599651,-3.516896669,1,295.5903549,3.578744946,-38.42139756,69.9898484,-241.5343176,-516.4818746,-79.33247893
0.04950375748,0.1173601275,NaN,NaN,0,-123.8417746,1.981185037,314.0338567,0,-1.392060514,-216.3274099,-82.12406917
0.04950375748,0.1212238354,NaN,NaN,0,-36.42013415,1.478561263,187.2155801,0,-11.66097324,-68.89130223,-83.0623961
0.05336746538,0.01690372206,NaN,NaN,0,-8.906649518,0.3549163718,-6.376759834,0,10.01811841,1.358502451,-41.47088613
0.05336746538,0.02076742997,NaN,NaN,0,-6.645381477,0.3665517159,-7.5493692,0,8.247899608,2.617248642,-42.99900206
0.05336746538,0.02463113787,NaN,NaN,0,-3.712311958,0.3864003521,-9.152044709,0,6.083518821,4.387007259,-45.22990294
0.05336746538,0.02849484577,NaN,NaN,0,-1.087675237,0.4101784912,-9.959409248,0,4.336555962,4.362407738,-47.47491285
0.05336746538,0.03235855367,NaN,NaN,0,0.8802442576,0.4355638977,-10.56459482,0,4.347320889,3.551021916,-49.18712652
0.05336746538,0.03622226157,NaN,NaN,0,3.629621705,0.4645445759,-10.43658272,0,4.94280447,3.130394358,-50.18663325
0.05336746538,0.04008596947,NaN,NaN,0,6.298083437,0.4969698338,-6.061360748,0,3.649691568,3.729080101,-50.24700731
0.05336746538,0.04394967737,NaN,NaN,0,0.2531878255,0.5182379246,-4.246107115,0,6.947834137,4.505395426,-49.60032981
0.05336746538,0.04781338527,NaN,NaN,0,2.543950284,0.5407577971,-6.682737301,0,3.692514852,0.8565275767,-50.27165065
0.05336746538,0.05167709317,NaN,NaN,0,-3.366378134,0.556038442,-7.836820525,0,11.84218402,0.4567451122,-49.65486698
0.05336746538,0.05554080107,NaN,NaN,0,1.50425153,0.586351976,-9.929453724,0,10.05160866,-0.3732191846,-49.81187835
0.05336746538,0.05940450897,0.4046223886,-0.4607119816,1,10.55582616,0.613167846,14.26451991,0,13.90756504,5.845268815,-48.70863296
0.05336746538,0.06326821687,0.4728919331,-0.4154022361,1,10.00395052,0.6294329179,33.25163104,0,41.05616759,39.45855223,-41.29702671
0.05336746538,0.06713192477,0.6019037703,-0.4846937121,1,-0.1928265151,0.7727976082,33.95856962,0,97.55197888,93.58679096,-38.84337342
0.05336746538,0.07099563267,0.8490592592,-0.645788266,1,43.31281206,1.066744632,91.43951929,0,134.8976451,125.0688218,-37.25635334
0.05336746538,0.07485934057,1.290456922,-0.6146275141,1,51.04745511,1.429351618,127.3510125,0,138.0204058,171.2158488,-25.46784067
0.05336746538,0.07872304847,1.579562247,-0.8152691807,1,15.85959972,1.777549079,131.9719404,0,102.2705494,229.8591682,-27.29989435
0.05336746538,0.08258675637,1.746877312,-0.9928351693,1,-15.70702064,2.009303864,114.8204266,0,84.5144354,230.4652962,-29.61167144
0.05336746538,0.08645046427,1.845413999,-1.262087177,1,-16.57205472,2.235713951,25.02553885,0,73.74590241,174.500428,-34.36840509
0.05336746538,0.09031417218,1.967780359,-1.570362479,1,-37.03597369,2.517577776,-23.00975265,0,38.28209363,152.6450762,-38.59117911
0.05336746538,0.09417788008,1.850228643,-1.940766127,1,-92.13454685,2.681402467,-19.52825274,33.92222924,-40.41864942,187.6661025,-46.36809206
0.05336746538,0.09804158798,1.455633528,-2.370900947,1,-44.94758122,2.782092785,47.19311938,0,-53.14441744,254.2385466,-58.45182396
0.05336746538,0.1019052959,1.471229812,-2.74072918,1,66.4939453,3.110645206,83.88588246,0,-44.36070421,295.0185032,-61.7729929
0.05336746538,0.1057690038,1.541149906,-3.186655721,1,-93.32317738,3.539762382,33.12612319,0,-104.875244,340.8026114,-64.19037695
0.05336746538,0.1096327117,0.705449006,-3.929501259,1,-535.8323047,3.992322437,20.20056921,144.1053376,-412.1650336,447.5969772,-79.82231509
0.05336746538,0.1134964196,-2.1216349,-4.8379906,1,-460.5931414,5.282753798,383.6823185,0,358.5503503,-323.7673551,-113.6791993
0.05336746538,0.1173601275,0.3111854677,-1.196122366,1,169.0265782,1.235938958,492.8010259,0,473.4573661,-455.8904048,-75.4170953
0.05336746538,0.1212238354,NaN,NaN,0,-66.63569869,1.226761024,59.66177945,0,92.28459634,47.44639352,-72.89911156
0.05723117328,0.01690372206,NaN,NaN,0,-14.06581025,0.3187393256,-9.704081001,0,15.32810117,3.498943711,-36.81698217
0.05723117328,0.02076742997,NaN,NaN,0,-9.22389953,0.3365108967,-11.11170858,0,11.0920751,5.082654126,-40.04653514
0.05723117328,0.02463113787,NaN,NaN,0,-4.567673149,0.3648950538,-12.060651,0,6.551946971,7.507760464,-44.02202895
0.05723117328,0.02849484577,NaN,NaN,0,-0.8606821916,0.3945941205,-12.12866644,0,2.434789913,5.852010256,-47.75761024
0.05723117328,0.03235855367,NaN,NaN,0,-0.03071800826,0.4200435612,-13.3853695,0,3.720601422,2.956991154,-50.27204632
0.05723117328,0.03622226157,NaN,NaN,0,4.760614557,0.4520495191,-16.84142428,0,7.137213846,1.39723534,-51.80345065
0.05723117328,0.04008596947,NaN,NaN,0,17.89382921,0.5037146514,-2.597137441,7.411441832,-2.102264931,3.13377267,-51.37374004
0.05723117328,0.04394967737,NaN,NaN,0,-9.824607423,0.5083356155,2.213028219,0,14.38756674,9.152702219,-47.93916723
0.05723117328,0.04781338527,0.3320676274,-0.4203321129,1,-21.76556748,0.5356752695,15.96343895,0,22.58040197,18.2624767,-51.69082312
0.05723117328,0.05167709317,0.3436920966,-0.386288439,1,-11.17468079,0.5170522366,71.76554694,0,16.99189831,76.10553222,-48.33957698
0.05723117328,0.05554080107,0.3545436566,-0.4371005484,1,4.323281141,0.5628126632,62.44468868,0,36.69951331,87.17532312,-50.95358994
0.05723117328,0.05940450897,0.5021921916,-0.4818403867,1,50.72581195,0.6959649097,59.69617485,0,51.81849055,49.76194827,-43.8151751
0.05723117328,0.06326821687,0.7507448884,-0.3987175986,1,71.76363678,0.8500550634,92.46728733,0,60.81144615,22.07737257,-27.97259201
0.05723117328,0.06713192477,1.014423587,-0.2098743169,1,49.19535559,1.03590658,82.0895948,0,109.4080633,67.78077943,-11.68902117
0.05723117328,0.07099563267,1.363542171,-0.3434325156,1,28.3576032,1.406127002,38.3163736,0,116.8757704,112.0333152,-14.13692693
0.05723117328,0.07485934057,1.57556292,-0.4946950467,1,40.38228276,1.651399922,4.631101436,0,83.72985725,95.2641567,-17.43123894
0.05723117328,0.07872304847,1.843075227,-0.6936121673,1,5.573056551,1.969269949,14.30299419,0,107.2804484,106.0947406,-20.62303322
0.05723117328,0.08258675637,2.011595899,-0.8493515423,1,26.36842106,2.183555839,-1.941060592,0,73.00044236,79.45334872,-22.89081881
0.05723117328,0.08645046427,2.22700749,-1.00809639,1,3.412002806,2.444549179,-42.32522296,0,90.71691076,87.10335884,-24.3547702
0.05723117328,0.09031417218,2.375282526,-1.349425776,1,-31.59782502,2.731834,-70.59934529,0,9.67939215,120.4066821,-29.60141331
0.05723117328,0.09417788008,2.142321067,-1.746087887,1,-47.46655508,2.763758756,-73.17328088,0,-0.7820676751,186.0335927,-39.18158029
0.05723117328,0.09804158798,2.188863941,-2.350925422,1,-16.4297202,3.212160595,-13.37324717,0,36.43087164,295.9439704,-47.04447759
0.05723117328,0.1019052959,2.219599674,-2.941199264,1,-2.004595854,3.684735516,91.54965695,0,7.488316454,312.5934128,-52.95967681
0.05723117328,0.1057690038,2.210051435,-3.204973928,1,-107.6684384,3.893094556,194.3089664,0,17.19973286,295.3956223,-55.41104805
0.05723117328,0.1096327117,1.870055022,-3.331768575,1,-387.8292027,3.820705121,685.9960849,0,47.19849599,-52.41595681,-60.69537447
0.05723117328,0.1134964196,0.8939538826,-0.3519654883,1,-664.5252185,0.9607461939,941.4250997,0,287.6943305,282.6011058,-21.49043898
0.05723117328,0.1173601275,0.4140905426,-0.786265105,1,-114.780208,0.8886415435,79.16670156,31.4296435,36.73958247,209.0286316,-62.22623676
0.05723117328,0.1212238354,NaN,NaN,0,-27.62847,1.039133421,65.5877583,0,119.9424663,100.5018616,-55.2416102
0.06109488118,0.01690372206,NaN,NaN,0,-23.73867857,0.2707401842,-16.72961795,0,25.20231314,9.161517917,-26.65770172
0.06109488118,0.02076742997,NaN,NaN,0,-11.30116051,0.2988807371,-18.43348928,0,14.55592539,10.00741987,-35.01335451
0.06109488118,0.02463113787,NaN,NaN,0,-4.473798915,0.3439698148,-15.85018429,0,6.597404047,14.70937021,-42.2688141
0.06109488118,0.02849484577,NaN,NaN,0,2.243337627,0.3845146915,-13.10923601,0,-4.869944705,8.580881669,-48.85581977
0.06109488118,0.03235855367,NaN,NaN,0,-4.903048657,0.3988139571,-14.00679245,0,0.9630810397,1.027697104,-52.20865307
0.06109488118,0.03622226157,0.2377709089,-0.3476500764,1,6.768461914,0.4211835476,-20.97635105,0,12.76897783,16.33803961,-55.63031346
0.06109488118,0.04008596947,0.3198752534,-0.4593336654,1,22.68712042,0.5597388622,34.19045314,0,14.07057397,22.14531911,-55.14704255
0.06109488118,0.04394967737,0.3797919031,-0.3011111969,1,9.319290283,0.4846749865,72.32756662,0,31.5710121,16.73700556,-38.40850879
0.06109488118,0.04781338527,0.4778634378,-0.2445479755,1,35.08916844,0.5368027361,33.49531228,0,107.6526454,37.08017222,-27.10122571
0.06109488118,0.05167709317,0.9313045771,-0.3149620486,1,59.78518021,0.983122224,55.61515785,0,64.08472182,75.87846078,-18.68525204
0.06109488118,0.05554080107,0.9564605569,-0.3228394591,1,-42.14051071,1.009476158,81.1105598,0,15.28341486,117.7406948,-18.65136833
0.06109488118,0.05940450897,0.8275366037,-0.4564901907,1,-33.43948249,0.945092654,63.07124055,0,22.82752179,97.98041224,-28.88224349
0.06109488118,0.06326821687,0.9154590405,-0.4577183016,1,29.50605284,1.023509305,75.87185355,0,61.96631637,22.9587456,-26.56448946
0.06109488118,0.06713192477,1.180959119,-0.2520493974,1,82.0393512,1.207556765,67.3403343,0,51.12483008,27.49819786,-12.04774691
0.06109488118,0.07099563267,1.42996654,-0.3037799243,1,58.28960023,1.461877747,16.58921534,0,69.94574088,67.08365115,-11.99352695
0.06109488118,0.07485934057,1.67642302,-0.447145148,1,51.30319783,1.735031102,29.40903516,0,107.812709,60.08464675,-14.93457636
0.06109488118,0.07872304847,2.044743926,-0.4223015271,1,17.46015331,2.08789758,-16.17347285,0,78.28702578,78.42930811,-11.66924311
0.06109488118,0.08258675637,2.046362152,-0.8126626602,1,-6.283394792,2.201821668,-40.4954927,0,-0.528789299,89.55186084,-21.65929061
0.06109488118,0.08645046427,2.018423637,-0.9247665145,1,39.7139689,2.220186272,-50.03411177,0,-10.24507252,104.7955815,-24.61548706
0.06109488118,0.09031417218,2.16022136,-1.410879369,1,59.90844252,2.58014281,-85.22352322,0,9.419853358,131.0517262,-33.14927462
0.06109488118,0.09417788008,2.286287921,-1.760390904,1,55.50460432,2.885496248,-45.41992342,0,44.70558581,150.1910571,-37.595472
0.06109488118,0.09804158798,2.547404263,-2.16666306,1,67.373016,3.344203537,-51.30893227,0,125.8177433,192.9280701,-40.38241348
0.06109488118,0.1019052959,3.032720584,-2.70405134,1,39.067697,4.063162289,94.63940515,0,190.1994096,233.7644464,-41.72101355
0.06109488118,0.1057690038,3.433225394,-2.704201582,1,-118.949326,4.370325251,298.1013207,0,150.1879629,180.2430225,-38.22595878
0.06109488118,0.1096327117,3.153417552,-2.248681302,1,-318.4214626,3.873062078,611.1928379,0,104.745741,211.2378682,-35.49241765
0.06109488118,0.1134964196,2.607644821,-1.158892405,2,-84.9528908,2.853566736,737.9637912,0,-362.4746952,314.0220258,-23.96137252
0.06109488118,0.1173601275,1.424688053,-0.6106941539,1,-171.838572,1.55005916,362.6746159,0,-243.6140692,218.6317979,-23.20244869
0.06109488118,0.1212238354,NaN,NaN,0,-175.4176261,1.169508251,53.64151564,0,-43.1449027,49.32383806,-31.00067175
0.06495858908,0.01690372206,NaN,NaN,0,-46.01281283,0.2259351568,-33.72196487,0,45.55916499,25.64887147,-0.4854657804
0.06495858908,0.02076742997,NaN,NaN,0,-7.402356382,0.2534673915,-36.51523028,0,15.69781792,17.54892118,-27.39095301
0.06495858908,0.02463113787,0.257978287,-0.2108024094,1,-4.25630517,0.3331522961,-18.75311328,0,10.13829407,33.78566642,-39.25337054
0.06495858908,0.02849484577,0.2477769523,-0.3196046032,1,-3.102309011,0.4044014349,3.279488249,0,-7.161864538,26.46523821,-52.21497773
0.06495858908,0.03235855367,0.2183205186,-0.3003853747,1,-3.718291351,0.3713424595,13.35005945,0,7.298217664,16.57862185,-53.99029239
0.06495858908,0.03622226157,0.2616087419,-0.3320788253,1,34.39652342,0.422747537,13.63904056,0,46.81617258,46.36037634,-51.76927496
0.06495858908,0.04008596947,0.5321026537,-0.4268110583,1,37.90889501,0.6821296897,60.12550484,0,71.58555288,49.60520905,-38.73385448
0.06495858908,0.04394967737,0.6846633053,-0.2914314753,1,2.050691045,0.7441076175,95.917819,0,16.75198053,21.67746956,-23.05735076
0.06495858908,0.04781338527,0.6047506844,-0.1399680336,1,9.302371386,0.6207370142,20.80021476,0,33.94150956,41.05143272,-13.0315083
0.06495858908,0.05167709317,0.8517450298,-0.3696762662,1,56.64545547,0.9285096324,-41.65795428,0,77.44753218,-22.17841759,-23.46191469
0.06495858908,0.05554080107,1.12284682,-0.2152312734,1,14.79067648,1.143288889,-10.22431345,0,55.79015212,-37.46114169,-10.85103813
0.06495858908,0.05940450897,1.124448735,-0.2644411177,1,-48.56833554,1.155125128,23.24491797,0,51.09198255,38.27435343,-13.23399907
0.06495858908,0.06326821687,1.132597455,-0.273300622,1,-18.60636761,1.165105242,47.95387741,0,84.96832991,64.74548805,-13.56637248
0.06495858908,0.06713192477,1.380851973,-0.3293189964,1,54.74261879,1.419578519,53.54536548,0,88.70306748,60.04067298,-13.41388528
0.06495858908,0.07099563267,1.686829686,-0.2983965929,1,53.30432763,1.71301924,77.87331774,0,86.58419567,64.16622706,-10.0317206
0.06495858908,0.07485934057,1.921340366,-0.2763588019,1,40.0063087,1.941113852,59.57434905,0,62.68880008,101.0366725,-8.185083477
0.06495858908,0.07872304847,2.08361359,-0.4585948996,1,71.5006904,2.13348421,-15.63102964,29.41338658,0.9155008062,126.9156224,-12.41266182
0.06495858908,0.08258675637,2.201135376,-0.8271174276,1,70.5614712,2.351408127,-45.92177849,20.72252701,21.31302669,146.2585447,-20.59464072
0.06495858908,0.08645046427,2.438589813,-1.201123533,1,111.033044,2.718348399,-42.13198195,42.47123162,-20.13229559,143.5397945,-26.22247839
0.06495858908,0.09031417218,2.552349315,-1.544498937,1,46.27838795,2.983280744,-28.71836541,13.23983569,-18.18715684,123.1276391,-31.17932145
0.06495858908,0.09417788008,2.547126125,-1.78781214,1,30.08488245,3.111932477,3.639061803,10.215524,17.45742959,153.9126189,-35.06478033
0.06495858908,0.09804158798,2.736038922,-2.125112067,1,96.47203357,3.464391762,27.65687775,0,147.1618357,175.0433642,-37.83688739
0.06495858908,0.1019052959,3.48845623,-2.357270472,1,71.15546565,4.210231698,127.7613237,0,271.0534604,138.1125179,-34.04825403
0.06495858908,0.1057690038,4.058234253,-2.165106058,1,82.93951601,4.599668412,224.4344099,0,320.618633,53.48557482,-28.08033955
0.06495858908,0.1096327117,5.047687039,-1.696774107,1,45.22762135,5.32524054,307.9335246,0,187.7831457,116.1805762,-18.58001061
0.06495858908,0.1134964196,4.958519795,-1.424228677,1,-266.2855077,5.159006288,369.4166736,0,-351.6696727,205.5353806,-16.02557914
0.06495858908,0.1173601275,2.660088726,-1.063584661,2,-349.6891252,2.864835835,378.3646586,0,-677.3719636,98.43206084,-21.79303792
0.06495858908,0.1212238354,NaN,NaN,0,-592.6954276,1.047862626,-32.65881736,0,-271.6726964,-405.8411553,-19.08677739
0.06882229698,0.01690372206,0.2107692,0.2323372591,1,-115.8641658,0.3136945292,-50.17195104,0,95.54136898,112.6627919,47.78665361
0.06882229698,0.02076742997,0.1715085247,-0.0822356822,1,-22.6960786,0.1902048408,-56.53087039,0,49.05649003,49.08741734,-25.61699663
0.06882229698,0.02463113787,0.3126181299,-0.1757409536,1,7.144194518,0.3586293043,-27.32560921,0,43.69044617,30.39367511,-29.34288983
0.06882229698,0.02849484577,0.3679187276,-0.3052461371,1,-8.638108302,0.4780579403,7.386633101,0,20.90762939,32.454841,-39.68101551
0.06882229698,0.03235855367,0.3600239755,-0.2725971865,1,7.257742263,0.4515822063,46.1852022,0,19.05698056,44.74048707,-37.13169374
0.06882229698,0.03622226157,0.46959113,-0.2996641798,1,45.47901035,0.5570587492,62.4679824,0,53.86046199,77.12222419,-32.54351507
0.06882229698,0.04008596947,0.7438426796,-0.3292168963,1,-8.402993049,0.8134406535,91.51664215,0,102.7565591,77.1898678,-23.87367414
0.06882229698,0.04394967737,0.8341457486,-0.2443097086,1,-50.4742313,0.8691871856,143.5479386,0,43.48546727,96.99489724,-16.32457513
0.06882229698,0.04781338527,0.7168401368,-0.1493495427,1,-42.65486574,0.7322329326,104.7367624,0,3.96501917,102.2208351,-11.76889008
0.06882229698,0.05167709317,0.6846594828,-0.2345889004,1,-21.04825975,0.7237337629,13.68342509,0,35.38105916,17.58639055,-18.91329941
0.06882229698,0.05554080107,0.7722178871,-0.1644294611,1,30.87854032,0.7895299316,-22.23580167,0,67.6200071,-64.46390801,-12.02054851
0.06882229698,0.05940450897,1.065229099,-0.07143183233,1,41.47393522,1.06762144,-5.957433067,0,108.2989247,-33.62348325,-3.836380696
0.06882229698,0.06326821687,1.350896469,-0.05753592445,1,45.55894756,1.352121168,19.01490093,0,97.98018872,31.80166237,-2.438806063
0.06882229698,0.06713192477,1.619822393,-0.1208361435,1,53.11227686,1.624323231,39.01563838,0,109.3920838,69.46833144,-4.266270828
0.06882229698,0.07099563267,1.978765851,-0.1751962352,1,78.03123736,1.986506485,50.03241655,0,97.22908684,111.8048097,-5.059667988
0.06882229698,0.07485934057,2.296977093,-0.3595066268,1,93.30776383,2.324940597,29.25722577,34.3074649,35.05319096,163.797895,-8.895364603
0.06882229698,0.07872304847,2.474715086,-0.6950220818,1,69.67204468,2.570461136,7.009249087,25.42069388,-34.19912091,173.542966,-15.68736188
0.06882229698,0.08258675637,2.434034109,-1.002944264,1,45.05468355,2.632568943,-1.647328341,0,-61.74364786,188.9801752,-22.39412035
0.06882229698,0.08645046427,2.410233803,-1.431551073,1,49.97044199,2.803313301,-23.67197238,14.8354145,-26.42903816,146.3748212,-30.70806596
0.06882229698,0.09031417218,2.524991217,-1.659955404,1,83.29710094,3.021759849,8.959186674,30.04779728,42.17506313,106.6965494,-33.3213341
0.06882229698,0.09417788008,2.895021595,-1.809179694,1,90.25090471,3.413836727,19.1129934,0,118.2502537,99.56862704,-32.00241146
0.06882229698,0.09804158798,3.33057879,-1.970812471,1,70.03742388,3.869994428,80.52429983,0,231.4754963,112.2358546,-30.61419189
0.06882229698,0.1019052959,4.059979446,-1.931703878,1,41.86020499,4.496099752,120.8721207,0,262.6266443,73.00784712,-25.4447099
0.06882229698,0.1057690038,4.507027035,-1.785878899,1,17.0880077,4.847953809,90.13570624,0,172.3908884,29.61987847,-21.61561108
0.06882229698,0.1096327117,4.792070554,-1.697888396,1,-10.15944281,5.083971401,-75.13617108,0,93.51579079,-152.0278588,-19.5098502
0.06882229698,0.1134964196,4.829091615,-1.488791878,1,-232.0792572,5.05337779,-176.9583243,0,-162.6657102,-130.661727,-17.13434552
0.06882229698,0.1173601275,3.266891305,-1.876764925,1,-690.71526,3.767602074,356.4796345,0,-738.1894081,-193.9700797,-29.87652191
0.06882229698,0.1212238354,-0.6917786401,0.6379850314,1,-1092.84895,0.9410539768,638.4416775,0,-956.3069629,-663.2871392,137.3165523
0.07268600488,0.01690372206,0.4673734021,0.8148949147,1,-157.8264116,0.9394102506,-134.7066546,0,17.504176,203.9701141,60.16407991
0.07268600488,0.02076742997,0.196291337,0.1606208613,1,-74.15203513,0.2536323127,-92.24098256,0,23.02472174,136.682452,39.292704
0.07268600488,0.02463113787,0.2698323975,-0.06959836818,1,-5.779743367,0.2786636962,-59.86350947,0,58.94665943,34.88210118,-14.46316702
0.07268600488,0.02849484577,0.4017127706,-0.2054485031,1,10.24828191,0.4512008838,-21.6476287,0,67.34516791,26.28513462,-27.0866261
0.07268600488,0.03235855367,0.5696308226,-0.2547965645,1,48.84588609,0.6240196819,35.53915239,0,54.48277272,59.93200085,-24.0990264
0.07268600488,0.03622226157,0.800944526,-0.2996953444,1,66.49948468,0.8551780126,105.521333,0,92.49403199,38.8823549,-20.51471353
0.07268600488,0.04008596947,1.183935329,0.002676981564,1,51.09072986,1.183938356,140.0625185,0,159.3563473,43.96397574,0.1295505593
0.07268600488,0.04394967737,1.614050561,0.07160135434,1,-20.94297102,1.615637944,190.8757447,0,77.99673016,181.1750625,2.540048979
0.07268600488,0.04781338527,1.404374389,0.04015758399,1,-112.6562337,1.404948418,128.4738839,0,-53.37290553,186.2554815,1.637906032
0.07268600488,0.05167709317,0.9725624635,-0.1516498609,1,-111.2739379,0.9843146985,69.18157823,30.58845194,-48.29038165,98.53953305,-8.862656825
0.07268600488,0.05554080107,0.787864467,-0.07327297798,1,-37.44235302,0.791264398,28.6018384,0,37.17244965,-9.030660395,-5.313338739
0.07268600488,0.05940450897,0.9715196358,-0.00624887797,1,48.98360908,0.9715397322,-24.00030139,0,91.05631091,-24.65064031,-0.3685251269
0.07268600488,0.06326821687,1.328937812,-0.07076025835,1,112.9002138,1.33082032,-18.71696159,19.26730675,101.5266347,8.619831604,-3.047877187
0.07268600488,0.06713192477,1.800002344,-0.1118702618,1,132.9054405,1.803475366,14.73761895,21.78360226,121.5609086,54.45631814,-3.556362129
0.07268600488,0.07099563267,2.312121456,-0.2242217102,1,125.1217068,2.322968145,34.65782318,28.55189168,99.33796744,135.4851123,-5.539030163
0.07268600488,0.07485934057,2.667248961,-0.5014374553,1,90.5957437,2.713974307,18.83341313,35.02972587,30.81435391,183.3647516,-10.64721672
0.07268600488,0.07872304847,2.781214609,-0.8599227427,1,80.39658323,2.911120373,20.14462398,32.30180954,-13.70266595,211.2350346,-17.181067
0.07268600488,0.08258675637,2.924934776,-1.239754984,1,72.10984896,3.176827957,61.14173244,1.402950627,-38.08471733,225.8503702,-22.97001439
0.07268600488,0.08645046427,2.912677779,-1.496308808,1,13.01525563,3.274543005,86.34268083,0,6.208381986,206.3381637,-27.19059655
0.07268600488,0.09031417218,2.999209297,-1.70338248,1,6.947785525,3.449169215,93.79686808,0,17.12221725,141.2440434,-29.59414264
0.07268600488,0.09417788008,3.005677239,-1.679630834,1,11.49775536,3.443146149,127.0652019,0,113.148975,74.77864884,-29.19730695
0.07268600488,0.09804158798,3.480807854,-1.501362511,1,21.59274616,3.79079315,191.168341,0,297.2394705,145.7877371,-23.33178682
0.07268600488,0.1019052959,4.237551794,-1.504293436,1,17.75723118,4.496636959,92.29764762,0,251.4471252,108.7840335,-19.54441263
0.07268600488,0.1057690038,4.520934852,-1.565061091,1,-128.5717483,4.784168492,59.61703673,10.6360487,111.0858996,5.759407405,-19.09487388
0.07268600488,0.1096327117,4.169991582,-1.296203288,1,-234.3832409,4.366803494,-16.83757207,97.10713084,40.01837198,-122.7011868,-17.26737347
0.07268600488,0.1134964196,3.769965772,-1.156035006,1,-234.530865,3.943229496,-177.21743,64.71288034,6.249269371,-189.9493413,-17.04781087
0.07268600488,0.1173601275,3.287978177,-1.247010902,1,-522.8526814,3.516509162,128.8972596,192.1556878,-221.4338178,-218.1637784,-20.76992027
0.07268600488,0.1212238354,0.8942601451,0.1849074682,1,-513.1053379,0.9131768607,721.8372211,0,-725.9728191,-19.37738772,11.68249551
0.07654971278,0.01690372206,0.4783829757,0.9097634356,1,52.63085484,1.02787148,-204.6936863,0,-122.5976317,114.448718,62.26315773
0.07654971278,0.02076742997,0.3432173814,0.2932269211,1,-19.64070196,0.4514202013,-120.2029126,0,-48.2437544,96.0195599,40.50883914
0.07654971278,0.02463113787,0.2160972653,0.07434296023,1,-9.195178396,0.2285276872,-64.79963596,0,20.22585554,32.99951924,18.98452123
0.07654971278,0.02849484577,0.3858366958,-0.08464044754,1,37.47513953,0.3950113431,-38.22001473,0,95.24694308,45.93770934,-12.37290635
0.07654971278,0.03235855367,0.7288966245,-0.2508179031,1,60.95750572,0.7708436351,14.3600727,0,105.1233991,44.01769626,-18.98866173
0.07654971278,0.03622226157,1.0275248,-0.199228842,1,59.13967214,1.046661046,80.20003543,0,128.7551412,-7.774453564,-10.9730383
0.07654971278,0.04008596947,1.454867299,0.08908982502,1,155.4500369,1.457592486,71.62795482,0,166.5506485,-15.6439734,3.504171839
0.07654971278,0.04394967737,2.271641392,0.1379643965,1,57.78198018,2.275827056,11.64583642,0,65.93212695,14.0750843,3.475495779
0.07654971278,0.04781338527,1.932862472,0.07970392081,1,-145.5220702,1.934505118,35.65480943,42.99476992,-97.49747233,69.09502707,2.361322926
0.07654971278,0.05167709317,1.332684866,0.008761163472,1,-191.9579258,1.332713663,80.87209972,63.11438862,-88.86746215,69.44359069,0.3766610338
0.07654971278,0.05554080107,0.8478352022,0.1238603414,1,-109.9171135,0.8568348232,31.90264134,44.21974219,-7.956392108,10.58538942,8.311550518
0.07654971278,0.05940450897,0.8772560708,0.09112479814,1,22.76034754,0.8819761576,-37.38448477,0,97.34420437,20.93784681,5.930319285
0.07654971278,0.06326821687,1.311884108,-0.1014801118,1,105.791557,1.315803225,-38.91555071,0,155.5924581,27.28844445,-4.42327667
0.07654971278,0.06713192477,1.887167555,-0.164668101,1,150.0653209,1.894338133,5.161865083,0,192.6791052,50.02471843,-4.986812807
0.07654971278,0.07099563267,2.636148455,-0.2748170727,1,136.6545517,2.650434512,3.402011545,0,171.6100002,113.6112626,-5.951556228
0.07654971278,0.07485934057,3.078211739,-0.5904844549,1,86.861327,3.13433556,-26.7623428,0,102.7363509,176.0938362,-10.85897123
0.07654971278,0.07872304847,3.368698501,-1.058594094,1,85.03502893,3.531111871,4.256930813,32.57991096,35.23183271,221.2038242,-17.44502562
0.07654971278,0.08258675637,3.542887763,-1.428703881,1,28.50618359,3.820111056,81.2170951,0,16.10603805,184.5522231,-21.96223471
0.07654971278,0.08645046427,3.541067094,-1.457850845,1,-50.95940272,3.829423619,54.30248642,0,22.54961538,103.980282,-22.37687544
0.07654971278,0.09031417218,3.433120643,-1.620644372,1,-21.20270848,3.796420094,79.37595379,0,55.8378788,68.65522319,-25.2701961
0.07654971278,0.09417788008,3.674887276,-1.416429073,1,86.8985182,3.938409299,208.9812378,0,223.5178068,23.9645788,-21.07839369
0.07654971278,0.09804158798,4.632478651,-0.9057940449,1,62.81206367,4.720203523,77.42794528,0,237.9386869,-22.89917435,-11.06352591
0.07654971278,0.1019052959,4.836900327,-1.028794388,1,-112.434562,4.945100875,54.05940034,0,145.3417774,42.18420325,-12.00770074
0.07654971278,0.1057690038,4.759622519,-0.859911752,1,-216.94967,4.836678069,125.8024993,69.16152641,65.80812614,24.57495265,-10.24104499
0.07654971278,0.1096327117,4.25293355,-0.6376807166,1,-304.3908314,4.300474447,18.24589239,126.7022227,-44.79603605,-59.7682818,-8.527348936
0.07654971278,0.1134964196,3.41046646,-0.5584877709,1,-324.6991136,3.45589208,-5.454229373,136.6214989,-19.77361366,13.82511727,-9.300040412
0.07654971278,0.1173601275,2.921991552,-0.7121704806,1,-317.4525035,3.00752746,22.06057164,132.3465546,-41.82556,-74.74152698,-13.69751467
0.07654971278,0.1212238354,2.022320968,-0.1844727376,1,-175.7165809,2.030717185,316.4696589,0,-289.9866281,43.31353191,-5.212001175
0.08041342068,0.01690372206,0.118693205,0.1378632267,1,158.6095171,0.1819185153,-47.87331079,0,-166.8085215,-2.44741042,49.2732277
0.08041342068,0.02076742997,0.102853926,0.05010702162,1,56.11109905,0.1144099808,-46.72732264,0,-48.79356083,-22.45340855,25.9738081
0.08041342068,0.02463113787,0.1469660353,0.04407591307,1,49.64101855,0.1534330526,-11.83745192,13.78486876,35.42694484,-3.466697253,16.69427342
0.08041342068,0.02849484577,0.4315316882,0.01776487069,1,59.06032768,0.4318971968,-6.953484717,0,108.7110078,26.23441919,2.357365017
0.08041342068,0.03235855367,0.7951854697,-0.08415245345,1,32.90968358,0.7996258917,13.61907408,0,135.1268625,26.16825706,-6.040981521
0.08041342068,0.03622226157,1.080775819,-0.03072150672,1,32.6046337,1.081212367,34.66636649,0,123.9950954,1.092670178,-1.628218163
0.08041342068,0.04008596947,1.40024108,0.04556650225,1,81.74412579,1.400982294,38.8475502,0,81.99829019,4.214329739,1.863855666
0.08041342068,0.04394967737,1.713428685,0.1030911408,1,41.02827299,1.716527204,-17.90101892,0,64.79134122,-64.52568735,3.443140254
0.08041342068,0.04781338527,1.80909716,0.225710602,1,-61.21625923,1.823123092,35.64453703,19.25391652,19.78188968,-1.514182243,7.111714784
0.08041342068,0.05167709317,1.553338384,0.246661578,1,-162.5138851,1.572800709,88.25542131,51.8142715,-59.31224021,63.67725261,9.022917775
0.08041342068,0.05554080107,0.9520258071,0.3206734666,1,-98.31100639,1.004581808,27.59526084,27.26111921,-68.72122534,18.46936887,18.61521039
0.08041342068,0.05940450897,0.9079746308,0.2819213589,1,18.17229544,0.9507352853,-46.05757273,0,67.75248753,5.45190853,17.24929451
0.08041342068,0.06326821687,1.28401407,0.1216558769,1,84.31496255,1.28976443,-66.55565996,0,201.7451074,-7.248794299,5.41241926
0.08041342068,0.06713192477,2.013227183,0.05277695352,1,137.8012992,2.013918841,-60.63145764,0,245.3054303,-6.067305782,1.5016707
0.08041342068,0.07099563267,2.764226568,-0.08916406768,1,109.4798824,2.765664251,-73.60170388,0,209.1247018,53.96434571,-1.847516441
0.08041342068,0.07485934057,3.244222232,-0.4401010001,1,37.88310111,3.273937504,-85.25535457,0,191.9744774,164.0346287,-7.725406208
0.08041342068,0.07872304847,3.65232911,-1.052347745,1,9.177018222,3.800913535,-80.15968648,0,173.9547238,139.2058935,-16.07330954
0.08041342068,0.08258675637,3.95178979,-1.287665525,1,-130.8332348,4.156287412,-16.63310122,36.02006129,97.68037982,24.76332222,-18.04786934
0.08041342068,0.08645046427,3.524236162,-1.212291434,1,-211.8771323,3.726914413,-1.370188147,75.46497621,113.3626287,29.18456188,-18.98255116
0.08041342068,0.09031417218,3.571158525,-1.405720154,1,-33.32218537,3.837866902,22.98424019,0,132.0552363,7.321144958,-21.48615697
0.08041342068,0.09417788008,3.905711831,-1.151773809,1,-114.7635394,4.071998012,191.5071949,0,145.9078638,41.13460584,-16.43051005
0.08041342068,0.09804158798,3.691491097,-0.8247243936,1,-30.89126694,3.782496113,32.35767354,0,213.0212706,-134.1799811,-12.59376716
0.08041342068,0.1019052959,4.609408965,-0.5083209569,1,38.65403283,4.637352823,2.735197597,0,326.3990046,-88.40958939,-6.293091752
0.08041342068,0.1057690038,5.101949401,-0.4725675601,1,-168.1244372,5.123788422,-26.95563835,69.75439143,12.87259555,-82.63172361,-5.29191662
0.08041342068,0.1096327117,4.009561198,-0.2932048264,1,-237.4861257,4.020267413,-16.79838917,90.75705303,-98.88530737,-144.8297077,-4.18239034
0.08041342068,0.1134964196,3.802308438,0.02210805688,1,-267.7041492,3.80237271,59.45132102,109.4000849,28.26398764,30.68726158,0.333135541
0.08041342068,0.1173601275,3.084434354,-0.1820689027,1,-354.6265875,3.08980329,-7.449426387,148.6072006,-38.24760873,64.68508277,-3.378152303
0.08041342068,0.1212238354,2.284357302,-0.256598616,1,-224.902121,2.298723805,-56.14548113,0,-189.2477437,-17.56610853,-6.409087756
0.08427712858,0.01690372206,0.2839584076,-0.3475568111,1,-35.03311245,0.4488074355,170.2084897,0,-72.65368438,48.32413657,-50.75073333
0.08427712858,0.02076742997,0.07592324375,-0.1120940421,1,-14.25956782,0.1353861633,97.76379316,0,-18.6083165,2.782300819,-55.88953184
0.08427712858,0.02463113787,0.1569665033,0.01942393131,1,42.4856318,0.1581637514,57.03594269,0,57.006711,0.2797578707,7.054245528
0.08427712858,0.02849484577,0.4603325947,0.1071952776,1,70.08846597,0.4726488392,13.74306299,0,117.7250969,-18.53046557,13.10856314
0.08427712858,0.03235855367,0.8826232501,0.1441194186,1,55.07441277,0.8943121427,9.43918245,0,127.4845942,-2.642975574,9.273718632
0.08427712858,0.03622226157,1.165687272,0.153877207,1,64.26490939,1.175799733,28.11010761,0,126.9044527,42.09863313,7.519883717
0.08427712858,0.04008596947,1.621245825,0.09007184201,1,81.35174055,1.623745966,58.52262401,0,122.4632019,38.87808929,3.179922763
0.08427712858,0.04394967737,1.953168676,0.229777951,1,27.43279343,1.966638193,118.0090279,0,87.34978854,39.69429126,6.709645868
0.08427712858,0.04781338527,2.064732194,0.3926571087,1,-25.93190319,2.101737052,110.8357809,0,17.27174088,64.83742187,10.76755484
0.08427712858,0.05167709317,1.919708338,0.4075021741,1,-153.3884699,1.962482643,22.13125599,41.51769509,-115.5026431,62.11111481,11.98445241
0.08427712858,0.05554080107,1.025815476,0.2381866123,1,-159.5603888,1.053105053,11.1651562,21.40948852,-150.8514549,43.46935705,13.07201423
0.08427712858,0.05940450897,0.7203676452,0.282688178,1,-9.469117153,0.7738489196,-4.4706233,0,9.704585098,-33.98865547,21.42613926
0.08427712858,0.06326821687,1.026725255,0.3522356664,1,86.37364559,1.085465206,-65.1413328,0,148.9172703,-56.86127664,18.93540855
0.08427712858,0.06713192477,1.629463016,0.2506964596,1,170.7077196,1.648635325,-107.1457605,0,226.2038026,-44.49758179,8.746500323
0.08427712858,0.07099563267,2.560275439,0.1101814033,1,191.0684669,2.56264517,-60.02480402,0,262.6741225,3.597201827,2.464202256
0.08427712858,0.07485934057,3.382591843,0.004879613002,1,28.57559317,3.382595363,-48.1193235,0,239.7056499,89.60396935,0.08265290336
0.08427712858,0.07872304847,3.596835798,-0.4219411713,1,-164.7983133,3.621499981,-96.48772607,0,214.4161219,46.03692895,-6.690730526
0.08427712858,0.08258675637,3.574300562,-0.5457940226,1,-180.6007283,3.615731686,-26.28905216,0,193.9811166,-83.41597961,-8.681973625
0.08427712858,0.08645046427,3.64853371,-0.2012194104,1,-221.5530789,3.654078199,100.8785238,0,215.3184557,213.6925123,-3.156707942
0.08427712858,0.09031417218,3.550211799,-0.9816743211,1,13.70993165,3.683434307,-0.9661134179,0,225.7526656,52.88151381,-15.45673278
0.08427712858,0.09417788008,4.573747239,-0.4092709131,1,-90.53704874,4.592022048,339.5750745,0,268.825681,76.02329968,-5.113358032
0.08427712858,0.09804158798,4.239066996,0.03661275359,1,-197.7459933,4.239225105,107.8325349,0,180.1805514,-19.56815324,0.4948504232
0.08427712858,0.1019052959,4.505879502,0.08296813223,1,-128.8415103,4.506643296,-79.70971752,0,153.9836712,-28.66940982,1.054885438
0.08427712858,0.1057690038,4.336208962,-0.1605920865,1,-195.34664,4.339181718,-155.7181075,47.89298591,-31.74860888,-107.8015007,-2.120987597
0.08427712858,0.1096327117,3.628449795,-0.10216764,1,-113.6614484,3.629887896,76.15857272,32.21130607,-35.79947448,-116.8267055,-1.612872882
0.08427712858,0.1134964196,3.758735614,0.5850466577,1,-125.5145655,3.803994349,47.73547006,48.94115639,-0.09440856624,-110.7633438,8.847089861
0.08427712858,0.1173601275,3.143133409,0.5102254795,1,-422.7085319,3.184276632,-124.8572497,164.9167714,-100.4197038,38.65441114,9.220407538
0.08427712858,0.1212238354,1.737520916,-0.04671463826,1,-437.9241553,1.738148783,-254.972885,0,-289.6735457,33.32019098,-1.540071809
0.08814083648,0.01690372206,0.9630394395,-0.007491674254,1,-186.2750328,0.9630685786,220.8313451,0,-57.89703609,199.713599,-0.4457062092
0.08814083648,0.02076742997,0.4913346637,0.033304727,1,-103.0045747,0.4924621372,117.1616417,0,-50.89481274,89.29390465,3.877816692
0.08814083648,0.02463113787,0.3684171603,0.1001811215,1,-20.9161388,0.3817950512,88.02657958,0,0.6506056415,44.4119546,15.21222196
0.08814083648,0.02849484577,0.4130345631,0.2018188981,1,43.27336197,0.4597047074,33.68514897,0,73.97847985,8.983950622,26.04127809
0.08814083648,0.03235855367,0.8214440279,0.1956193367,1,117.1462005,0.8444153101,-1.762578464,0,125.8864889,-4.216307855,13.3949681
0.08814083648,0.03622226157,1.352041885,0.2112993918,1,115.6329816,1.368453394,17.6823894,0,131.571254,15.40741323,8.882431614
0.08814083648,0.04008596947,1.776568986,0.2044091801,1,98.05675911,1.788289818,17.28397314,0,153.1802353,-14.62669909,6.563498622
0.08814083648,0.04394967737,2.322748245,0.3345929082,1,78.46375832,2.346723636,36.48428326,0,105.6283453,-12.23256793,8.197094639
0.08814083648,0.04781338527,2.487847101,0.392636863,1,-52.73710954,2.518639892,4.726051352,0,-62.15820836,-10.40149957,8.96855723
0.08814083648,0.05167709317,1.878826298,0.3930413462,1,-180.4265124,1.919497267,-28.96173733,30.77645604,-162.4383024,-19.04519584,11.81560514
0.08814083648,0.05554080107,1.163117608,0.3543222432,1,-186.7738106,1.215889313,45.01290354,62.89912925,-102.9600707,54.59913608,16.94238651
0.08814083648,0.05940450897,0.7593792115,0.3560029438,1,-91.13233669,0.8386864032,45.74418864,33.23041858,0.4199969875,43.41897911,25.1175528
0.08814083648,0.06326821687,0.812631624,0.3633061737,1,61.79278074,0.890146916,-31.55792055,0,111.0832256,-8.573435565,24.08815956
0.08814083648,0.06713192477,1.427321603,0.2671976076,1,216.5324326,1.452116221,-50.21252997,0,232.1493041,-4.710409,10.60316589
0.08814083648,0.07099563267,2.546206795,0.1874992694,1,223.7983835,2.553101059,-17.7147384,0,287.9341888,-45.78266266,4.211583043
0.08814083648,0.07485934057,3.404506786,0.3756438683,1,38.48738391,3.425167846,-21.00732955,0,197.3469997,-79.32612599,6.296388978
0.08814083648,0.07872304847,3.457401966,0.412826064,1,-174.2659362,3.481961188,-43.83674338,0,206.2080006,12.07704855,6.809082018
0.08814083648,0.08258675637,3.527921592,0.1596093087,1,-122.417912,3.531530248,31.7999334,0,454.2868903,15.53925742,2.590394326
0.08814083648,0.08645046427,4.73964676,0.4756525662,1,-83.83823604,4.76345429,-11.70450322,0,146.9441646,181.3893577,5.730794663
0.08814083648,0.09031417218,3.771744467,-0.5864489673,1,-55.52542388,3.817064149,60.94565018,0,255.2858129,122.7913598,-8.837856794
0.08814083648,0.09417788008,5.511462553,0.2366988093,1,-125.6497723,5.516542921,119.1282421,0,193.1430779,-197.1281576,2.459150178
0.08814083648,0.09804158798,4.032518885,0.6354733827,1,-315.6344259,4.08228306,38.09370283,131.6373851,-26.21307193,-51.90640356,8.95543416
0.08814083648,0.1019052959,4.190663675,0.5844329314,1,-164.0925417,4.231220141,-108.2583779,0,177.3615893,14.92534858,7.939303091
0.08814083648,0.1057690038,4.083786609,0.1595274455,2,-91.29341645,4.08690128,-123.8665594,0,3.752569321,25.42056291,2.237042538
0.08814083648,0.1096327117,3.852431412,0.007631097476,1,-181.3494904,3.85243897,7.468598809,73.94863681,45.4697918,-82.38484548,0.113494326
0.08814083648,0.1134964196,3.558787144,0.5066949081,1,-180.9701984,3.594677408,-3.032612771,62.42615705,-104.004669,-276.2235263,8.103226917
0.08814083648,0.1173601275,2.751371765,1.063160989,1,-448.0008978,2.949636906,-179.1474939,167.53136,-103.4981188,-129.8434374,21.12709256
0.08814083648,0.1212238354,1.427956037,0.3161984356,1,-389.5771036,1.462545689,356.9830692,0,-295.472472,743.6388787,12.48578
0.09200454438,0.01690372206,1.908821231,0.1484582689,1,-271.7311227,1.914585686,65.38832569,0,-264.1344697,96.04044207,4.447217634
0.09200454438,0.02076742997,0.8736071693,0.08924285684,1,-163.2188658,0.8781536162,23.66009614,14.5672038,-157.7554284,35.48985603,5.832785394
0.09200454438,0.02463113787,0.6686703141,0.1027515322,1,-30.85677784,0.6765189327,34.92586873,0,-33.43732612,-0.4256720155,8.736048435
0.09200454438,0.02849484577,0.6251935319,0.2258308841,1,27.34413132,0.6647304269,25.00498214,0,22.0520111,5.557909568,19.86060984
0.09200454438,0.03235855367,0.8595225798,0.1778893401,1,80.90188321,0.8777378211,7.153481874,0,92.07782682,9.838169302,11.69301803
0.09200454438,0.03622226157,1.293536604,0.2154580361,1,91.75089085,1.311357736,5.671855312,0,108.0546316,-26.72280689,9.456659289
0.09200454438,0.04008596947,1.631512756,0.3030528524,1,83.59625813,1.65942005,1.655175201,0,111.380597,-29.21567412,10.52274056
0.09200454438,0.04394967737,2.04687022,0.3347339805,1,46.73240532,2.074059916,-59.16276637,0,59.71745438,-72.93292801,9.287626606
0.09200454438,0.04781338527,2.04280392,0.3562567347,1,-48.14685489,2.07363611,-74.67582646,0,-32.77195591,-111.4978084,9.892661094
0.09200454438,0.05167709317,1.734223571,0.477003363,1,-113.7379229,1.798628256,91.89035107,18.88251518,-49.86570223,38.63537122,15.37907337
0.09200454438,0.05554080107,1.4106873,0.5620184211,1,-129.6292128,1.518520123,102.5139839,27.94250043,-43.61252998,61.25406103,21.7223583
0.09200454438,0.05940450897,1.064868081,0.636419653,1,-140.9226479,1.24055391,64.77180848,52.76271727,1.414720069,69.77707125,30.86469948
0.09200454438,0.06326821687,0.8716694176,0.5426795478,1,-18.91604754,1.026795338,11.90891296,0,110.1208567,96.12443129,31.90535887
0.09200454438,0.06713192477,1.417256823,0.3110354895,1,128.6416639,1.450985864,10.89750381,0,244.9038133,58.70032218,12.37806994
0.09200454438,0.07099563267,2.314940029,0.3579834208,1,130.1723949,2.342455863,53.40100179,0,278.159678,-26.2197366,8.790615795
0.09200454438,0.07485934057,2.994932678,0.6186667655,1,102.3833794,3.058164534,34.78222722,0,197.63557,-143.8326115,11.67149063
0.09200454438,0.07872304847,3.474125614,1.048098984,1,25.72146377,3.628782201,117.3530759,0,171.5689911,-157.9674556,16.78788686
0.09200454438,0.08258675637,3.757205368,1.682424878,1,-208.8627194,4.116691104,-39.97897928,0,423.687657,52.58562948,24.12217865
0.09200454438,0.08645046427,4.304146423,0.6904563743,1,-149.7886316,4.359174972,-252.4503227,0,279.9518276,126.2572313,9.113546938
0.09200454438,0.09031417218,4.260117936,0.2192095101,1,-310.4437477,4.265754053,64.79544506,12.21194239,302.221575,30.63262277,2.945625568
0.09200454438,0.09417788008,4.272378349,0.8224515407,2,-196.2837161,4.350820991,-186.813499,0,177.0226377,-428.9753911,10.89639407
0.09200454438,0.09804158798,4.185698755,1.154852326,2,-161.874847,4.342091428,108.6917799,0,128.9762912,-41.37018907,15.42441035
0.09200454438,0.1019052959,4.145267939,1.402247156,1,-241.5379604,4.376019124,49.36139075,63.60934737,182.0468256,294.7770667,18.68947531
0.09200454438,0.1057690038,3.955842388,0.2066378396,1,-301.8951772,3.961235691,-59.1321043,118.466445,93.21671093,103.4193513,2.990191238
0.09200454438,0.1096327117,3.338995301,0.7741958127,2,-422.9790714,3.427574766,-39.95052655,173.1769777,92.70800586,-214.8553485,13.05420558
0.09200454438,0.1134964196,2.679771463,0.8824189818,1,-363.8975464,2.821318549,0.7312941636,153.4106078,4.213887797,-275.4510165,18.22614003
0.09200454438,0.1173601275,1.949282707,1.841283588,1,355.6779952,2.681422817,-15.14011601,0,501.071856,131.2324427,43.3679958
0.09200454438,0.1212238354,5.990002632,0.3168781704,1,992.3329092,5.99837839,263.251694,0,1099.295148,1052.341065,3.028191264
0.09586825228,0.01690372206,1.586753045,0.02185957395,1,-189.2756368,1.58690361,-90.18511338,0,-259.4540632,-107.0364283,0.7892734847
0.09586825228,0.02076742997,0.7198728012,0.05441385317,1,-137.9222176,0.7219263933,-39.685567,0,-142.9057409,-57.37610277,4.322661866
0.09586825228,0.02463113787,0.501715843,0.09021063676,1,-31.45392778,0.50976146,-23.4073182,4.965887311,-17.39866585,-56.26638558,10.19310923
0.09586825228,0.02849484577,0.5311206493,0.1813716914,1,48.54760992,0.5612350974,1.272892187,0,51.19568636,-37.18479805,18.85445538
0.09586825228,0.03235855367,0.8870948048,0.2387999183,1,75.98757681,0.9186743676,4.161170374,0,115.4312693,-19.88842002,15.06648282
0.09586825228,0.03622226157,1.270707157,0.2742922838,1,86.50190066,1.299974206,-4.507504477,0,116.1501848,-23.39087589,12.18085871
0.09586825228,0.04008596947,1.670083268,0.3117597497,1,66.71831723,1.698932684,8.113558997,0,73.47393437,-20.47842151,10.57388388
0.09586825228,0.04394967737,1.812369067,0.3847633448,1,8.114009662,1.852761309,-29.05672065,0,17.36495809,-65.36413196,11.9858559
0.09586825228,0.04781338527,1.768526557,0.4520409816,1,47.72739427,1.825384133,-31.45223154,0,99.99870449,-97.46695413,14.33799586
0.09586825228,0.05167709317,2.383139562,0.63982495,1,-33.34863252,2.467535236,8.358692041,0,40.42549752,-52.36655028,15.02836391
0.09586825228,0.05554080107,1.795869497,0.6866655801,1,-188.1450809,1.922669204,40.11622108,65.6814887,-97.56564295,-28.7626936,20.92476885
0.09586825228,0.05940450897,1.279236781,0.9059529568,1,-104.4544056,1.567545056,57.43100889,32.24392031,-41.99263478,12.08557794,35.30605053
0.09586825228,0.06326821687,1.23004091,0.8618670799,1,9.233366857,1.50193725,58.72414969,0,98.69158579,107.7838532,35.01822322
0.09586825228,0.06713192477,1.696227273,0.7164005928,1,115.0178071,1.84130844,44.12999594,0,252.8118506,70.68173801,22.89673627
0.09586825228,0.07099563267,2.651227264,0.7592789043,1,84.19388319,2.757808997,26.84419276,0,248.8904788,19.78622734,15.98106188
0.09586825228,0.07485934057,2.983167954,0.7436705096,1,39.10754064,3.074465298,51.71562404,0,128.931198,-4.463416664,13.997888
0.09586825228,0.07872304847,3.300479866,0.9763383077,1,83.56147227,3.44186052,262.1633969,0,70.03762667,-219.2209971,16.47911683
0.09586825228,0.08258675637,3.576630006,2.603599196,1,102.236134,4.423913536,166.5687653,0,144.0541325,-133.5848425,36.05265546
0.09586825228,0.08645046427,4.252073515,2.136044173,1,-178.1479475,4.758446584,-151.1293993,0,324.0752937,61.8495154,26.67282781
0.09586825228,0.09031417218,4.140450647,1.78071088,1,-422.6192807,4.507134655,-65.30447183,166.8997784,132.7838709,52.97534317,23.27140804
0.09586825228,0.09417788008,3.132234153,1.679045518,1,-180.6474164,3.553883037,-18.09996364,0,220.034245,-12.54217882,28.19369575
0.09586825228,0.09804158798,4.292629848,1.759237223,1,136.5782528,4.639136409,73.81414557,0,481.5015969,-66.46439308,22.28516133
0.09586825228,0.1019052959,5.520314151,2.221040816,1,-139.1850608,5.95036895,48.69929596,6.684598438,129.4197645,67.62227246,21.9168743
0.09586825228,0.1057690038,4.254899595,1.686124369,1,-611.1324561,4.576809582,44.5478738,255,-75.35272349,101.7327049,21.61734819
0.09586825228,0.1096327117,2.86793594,2.000095332,1,-460.096534,3.496489367,82.86238327,190.7947712,5.209866125,20.00939289,34.89187591
0.09586825228,0.1134964196,2.497350383,1.928969965,1,-160.5252974,3.155579829,-44.89080903,0,246.4486317,52.21149382,37.68273531
0.09586825228,0.1173601275,3.199918605,1.624920397,2,498.8726793,3.588850147,-169.107534,0,539.9407852,141.3457179,26.92148485
0.09586825228,0.1212238354,6.511022173,0.7294692827,1,727.7090196,6.551758174,-852.3673458,0,986.242269,-388.8482922,6.392535899
0.09973196018,0.01690372206,1.146814802,-0.1226906715,1,-147.2454423,1.15335909,141.2962131,0,-188.3004062,41.55852343,-6.106496805
0.09973196018,0.02076742997,0.4985892289,0.06998797827,1,-104.5352318,0.5034774437,26.64077664,8.827672044,-98.89122458,-45.76315178,7.990514874
0.09973196018,0.02463113787,0.3608343954,0.1570569588,1,-17.38015717,0.3935331615,-9.42375505,1.372920902,14.23581713,-52.4068956,23.52158961
0.09973196018,0.02849484577,0.4864404175,0.236062278,1,43.09320607,0.5406937015,-1.104983517,0,70.24939048,-45.94048661,25.88660726
0.09973196018,0.03235855367,0.7987570811,0.3302882463,1,80.84596761,0.8643513176,-3.749797105,0,100.1472679,-28.06531738,22.46522878
0.09973196018,0.03622226157,1.185745411,0.3300103458,1,88.23619243,1.230812337,-7.920498984,0,114.9317172,-7.627085867,15.55266527
0.09973196018,0.04008596947,1.583738539,0.3291545837,1,54.72206387,1.617581682,-23.69873218,0,73.73231901,-34.17224579,11.74086203
0.09973196018,0.04394967737,1.682055625,0.3704769431,1,-8.307736095,1.722371706,-13.50189937,0,-1.796727362,-72.7877541,12.42121665
0.09973196018,0.04781338527,1.544697843,0.558217809,1,-45.15304352,1.642467214,3.141978141,17.95853354,14.64722708,-98.20318539,19.86867492
0.09973196018,0.05167709317,1.564190062,0.7620450521,1,-21.33554243,1.73994345,-122.0087968,0,-1.995369606,-213.5719044,25.97450468
0.09973196018,0.05554080107,1.454554014,0.9119909111,1,-48.30289831,1.716815308,-80.45628744,0,-11.41439938,-110.4038511,32.08730333
0.09973196018,0.05940450897,1.333459867,0.8777536905,1,17.1805792,1.596423113,-25.9279607,0,-1.534031595,-19.80147892,33.3550232
0.09973196018,0.06326821687,1.515007704,0.8883199751,1,65.86980569,1.756234814,15.60274774,0,70.63015056,24.48599348,30.38509302
0.09973196018,0.06713192477,1.860855826,0.8434314237,1,91.69102015,2.04307635,40.03182576,0,161.9768743,12.59626744,24.38237251
0.09973196018,0.07099563267,2.495106352,0.9943229585,1,118.4042674,2.685932585,-5.621495193,0,222.3682789,-37.27184756,21.72773912
0.09973196018,0.07485934057,3.177501405,0.9657191402,1,93.92739214,3.321013195,22.18945218,0,202.4035369,21.79505465,16.90528898
0.09973196018,0.07872304847,3.640042503,0.9958467954,1,64.88835237,3.773807132,180.6013745,0,118.133818,-46.71349815,15.30064217
0.09973196018,0.08258675637,3.884645611,1.84399741,1,172.6141063,4.300092786,277.7683419,0,-90.0114524,-145.4141362,25.39316405
0.09973196018,0.08645046427,3.95919503,2.630900279,1,19.18478309,4.753615631,17.25786134,0,65.66536139,-117.6197377,33.6041903
0.09973196018,0.09031417218,4.212481785,2.365125055,1,-59.26405028,4.831026735,-57.3280623,0,109.6796191,10.05069522,29.31231327
0.09973196018,0.09417788008,4.153986061,2.370568442,1,-108.5936883,4.782801996,143.3630176,0,109.011491,111.680933,29.71224373
0.09973196018,0.09804158798,4.214096052,2.487535375,1,-65.6848886,4.893509761,11.31789496,0,179.7500437,-6.667237828,30.5528945
0.09973196018,0.1019052959,4.594700502,2.440057741,1,-12.9360783,5.202418138,-181.5586448,0,92.37576976,-126.9993573,27.97094564
0.09973196018,0.1057690038,4.521027816,2.276734225,1,-215.7190379,5.061937499,-33.98184313,89.77213543,-6.409220638,-68.13196244,26.72926541
0.09973196018,0.1096327117,3.736461795,2.572003827,1,-332.7354084,4.536116228,80.986886,123.2955986,-136.495551,34.88786753,34.54168801
0.09973196018,0.1134964196,2.708056451,2.454847367,1,-353.3736802,3.655112219,-58.96754162,135.0732445,-136.9435708,89.08844197,42.19223964
0.09973196018,0.1173601275,1.842019159,1.999958754,1,-332.3820325,2.718983192,-296.9850804,57.72884711,-59.40443909,-2.171841957,47.35404263
0.09973196018,0.1212238354,1.194307965,1.315775129,1,-277.6383829,1.776973749,-841.8350352,0,-57.64120359,-487.6759515,47.77047837
0.1035956681,0.01690372206,2.293250335,-0.1367648145,1,-416.7676734,2.297324904,148.0944579,0,-435.91625,37.8452008,-3.412962024
0.1035956681,0.02076742997,0.6459895293,0.07622064836,1,-258.9027339,0.6504706444,70.42762809,0,-266.6106117,-19.93384589,6.729246945
0.1035956681,0.02463113787,0.2628202696,0.2123655265,1,-37.66117234,0.3378958581,7.793120494,0,-39.11451627,-46.5781241,38.93910131
0.1035956681,0.02849484577,0.3493506946,0.2862952557,1,60.351142,0.4516756372,-19.55326064,0,69.40769045,-45.69627687,39.33485031
0.1035956681,0.03235855367,0.7641704956,0.3133745048,1,114.8068483,0.8259298558,-8.815892168,15.8601333,108.109883,-32.40482293,22.29777567
0.1035956681,0.03622226157,1.210635831,0.3774359938,1,70.5845376,1.268107663,6.210710488,0,106.0116844,-12.38161577,17.31574206
0.1035956681,0.04008596947,1.446486714,0.3852098227,1,13.13849884,1.496900271,-28.42510995,0,56.31168414,-36.83257441,14.91218675
0.1035956681,0.04394967737,1.478971051,0.4099199807,1,-21.16633085,1.534727911,-9.154968335,6.989015945,9.455069326,-86.2523951,15.49154615
0.1035956681,0.04781338527,1.40123782,0.6830917595,1,-71.4860624,1.558871958,9.770198032,27.02902565,-30.07888653,-69.07368864,25.98884778
0.1035956681,0.05167709317,1.086553756,0.7145497285,1,-41.99238896,1.300453913,-48.67498576,0,-46.72967734,-86.48845642,33.33009702
0.1035956681,0.05554080107,1.058441671,0.8291919649,1,12.60011023,1.344566133,-49.16788834,0,-8.459572543,-79.99201941,38.07544282
0.1035956681,0.05940450897,1.102551584,0.8336451672,1,44.53345723,1.382238858,-15.24065909,5.223138256,39.96838215,-28.45793597,37.09312177
0.1035956681,0.06326821687,1.384932096,0.880259662,1,99.23425802,1.641003956,31.76184912,0,107.0482274,-8.178912336,32.43994593
0.1035956681,0.06713192477,1.899566853,0.9879646028,1,111.2699824,2.141127807,66.36027579,0,173.5775913,-6.291648809,27.47893871
0.1035956681,0.07099563267,2.485499917,1.160965477,1,123.8644482,2.743273715,39.86513206,0,200.5763274,-5.383123933,25.03705992
0.1035956681,0.07485934057,3.153111241,1.162790647,1,121.327432,3.360683351,11.39922223,0,223.4925258,5.938727415,20.24274618
0.1035956681,0.07872304847,3.817783512,1.182063234,1,52.45460977,3.996591602,31.36031091,0,189.514188,-78.92237957,17.20358565
0.1035956681,0.08258675637,4.088007996,1.58889075,1,13.21266674,4.38593014,109.915994,0,-1.172152937,-183.4727265,21.23966783
0.1035956681,0.08645046427,3.864304541,2.315631551,1,40.69048065,4.504997121,112.0223863,0,-74.39470716,-106.567927,30.93157154
0.1035956681,0.09031417218,3.95778471,2.43345987,1,15.38380794,4.646050662,16.10612691,0,50.18660929,-36.73865906,31.58544693
0.1035956681,0.09417788008,4.11764948,2.519808368,1,12.36548039,4.827470502,35.51495785,0,78.94937244,-35.41852024,31.46467731
0.1035956681,0.09804158798,4.310598628,2.70752611,1,-2.661102826,5.090378981,23.11215502,0,57.13899983,-4.873052425,32.13330261
0.1035956681,0.1019052959,4.328136161,2.627935035,1,-105.3678035,5.063477577,-94.73557397,18.86869832,-11.16195556,-39.68748244,31.26506726
0.1035956681,0.1057690038,3.860361678,2.494836364,1,-206.9955956,4.596368215,-118.6180529,67.64854214,-55.0568283,-152.3612311,32.87337803
0.1035956681,0.1096327117,3.31564214,2.758308819,1,-203.0734976,4.312974652,-69.50735261,62.68830537,-119.5784644,-139.4806351,39.75733711
0.1035956681,0.1134964196,2.613728743,2.765192688,1,-228.2721142,3.804979441,-35.27657039,85.05129536,-100.8362273,-14.91200355,46.61295388
0.1035956681,0.1173601275,2.044063641,2.679626082,1,-294.5610065,3.370251045,-96.83682013,116.7621664,-26.257416,210.0493619,52.66300537
0.1035956681,0.1212238354,1.374180069,1.579474122,1,-244.0085892,2.093587678,-235.1695151,0,-102.7482509,334.3103667,48.975955
0.107459376,0.01690372206,1.86523133,-0.1966751781,1,-321.5612644,1.875571657,-99.93873375,0,-284.8763372,-222.557821,-6.019184611
0.107459376,0.02076742997,0.6936824541,0.04020699,1,-213.4668146,0.6948467091,34.88265956,0,-214.6843041,-55.21650152,3.317247274
0.107459376,0.02463113787,0.2109804705,0.1514416623,1,-40.76978525,0.2597062495,-2.347312347,0,-78.1178745,-62.09487912,35.67076374
0.107459376,0.02849484577,0.2343352639,0.2710541358,1,60.33746587,0.3583062383,-6.06501581,13.63917692,50.56941919,-45.65689751,49.15550115
0.107459376,0.03235855367,0.6394922785,0.3044131284,1,109.4633263,0.7082497632,-25.26193839,0,130.6085414,-75.948057,25.45552955
0.107459376,0.03622226157,1.161902836,0.4668904927,1,67.87234139,1.252200037,-41.66968005,0,111.258599,-91.24641756,21.89187204
0.107459376,0.04008596947,1.331601908,0.4959631609,1,-7.894620925,1.420965551,-56.41611355,0,47.11254565,-62.08388056,20.42815
0.107459376,0.04394967737,1.313429442,0.4887890889,1,-26.3623754,1.401432007,-18.65876993,0,22.21210568,-76.17861524,20.41260937
0.107459376,0.04781338527,1.315566478,0.7182030416,1,-42.92199348,1.498843143,-9.479327118,13.36542382,-27.3399017,-75.4658021,28.63131077
0.107459376,0.05167709317,1.041958002,0.7437415536,1,-57.20793858,1.280167167,8.606479278,18.39746572,-35.97939059,-20.48976964,35.51895208
0.107459376,0.05554080107,0.9555178582,0.8306224484,1,13.86799538,1.266075839,16.97894333,0,17.87955405,-13.14083364,41.00011771
0.107459376,0.05940450897,1.16462126,0.8601155738,1,81.70582643,1.447805746,58.17578258,0,86.68356571,35.42861215,36.44722943
0.107459376,0.06326821687,1.606125283,0.9185108705,1,104.5680815,1.850216378,75.476378,0,135.6990968,17.48693972,29.76437419
0.107459376,0.06713192477,2.092943455,1.084169825,1,102.7537565,2.357082203,64.32707699,0,161.8132093,-32.00639107,27.38469872
0.107459376,0.07099563267,2.628334759,1.290715252,1,127.4293666,2.928154618,27.26385714,0,170.6125024,-44.24398015,26.15460182
0.107459376,0.07485934057,3.244490178,1.360455221,1,59.86666319,3.518174942,-1.061162204,0,154.420189,-61.80325877,22.74891227
0.107459376,0.07872304847,3.456276563,1.52540497,1,-34.49631746,3.777923769,-9.655442331,0,126.6238057,-120.4204015,23.81395078
0.107459376,0.08258675637,3.600443882,1.788418668,1,15.52071274,4.020153913,19.61121784,0,120.0984691,-151.4264943,26.41458881
0.107459376,0.08645046427,3.980269467,2.18624473,1,71.48797284,4.541168468,111.3948631,0,66.286372,-72.67035703,28.77869526
0.107459376,0.09031417218,4.132763707,2.499592913,1,-0.3643246385,4.829875836,80.40599935,0,45.42187178,-33.88432299,31.16653768
0.107459376,0.09417788008,4.154358668,2.627829151,1,-19.67146963,4.91570768,-17.63466093,0,58.96090712,-74.31404683,32.31529654
0.107459376,0.09804158798,4.284566617,2.718585505,1,-69.31372081,5.074270218,-47.79076447,4.865764463,48.85938187,-93.39785313,32.39539378
0.107459376,0.1019052959,4.075329077,2.80404162,1,-183.88453,4.946812761,-55.59576811,73.08762341,-25.89416512,-93.17514523,34.53002526
0.107459376,0.1057690038,3.474043015,2.863781241,1,-248.4445103,4.502245869,-78.80671046,97.23125978,-48.24867961,-102.2460151,39.50001156
0.107459376,0.1096327117,2.928993255,2.894604247,1,-184.5023736,4.11797708,-129.6021184,48.35865504,-63.93787581,-151.1982565,44.66166581
0.107459376,0.1134964196,2.514142461,2.94722241,1,-143.657597,3.873891099,-47.8651069,56.16726407,-24.45912445,-84.61768062,49.53400153
0.107459376,0.1173601275,2.279439351,3.036605456,1,-190.7205012,3.796948307,-173.3392248,25.47541427,-51.73654484,107.6495623,53.10613638
0.107459376,0.1212238354,1.577359257,1.861563814,1,-291.6072831,2.439975831,-308.2690926,0,-71.81568358,299.9764956,49.72438615
0.1113230839,0.01690372206,NaN,NaN,0,-167.7589948,1.047229666,-132.4053802,0,-80.59950294,-166.8498039,0.2721935972
0.1113230839,0.02076742997,NaN,NaN,0,-150.8909944,0.5719146174,-14.96319346,39.89933962,-116.567988,-31.291651,7.183512129
0.1113230839,0.02463113787,0.01383446524,0.06806341894,1,-62.17147089,0.06945517566,34.35715939,10.06204359,-45.99228907,-11.46352802,78.51066553
0.1113230839,0.02849484577,0.1495123295,0.2485543765,1,41.73117338,0.2900572612,48.09169977,0,51.25985514,-36.54462078,58.97192817
0.1113230839,0.03235855367,0.3731246368,0.3950734393,1,58.84354021,0.543419743,-3.907928854,0,82.87900685,-80.65116387,46.63659836
0.1113230839,0.03622226157,0.6970868543,0.54506782,1,82.66128928,0.8848892647,-91.93943413,0,76.64493398,-144.3937119,38.0226481
0.1113230839,0.04008596947,0.9886373502,0.5977414467,1,51.15227362,1.155291585,-120.7695428,0,56.37662179,-134.3652308,31.15763763
0.1113230839,0.04394967737,1.112547097,0.597597587,1,-17.10543036,1.262887136,-76.92889038,0,38.94903373,-114.6012424,28.24218557
0.1113230839,0.04781338527,1.073034653,0.7432964107,1,-18.80513495,1.305332494,-49.14623788,0,0.1942808415,-100.6441915,34.71053705
0.1113230839,0.05167709317,1.040640193,0.7965706371,1,-6.156931629,1.310517757,8.6871836,0,6.218104241,-17.55575394,37.4326872
0.1113230839,0.05554080107,1.073271006,0.8446914558,1,64.77825635,1.365801709,53.12782446,0,44.84996643,38.55450211,38.20364139
0.1113230839,0.05940450897,1.464211623,0.8528776978,1,66.88801147,1.694495809,58.33632251,0,106.7390359,17.99958905,30.22005275
0.1113230839,0.06326821687,1.744115201,1.000540812,1,47.84914362,2.010726175,61.74803206,0,97.14963304,-32.27444287,29.84145779
0.1113230839,0.06713192477,2.024444542,1.216153077,1,63.66883778,2.361652814,3.903895314,0,111.2352952,-80.80014984,30.9946779
0.1113230839,0.07099563267,2.419893682,1.3278125,1,112.0044583,2.760248443,-27.13351528,0,117.2512105,-107.8758444,28.75388295
0.1113230839,0.07485934057,2.910221481,1.528117852,1,87.02310113,3.287024983,7.906069642,0,144.7011359,-115.4914125,27.70335542
0.1113230839,0.07872304847,3.315208447,1.804584327,1,27.86832792,3.774537275,14.79244113,0,145.1496144,-105.5144799,28.56100412
0.1113230839,0.08258675637,3.578712271,1.992948653,1,24.30715681,4.096220924,1.331645921,0,156.5337068,-125.7353505,29.1129913
0.1113230839,0.08645046427,4.01392472,2.295534085,1,-9.416020046,4.623966738,-30.52517139,0,154.0487463,-190.3239248,29.76492229
0.1113230839,0.09031417218,4.137530879,2.610364359,1,-91.32716168,4.892153295,-82.54023134,12.21960332,26.22436512,-219.2189949,32.24778913
0.1113230839,0.09417788008,3.762386531,2.823620903,1,-97.85116979,4.704081995,-44.78213929,36.67553979,1.455728673,-188.1025236,36.88773898
0.1113230839,0.09804158798,3.765087051,3.16411246,1,-98.49300566,4.91807769,-116.9813769,0,96.14869709,-224.3245725,40.04309887
0.1113230839,0.1019052959,3.753328807,3.238363656,1,-197.4574585,4.957265003,-178.2228039,31.38020061,41.06359155,-205.1974403,40.78755094
0.1113230839,0.1057690038,3.160826832,3.268334576,1,-293.4062652,4.546739179,-138.3764503,100.483382,-100.6756203,-134.6937613,45.95800457
0.1113230839,0.1096327117,2.230711513,3.224134822,1,-192.8958379,3.920601893,-218.3700475,0,-81.18618606,-207.3459719,55.32144984
0.1113230839,0.1134964196,2.10185395,3.225740769,1,-106.9940841,3.850090068,-198.8958288,0,-7.00354503,-196.9507205,56.91221734
0.1113230839,0.1173601275,1.790257973,3.216619492,1,-3.785948628,3.681258557,-315.9041811,0,-192.8422834,-109.6111261,60.90121674
0.1113230839,0.1212238354,NaN,NaN,0,-160.7967076,2.774860121,-322.8021526,0,-71.1660015,85.06244273,61.07407915
0.1151867918,0.01690372206,NaN,NaN,0,-80.95057211,0.7227030945,-53.95567883,0,-19.48635029,-70.90179515,11.17655313
0.1151867918,0.02076742997,NaN,NaN,0,-78.13427054,0.5431927684,-1.235063973,30.77088086,-27.86803271,-20.35391502,18.55155793
0.1151867918,0.02463113787,NaN,NaN,0,-61.47107345,0.3680179301,66.15435869,0,0.3853371581,31.20111652,35.54671229
0.1151867918,0.02849484577,NaN,NaN,0,-14.20832658,0.4154479995,50.19595228,0,17.66248755,2.747785772,47.82143735
0.1151867918,0.03235855367,NaN,NaN,0,-10.04523455,0.5056307495,14.61261857,0,2.236877287,-20.52846297,51.78639501
0.1151867918,0.03622226157,0.2487805926,0.4436450532,1,8.907804033,0.5086380997,-30.24144661,0,-0.352544514,-61.00706566,60.71781978
0.1151867918,0.04008596947,0.3458356677,0.5161485162,1,42.991326,0.6212983179,-44.14985646,0,41.02961202,-111.8884428,56.17667657
0.1151867918,0.04394967737,0.5734129546,0.7053671646,1,37.9567006,0.9090353422,-51.71980246,0,63.23737392,-123.0147154,50.8913614
0.1151867918,0.04781338527,0.7368200129,0.7916112345,1,54.51779948,1.081458311,-82.56475659,0,57.88186772,-104.8718034,47.05306064
0.1151867918,0.05167709317,1.007692437,0.7915550774,1,72.60839111,1.281406839,-69.38386487,0,75.67703562,-59.55240806,38.15008001
0.1151867918,0.05554080107,1.309751588,0.7536253572,1,27.96624372,1.511092453,-7.35948043,0,88.98578761,-64.95524599,29.91593504
0.1151867918,0.05940450897,1.459560924,1.014088292,1,-1.14643495,1.777271267,7.201594548,0,107.3270897,-84.77435522,34.79118536
0.1151867918,0.06326821687,1.720002622,1.108993561,1,12.93474782,2.046527727,-23.52569861,0,74.10026438,-89.23056986,32.81241392
0.1151867918,0.06713192477,1.795838789,1.267952722,1,38.01727184,2.198349622,-42.70719086,0,62.06674513,-94.98692171,35.22401937
0.1151867918,0.07099563267,2.106698029,1.31098717,1,124.9503557,2.481302873,-18.84600543,0,142.4024249,-100.46542,31.89378833
0.1151867918,0.07485934057,2.828811839,1.583306299,1,94.6742221,3.24176422,-9.682704907,0,163.899951,-182.4593357,29.23605273
0.1151867918,0.07872304847,3.105753105,1.978545604,1,-17.87441512,3.68243738,-14.69280579,0,93.18354159,-200.0062802,32.49951004
0.1151867918,0.08258675637,3.119784306,2.299303434,1,-71.40328569,3.875545174,-37.20657968,0,76.89541014,-254.4277717,36.39048127
0.1151867918,0.08645046427,3.12697307,2.817824839,1,-148.3350626,4.209287042,-116.0450746,0,108.7538858,-285.4352714,42.02312041
0.1151867918,0.09031417218,2.966854201,2.953777676,1,-58.58624336,4.18652916,-171.0776322,0,91.60822374,-221.2100866,44.87345465
0.1151867918,0.09417788008,3.254560356,3.011522,1,-47.70788407,4.434120867,-76.54616145,0,47.45059849,-210.3157233,42.77882021
0.1151867918,0.09804158798,2.965860124,3.470624189,1,-141.4697634,4.565255583,-111.7000144,34.42057342,-29.52015678,-296.5212547,49.48409079
0.1151867918,0.1019052959,2.59390525,3.725617286,1,-172.0101291,4.539666134,-176.1854781,0,30.46717163,-211.8537973,55.15301259
0.1151867918,0.1057690038,2.418979481,3.608436156,1,-228.9288767,4.344222971,-184.238247,33.60033343,-110.0600883,-80.86615346,56.16337204
0.1151867918,0.1096327117,1.284150908,3.326217711,1,-216.0104413,3.565496854,-251.106541,0,-155.2061459,-179.9625733,68.88995062
0.1151867918,0.1134964196,0.9847070208,3.333556646,1,-46.94759959,3.475952794,-368.2881677,0,-120.9684096,-104.2747548,73.54326443
0.1151867918,0.1173601275,0.6353724965,2.306147002,1,128.3901781,2.392072784,-461.0779933,0,-212.7403847,-169.7293732,74.59644883
0.1151867918,0.1212238354,NaN,NaN,0,75.93278638,2.304064588,-199.2642286,0,-63.80455853,-148.3927219,73.38551978
0.1190504997,0.01690372206,NaN,NaN,0,-44.39422177,0.6146454885,-20.83990158,0,2.572714021,-32.88835733,23.23247932
0.1190504997,0.02076742997,NaN,NaN,0,-44.33367283,0.5521597667,2.060786793,18.66715299,-0.9123603181,-14.65985953,28.76752284
0.1190504997,0.02463113787,NaN,NaN,0,-37.89668516,0.4963620162,29.62963774,9.797658194,4.265642247,2.204374023,38.21529
0.1190504997,0.02849484577,NaN,NaN,0,-20.856753,0.5133448693,32.81828709,0,10.57646192,-2.24373469,46.39093464
0.1190504997,0.03235855367,NaN,NaN,0,-13.47322436,0.5643742743,27.758672,0,11.00352111,-7.853400327,51.63785324
0.1190504997,0.03622226157,NaN,NaN,0,-10.57154955,0.6148782186,37.80971429,0,19.7553179,-0.4007376582,55.92199126
0.1190504997,0.04008596947,NaN,NaN,0,-3.997821584,0.7050495893,33.04667464,0,28.04071141,-15.09003519,56.82993496
0.1190504997,0.04394967737,NaN,NaN,0,-7.871302559,0.8214296457,4.453841509,2.642596076,-1.683354715,-38.54429268,57.82442971
0.1190504997,0.04781338527,0.3488345356,0.7562941877,1,10.45891993,0.8328663948,-22.27086751,0,16.72847088,-51.55679228,65.23887085
0.1190504997,0.05167709317,0.5424680966,0.8084269831,1,41.2495797,0.9735634663,-20.2090462,0,73.93342644,-104.1074594,56.13772455
0.1190504997,0.05554080107,0.7938680264,1.08045315,1,38.25791931,1.340748094,-33.99268128,0,122.7338157,-153.9708838,53.69323983
0.1190504997,0.05940450897,1.164493135,1.271987712,1,38.88819226,1.724528052,-111.2370716,0,94.29731311,-151.7197777,47.52618204
0.1190504997,0.06326821687,1.308457916,1.236866501,1,31.10124189,1.800527939,-132.8140254,0,53.77618287,-142.412449,43.3888872
0.1190504997,0.06713192477,1.492434712,1.309073217,1,73.75588795,1.985203782,-68.14842743,0,94.59308804,-109.1390251,41.25527511
0.1190504997,0.07099563267,1.958909184,1.395242197,1,65.42013373,2.405000204,-1.43744441,0,109.387607,-127.3560291,35.46054742
0.1190504997,0.07485934057,2.167840761,1.795585848,1,33.15213916,2.814900016,-63.27040361,0,103.1844373,-280.2737733,39.63437803
0.1190504997,0.07872304847,2.485673892,2.233679831,1,-13.51721445,3.341840853,-87.51467903,0,87.04284593,-286.894567,41.94354381
0.1190504997,0.08258675637,2.451922324,2.565931496,1,-63.48280312,3.549074178,-38.86261038,0,57.54240677,-311.9605986,46.30157651
0.1190504997,0.08645046427,2.462721936,3.288850686,1,6.416223916,4.108714905,-18.70159832,0,37.56313503,-180.396123,53.17378994
0.1190504997,0.09031417218,2.62184572,3.190671908,1,5.345409823,4.129704857,-127.1685264,0,44.17025487,-101.916824,50.58929762
0.1190504997,0.09417788008,2.654036001,3.191285484,1,-102.3367225,4.150687911,-109.2842042,0,-9.992268977,-214.3597282,50.25135974
0.1190504997,0.09804158798,2.187839309,3.59665304,1,-38.58550415,4.209816377,-20.26076514,0,-64.93619509,-234.9227789,58.6879058
0.1190504997,0.1019052959,2.254058393,4.020676803,1,-63.22026518,4.609405731,-148.5611705,0,49.9432668,-182.4549888,60.72428372
0.1190504997,0.1057690038,2.136540865,3.727608853,1,-267.9377776,4.296495622,-143.2089792,63.46810595,-169.1739467,2.146714999,60.18010594
0.1190504997,0.1096327117,0.5651863709,3.459064859,1,-291.3715464,3.504934426,-36.34650905,91.80169024,-190.1689994,167.567165,80.7202819
0.1190504997,0.1134964196,0.2760088537,2.93974598,2,-122.4728883,2.952674604,-303.3409671,0,-191.2629932,100.5389994,84.63629882
0.1190504997,0.1173601275,-0.646997433,1.898590641,1,76.20049115,2.005804602,-241.1834601,0,-147.9227512,30.8261298,108.8179676
0.1190504997,0.1212238354,NaN,NaN,0,251.0251505,1.888780702,-89.75096729,0,83.31297252,-84.67280778,90.03352024
0.1229142076,0.01690372206,NaN,NaN,0,-27.09691154,0.5956533357,-6.936680126,0,8.918361494,-16.79154989,32.67190924
0.1229142076,0.02076742997,NaN,NaN,0,-27.3648908,0.5774296587,3.700588927,11.05209048,6.924858232,-10.61365374,36.14531324
0.1229142076,0.02463113787,NaN,NaN,0,-24.92524137,0.5661002402,17.48511838,6.880755307,7.013130222,-5.480026201,41.73649514
0.1229142076,0.02849484577,NaN,NaN,0,-17.84877591,0.5847974247,23.68888634,0,9.374196791,-6.073698229,47.23398505
0.1229142076,0.03235855367,NaN,NaN,0,-12.41936035,0.6275140844,25.79406806,0,11.44542732,-8.240665994,51.61050601
0.1229142076,0.03622226157,NaN,NaN,0,-8.720572906,0.6849943048,29.42711044,0,15.3272002,-8.900296137,54.95696344
0.1229142076,0.04008596947,NaN,NaN,0,-5.298799505,0.7628378213,28.83223209,0,17.82030972,-14.76743471,57.02295738
0.1229142076,0.04394967737,NaN,NaN,0,-4.454953949,0.8526074617,26.0183019,0,13.86472923,-19.50762896,58.7981368
0.1229142076,0.04781338527,NaN,NaN,0,-2.325169535,0.932471706,42.46051785,0,24.49878232,-6.342427816,61.03510343
0.1229142076,0.05167709317,NaN,NaN,0,-3.454637657,1.058556395,32.82296721,0,37.6041591,-35.55192145,60.11920454
0.1229142076,0.05554080107,NaN,NaN,0,-12.54550361,1.227568188,11.09295142,0,-9.142808821,-69.22808825,61.61835041
0.1229142076,0.05940450897,0.4435724679,1.22817295,1,17.01082785,1.305819792,-60.35689947,0,1.906917569,-90.53189382,70.14207966
0.1229142076,0.06326821687,0.6566079188,1.19660291,1,78.26792567,1.364914826,-64.06127796,0,94.43648333,-95.19422846,61.2452494
0.1229142076,0.06713192477,1.110851857,1.348461577,1,107.077573,1.747094867,-46.91863219,0,139.4394449,-120.4908953,50.51857628
0.1229142076,0.07099563267,1.609077668,1.480864644,1,24.83176856,2.186799267,-82.55626254,0,76.26428765,-213.3707752,42.62395125
0.1229142076,0.07485934057,1.501457488,1.853890643,1,12.51819678,2.385641445,-36.38770592,0,0.4402038456,-265.7569238,50.99614674
0.1229142076,0.07872304847,1.659145143,2.367080303,1,59.38179394,2.890645563,-49.28193128,13.48278018,8.648300499,-285.5883174,54.97243577
0.1229142076,0.08258675637,1.764305902,2.766909494,1,102.0129293,3.281548943,-84.17034676,0,78.79071985,-231.9783895,57.47658411
0.1229142076,0.08645046427,2.357717631,2.938167406,1,95.97729491,3.767181988,-137.3161307,0,-13.82061311,-224.5059627,51.25487529
0.1229142076,0.09031417218,2.081735322,3.103785537,1,-37.42382481,3.737259238,-149.7451414,0,-54.10040591,-261.0751382,56.14990705
0.1229142076,0.09417788008,2.004094738,3.368313994,1,-65.98366235,3.919430428,-155.3096359,0,39.62818314,-223.9036618,59.24800883
0.1229142076,0.09804158798,1.979905449,3.368812816,1,-97.13365118,3.907547233,-41.84831955,13.89121827,-81.22849594,-247.4886383,59.55656154
0.1229142076,0.1019052959,1.314955501,4.162848118,1,24.91683966,4.365594166,-40.90334457,0,-52.33851727,-201.6861857,72.46977742
0.1229142076,0.1057690038,1.873956097,3.99003075,1,29.61492447,4.408180672,-172.262095,0,93.6329257,-56.92901641,64.842454
0.1229142076,0.1096327117,1.791149193,3.717234791,1,-271.6404728,4.126263434,-62.07601245,88.34855726,-161.3158178,176.6218911,64.2729127
0.1229142076,0.1134964196,0.201139456,3.067771774,1,-316.2618593,3.07435859,-193.6978181,66.88005482,-193.2321361,395.6413842,86.2487527
0.1229142076,0.1173601275,-0.1773867825,1.440200259,1,57.21518034,1.451083339,-78.01961836,0,-113.1871943,312.2510748,97.02164986
0.1229142076,0.1212238354,NaN,NaN,0,111.6356425,1.559953092,48.34678892,0,-27.64030415,-13.60383332,90.55535579
0.1267779155,0.01690372206,NaN,NaN,0,-17.49015581,0.6078424515,-0.9729792903,0,9.298978467,-9.570387037,38.88846043
0.1267779155,0.02076742997,NaN,NaN,0,-17.64837497,0.6063837445,4.656848099,6.304234037,8.135664021,-7.986896787,41.04918693
0.1267779155,0.02463113787,NaN,NaN,0,-16.5906136,0.6129562052,12.92136053,3.04664741,7.487823616,-7.437126854,44.60918887
0.1267779155,0.02849484577,NaN,NaN,0,-13.1937489,0.6368713976,18.65807183,0,8.461767704,-8.33036603,48.48466442
0.1267779155,0.03235855367,NaN,NaN,0,-9.634868232,0.6787777232,22.30160346,0,10.07679116,-10.13526928,51.97948767
0.1267779155,0.03622226157,NaN,NaN,0,-6.592582219,0.7364012282,25.27242732,0,12.28774588,-12.19234619,54.86154271
0.1267779155,0.04008596947,NaN,NaN,0,-4.021849581,0.8095586554,26.83684136,0,14.04859805,-15.57177853,57.06951171
0.1267779155,0.04394967737,NaN,NaN,0,-2.324544197,0.8948867894,28.32661617,0,14.82317957,-18.37636065,58.87454038
0.1267779155,0.04781338527,NaN,NaN,0,-0.7245356564,0.9889417934,33.24529002,0,18.67229929,-18.77974833,60.40636118
0.1267779155,0.05167709317,NaN,NaN,0,0.2339631854,1.103703025,32.22141298,0,20.69581608,-28.25574315,61.18748618
0.1267779155,0.05554080107,NaN,NaN,0,2.058373842,1.232885983,31.46072586,0,10.77352214,-32.35476961,62.50170557
0.1267779155,0.05940450897,NaN,NaN,0,15.35455273,1.345750685,49.46176629,0,16.71058305,-3.78680271,64.39890378
0.1267779155,0.06326821687,NaN,NaN,0,13.93847807,1.47265798,32.70331383,0,54.41821251,-24.36089186,61.92197307
0.1267779155,0.06713192477,NaN,NaN,0,-3.083189641,1.664852329,-6.897556703,0,34.7606343,-83.15211585,59.47456292
0.1267779155,0.07099563267,0.8155335506,1.593962428,1,-3.051253783,1.790477923,-64.9961187,0,43.12389219,-146.4748386,62.90393786
0.1267779155,0.07485934057,1.000442167,1.748920011,1,49.39876425,2.01484633,-28.25879034,0,47.99460129,-143.0961475,60.22896442
0.1267779155,0.07872304847,1.191833066,2.037660432,1,64.90360047,2.360619854,-15.92186287,26.43034342,-5.382075531,-204.1575343,59.67651998
0.1267779155,0.08258675637,1.230415954,2.476207662,1,32.55753181,2.765054756,-57.67520515,0,-65.44977288,-271.7087788,63.57743436
0.1267779155,0.08645046427,1.064747055,2.864623641,1,-9.529480228,3.056101258,-151.554899,0,-41.16270414,-319.795052,69.61048931
0.1267779155,0.09031417218,1.03455616,3.12623847,1,21.11278554,3.29297334,-92.2541311,0,11.01167487,-282.4121823,71.68923531
0.1267779155,0.09417788008,1.188866586,3.599338806,1,36.83735287,3.790599372,-80.86737487,0,-27.68302253,-218.5246351,71.72153928
0.1267779155,0.09804158798,1.069925819,3.658105914,1,38.43048287,3.811361979,-123.2768462,0,-5.328414723,-155.0716575,73.6968143
0.1267779155,0.1019052959,1.316763309,3.72218467,1,127.7727751,3.948230531,12.80836904,41.34396469,-80.90392708,-69.19829516,70.51821292
0.1267779155,0.1057690038,1.251013357,3.974955711,1,-1.353448537,4.167170181,-74.39401862,0,-78.6228668,-116.6183364,72.5299679
0.1267779155,0.1096327117,1.007758187,3.8853271,1,-21.55877662,4.013893775,-358.3563522,0,-28.84709182,-213.4544002,75.45931098
0.1267779155,0.1134964196,1.056259805,3.415096894,1,128.359834,3.574712795,-321.4315824,0,-322.4101376,363.1754138,72.81361596
0.1267779155,0.1173601275,0.2580044959,1.24020564,1,-93.37891663,1.266758205,-215.5370951,0,-145.5439539,318.7781646,78.24816884
0.1267779155,0.1212238354,NaN,NaN,0,7.537204248,1.357204197,50.79794093,0,-72.176083,-6.376755559,84.37065833
0.1306416234,0.01690372206,NaN,NaN,0,-11.16000279,0.6268085835,1.636429461,0,7.408088019,-6.208249733,42.69741888
0.1306416234,0.02076742997,NaN,NaN,0,-11.195634,0.631962368,5.127774165,3.070386136,6.783201432,-6.47577145,44.15300137
0.1306416234,0.02463113787,NaN,NaN,0,-10.59508918,0.6462159693,10.8854038,0,6.340732519,-7.951218399,46.64700548
0.1306416234,0.02849484577,NaN,NaN,0,-8.700737861,0.6738793911,15.72043699,0,6.908259248,-9.675369755,49.57436779
0.1306416234,0.03235855367,NaN,NaN,0,-6.333781456,0.7164767929,19.48184663,0,8.112223744,-11.77769892,52.44630303
0.1306416234,0.03622226157,NaN,NaN,0,-3.993038158,0.7737368616,22.524154,0,9.698394109,-14.16204081,54.99472665
0.1306416234,0.04008596947,NaN,NaN,0,-1.871472402,0.8451001876,24.91608988,0,11.26315702,-16.95097259,57.12398212
0.1306416234,0.04394967737,NaN,NaN,0,-0.09683760251,0.9291951455,27.20603141,0,12.70709173,-19.64628677,58.88689083
0.1306416234,0.04781338527,NaN,NaN,0,1.517607921,1.025185066,29.97261307,0,14.67141917,-22.14446172,60.33053778
0.1306416234,0.05167709317,NaN,NaN,0,3.056652214,1.135038891,31.35666881,0,15.7332838,-26.33653321,61.43689998
0.1306416234,0.05554080107,NaN,NaN,0,5.190483069,1.255695987,33.06677277,0,14.83049825,-28.14844433,62.48739254
0.1306416234,0.05940450897,NaN,NaN,0,8.940242312,1.380494224,37.21785113,0,19.21396883,-24.72172936,63.31092149
0.1306416234,0.06326821687,NaN,NaN,0,7.457267458,1.518263253,32.01244569,0,29.5225054,-35.60829841,63.0184857
0.1306416234,0.06713192477,NaN,NaN,0,0.6413010661,1.678130482,24.05582849,0,26.06233752,-55.21184615,62.95895536
0.1306416234,0.07099563267,NaN,NaN,0,-3.824378717,1.838606024,37.32988718,0,23.61516959,-54.23663861,64.48358648
0.1306416234,0.07485934057,NaN,NaN,0,-16.1018342,2.030123949,24.85833281,0,20.45179497,-88.05006315,65.57709992
0.1306416234,0.07872304847,NaN,NaN,0,-54.06379955,2.246193553,7.808882848,16.70845822,-35.93515204,-131.8943616,68.89452819
0.1306416234,0.08258675637,0.4916624008,2.388237896,1,-17.6185354,2.438321588,11.47485834,0,-52.84836929,-174.9856365,78.36714016
0.1306416234,0.08645046427,0.5365591012,2.815945869,1,57.67600831,2.866608938,23.33990386,20.43400492,-20.80165595,-151.7561222,79.21200186
0.1306416234,0.09031417218,0.6341341274,3.064757796,1,104.9884242,3.129675133,-22.49159202,41.9783668,-24.55471392,-100.9344373,78.30980064
0.1306416234,0.09417788008,0.8473314632,3.11902611,1,196.721646,3.232072784,-75.01557653,54.97733229,-126.7593157,-109.9518155,74.80152553
0.1306416234,0.09804158798,0.904448136,3.199741218,1,193.0889561,3.325112072,-32.49568649,59.21752659,-128.4490194,-93.9796784,74.21637068
0.1306416234,0.1019052959,1.097081297,3.356582295,1,145.3789209,3.531321577,-19.92714168,48.86581807,-85.46444974,-147.1994622,71.90029158
0.1306416234,0.1057690038,1.135940151,3.691484288,1,-116.8323407,3.862307119,-21.81517152,0,-275.3406355,-107.87048,72.89586973
0.1306416234,0.1096327117,-0.4181605287,3.68907487,1,-31.89659212,3.712698699,-403.7810627,0,-168.303512,208.4173941,96.4669346
0.1306416234,0.1134964196,0.3624254275,1.326128274,1,384.2903969,1.374761212,-446.4641412,0,-218.7325704,187.7517833,74.71456097
0.1306416234,0.1173601275,NaN,NaN,0,-13.21058196,1.25829983,-28.87847077,0,-40.08407808,-9.664461861,79.86102504
0.1306416234,0.1212238354,NaN,NaN,0,7.027223874,1.261636429,1.066826655,0,-40.67165395,-5.787295697,82.87389948
0.1345053313,0.01690372206,NaN,NaN,0,-6.339917039,0.6426280968,2.797399893,0,4.596385673,-4.621497099,44.86679232
0.1345053313,0.02076742997,NaN,NaN,0,-6.317047746,0.6504724525,5.293585097,0,4.310342476,-5.717890681,45.97090727
0.1345053313,0.02463113787,NaN,NaN,0,-5.893371248,0.6680972734,9.77204353,0,4.183645781,-8.216605535,47.92329806
0.1345053313,0.02849484577,NaN,NaN,0,-4.68033191,0.6978725794,13.85642569,0,4.718313025,-10.64219567,50.33101932
0.1345053313,0.03235855367,NaN,NaN,0,-3.006481572,0.7411634677,17.38119208,0,5.765450459,-13.13811582,52.82439891
0.1345053313,0.03622226157,NaN,NaN,0,-1.174316555,0.7982662699,20.42625218,0,7.13044979,-15.72714555,55.15049077
0.1345053313,0.04008596947,NaN,NaN,0,0.6258357337,0.868884979,23.09733273,0,8.598544189,-18.42378424,57.18540971
0.1345053313,0.04394967737,NaN,NaN,0,2.291058268,0.952334034,25.60880653,0,10.07061117,-21.11335212,58.90873501
0.1345053313,0.04781338527,NaN,NaN,0,3.835152731,1.048071854,28.08246203,0,11.57300186,-23.81527857,60.34066763
0.1345053313,0.05167709317,NaN,NaN,0,5.284554679,1.155985189,30.16587643,0,12.73540168,-26.79748363,61.51510865
0.1345053313,0.05554080107,NaN,NaN,0,6.706663907,1.274698426,32.23184529,0,13.60121824,-29.18074513,62.5170458
0.1345053313,0.05940450897,NaN,NaN,0,7.758665994,1.402659091,34.33041976,0,15.79228862,-31.343372,63.32089831
0.1345053313,0.06326821687,NaN,NaN,0,6.309048389,1.542228608,34.07278933,0,18.39550275,-38.13872629,63.86851083
0.1345053313,0.06713192477,NaN,NaN,0,2.015505164,1.695287627,33.77853778,0,16.35104078,-47.85033172,64.67229816
0.1345053313,0.07099563267,NaN,NaN,0,-3.603414572,1.858157975,37.9314027,0,11.6403403,-54.67990993,66.18787089
0.1345053313,0.07485934057,NaN,NaN,0,-12.13888519,2.035840832,37.71979972,0,2.353523451,-67.80665669,68.19266521
0.1345053313,0.07872304847,NaN,NaN,0,-21.63339526,2.224844981,42.31146492,0,-19.16412767,-74.14074346,71.32477133
0.1345053313,0.08258675637,NaN,NaN,0,-7.582007866,2.415452774,75.5782794,0,-29.64097282,-41.84898246,75.64996876
0.1345053313,0.08645046427,NaN,NaN,0,40.25714819,2.623757516,42.77220767,0,-50.86458369,-31.15464113,77.48435942
0.1345053313,0.09031417218,NaN,NaN,0,57.34946212,2.684290293,-37.82235108,0,-81.77617537,17.02289518,78.00919328
0.1345053313,0.09417788008,0.4742066125,2.349502859,1,84.18892782,2.396880388,-69.24471359,0,-78.08393302,-14.90713644,78.58913342
0.1345053313,0.09804158798,0.5812619523,2.415777098,1,103.1568454,2.484722206,14.87230549,36.98095131,-52.21398916,-109.5600969,76.47118346
0.1345053313,0.1019052959,0.6710349288,2.830273315,1,82.14821399,2.908734246,46.84862713,23.36805957,-38.48965252,-198.1877178,76.66191652
0.1345053313,0.1057690038,0.7499458811,3.36252596,1,4.098130218,3.445141456,-36.30012838,0,-112.3115104,-172.9608969,77.42706771
0.1345053313,0.1096327117,0.2529300369,3.358290606,1,-8.640249826,3.367801864,-217.6012679,0,-170.792325,371.8153567,85.69289343
0.1345053313,0.1134964196,0.05667082408,1.085192291,1,34.11404601,1.086671013,-341.9890697,0,-71.34361357,233.0845027,87.01061994
0.1345053313,0.1173601275,NaN,NaN,0,31.2628745,1.141598124,-12.56068148,9.953422842,-16.1938562,-33.56951125,84.51671282
0.1345053313,0.1212238354,NaN,NaN,0,19.75794927,1.172009403,-2.257863386,0,-16.75190084,-17.78179648,84.37420916
0.1383690392,0.01690372206,NaN,NaN,0,-4.089592869,0.651269454,3.137261346,0,3.137261346,-4.089592869,45.85154093
0.1383690392,0.02076742997,NaN,NaN,0,-4.0338544,0.6600981245,5.291564126,0,3.000957037,-5.452695807,46.81022492
0.1383690392,0.02463113787,NaN,NaN,0,-3.654121793,0.6790206845,9.301580602,0,3.038300734,-8.306296313,48.53394633
0.1383690392,0.02849484577,NaN,NaN,0,-2.689053741,0.7097161625,13.05869944,0,3.584213396,-11.0320223,50.71226896
0.1383690392,0.03235855367,NaN,NaN,0,-1.306652192,0.7533770941,16.43765416,0,4.5699711,-13.7280128,53.02891363
0.1383690392,0.03622226157,NaN,NaN,0,0.2849214618,0.8104423755,19.46117421,0,5.85090672,-16.42579703,55.24466439
0.1383690392,0.04008596947,NaN,NaN,0,1.922131048,0.8807742724,22.20544014,0,7.265901354,-19.13640888,57.22519768
0.1383690392,0.04394967737,NaN,NaN,0,3.498219868,0.9639045603,24.7900705,0,8.705669232,-21.82738836,58.92619646
0.1383690392,0.04781338527,NaN,NaN,0,4.963797376,1.059323423,27.27091974,0,10.09816809,-24.51744915,60.35613017
0.1383690392,0.05167709317,NaN,NaN,0,6.292573377,1.166547946,29.56010556,0,11.28127933,-27.28980167,61.55152345
0.1383690392,0.05554080107,NaN,NaN,0,7.366085627,1.284768941,31.829628,0,12.27355066,-29.96836472,62.56990118
0.1383690392,0.05940450897,NaN,NaN,0,7.638831725,1.413415069,34.03264635,0,13.3983423,-33.09883417,63.45806833
0.1383690392,0.06326821687,NaN,NaN,0,6.049044297,1.55314993,35.37817959,0,13.87188686,-38.5444775,64.31664376
0.1383690392,0.06713192477,NaN,NaN,0,2.419637394,1.704336176,36.89577367,0,11.60143092,-45.52920146,65.43421389
0.1383690392,0.07099563267,NaN,NaN,0,-2.819662999,1.865764573,39.93307283,0,6.595390834,-51.79032599,67.05696789
0.1383690392,0.07485934057,NaN,NaN,0,-9.068388216,2.037131847,41.48904256,0,-1.662422317,-58.64486613,69.20765588
0.1383690392,0.07872304847,NaN,NaN,0,-12.40637803,2.213966705,44.70186004,0,-13.77641966,-58.45001078,71.95400009
0.1383690392,0.08258675637,NaN,NaN,0,-3.912675199,2.385521,52.47156115,0,-23.10738442,-40.39793425,74.88647699
0.1383690392,0.08645046427,NaN,NaN,0,16.41558704,2.531555804,32.34352246,0,-34.06998751,-25.68583106,76.721808
0.1383690392,0.09031417218,NaN,NaN,0,17.82699675,2.587177623,2.635706671,0,-33.16270302,-4.656009687,77.64052454
0.1383690392,0.09417788008,NaN,NaN,0,-38.8571779,2.546174562,21.76537357,0,34.93117278,3.074331756,78.16527022
0.1383690392,0.09804158798,NaN,NaN,0,-48.80742102,2.654646462,40.5183417,0,46.26011714,-62.60064454,78.29396965
0.1383690392,0.1019052959,NaN,NaN,0,-42.9101406,2.935530092,42.04644977,0,-11.7486222,-124.1870648,79.94843036
0.1383690392,0.1057690038,0.3274166746,3.24171144,1,-12.040837,3.25820422,-87.0879258,0,-74.57895967,-131.6290256,84.23261718
0.1383690392,0.1096327117,0.1776776645,3.062566616,1,26.61708668,3.067716355,-320.0999619,0,-126.4607324,281.1465139,86.67965373
0.1383690392,0.1134964196,-0.05835000831,0.9186706815,1,25.70568508,0.9205218871,-289.5298366,0,-60.49214007,229.9907434,93.63429938
0.1383690392,0.1173601275,NaN,NaN,0,38.77104055,1.056177694,7.833288856,0,-3.200793475,-41.90051172,87.65186069
0.1383690392,0.1212238354,NaN,NaN,0,23.6422596,1.113639077,5.105623956,0,-5.105623956,-23.6422596,85.92781783
