PIVlab, ASCII chart output - 19-Sep-2021
FRAME: 294, filenames: A: 72_12_75_60 294.jpg & B: 72_12_75_60 295.jpg, conversion factor xy (px -> m): 0.00024148, conversion factor uv (px/frame -> m/s): 1
x [m],y [m],u [m/s],v [m/s],Vector type [-],vorticity [1/s],magnitude [m/s],divergence [1/s],dcev [1],simple shear [1/s],simple strain [1/s],vector direction [degrees]
0.03791263377,0.01690372206,NaN,NaN,0,-1.989303406,0.9442496003,-3.389351277,0,3.389351277,1.989303406,-81.7417349
0.03791263377,0.02076742997,NaN,NaN,0,-1.940281511,0.9549218534,-4.932829563,0,4.079008981,3.455470366,-81.67068475
0.03791263377,0.02463113787,NaN,NaN,0,-1.682615625,0.9775167379,-8.261336355,0,5.361386044,6.658609654,-81.53526698
0.03791263377,0.02849484577,NaN,NaN,0,-1.400354207,1.014035226,-12.12816281,0,6.750071054,10.38899666,-81.34788407
0.03791263377,0.03235855367,NaN,NaN,0,-1.021480275,1.066638695,-16.51735927,0,8.165266676,14.66838631,-81.12497016
0.03791263377,0.03622226157,NaN,NaN,0,-0.5798456954,1.137345745,-21.36161799,0,9.58017249,19.49751016,-80.88637095
0.03791263377,0.04008596947,NaN,NaN,0,-0.1336773278,1.228022072,-26.57844073,0,10.91320865,24.8841395,-80.65827967
0.03791263377,0.04394967737,NaN,NaN,0,0.3239660469,1.340303533,-32.05206115,0,11.95420555,30.74908182,-80.47474721
0.03791263377,0.04781338527,NaN,NaN,0,0.9139611636,1.475168462,-37.56783149,0,12.40311242,36.79300686,-80.36995378
0.03791263377,0.05167709317,NaN,NaN,0,1.690207453,1.632168643,-42.8115661,0,12.15655153,42.52701992,-80.36243494
0.03791263377,0.05554080107,NaN,NaN,0,2.232748848,1.809196886,-47.75096375,0,11.82364413,47.61624194,-80.44634292
0.03791263377,0.05940450897,NaN,NaN,0,3.341968615,2.004548077,-52.00213268,0,10.83046674,51.90476972,-80.59522444
0.03791263377,0.06326821687,NaN,NaN,0,7.198361804,2.21421903,-53.02184932,0,6.414895259,54.23756887,-80.77324211
0.03791263377,0.06713192477,NaN,NaN,0,13.97182005,2.422043353,-47.02328599,0,-3.107219368,51.30487921,-80.96967291
0.03791263377,0.07099563267,NaN,NaN,0,24.04106736,2.596018737,-30.71165135,0,-18.79173427,37.66059333,-81.20321058
0.03791263377,0.07485934057,NaN,NaN,0,40.04522753,2.686208345,1.335214388,0,-42.4577559,7.039566544,-81.42683422
0.03791263377,0.07872304847,NaN,NaN,0,57.57245147,2.616404173,57.28036694,0,-71.42884368,-42.76742019,-81.47874595
0.03791263377,0.08258675637,NaN,NaN,0,61.38369611,2.295996065,129.6648445,0,-91.63301183,-111.3919442,-81.30990063
0.03791263377,0.08645046427,NaN,NaN,0,-55.21716451,1.678144395,134.9198617,0,20.71185374,-144.6807718,-80.71314772
0.03791263377,0.09031417218,NaN,NaN,0,-31.01309418,1.208368503,105.4948648,0,7.166529858,-117.0514476,-79.81927037
0.03791263377,0.09417788008,NaN,NaN,0,64.57583848,0.8160950282,121.004456,0,-68.6210861,-149.0505067,-77.35303757
0.03791263377,0.09804158798,NaN,NaN,0,-354.0685718,0.2459291714,-96.82074375,0,432.5413302,-40.16921768,-36.39721189
0.03791263377,0.1019052959,NaN,NaN,0,114.5034129,1.123740317,-306.9328264,0,114.4358139,142.9898511,-64.60776227
0.03791263377,0.1057690038,1.082508265,-1.884299186,2,1167.722697,2.173110114,806.5944271,0,-1277.136139,34.05388699,-60.12312667
0.03791263377,0.1096327117,0.05913259096,1.969691408,1,-1008.805936,1.970578825,37.94120765,0,582.7361199,-1780.50217,88.28042577
0.03791263377,0.1134964196,-0.5637010511,5.14163486,1,405.7877685,5.172443128,320.5089059,0,-486.1873552,7.150902858,96.25661175
0.03791263377,0.1173601275,NaN,NaN,0,349.9777153,3.190344352,-304.9422806,0,-242.8308333,413.854237,94.52155295
0.03791263377,0.1212238354,NaN,NaN,0,237.5415736,2.369150432,-184.8506697,0,-184.8506697,237.5415736,93.62318079
0.04177634167,0.01690372206,NaN,NaN,0,-3.212463787,0.9335788324,-3.39971751,0,4.535200333,1.338301365,-81.81440937
0.04177634167,0.02076742997,NaN,NaN,0,-3.399754999,0.9430033666,-4.87381857,0,5.437143054,2.681807866,-81.73991458
0.04177634167,0.02463113787,NaN,NaN,0,-3.488639678,0.9636018067,-8.126466352,0,7.036506617,5.727912273,-81.59825906
0.04177634167,0.02849484577,NaN,NaN,0,-3.517047562,0.9979640009,-12.03392619,0,8.743641281,9.411860638,-81.40259386
0.04177634167,0.03235855367,NaN,NaN,0,-3.365165045,1.048552947,-16.50087226,0,10.44648061,13.68007686,-81.16819833
0.04177634167,0.03622226157,NaN,NaN,0,-3.102783169,1.117395538,-21.40884556,0,12.18044583,18.52021307,-80.90928313
0.04177634167,0.04008596947,NaN,NaN,0,-2.830995264,1.206432849,-26.68983952,0,13.89109083,24.03763005,-80.64714835
0.04177634167,0.04394967737,NaN,NaN,0,-2.534835126,1.317729413,-32.30144788,0,15.27274503,30.27856246,-80.42102322
0.04177634167,0.04781338527,NaN,NaN,0,-1.924148091,1.453037188,-38.04304243,0,15.75043825,36.89974363,-80.28173654
0.04177634167,0.05167709317,NaN,NaN,0,-0.7295132673,1.612145041,-43.27215312,0,14.89632365,43.01556088,-80.2613909
0.04177634167,0.05554080107,NaN,NaN,0,-0.4249162557,1.790884674,-48.50098931,0,14.57490084,48.35513936,-80.35617074
0.04177634167,0.05940450897,NaN,NaN,0,0.2650625414,1.990246302,-54.93899479,0,14.58259349,54.15508852,-80.53251168
0.04177634167,0.06326821687,NaN,NaN,0,6.483065435,2.21609054,-59.29800161,0,9.319669716,60.24518535,-80.71958068
0.04177634167,0.06713192477,NaN,NaN,0,17.31033817,2.455928692,-56.36559023,0,-3.579126279,62.98724252,-80.89991251
0.04177634167,0.07099563267,NaN,NaN,0,32.2934598,2.679845161,-45.02002441,0,-24.99753286,56.06419227,-81.19012723
0.04177634167,0.07485934057,NaN,NaN,0,60.85494209,2.846233556,-19.29129547,0,-59.48546807,29.49730344,-81.58307867
0.04177634167,0.07872304847,NaN,NaN,0,97.91802982,2.867033941,43.87472557,0,-106.8253624,-20.9161993,-81.66259947
0.04177634167,0.08258675637,NaN,NaN,0,156.8096936,2.593560401,193.4140889,0,-199.1959378,-150.1078565,-81.52568654
0.04177634167,0.08645046427,NaN,NaN,0,-148.3305699,1.530348573,173.7191827,0,98.91051764,-201.4796168,-80.52362967
0.04177634167,0.09031417218,NaN,NaN,0,-78.53607392,1.131861495,53.99768224,7.876260881,45.54693935,-63.98565872,-80.27168419
0.04177634167,0.09417788008,0.124497483,-1.053611636,1,387.1695882,1.060941612,330.5392478,0,-453.9315251,-313.7308538,-83.26103025
0.04177634167,0.09804158798,-0.06669063208,1.373686064,1,677.6408201,1.375303982,-135.3918105,0,-667.116524,-145.3049472,92.77945159
0.04177634167,0.1019052959,0.1651602889,-1.015310172,1,786.7923541,1.028655757,-1091.263231,0,-69.03398955,974.3938154,-80.76063623
0.04177634167,0.1057690038,2.706518032,-6.607409387,1,-292.1253076,7.140245,657.8878297,0,-606.5971287,-910.4575381,-67.72507932
0.04177634167,0.1096327117,-3.307240689,5.044318217,1,-461.2271859,6.031831168,958.5699371,0,-221.3368833,-1636.315297,123.2503237
0.04177634167,0.1134964196,0.06928984473,3.418469194,1,1203.980783,3.419171349,-294.1967477,255,-358.6439101,484.6205517,88.83881589
0.04177634167,0.1173601275,NaN,NaN,0,397.2500588,2.035610741,-200.9502714,0,-427.5876292,283.054806,91.15707615
0.04177634167,0.1212238354,NaN,NaN,0,272.4250319,1.549156459,-100.5250542,0,-275.9551805,151.4508838,91.77282066
0.04564004958,0.01690372206,NaN,NaN,0,-5.288954106,0.9134883024,-3.246200305,0,6.427812859,-0.04601348902,-81.966433
0.04564004958,0.02076742997,NaN,NaN,0,-6.131773509,0.9199183367,-4.590105374,0,7.933363044,1.02071238,-81.88455986
0.04564004958,0.02463113787,NaN,NaN,0,-7.116140942,0.9359348859,-7.737465962,0,10.36485651,3.758689257,-81.72995718
0.04564004958,0.02849484577,NaN,NaN,0,-7.851637633,0.9656828825,-11.81499489,0,12.77911316,7.415665222,-81.51930938
0.04564004958,0.03235855367,NaN,NaN,0,-8.116035912,1.01223517,-16.50560125,0,14.99325538,11.65760417,-81.2684724
0.04564004958,0.03622226157,NaN,NaN,0,-8.175131219,1.077274742,-21.54907943,0,17.34404394,16.39960827,-80.97502367
0.04564004958,0.04008596947,NaN,NaN,0,-8.314406927,1.162606363,-26.89419923,0,19.95968532,22.04402985,-80.63974625
0.04564004958,0.04394967737,NaN,NaN,0,-8.615723071,1.27116079,-32.74659323,0,22.40280535,29.1020495,-80.30898226
0.04564004958,0.04781338527,NaN,NaN,0,-8.218492948,1.407120119,-39.2244434,0,23.30185971,37.31813818,-80.0821248
0.04564004958,0.05167709317,NaN,NaN,0,-4.875782194,1.572507588,-43.80415118,0,19.71999002,44.20920408,-80.02977074
0.04564004958,0.05554080107,NaN,NaN,0,-5.865686964,1.751975688,-48.07552603,0,19.3947659,48.59998564,-80.149945
0.04564004958,0.05940450897,NaN,NaN,0,-10.21199216,1.949487348,-59.97919629,0,25.4774612,56.09091891,-80.41737053
0.04564004958,0.06326821687,NaN,NaN,0,1.35436586,2.203994359,-72.56164221,0,19.66444976,69.90477137,-80.63365176
0.04564004958,0.06713192477,NaN,NaN,0,20.76276726,2.505801052,-73.0506506,0,0.1988175398,85.40511154,-80.68159503
0.04564004958,0.07099563267,NaN,NaN,0,37.67569198,2.821308604,-71.9743251,0,-28.84200321,95.84886529,-81.03429727
0.04564004958,0.07485934057,NaN,NaN,0,93.78879708,3.151997422,-75.2614022,0,-84.28696704,77.89534948,-81.97799222
0.04564004958,0.07872304847,NaN,NaN,0,148.6853559,3.412011642,-52.27602137,11.74676128,-129.4415237,83.34141274,-81.97398932
0.04564004958,0.08258675637,0.5142246952,-3.645139823,1,154.0938131,3.681232316,396.8422565,0,-235.0620893,-296.1990119,-81.97019619
0.04564004958,0.08645046427,0.1635563071,-0.7008812333,1,209.897382,0.7197118651,371.1254433,0,-297.6969016,-388.5638348,-76.8646324
0.04564004958,0.09031417218,0.1749929976,-0.7099223566,1,477.2757824,0.7311718687,-590.5920814,0,-456.5535186,275.2038071,-76.1528683
0.04564004958,0.09417788008,0.2436210815,-4.046063648,1,428.2646279,4.053391453,-604.0549358,0,-703.0186567,594.7304589,-86.55427375
0.04564004958,0.09804158798,-0.8865763142,-5.341678957,1,927.8811899,5.414753147,-21.56032665,0,-983.0862414,49.81642975,-99.42366699
0.04564004958,0.1019052959,0.03032488815,-4.321842586,1,728.3897212,4.321948974,316.6001254,104.718345,-471.3234451,-263.76272,-89.59798175
0.04564004958,0.1057690038,0.1066526877,-3.099326446,2,-625.3837808,3.101160946,616.1344858,22.33118738,-44.90560599,-1252.1227,-88.02913999
0.04564004958,0.1096327117,-2.559477511,2.896557465,1,1160.218914,3.86535513,743.6915356,0,-1143.295218,173.4010297,131.464696
0.04564004958,0.1134964196,0.1720409049,-0.8958905124,1,1212.835462,0.9122597673,-355.5568514,236.3070072,-533.3851536,395.8131362,-79.1296288
0.04564004958,0.1173601275,NaN,NaN,0,429.7952399,0.06604231368,164.0302448,0,-462.1463323,-131.4177184,-5.662846945
0.04564004958,0.1212238354,NaN,NaN,0,299.7201606,0.2500988217,87.42510511,0,-309.3866667,-43.09760289,79.15757652
0.04950375748,0.01690372206,NaN,NaN,0,-6.284561039,0.8869800677,-2.143555972,0,7.052939185,-2.102276272,-82.21135745
0.04950375748,0.02076742997,NaN,NaN,0,-8.437529299,0.8872614433,-3.302983363,0,9.788354443,-1.511587412,-82.11708337
0.04950375748,0.02463113787,NaN,NaN,0,-10.99251295,0.8945549627,-6.41829723,0,13.71044321,0.8704671541,-81.94023123
0.04950375748,0.02849484577,NaN,NaN,0,-12.65732612,0.9166205562,-10.98298617,0,17.01469947,4.834506819,-81.70829832
0.04950375748,0.03235855367,NaN,NaN,0,-13.07220975,0.9574601955,-16.1574584,0,19.40338382,9.135066346,-81.45546531
0.04950375748,0.03622226157,NaN,NaN,0,-13.16729887,1.016899953,-21.3876717,0,22.24278923,13.37658599,-81.13847535
0.04950375748,0.04008596947,NaN,NaN,0,-13.63577815,1.095597058,-26.59128472,0,26.20080115,18.63683159,-80.68569188
0.04950375748,0.04394967737,NaN,NaN,0,-15.39515729,1.197225956,-32.56628242,0,31.07693133,26.7674675,-80.13109502
0.04950375748,0.04781338527,NaN,NaN,0,-17.45831844,1.331822493,-42.30398677,0,35.33420523,39.0615555,-79.70963478
0.04950375748,0.05167709317,NaN,NaN,0,-4.689435596,1.518850486,-44.64448217,0,21.28701082,47.90313163,-79.59679776
0.04950375748,0.05554080107,NaN,NaN,0,-7.950057245,1.695103677,-40.01776733,0,17.80671155,45.74468019,-79.73598929
0.04950375748,0.05940450897,NaN,NaN,0,-36.60171008,1.85177648,-64.34062215,0,48.26803566,51.70383013,-80.28921283
0.04950375748,0.06326821687,NaN,NaN,0,-11.6163771,2.14461663,-97.91872035,0,43.66185057,77.87786969,-80.6854438
0.04950375748,0.06713192477,NaN,NaN,0,26.71067303,2.542166371,-91.30104485,0,13.55194989,112.879567,-80.12081247
0.04950375748,0.07099563267,0.5026789313,-2.905233307,1,50.85616774,2.948400698,-77.07509106,0,-53.28075445,181.52094,-80.18356986
0.04950375748,0.07485934057,0.4267947717,-3.503609929,1,81.33645421,3.529509358,5.074489983,8.254624449,-72.77612901,265.4722733,-83.05469235
0.04950375748,0.07872304847,0.5357535274,-3.911334279,1,128.1072118,3.947856087,18.90388245,27.66856049,-39.00524705,165.1930958,-82.20046907
0.04950375748,0.08258675637,0.7710587369,-4.068828718,1,40.75268399,4.141243619,149.2679641,0,-131.642711,35.21342278,-79.26947183
0.04950375748,0.08645046427,0.1845810119,-3.470660847,2,244.5907237,3.47556569,1.638649391,0,-710.0422949,171.1132484,-86.9556925
0.04950375748,0.09031417218,-1.027310176,-4.723629066,1,474.3749435,4.834049829,-201.4809089,0,-499.2501634,304.2247512,-102.2698037
0.04950375748,0.09417788008,0.08847042822,-5.424559801,1,218.455777,5.425281196,-194.2619077,18.60577924,58.42666348,138.606121,-89.06563243
0.04950375748,0.09804158798,0.04248269672,-6.009733898,1,57.7900422,6.009884051,265.0921586,0,14.89613616,323.6089036,-89.59498395
0.04950375748,0.1019052959,0.3693085898,-5.650651411,1,198.3955784,5.662706968,213.1899575,0,-144.8815317,-212.598602,-86.26064841
0.04950375748,0.1057690038,0.249245342,-4.364611277,2,209.6667014,4.371722182,255.3368718,0,-244.1339778,-209.2075302,-86.73161892
0.04950375748,0.1096327117,0.2361371015,-3.855787535,1,956.6856823,3.863011551,506.3558269,0,-963.005252,238.1693826,-86.49545461
0.04950375748,0.1134964196,0.2248283705,-3.328417193,1,362.5134375,3.33600192,351.0972232,0,-401.6566034,-281.6580373,-86.13564723
0.04950375748,0.1173601275,NaN,NaN,0,180.6674026,1.413557898,308.4352474,0,-206.9337556,-344.6734631,-86.55670045
0.04950375748,0.1212238354,NaN,NaN,0,203.4492502,0.8143904917,181.5688511,0,-183.5494473,-132.1247005,-81.28879141
0.05336746538,0.01690372206,NaN,NaN,0,-5.034234136,0.8602167338,0.9729340296,0,5.035615826,-5.603646191,-82.56868909
0.05336746538,0.02076742997,NaN,NaN,0,-10.14917517,0.8476203984,-0.07029480303,0,10.64876687,-5.824932983,-82.45743413
0.05336746538,0.02463113787,NaN,NaN,0,-15.75905543,0.8384325851,-3.649753424,0,17.67386242,-3.599740048,-82.24136888
0.05336746538,0.02849484577,NaN,NaN,0,-18.71294414,0.8488145464,-9.541194147,0,22.16585768,1.916828554,-81.96407193
0.05336746538,0.03235855367,NaN,NaN,0,-18.3481781,0.8841284754,-15.7535745,0,23.36279121,6.671568404,-81.77202126
0.05336746538,0.03622226157,NaN,NaN,0,-17.78607636,0.9373431455,-21.25286424,0,26.02292801,9.334837737,-81.53176183
0.05336746538,0.04008596947,NaN,NaN,0,-17.66624953,1.00575417,-25.51698553,0,31.52379872,12.35924302,-80.94117599
0.05336746538,0.04394967737,NaN,NaN,0,-21.87080948,1.090427334,-28.62326495,0,40.36991361,20.26943342,-79.88126285
0.05336746538,0.04781338527,NaN,NaN,0,-41.53018791,1.204251448,-52.78073911,0,65.67101906,44.25748468,-78.99769649
0.05336746538,0.05167709317,NaN,NaN,0,11.52641549,1.47613816,-52.45202339,0,12.28713648,62.59708674,-78.87389948
0.05336746538,0.05554080107,NaN,NaN,0,15.35660366,1.658165944,-3.010438966,0,-17.7229662,34.77177337,-78.80826506
0.05336746538,0.05940450897,0.2757059185,-1.59437337,1,68.52972092,1.618035907,-34.079861,0,-79.03201541,52.46879533,-80.18918922
0.05336746538,0.06326821687,0.2812603455,-1.961031601,1,141.0160013,1.981098766,-88.59412371,15.69808341,-85.7818715,151.9007588,-81.8380326
0.05336746538,0.06713192477,0.4891144621,-2.523575347,1,101.7987112,2.570537977,-86.81479665,6.964915781,43.64957321,231.0561153,-79.03104525
0.05336746538,0.07099563267,0.8432300312,-3.189191955,1,161.9902037,3.29878496,11.33180012,29.86582088,95.8117262,320.1088506,-75.1897705
0.05336746538,0.07485934057,1.485185815,-3.716599676,1,67.17924374,4.002360561,43.35000881,10.6446665,21.97371561,259.4822972,-68.21791724
0.05336746538,0.07872304847,1.187691025,-4.024263985,1,-22.97655516,4.195868276,75.11884531,0,-43.84498901,229.0190912,-73.55695797
0.05336746538,0.08258675637,1.227006887,-4.311225272,1,-19.43664799,4.482433407,172.2365873,0,-72.87670858,266.7158786,-74.11325136
0.05336746538,0.08645046427,0.8310191795,-4.389304369,2,152.4317409,4.467279454,128.819587,0,-321.968805,170.3600208,-79.27918661
0.05336746538,0.09031417218,0.5719651931,-4.471725375,1,-218.9532525,4.508156165,180.0521286,28.477409,11.26783184,251.244112,-82.71104365
0.05336746538,0.09417788008,0.02858337885,-4.664369398,1,-99.86956151,4.664456977,-113.9629271,0,311.0727526,154.0912667,-89.64889435
0.05336746538,0.09804158798,1.387992631,-5.507408481,1,-218.4576774,5.679618976,57.0792397,0,219.4997682,311.7039927,-75.85472695
0.05336746538,0.1019052959,0.0326097133,-5.648165068,1,-237.6473365,5.648259203,84.79884009,49.7553093,-47.85810816,-84.65723213,-89.66920617
0.05336746538,0.1057690038,0.2848829891,-4.852679716,1,-4.638602085,4.86103474,214.1104818,0,78.2830692,-77.73288029,-86.64023158
0.05336746538,0.1096327117,0.3171504227,-4.520567564,1,23.88351004,4.531679103,110.2916327,0,16.35003005,-149.6295116,-85.98686342
0.05336746538,0.1134964196,0.4403336358,-3.848420337,1,-98.73336418,3.87352976,422.5870808,0,-2.579753043,-358.1327079,-83.47264205
0.05336746538,0.1173601275,-0.07429386873,-1.504094349,1,-5.585885828,1.505928082,405.5217914,0,-46.76024177,-267.0975151,-92.82779356
0.05336746538,0.1212238354,NaN,NaN,0,162.9931669,1.272094106,135.9853973,0,-1.294940287,4.257768098,-79.21298414
0.05723117328,0.01690372206,NaN,NaN,0,1.082619633,0.8460990277,8.831913994,0,-2.843272736,-12.58299045,-83.05474428
0.05723117328,0.02076742997,NaN,NaN,0,-11.36553637,0.8046224826,7.342768601,0,10.09758021,-14.22890334,-82.93894604
0.05723117328,0.02463113787,NaN,NaN,0,-23.18158947,0.7627894102,1.430772483,0,24.17038193,-11.36132292,-82.66300256
0.05723117328,0.02849484577,NaN,NaN,0,-28.0872169,0.7561064301,-7.778462491,0,30.61207763,-0.2390209598,-82.19122287
0.05723117328,0.03235855367,NaN,NaN,0,-23.82148216,0.7929492657,-16.06278123,0,25.85899532,6.29954098,-82.23268364
0.05723117328,0.03622226157,NaN,NaN,0,-21.96257893,0.8427855183,-22.35322522,0,26.96233288,4.931953533,-82.45906542
0.05723117328,0.04008596947,NaN,NaN,0,-17.37233413,0.9000280677,-25.60052823,0,33.5015521,1.195869353,-81.92122352
0.05723117328,0.04394967737,NaN,NaN,0,-12.89164319,0.9548188767,-3.629052731,0,33.20790532,-2.306461535,-79.56595333
0.05723117328,0.04781338527,0.2049810947,-0.8962060995,1,-26.64070127,0.9193490207,-47.31092981,0,63.01548295,95.53461456,-77.11685807
0.05723117328,0.05167709317,0.3134626458,-1.490943477,1,22.34308762,1.523539065,31.09219495,0,34.53907643,263.9205856,-78.12680515
0.05723117328,0.05554080107,0.4247571614,-1.795786992,1,-20.04481049,1.84533725,50.89692613,0,38.14533577,284.981831,-76.69241257
0.05723117328,0.05940450897,0.3833977884,-2.395379173,1,59.03248073,2.425867937,-8.360861153,12.91145034,-15.82085449,301.401894,-80.90652515
0.05723117328,0.06326821687,0.591714263,-2.992619796,1,124.834348,3.050557165,135.4608652,0,33.06350983,221.8448569,-78.81548408
0.05723117328,0.06713192477,0.9934689892,-2.729141684,1,164.732968,2.904340711,109.1715984,0,143.6636706,152.732815,-69.99735555
0.05723117328,0.07099563267,1.783268792,-3.160927613,1,36.69024353,3.629257632,-20.23063905,0,119.476157,225.4217821,-60.57004901
0.05723117328,0.07485934057,1.596850345,-3.678270885,1,-70.65278904,4.009938619,-63.60571771,0,51.91040004,151.4820219,-66.53285477
0.05723117328,0.07872304847,1.710853676,-3.991963812,1,74.27963979,4.343131978,30.96176669,0,150.9424849,185.4855125,-66.80126347
0.05723117328,0.08258675637,2.467042847,-4.275305503,1,-68.26251073,4.936044727,42.14460082,10.57426245,-27.58584511,381.6221715,-60.01312792
0.05723117328,0.08645046427,1.340523626,-5.303605984,1,-400.1303738,5.470396697,246.8455086,70.31066452,-72.97742276,132.6589627,-75.81517991
0.05723117328,0.09031417218,0.639092516,-3.834122043,1,-284.4268201,3.88702085,287.0618752,0,0.5003320565,-92.57532468,-80.53662838
0.05723117328,0.09417788008,0.2435146109,-3.836798735,1,-66.21360576,3.844518683,162.3314019,0,280.5830381,287.4630694,-86.36841252
0.05723117328,0.09804158798,1.467353385,-4.317594255,1,-260.4300034,4.560125668,-20.62960753,0,293.1294501,259.0402232,-71.22944517
0.05723117328,0.1019052959,0.3698557216,-4.91736127,1,-359.2351116,4.931250867,196.599161,55.21517651,180.3435275,125.8463758,-85.69863896
0.05723117328,0.1057690038,0.7761685584,-4.04422616,1,-253.5234301,4.118033859,334.7458869,0,179.5766668,67.52419323,-79.13588622
0.05723117328,0.1096327117,0.08414702795,-3.884894701,1,-323.0414721,3.885805909,481.8018475,0,244.7986738,200.3834634,-88.75916436
0.05723117328,0.1134964196,0.4738612405,-2.956907726,1,-239.6703116,2.994636501,750.0129263,0,378.2893008,150.8985418,-80.89544027
0.05723117328,0.1173601275,0.6197303119,-1.57009172,1,24.03141652,1.687973243,489.448612,0,25.4910229,96.7816198,-68.46037336
0.05723117328,0.1212238354,NaN,NaN,0,44.11442454,1.585999277,150.1635592,0,-20.57684343,82.69751001,-65.2019587
0.06109488118,0.01690372206,NaN,NaN,0,18.52095439,0.8735360431,28.80910783,0,-24.78968926,-28.54549029,-83.64005556
0.06109488118,0.02076742997,NaN,NaN,0,-13.65416377,0.7620757786,24.53240884,0,7.97428149,-32.50009311,-83.6221538
0.06109488118,0.02463113787,NaN,NaN,0,-37.51454918,0.6521094758,9.808537247,0,38.29800746,-27.37762733,-83.41165641
0.06109488118,0.02849484577,NaN,NaN,0,-46.63285184,0.6199150562,-6.940647077,0,50.25307557,2.188869545,-81.86870563
0.06109488118,0.03235855367,NaN,NaN,0,-26.8879547,0.6888255735,-18.36586269,0,22.49877958,13.83366294,-82.59248433
0.06109488118,0.03622226157,0.07072350488,-0.7380923335,1,-33.61748748,0.7414729307,-29.43298628,0,27.21292049,-0.03869304999,-84.52666745
0.06109488118,0.04008596947,0.06406192673,-0.7966477768,1,-11.81438459,0.7992193759,-46.48392932,0,37.15769119,-5.782337474,-85.40248902
0.06109488118,0.04394967737,0.1686426388,-0.8953513955,1,19.97638901,0.9110951987,92.82782127,0,71.15105874,102.9382216,-79.3331066
0.06109488118,0.04781338527,0.4161517666,-0.8357114107,1,149.6713052,0.9335929813,154.3201272,0,175.4178207,285.2619107,-63.52848169
0.06109488118,0.05167709317,1.424692063,-1.401272199,1,58.24828998,1.998327113,192.5637869,0,253.2203343,339.078935,-44.52517848
0.06109488118,0.05554080107,1.619575551,-1.401803146,1,-189.9004509,2.141979698,242.8151196,0,185.5623407,367.646656,-40.877412
0.06109488118,0.05940450897,1.407930872,-1.883584792,1,-148.5264821,2.351629437,92.83005579,0,159.4511526,329.3396966,-53.2228372
0.06109488118,0.06326821687,1.661785287,-2.315607314,1,-152.3685891,2.850187287,127.3931649,0,176.4660994,314.1040096,-54.33505548
0.06109488118,0.06713192477,1.501036613,-2.604980958,1,-84.89563828,3.006499078,89.42959382,0,78.22934374,232.7437541,-60.04868457
0.06109488118,0.07099563267,1.636028672,-2.869331367,1,-58.74963664,3.30297628,-69.27361929,0,142.5234574,95.87094468,-60.30917703
0.06109488118,0.07485934057,1.824714186,-3.243051314,1,-78.95727572,3.721150856,-64.17835976,0,179.3663712,158.076997,-60.63556572
0.06109488118,0.07872304847,2.023980087,-3.728061145,1,-0.0345716437,4.242043764,-16.42624671,0,269.1034956,219.3605227,-61.50227854
0.06109488118,0.08258675637,2.864317914,-4.154062518,1,-125.7894013,5.045845074,41.54612602,0,196.5332369,-114.4646886,-55.41287857
0.06109488118,0.08645046427,2.297313604,-3.125280928,1,-538.0060379,3.878792424,282.7739426,100.0743409,139.1887519,80.06388983,-53.68135077
0.06109488118,0.09031417218,1.323404415,-3.370850086,1,-173.5974785,3.621329804,258.7241362,0,36.20205778,310.2724268,-68.56490043
0.06109488118,0.09417788008,1.766457831,-3.324448466,1,27.37394129,3.764615634,458.3545534,0,227.753315,457.7764458,-62.01589419
0.06109488118,0.09804158798,2.309141611,-3.368616447,2,-328.2565378,4.084080281,390.559339,0,201.949694,452.4020968,-55.56988281
0.06109488118,0.1019052959,1.278445081,-3.563390817,1,-357.9981915,3.78578604,315.7469183,0,236.3522113,266.7502027,-70.26343156
0.06109488118,0.1057690038,1.839137076,-3.179307449,2,53.4794142,3.672930852,363.5940773,0,379.9048271,43.48920831,-59.95186464
0.06109488118,0.1096327117,2.952915198,-2.326599106,1,-843.3941917,3.759357866,735.6360458,0,1382.26912,290.8553859,-38.23454178
0.06109488118,0.1134964196,3.921192393,-1.4608049,1,-55.3242796,4.184459432,33.93346132,0,-141.9439168,-180.4057877,-20.43242474
0.06109488118,0.1173601275,2.190728509,-1.498454856,1,-194.5352678,2.654177529,-32.5447463,0,-525.8612587,-22.51317245,-34.37206655
0.06109488118,0.1212238354,NaN,NaN,0,-256.8973977,1.882354815,-14.23215452,0,-288.1427008,-13.65803497,-52.81067664
0.06495858908,0.01690372206,NaN,NaN,0,64.70561357,1.012516461,81.90134779,0,-82.92887027,-69.39173447,-84.14263674
0.06495858908,0.02076742997,NaN,NaN,0,-25.82470762,0.7181923463,66.50787122,0,6.724043837,-74.18700101,-84.55695949
0.06495858908,0.02463113787,0.0295302469,-0.4636262588,1,-46.04850221,0.4645657579,29.66753549,0,50.25320141,-58.38204207,-86.35552133
0.06495858908,0.02849484577,0.08437069149,-0.3747561612,1,-57.3350809,0.3841361659,-17.30343268,0,72.89683195,16.66183121,-77.31225987
0.06495858908,0.03235855367,0.0896563074,-0.5948581173,1,-50.68486491,0.6015766229,20.03243981,8.537013633,28.00247628,78.45028146,-81.42896015
0.06495858908,0.03622226157,-0.003267432656,-0.6004656375,1,-64.91244736,0.6004745273,18.12170253,13.36991076,22.17813427,45.82153978,-90.3117718
0.06495858908,0.04008596947,-0.07545659572,-0.7018821973,1,84.62254677,0.7059265661,-0.6026958305,0,156.7443934,35.84943999,-96.13607708
0.06495858908,0.04394967737,0.9293039211,-0.7413060427,1,239.146164,1.188755831,97.47363175,0,273.0184028,122.0217833,-38.5793757
0.06495858908,0.04781338527,1.903397687,-0.7967290844,1,184.1779447,2.06341949,111.5653493,0,188.073516,110.6135191,-22.71333553
0.06495858908,0.05167709317,2.367574831,-0.7376284486,1,1.016945061,2.479819814,-94.38112751,0,226.7449566,-211.2690131,-17.3046547
0.06495858908,0.05554080107,2.783403147,-0.3451084373,1,-221.4136664,2.804716191,51.2133676,39.41436007,130.0412221,172.2926821,-7.067914895
0.06495858908,0.05940450897,2.014538396,-1.205443553,1,-237.8374191,2.347649699,14.21397467,48.03512336,112.0844443,370.604833,-30.8951247
0.06495858908,0.06326821687,2.297530384,-1.722098612,1,-127.2173556,2.871283597,52.02951723,0,185.1188091,283.2661616,-36.8531488
0.06495858908,0.06713192477,2.238252699,-2.098874403,1,-200.1636922,3.068395167,68.56055153,37.42781689,93.66048162,239.6833626,-43.15937126
0.06495858908,0.07099563267,1.886033088,-2.383267169,1,-205.3670854,3.039257016,17.49076545,35.63924188,133.2587752,167.9445217,-51.64315805
0.06495858908,0.07485934057,1.959647251,-2.680183769,1,-127.397323,3.320181077,-37.08354303,0,284.9918845,110.1392234,-53.82716512
0.06495858908,0.07872304847,2.494932441,-2.952092935,1,-229.4482692,3.865170188,-7.424404537,0,287.8531941,83.10035006,-49.79750355
0.06495858908,0.08258675637,2.185306821,-3.029944979,1,-266.4343785,3.735790743,69.01016753,0,330.4895791,0.4310157029,-54.19948275
0.06495858908,0.08645046427,2.742423026,-2.687123124,1,-36.00060564,3.839468028,166.0461512,0,204.8079347,164.3827072,-44.41646294
0.06495858908,0.09031417218,2.837529032,-3.023517917,1,52.95787514,4.146472188,247.3288795,0,216.4088036,344.5070957,-46.81755981
0.06495858908,0.09417788008,3.78317719,-3.062591366,1,93.92714309,4.867432129,429.623286,0,394.4071621,234.348258,-38.99117112
0.06495858908,0.09804158798,4.724310145,-2.269032249,1,-401.8595463,5.240955418,547.8622721,0,100.9251149,433.5610737,-25.65444293
0.06495858908,0.1019052959,2.62045445,-2.620964923,1,-428.1979836,3.706243199,450.0569779,0,-186.5717507,583.0850116,-45.00558016
0.06495858908,0.1057690038,2.349019465,-2.783013713,1,96.29872323,3.641848127,1271.207192,0,273.7488242,-627.3274101,-49.83375994
0.06495858908,0.1096327117,4.050210082,4.714418219,1,-279.6836122,6.215298936,-113.9748274,0,-352.1147982,17.65183856,49.33375139
0.06495858908,0.1134964196,-0.09206504434,-3.291580703,1,-297.9075298,3.292867974,-1269.936316,0,-645.0228314,687.938602,-91.6021371
0.06495858908,0.1173601275,0.4070025962,-2.850238569,1,279.241183,2.879151092,-11.90764476,58.73218584,-111.1366067,-459.948971,-81.87333223
0.06495858908,0.1212238354,NaN,NaN,0,-112.2041549,1.657057332,203.076853,0,190.0771946,-464.5505719,-70.34201809
0.06882229698,0.01690372206,0.1450987136,-1.438576478,1,-124.4711012,1.445875486,226.8912982,0,77.82488006,-190.8297705,-84.24047115
0.06882229698,0.02076742997,0.05498502708,-0.6316003817,1,-107.4831682,0.6339892707,155.9670227,0,60.57916605,-145.0016667,-85.02456421
0.06882229698,0.02463113787,-0.03612465023,-0.2757213753,1,-48.70536325,0.2780778077,79.81882874,0,56.52634986,-55.05049722,-97.46430062
0.06882229698,0.02849484577,0.08520303483,-0.1105047014,1,8.885595733,0.139537974,4.498445412,0,121.9318559,31.24232446,-52.36650528
0.06882229698,0.03235855367,0.469315771,-0.379051912,1,-42.91625968,0.6032724467,33.57771535,0,103.1119283,108.9185722,-38.92674371
0.06882229698,0.03622226157,0.3177815154,-0.4015997652,1,-112.0653029,0.5121205551,93.69545422,10.21265996,42.42475885,129.655242,-51.64581558
0.06882229698,0.04008596947,0.2002450506,-0.5179900281,1,15.88806881,0.5553483137,22.05665713,0,165.0074105,115.9765917,-68.8644503
0.06882229698,0.04394967737,1.016708808,-0.7644789586,1,112.3142103,1.272055376,-78.75103525,0,165.7453617,-0.4143594929,-36.94006762
0.06882229698,0.04781338527,1.274586016,-0.8206600611,1,-126.5958952,1.515932864,-172.688425,0,-73.46053456,-233.6024143,-32.77602733
0.06882229698,0.05167709317,0.2437491999,-0.5291250971,1,117.3361,0.5825693443,-452.1704257,0,195.4597057,-653.2145948,-65.26614932
0.06882229698,0.05554080107,2.483137641,-0.04388411652,1,232.0395882,2.48352539,-113.6660046,0,454.0912499,-113.0283201,-1.012474258
0.06882229698,0.05940450897,2.89475834,-0.5315889239,1,-96.87532834,2.943163711,-58.34291845,0,219.5896279,217.2854461,-10.40577011
0.06882229698,0.06326821687,2.95726985,-1.108831606,1,-174.3762081,3.158314819,-52.47207444,25.96114449,121.8988249,190.3364599,-20.55358923
0.06882229698,0.06713192477,2.69200106,-1.469730176,1,-263.3695479,3.067079473,-12.88038677,55.17097219,106.8428617,104.1440776,-28.63286127
0.06882229698,0.07099563267,2.352496456,-1.560979954,1,-298.7279736,2.823277881,40.27682645,58.92577668,147.3135605,86.85635665,-33.56594051
0.06882229698,0.07485934057,2.106979996,-1.649699875,1,-270.0318558,2.675981013,51.444175,11.04495398,260.6816096,95.02392904,-38.05984047
0.06882229698,0.07872304847,2.316369836,-1.729359394,1,-168.2198652,2.890718445,42.97135752,0,433.674292,94.22337678,-36.74434619
0.06882229698,0.08258675637,3.132618362,-1.847722707,1,-138.8897834,3.636946109,218.4568122,0,464.3865318,338.9389206,-30.53352049
0.06882229698,0.08645046427,3.573994195,-2.194867068,1,-136.9443997,4.194147822,9.515807988,0,260.5219056,240.2787844,-31.55498481
0.06882229698,0.09031417218,3.610085748,-2.739323442,1,-63.23757947,4.531733888,101.04685,0,259.3848443,92.92366204,-37.19112987
0.06882229698,0.09417788008,4.331849931,-2.163481442,2,110.5680392,4.842063174,176.4114873,0,534.1465877,-163.5003531,-26.53918968
0.06882229698,0.09804158798,6.101074746,-1.426003379,1,-9.160033567,6.265508654,-52.59164182,0,252.0236354,68.10490201,-13.15556694
0.06882229698,0.1019052959,5.270203948,-2.629817632,1,-337.7515819,5.889905809,191.8309441,57.39277168,-121.437962,468.1687887,-26.51907316
0.06882229698,0.1057690038,4.326900477,-2.493692092,1,-466.0296844,4.994053262,391.2063559,24.30898037,-230.0510527,385.1589058,-29.95583502
0.06882229698,0.1096327117,2.580751305,-2.606452052,1,503.9919054,3.667951689,-55.80250402,0,-1190.994473,23.98223871,-45.28387787
0.06882229698,0.1134964196,1.672523228,-2.801957033,1,-501.8130912,3.263172867,400.8477667,67.34574845,-70.98873207,504.4551213,-59.16649397
0.06882229698,0.1173601275,0.3676123751,-3.006760606,1,-168.0216152,3.029149749,-111.7358557,0,-231.8509163,-751.100933,-83.02950129
0.06882229698,0.1212238354,0.1275325683,-0.3316371327,1,-249.7243565,0.3553135851,600.2927911,0,125.4500517,-784.4513678,-68.96552544
0.07268600488,0.01690372206,0.2426608422,-0.2256175673,1,-347.27342,0.3313420755,33.42513119,0,278.8578199,-49.40065716,-42.91560562
0.07268600488,0.02076742997,0.1104918948,-0.0656102409,1,-133.9459804,0.1285035507,46.81884625,16.27217103,103.5521204,3.188242149,-30.70189953
0.07268600488,0.02463113787,0.1252278451,-0.05704165754,1,-21.50770593,0.1376072813,63.91815709,0,50.48781893,30.88465369,-24.48940669
0.07268600488,0.02849484577,0.2224625864,0.06202156716,1,51.01096207,0.2309464811,41.94409605,0,82.27874502,35.11288504,15.57823074
0.07268600488,0.03235855367,0.6402203394,-0.03064785361,1,18.58508787,0.6409534881,11.4771203,0,146.3424498,28.45116029,-2.740701981
0.07268600488,0.03622226157,0.8596944168,-0.003561165249,1,-89.20924622,0.8597017926,57.21288582,12.40232703,42.01189444,81.82156937,-0.2373384866
0.07268600488,0.04008596947,0.4578635585,-0.1257286187,1,-148.0129272,0.4748123037,-35.91576978,26.24182273,86.86377651,101.5952764,-15.35485896
0.07268600488,0.04394967737,0.62343196,-0.5348636807,1,-141.8800189,0.8214295866,-94.43343922,0,109.7204976,26.0986934,-40.62742623
0.07268600488,0.04781338527,0.3336085618,-0.5914295717,1,-410.8787758,0.6790313769,-4.553703184,76.02090624,-243.0893893,-30.1979877,-60.57389409
0.07268600488,0.05167709317,-1.903310006,-0.435781656,1,147.676601,1.952561044,-196.8952239,0,259.6818153,-482.6994106,-167.1038479
0.07268600488,0.05554080107,1.907522493,0.5128343225,1,555.0045476,1.975257225,-507.8374011,0,617.9505563,-625.0994372,15.04805741
0.07268600488,0.05940450897,2.628645896,0.01728459912,1,-20.5154921,2.628702722,-54.63633648,0,259.3212274,227.5311505,0.3767416178
0.07268600488,0.06326821687,2.8301981,-0.5773784264,1,-152.6427174,2.88849219,-146.6727282,0,142.8653341,30.81646292,-11.5304805
0.07268600488,0.06713192477,2.590868942,-0.6684817908,1,-257.5653913,2.675718554,-47.37539128,48.36356661,140.3309784,-26.01908126,-14.46760803
0.07268600488,0.07099563267,2.377238572,-0.6598929701,1,-209.9133413,2.467128282,-32.24474612,17.43605234,193.0094442,-42.29204564,-15.51401749
0.07268600488,0.07485934057,2.525557222,-0.6296619603,1,-148.7057234,2.602866394,22.24162094,0,316.3618362,13.61176424,-13.99935544
0.07268600488,0.07872304847,3.02501282,-0.6265497246,1,-27.21412895,3.089217881,49.50100395,0,496.5466826,67.46290874,-11.70181045
0.07268600488,0.08258675637,4.338921118,-0.6990615137,1,-183.3041638,4.394874681,-16.75849877,0,359.9592225,119.0902013,-9.152507806
0.07268600488,0.08645046427,3.707556366,-1.15142942,1,-361.4627066,3.882236973,-160.1800021,63.75451518,166.844815,118.8104453,-17.25285512
0.07268600488,0.09031417218,3.586974432,-1.77699911,1,-290.1479943,4.003012792,-22.93068841,0,322.6312147,48.13528465,-26.35396859
0.07268600488,0.09417788008,3.833062041,-1.426007582,2,-59.85857411,4.089726425,-153.4239576,0,369.7356274,-287.2602308,-20.40662574
0.07268600488,0.09804158798,4.784248851,-1.259894843,2,40.61012781,4.947360113,-314.193195,0,305.5440394,-221.2294647,-14.7534409
0.07268600488,0.1019052959,5.170500632,-1.785192281,1,-200.9393401,5.470008068,-212.9449622,0,347.0216072,-54.7118912,-19.04799551
0.07268600488,0.1057690038,5.348668061,-1.87126121,1,-356.4490967,5.666557027,-331.5603389,28.96021951,34.67664603,-318.7949427,-19.28267276
0.07268600488,0.1096327117,3.927265872,-1.834514043,1,-407.8056814,4.334611748,140.0982163,85.15100875,-95.05510257,76.8791548,-25.03833394
0.07268600488,0.1134964196,3.405760877,-1.627001223,1,-993.9232397,3.774432424,210.7558974,132.8478081,-780.0236449,537.4737376,-25.53475471
0.07268600488,0.1173601275,-2.926746721,-3.096856344,1,-643.0115478,4.2610287,349.8650027,106.0708539,-278.3453406,-42.52637254,-133.3823679
0.07268600488,0.1212238354,-0.1540930125,-0.1109155658,1,638.840636,0.1898602624,744.5964562,0,796.3888275,-801.0383872,-144.2538035
0.07654971278,0.01690372206,0.08337394771,0.9806117397,1,-71.87627788,0.9841496834,-295.1251388,0,157.1952855,64.42007069,85.14026378
0.07654971278,0.02076742997,0.2481978096,0.2860229065,1,6.365935838,0.378696786,-153.7331323,0,57.50839872,99.43389329,49.05002578
0.07654971278,0.02463113787,0.3301657188,0.002448302948,1,12.84312476,0.3301747962,-19.54658919,0,22.02775455,51.81440263,0.4248619612
0.07654971278,0.02849484577,0.3829287015,0.01030487866,1,52.5399632,0.3830673321,42.0896418,4.820997052,23.40295818,13.07168374,1.541497383
0.07654971278,0.03235855367,0.6235869841,0.1145652167,1,42.0856837,0.6340235924,-1.515114124,0,80.08745904,-26.12761498,10.41027394
0.07654971278,0.03622226157,0.8549700383,0.1054003927,1,-68.46951707,0.8614424004,-12.13742996,14.40033517,24.580199,-83.296984,7.027942584
0.07654971278,0.04008596947,0.4540114792,0.3895049479,1,-91.94812089,0.5981977329,-131.4300863,0,65.47439921,-157.8895275,40.62691112
0.07654971278,0.04394967737,0.7526833107,0.2076319448,1,-62.88898879,0.7807965105,-14.05928001,0,240.5173633,131.364713,15.42181961
0.07654971278,0.04781338527,1.140315633,-0.1723708828,1,-536.3460359,1.153269901,244.189755,89.60834229,-274.9702825,322.871068,-8.595793021
0.07654971278,0.05167709317,-2.382005959,-0.0963696659,1,-519.6370826,2.383954593,552.4951924,0,-265.7522592,456.2944011,-177.6832277
0.07654971278,0.05554080107,-1.894199372,0.1993208745,1,808.2404739,1.904657468,31.34149936,79.11347424,730.3798127,-135.8523214,173.9930443
0.07654971278,0.05940450897,3.562773399,0.5496184203,1,503.3917675,3.604918127,89.59724322,0,636.4031051,132.663565,8.769716847
0.07654971278,0.06326821687,2.509635083,0.03292518687,1,-288.1507268,2.509851055,-63.54448448,64.46109097,-10.61594297,61.20439974,0.7516495276
0.07654971278,0.06713192477,2.408426256,0.06762517077,1,-222.0645952,2.409375478,-85.2214997,40.16960187,106.8573826,-75.6117693,1.608361096
0.07654971278,0.07099563267,2.064508065,-0.004204004403,1,-191.8261828,2.064512345,-35.55808,26.30431367,149.6596274,-56.14973969,-0.1166725287
0.07654971278,0.07485934057,2.245507003,0.147185329,1,-107.5076728,2.250325581,14.0109912,0,289.6581311,-63.24728085,3.750178462
0.07654971278,0.07872304847,2.76828423,0.2942993917,1,-73.44135828,2.783883925,-34.50292824,0,405.3741025,-61.44673568,6.068385143
0.07654971278,0.08258675637,3.527998169,0.2512883307,1,-163.2819526,3.53693609,-243.5880557,0,330.4452315,-127.6526573,4.074119668
0.07654971278,0.08645046427,3.414154311,-0.153641123,1,-268.1549294,3.417609582,-123.1982614,0,314.6053291,38.04889234,-2.57664182
0.07654971278,0.09031417218,3.707468945,-0.371723571,1,-455.4842064,3.726057487,-3.346852128,87.03204655,252.3168396,87.24327995,-5.725537009
0.07654971278,0.09417788008,2.629174951,-0.503654932,1,-230.0961894,2.676981362,38.8984727,0,314.1835604,46.83192978,-10.84442348
0.07654971278,0.09804158798,4.032357985,-0.4023761319,2,-41.37419182,4.052384171,-40.54375074,0,457.2651287,-38.21395275,-5.698498818
0.07654971278,0.1019052959,4.236056049,-0.5126565909,1,-567.3994607,4.266964686,-100.3808738,128.1639725,-6.722705101,49.76513958,-6.900499669
0.07654971278,0.1057690038,1.814117637,-0.98249647,1,-307.6728776,2.063085581,-161.567106,55.89047407,96.22636498,67.5958124,-28.43925143
0.07654971278,0.1096327117,3.419088488,-1.398075169,2,221.8867249,3.693884171,-200.4259196,0,489.6956237,56.58497109,-22.23979483
0.07654971278,0.1134964196,4.56346398,-1.975511479,1,-322.0253186,4.972710438,-179.5873463,49.07337605,-160.4152456,-127.8956199,-23.40765875
0.07654971278,0.1173601275,1.555079069,-1.597796901,1,-902.6542571,2.229624598,772.9542863,81.53125329,-301.8898405,189.9406124,-45.77624421
0.07654971278,0.1212238354,-0.09054256659,0.2770830593,1,-511.4380999,0.2915012489,491.2710637,0,-340.3973275,-479.2370638,108.0958642
0.08041342068,0.01690372206,-0.6487161521,0.6594480419,1,282.1108607,0.9250428995,-401.4434338,0,2.285197412,-128.4110211,134.5299686
0.08041342068,0.02076742997,-0.09930450379,0.131989297,1,162.4107196,0.1651743291,-178.250287,0,70.16830186,-1.993957511,126.9566265
0.08041342068,0.02463113787,0.2499012508,-0.02155493084,1,74.85117317,0.2508291255,-25.33905271,6.950235149,63.58950435,21.9069118,-4.929777102
0.08041342068,0.02849484577,0.4355898357,-0.05055530935,1,36.05345365,0.4385137903,31.05035809,0,37.32571089,-4.597998458,-6.62022771
0.08041342068,0.03235855367,0.5334169086,0.116179906,1,1.768239046,0.5459224935,58.48791571,0,12.56355915,-46.72476539,12.28730633
0.08041342068,0.03622226157,0.4909637176,0.3559557579,1,-206.3533569,0.6064238399,15.91654666,40.94009883,-102.5208796,-78.89551455,35.94265211
0.08041342068,0.04008596947,-0.6599829193,0.482506016,1,54.40168037,0.8175509215,11.94959374,0,97.18901584,-60.89599614,143.8298864
0.08041342068,0.04394967737,1.076665888,0.637409839,1,354.15286,1.251199719,24.54201062,0,470.0680556,41.12090998,30.62646399
0.08041342068,0.04781338527,2.524565944,0.4184499915,1,-50.87154811,2.559010277,701.1984558,0,288.3875436,725.0757,9.411283365
0.08041342068,0.05167709317,1.994358317,0.5451551418,1,-340.3497639,2.067524903,998.746343,0,76.13653518,1052.178571,15.28825068
0.08041342068,0.05554080107,1.503723205,0.2120034706,1,78.83372094,1.518594399,566.0054228,0,307.5925975,569.6168725,8.024993748
0.08041342068,0.05940450897,3.487396736,0.5312015548,1,730.6933368,3.527621166,473.5646602,91.16450757,-389.7168641,400.3367022,8.660742955
0.08041342068,0.06326821687,2.821156696,0.4949349107,1,-346.9937723,2.864242599,-39.94157277,78.40748026,-45.87768826,-58.36302191,9.950530923
0.08041342068,0.06713192477,1.96945617,0.6023766534,1,-250.4073866,2.059518206,-63.26385023,54.69169043,43.80523877,-105.8585664,17.00674358
0.08041342068,0.07099563267,2.022906345,0.6595084523,1,-143.6770858,2.127698634,13.56653311,0,238.3701681,-64.7245925,18.05701772
0.08041342068,0.07485934057,2.335322581,0.9048706939,1,-101.0140639,2.504500455,83.78099148,0,264.4283325,-62.17851588,21.17992442
0.08041342068,0.07872304847,2.654291345,1.223453354,1,-131.1630657,2.922687232,6.46504085,0,278.4911961,-72.13443465,24.74658686
0.08041342068,0.08258675637,2.904555442,1.208556108,1,-130.3799826,3.145957753,-106.3981242,0,317.8353362,-74.49422179,22.59170013
0.08041342068,0.08645046427,3.378564076,1.100185994,1,-134.5435725,3.553182297,-32.79379346,0,395.0628216,32.12279218,18.03717412
0.08041342068,0.09031417218,3.911125723,0.9577373836,1,-186.400568,4.026681676,-49.02011875,0,389.7635599,60.52636304,13.7595506
0.08041342068,0.09417788008,4.164299275,0.6769303872,1,-224.8400898,4.218959966,156.7763754,0,372.0630118,232.1018276,9.232992855
0.08041342068,0.09804158798,4.47995209,0.6667018389,1,-196.5835376,4.529289356,1.474951192,0,406.3915681,78.0416756,8.464574956
0.08041342068,0.1019052959,4.97493622,0.3810989292,1,-221.7535957,4.989511678,-53.45703935,0,352.6222727,199.5161096,4.380518268
0.08041342068,0.1057690038,4.985590431,-0.3107125152,1,-480.7442918,4.995263178,215.5876863,97.46052498,65.74662682,521.2209393,-3.566181575
0.08041342068,0.1096327117,3.371506463,-0.7997786851,1,-609.1753122,3.465068798,-144.2166976,133.5944333,-107.1971444,34.85341049,-13.34486912
0.08041342068,0.1134964196,2.217736511,-1.002587107,1,-602.7800059,2.433831575,-414.2611168,99.40470077,-64.43103147,-420.4987945,-24.32661957
0.08041342068,0.1173601275,0.7935979066,-0.7756781207,1,-489.3778964,1.109718065,15.94956792,109.2528039,-112.4620259,-385.8725067,-44.34575979
0.08041342068,0.1212238354,-0.1075971521,0.5499360177,1,-253.3294425,0.5603630704,314.9077288,0,-213.1628917,-371.279826,101.0703004
0.08427712858,0.01690372206,-1.963828896,-0.1005528862,1,498.2354104,1.966401489,-52.02008975,0,286.304018,-67.64137127,-177.0688744
0.08427712858,0.02076742997,-0.4482133019,-0.07037485183,1,323.3022586,0.4537045115,-0.6147919388,41.84376644,266.99439,-16.01176083,-171.0767288
0.08427712858,0.02463113787,0.3169049289,-0.04106349587,1,113.45742,0.3195542906,34.17687237,0,128.1100635,12.02318916,-7.383060777
0.08427712858,0.02849484577,0.4851328924,0.01522050901,1,14.78842838,0.485371597,56.0419324,0,76.34978423,4.966985414,1.797002384
0.08427712858,0.03235855367,0.669036361,0.1562751803,1,-0.5610114461,0.6870455475,124.2434081,0,33.30282667,-2.929312744,13.14756019
0.08427712858,0.03622226157,0.6116377025,0.5065787554,1,-71.73015029,0.7941805302,111.9413685,0,-32.8687205,8.789799077,39.63268832
0.08427712858,0.04008596947,0.2648968775,0.554822714,1,12.37789795,0.6148159071,266.8406763,0,89.79026886,228.2985167,64.47812898
0.08427712858,0.04394967737,1.006385656,0.6554944018,1,795.1185873,1.20103497,256.1229379,0,857.7303454,105.0751747,33.07761422
0.08427712858,0.04781338527,6.651022357,1.13842715,1,480.5825149,6.747748867,143.4170354,0,693.36316,-78.47275509,9.712948589
0.08427712858,0.05167709317,5.542168835,1.512811738,1,-706.4570101,5.744931222,184.8642518,131.5098842,-369.5841922,199.1636757,15.26773437
0.08427712858,0.05554080107,2.493513463,1.083178353,1,-34.43953487,2.718618166,-513.1687431,0,396.0362701,856.533936,23.48005114
0.08427712858,0.05940450897,6.939272997,-3.779319325,1,-186.553642,7.901693761,-339.5105716,0,92.42162466,-368.8014573,-28.57392906
0.08427712858,0.06326821687,2.129814844,1.19634978,1,-799.1938711,2.442818877,332.912584,110.8991341,-542.5965778,-956.961358,29.32359251
0.08427712858,0.06713192477,1.754986639,1.204376816,1,-174.5646023,2.128497502,-48.05625068,29.76669021,106.5039249,-119.3776901,34.46024411
0.08427712858,0.07099563267,1.866848267,1.471914989,1,-99.39698831,2.37732122,-15.77580508,0,247.9553252,-107.5972358,38.25398378
0.08427712858,0.07485934057,2.328972659,1.559148003,1,-65.3221791,2.802687307,-8.681168061,0,232.961303,-113.546448,33.80062346
0.08427712858,0.07872304847,2.514556874,1.877083799,1,-77.92580369,3.137903737,-19.78965074,0,207.3637263,-129.5063806,36.74085784
0.08427712858,0.08258675637,2.829082983,1.983061399,1,-32.02760404,3.454886834,-67.10406261,0,264.1892755,-71.12079645,35.02874773
0.08427712858,0.08645046427,3.411561758,1.892603286,1,-20.95159853,3.90137166,-67.02159659,0,259.8005884,-33.72325202,29.01982869
0.08427712858,0.09031417218,3.751925712,1.854406322,1,-87.78773392,4.185184507,-38.39060659,0,274.1695714,-15.09718207,26.30109399
0.08427712858,0.09417788008,4.131686736,1.802604297,1,-161.6292071,4.507795197,-38.74199024,0,313.7269606,-57.61951088,23.57105347
0.08427712858,0.09804158798,4.339587004,1.927343548,1,-144.329921,4.748333236,-145.1719377,0,317.4017251,-120.3149065,23.94747321
0.08427712858,0.1019052959,4.800385633,1.70656399,1,-205.1867013,5.094709302,-248.4850407,0,288.3565343,-41.85484016,19.57058494
0.08427712858,0.1057690038,4.660930945,1.12898481,1,-507.3992057,4.795715169,-245.9264091,101.4377527,40.53033579,55.63420986,13.61610558
0.08427712858,0.1096327117,2.996540692,0.5414218434,1,-694.3048634,3.045060546,-93.06321861,153.2694973,-165.6813248,172.0896162,10.24183488
0.08427712858,0.1134964196,1.338195515,0.1045117069,1,-581.1843821,1.34227044,-86.15542577,126.5815513,-161.8158337,90.59859783,4.465677357
0.08427712858,0.1173601275,0.1258048877,-0.141504074,1,-321.2654928,0.1893416825,35.33875978,69.22137466,-104.8907907,-49.49249056,-48.36114826
0.08427712858,0.1212238354,-0.3083478842,0.432274879,1,-6.767953986,0.530980215,61.72896045,0,-217.9657904,-235.2805278,125.500809
0.08814083648,0.01690372206,-1.111053084,-0.1593929533,1,243.6565487,1.122428203,96.95680708,0,246.8093259,58.74217226,-171.8359856
0.08814083648,0.02076742997,-0.1635446471,-0.08556786007,1,187.5131372,0.184577112,103.8911267,0,210.9274069,53.56342022,-152.3810778
0.08814083648,0.02463113787,0.4284047935,0.03505860375,1,82.89546054,0.4298369142,78.05602968,0,133.1806876,7.432769669,4.678388011
0.08814083648,0.02849484577,0.6713104735,0.1872997876,1,39.9404304,0.6969497559,71.6080883,0,108.552768,16.74853718,15.58943216
0.08814083648,0.03235855367,1.002139137,0.2470198849,1,9.275666716,1.032134523,74.87004694,0,64.77838122,-7.642708107,13.84695003
0.08814083648,0.03622226157,0.9574336836,0.5061049712,1,31.52622407,1.082968836,128.0230625,0,33.42463701,-10.33753148,27.86118869
0.08814083648,0.04008596947,1.253090293,0.7816048051,1,157.4110576,1.476868766,206.6037013,0,234.6465836,110.007783,31.95351456
0.08814083648,0.04394967737,2.47222989,0.8793233837,1,151.8982594,2.62395317,175.9252474,0,242.1277434,57.13587252,19.579469
0.08814083648,0.04781338527,2.775491673,1.240572251,1,106.7703692,3.040127224,-416.1435205,0,153.5754413,-666.527336,24.08339543
0.08814083648,0.05167709317,3.478130054,1.84673331,1,-19.66679618,3.937996012,-214.6815391,0,33.87448006,-378.9444711,27.96632637
0.08814083648,0.05554080107,2.830386013,1.875236239,1,-435.783582,3.395231352,-15.17971965,78.4081766,-270.1300558,46.3292813,33.52595752
0.08814083648,0.05940450897,0.7506859544,1.609080497,1,-1008.150231,1.775575807,-736.5441932,131.4799761,381.7127366,-635.8936397,64.98948927
0.08814083648,0.06326821687,0.4100145176,1.4863519,1,-0.272644876,1.54186701,-113.7336333,0,148.2792724,-134.248343,74.5783256
0.08814083648,0.06713192477,1.32254033,1.688343343,1,43.5592427,2.144671576,14.3653986,0,250.5143425,-118.9843377,51.92711903
0.08814083648,0.07099563267,1.546228952,2.00157633,1,-23.76323952,2.529255183,10.57209335,0,163.6626466,-84.93398708,52.31371233
0.08814083648,0.07485934057,1.863070775,2.05735094,1,-29.23448994,2.775558611,-43.10525716,0,166.725768,-127.0019811,47.83702509
0.08814083648,0.07872304847,2.077455089,2.325728765,1,-28.52611528,3.1184666,-45.31608241,0,159.8570027,-121.8489554,48.22720737
0.08814083648,0.08258675637,2.370494962,2.353051606,1,33.96465083,3.340074584,-122.1298636,0,202.0418856,-85.6886182,44.78841616
0.08814083648,0.08645046427,2.989315409,2.184930437,1,87.75315222,3.702691943,-120.6237276,0,257.5031673,-121.4475678,36.16356665
0.08814083648,0.09031417218,3.704464531,2.356234684,1,7.834955792,4.390318821,-41.72383253,0,199.9113836,-126.7813315,32.45851035
0.08814083648,0.09417788008,3.791986581,2.513567768,1,-152.3058614,4.549415914,-95.26551873,18.44731909,87.52972777,-119.7144073,33.53892687
0.08814083648,0.09804158798,3.454188472,2.450698048,1,-80.3684988,4.23524957,-163.3456705,0,96.19814958,-104.9660139,35.35516378
0.08814083648,0.1019052959,3.853147728,2.288005828,1,17.00839283,4.481263001,-240.8024204,0,189.0549291,-74.02716698,30.70191432
0.08814083648,0.1057690038,4.250356957,1.806327183,1,-147.5970829,4.618262894,-233.2917448,0,101.9656964,37.26120516,23.0246411
0.08814083648,0.1096327117,3.67684138,1.242668258,1,-453.3554905,3.881157937,-5.685943418,102.8572365,-68.28159473,301.9451578,18.67379699
0.08814083648,0.1134964196,2.23490363,0.6177304669,1,-577.4721693,2.318703337,139.83021,121.5488207,-182.9189964,445.8413689,15.45087285
0.08814083648,0.1173601275,0.7389120251,0.06033052531,1,-591.1843518,0.7413708608,27.40695509,128.4386952,-188.65031,256.1512653,4.667719254
0.08814083648,0.1212238354,-0.7781497138,-0.2660707315,1,-285.4338598,0.8223810621,-151.3255512,0,-499.8541475,17.631971,-161.1230347
0.09200454438,0.01690372206,-1.362253519,-0.0883714758,1,344.2330154,1.365116907,-5.351276457,0,443.8175482,-61.49554288,-176.2883357
0.09200454438,0.02076742997,0.1601450749,0.02009104708,1,232.4651234,0.1614004188,45.43629048,0,287.6213452,-17.09312818,7.150699869
0.09200454438,0.02463113787,0.6472086783,0.1532239331,1,51.69405129,0.6650989753,31.05423007,0,120.7755107,-36.29752102,13.31930607
0.09200454438,0.02849484577,0.8265170843,0.2803185399,1,14.18862236,0.8727594024,22.48379164,0,58.68812974,-33.80864282,18.7346947
0.09200454438,0.03235855367,0.9287831612,0.3707214569,1,2.389843309,1.000036279,-11.05478878,0,59.68087748,-71.51358499,21.75928859
0.09200454438,0.03622226157,1.066340219,0.5139136685,1,68.23886186,1.183718176,38.12612516,0,76.54641283,-86.75825576,25.73134954
0.09200454438,0.04008596947,1.488191171,0.8532382261,1,89.24250841,1.715438262,24.77918923,0,128.3012472,-102.0940415,29.82733447
0.09200454438,0.04394967737,1.906865746,1.004114772,1,91.96795216,2.155083165,-94.51476565,0,161.5986397,-215.132075,27.77033271
0.09200454438,0.04781338527,2.467898415,1.319268277,1,156.5582381,2.798390855,-26.95663157,0,190.7003067,-212.1582142,28.12769214
0.09200454438,0.05167709317,3.248571329,1.71967959,1,47.62015706,3.675665052,-110.7493541,0,-9.840941179,-215.2983843,27.89517303
0.09200454438,0.05554080107,2.61386627,1.723215191,1,-194.9083507,3.130777455,-139.0442151,0,-222.3067367,-105.6632271,33.3952323
0.09200454438,0.05940450897,1.636574099,1.590705203,1,-224.3473404,2.28226156,91.09766236,32.34218266,-148.9162148,78.90838566,44.18571745
0.09200454438,0.06326821687,1.171684923,1.770310996,1,-104.7612062,2.122933485,143.7403588,0,30.78965099,36.77428434,56.50131353
0.09200454438,0.06713192477,1.350769617,2.00399087,1,-7.056936542,2.416724636,22.11036447,0,112.6163417,-88.08504384,56.01846165
0.09200454438,0.07099563267,1.57953563,2.196073866,1,5.560342826,2.705119818,14.51437397,0,77.50969499,-66.31221482,54.27426015
0.09200454438,0.07485934057,1.671727979,2.3162812,1,-20.25065262,2.856542146,-4.16886838,0,95.08663241,-109.9913802,54.18091279
0.09200454438,0.07872304847,1.868679997,2.604941141,1,-2.593537952,3.205882605,-33.06614382,0,94.32021697,-114.8998505,54.34586452
0.09200454438,0.08258675637,2.026133073,2.632462739,1,31.19463968,3.321908382,-78.11253162,0,126.0607741,-63.49616254,52.41552582
0.09200454438,0.08645046427,2.476268982,2.54846776,1,80.86960612,3.553392181,-124.4290193,0,197.2927016,-115.1298678,45.82320744
0.09200454438,0.09031417218,3.100870979,2.596533534,1,65.17109138,4.044426686,-163.3426153,0,148.3021154,-210.1347648,39.941331
0.09200454438,0.09417788008,3.301067097,2.729258958,1,-5.420645748,4.28321123,-163.4802379,0,57.71187897,-166.8479791,39.58328981
0.09200454438,0.09804158798,3.30290903,2.609545502,1,-9.823342943,4.209386628,-114.4746378,0,83.04548575,-21.82855377,38.31137762
0.09200454438,0.1019052959,3.583976069,2.371301551,1,36.48046422,4.297435922,-160.5127502,0,118.9705135,-26.87868052,33.49021119
0.09200454438,0.1057690038,3.903526201,2.093222491,1,-9.702859869,4.429345008,-172.6998863,0,153.9227918,-84.16662681,28.20193924
0.09200454438,0.1096327117,4.141199759,2.029234897,1,-235.325977,4.611651517,-61.67080079,37.65247413,157.0419073,58.49164037,26.10537854
0.09200454438,0.1134964196,3.601059422,1.628949918,1,-629.7641157,3.952354589,123.8595122,138.7390463,-125.9370942,283.1533898,24.33975893
0.09200454438,0.1173601275,1.221391024,1.413769883,1,-960.3069639,1.868299044,-199.4906104,211.3655175,-185.2144788,324.6515999,49.17544787
0.09200454438,0.1212238354,-0.8249008265,-0.3961824806,1,-766.3404277,0.9151076065,-398.4430101,0,-292.8969179,538.4561607,-154.346007
0.09586825228,0.01690372206,-1.369329668,0.2253725926,1,255.4156906,1.387752336,-206.0566584,0,425.4301472,-155.4146715,170.6537042
0.09586825228,0.02076742997,-0.054034947,0.1275396701,1,194.0280994,0.1385140532,-90.11948819,0,266.0159731,-109.9441214,112.960998
0.09586825228,0.02463113787,0.4081462489,0.3019691844,1,65.41005687,0.5077093153,-17.25991357,0,110.9980778,-77.22645911,36.49608534
0.09586825228,0.02849484577,0.6275545565,0.3592328858,1,20.96916274,0.7230995697,-14.74319371,0,50.19895285,-57.81231956,29.78824246
0.09586825228,0.03235855367,0.6831190593,0.4683757062,1,11.60574499,0.8282677414,-21.95019716,0,25.14102353,-68.2709958,34.4362057
0.09586825228,0.03622226157,0.7695333363,0.5382029215,1,30.99816478,0.9390654612,-13.97552231,0,39.20621784,-134.103821,34.96850689
0.09586825228,0.04008596947,0.9543682871,0.9325163628,1,54.04259545,1.334318401,-50.26776094,0,77.0003357,-208.1868158,44.33648988
0.09586825228,0.04394967737,1.275844945,1.148356021,1,96.78066451,1.716537758,-110.9438419,0,135.4453448,-224.8165464,41.98958363
0.09586825228,0.04781338527,1.851621754,1.372487231,1,128.9954796,2.30482631,-132.5635306,0,114.9494331,-255.8555602,36.54714432
0.09586825228,0.05167709317,2.218376831,1.62472041,1,24.87316512,2.74971129,-201.4768693,0,-16.25807767,-304.1993467,36.21873164
0.09586825228,0.05554080107,1.884907935,1.769376879,1,-126.1419349,2.585260618,-138.6370335,0,-83.71791653,-210.0202564,43.18918388
0.09586825228,0.05940450897,1.407539665,1.900524333,1,-164.5671451,2.364986395,-38.01394067,35.77377325,-36.64826381,-100.3126304,53.47613098
0.09586825228,0.06326821687,1.10747037,2.010080818,1,-97.08423713,2.294976147,7.715435353,22.11330486,9.110137231,-57.04142693,61.14707602
0.09586825228,0.06713192477,1.067633441,2.150725933,1,-10.40582538,2.401137897,-18.40213615,0,72.16692666,-88.15036747,63.59991845
0.09586825228,0.07099563267,1.346097225,2.279567611,1,18.55657937,2.647339463,-20.8492919,0,73.15725847,-112.0193792,59.43791533
0.09586825228,0.07485934057,1.42198892,2.50298052,1,-11.76231411,2.878708733,-21.63353929,0,53.08543868,-130.4946659,60.39830252
0.09586825228,0.07872304847,1.505757708,2.700175206,1,45.01320182,3.09164235,-81.6585341,0,58.86924003,-137.7202565,60.85369616
0.09586825228,0.08258675637,1.823360332,2.719586639,1,71.7117438,3.274262419,-104.0766071,0,72.70189981,-87.1447022,56.15992777
0.09586825228,0.08645046427,2.063729844,2.634755271,1,43.36065445,3.346776988,-128.8955186,0,70.02697907,-117.9842483,51.92939852
0.09586825228,0.09031417218,2.261457027,2.677428678,1,47.05898605,3.504684324,-176.8460998,0,69.91802336,-208.613028,49.81430524
0.09586825228,0.09417788008,2.515694839,2.757493403,1,90.97735197,3.732625134,-161.3377387,0,81.42070298,-195.524432,47.62542106
0.09586825228,0.09804158798,2.927552754,2.809516075,1,47.52466618,4.057578798,-144.8179451,0,111.241771,-105.7958131,43.8213407
0.09586825228,0.1019052959,3.129121977,2.606723283,1,-32.46948135,4.072641725,-174.0706578,0,117.9694818,-78.05222731,39.796078
0.09586825228,0.1057690038,3.257899781,2.438528906,1,-57.00909852,4.069439054,-147.0498443,0,195.5899823,-186.3747292,36.81475174
0.09586825228,0.1096327117,3.664558032,2.758663152,1,-132.2637478,4.586851639,-97.83146099,0,274.5060775,-130.4017295,36.97227274
0.09586825228,0.1134964196,3.807482595,2.56437091,1,-556.7237634,4.590525228,175.3082478,120.0381601,-75.32725241,98.59480572,33.96059134
0.09586825228,0.1173601275,1.222497529,3.055061484,1,-885.4865108,3.29057759,-245.0761117,191.7513456,-161.3479023,14.05171007,68.19094471
0.09586825228,0.1212238354,-0.2371797979,1.563176698,1,-770.634291,1.581067881,-262.3277416,0,15.05060595,509.9277312,98.62764554
0.09973196018,0.01690372206,-2.758873153,0.5685147235,1,553.6176221,2.81684044,-196.1013261,0,557.2483823,-56.19242671,168.356177
0.09973196018,0.02076742997,-0.612842274,0.2982311634,1,387.9722134,0.6815551919,-113.6807963,0,399.0992125,-51.78377926,154.050774
0.09973196018,0.02463113787,0.2821409337,0.3293627296,1,161.1498142,0.433685732,-20.33318564,18.19219502,138.8278441,-44.92685314,49.41575546
0.09973196018,0.02849484577,0.5461837745,0.3932539108,1,51.01013997,0.6730270083,-14.07165558,9.521890691,26.13179185,-38.31134768,35.75399733
0.09973196018,0.03235855367,0.5801948251,0.4230178195,1,16.57838741,0.7180321098,-24.00891772,0,-30.03149661,-63.44597689,36.09564646
0.09973196018,0.03622226157,0.4942048902,0.5456271879,1,-9.84661979,0.7361708373,-3.542741306,0,-13.60148925,-137.8495839,47.83111327
0.09973196018,0.04008596947,0.489598181,0.9419402285,1,15.07710739,1.061582674,-19.78942053,0,14.78560323,-177.1192784,62.53565953
0.09973196018,0.04394967737,0.6095856811,1.153503803,1,67.28513181,1.304670735,-85.1254638,0,56.31694597,-168.7389865,62.1451432
0.09973196018,0.04781338527,0.9671605054,1.264998457,1,106.4383099,1.592363193,-105.2188561,0,70.90440712,-210.6245157,52.60010988
0.09973196018,0.05167709317,1.294786138,1.560760483,1,46.00784326,2.027916277,-96.11494069,0,31.53317357,-257.1340358,50.32135087
0.09973196018,0.05554080107,1.266756345,1.887129206,1,-46.84061478,2.272867853,-65.15300111,0,-3.02482771,-200.8221372,56.12807623
0.09973196018,0.05940450897,1.102120634,2.084946396,1,-61.34219019,2.358319606,-47.80350448,8.336149186,-12.59006676,-123.7631371,62.13868382
0.09973196018,0.06326821687,0.9811036995,2.180615039,1,-48.22107897,2.391160057,-22.20370404,9.726684012,6.023591164,-83.82364924,65.7760364
0.09973196018,0.06713192477,0.939081867,2.323027865,1,-14.65309895,2.505660235,-14.74788784,0,36.66982457,-73.3496009,67.98902428
0.09973196018,0.07099563267,1.066169896,2.407034941,1,4.610631265,2.632591015,-31.60824531,0,32.88370495,-94.70983485,66.10957423
0.09973196018,0.07485934057,1.08394903,2.566833975,1,7.681049227,2.78632054,-41.64852745,0,-19.35518897,-106.7263984,67.10613913
0.09973196018,0.07872304847,1.02106443,2.658476825,1,48.15533346,2.847818744,-87.23519848,0,4.478241497,-105.2113084,68.98927894
0.09973196018,0.08258675637,1.287309789,2.636288413,1,75.98530892,2.93380011,-129.8140697,0,53.76912867,-128.007987,63.97356481
0.09973196018,0.08645046427,1.522397676,2.651498649,1,35.17743899,3.057472775,-125.1450207,0,48.74705022,-137.7147505,60.1370664
0.09973196018,0.09031417218,1.611569501,2.684854177,1,36.91348167,3.131389182,-115.9744715,0,66.57732121,-126.5436474,59.02593537
0.09973196018,0.09417788008,1.922255909,2.692334858,1,76.37400047,3.308131612,-86.17638986,0,110.7626024,-130.4021986,54.47416673
0.09973196018,0.09804158798,2.334610672,2.855729783,1,88.01616665,3.688576905,-94.78278693,0,89.94526177,-162.132315,50.73338122
0.09973196018,0.1019052959,2.609846886,2.952553761,1,0.5082567628,3.940669293,-89.2110607,0,72.13190561,-144.458967,48.5256124
0.09973196018,0.1057690038,2.615271042,3.069191556,1,-23.67056901,4.032316881,-68.0456333,0,191.7801956,-235.843236,49.56554345
0.09973196018,0.1096327117,3.259373378,3.600874685,1,97.07797679,4.856934559,-89.65893899,0,431.9655805,-198.2939281,47.84981611
0.09973196018,0.1134964196,4.659340814,3.488925421,1,-618.8259887,5.820829616,-61.83809782,137.636113,-139.6664323,-219.9130035,36.82595596
0.09973196018,0.1173601275,0.3287802182,4.211629946,1,-721.5383532,4.224443542,19.63866789,129.3206328,-450.2861534,239.4924922,85.53626695
0.09973196018,0.1212238354,0.1317532095,2.639474463,1,-75.93605538,2.642760744,-94.67756223,0,-26.05250782,719.1290317,87.14236961
0.1035956681,0.01690372206,-2.344119035,0.2394007897,1,497.7665896,2.356312116,151.0073607,0,356.7376028,186.6568701,174.1686997
0.1035956681,0.02076742997,-0.693341735,0.1705311443,1,364.3563957,0.714005345,27.64097022,52.36804333,282.7213908,33.76906745,166.18207
0.1035956681,0.02463113787,0.1560005215,0.2157236121,1,181.3566871,0.2662195325,-21.24229038,33.05852525,108.1330199,-45.20348874,54.12742861
0.1035956681,0.02849484577,0.425161933,0.2631102157,1,70.75275542,0.4999896547,-38.48359612,12.67673776,-21.77949567,-57.26480809,31.75117211
0.1035956681,0.03235855367,0.3452188921,0.2882887291,1,-1.49454626,0.4497626872,-18.1456829,0,-50.76800721,-85.5899602,39.86490826
0.1035956681,0.03622226157,0.2232346922,0.5236952027,1,-14.0387391,0.5692893756,41.94977585,0,-25.21068262,-124.4969027,66.91298282
0.1035956681,0.04008596947,0.1935705913,0.9313900759,1,19.34666179,0.9512923038,34.63889435,0,-0.7758556611,-116.0668441,78.25936538
0.1035956681,0.04394967737,0.2949868626,1.105978155,1,74.80843339,1.144641834,-12.48134627,14.44236473,38.48290311,-91.11165217,75.06571211
0.1035956681,0.04781338527,0.6312952232,1.23519461,1,71.68442009,1.387169558,-15.46671561,0,72.87596644,-135.2522614,62.92889316
0.1035956681,0.05167709317,0.8535259701,1.568794515,1,34.14076462,1.785951514,-14.01876401,4.453479907,24.34255625,-196.0909313,61.4509417
0.1035956681,0.05554080107,0.857257692,1.938668281,1,10.65042267,2.119746555,-44.67913997,0,-38.82793927,-179.289156,66.14551527
0.1035956681,0.05940450897,0.7446562766,2.088888297,1,-1.613962644,2.217649045,-40.55209937,0,-39.65366119,-113.2796721,70.37963748
0.1035956681,0.06326821687,0.6978116478,2.219666379,1,6.162315607,2.326770279,-24.28453068,0,-10.66726262,-91.61219305,72.54806121
0.1035956681,0.06713192477,0.7272504773,2.349022718,1,33.31097202,2.459024397,-31.82460459,1.262121647,8.159402378,-75.60123946,72.79762997
0.1035956681,0.07099563267,0.858041061,2.388806509,1,35.09322248,2.538233835,-53.50814266,0,-3.656821711,-66.31906822,70.24209916
0.1035956681,0.07485934057,0.8487115473,2.398520392,1,33.57189537,2.544250649,-48.7748914,0,-58.37719747,-85.6858524,70.51377847
0.1035956681,0.07872304847,0.7622006193,2.53141968,1,37.21654029,2.643678381,-34.39101717,0,-42.78122937,-95.27279752,73.2431562
0.1035956681,0.08258675637,0.8272112141,2.633749808,1,53.23871341,2.76060074,-95.82558052,0,20.76166593,-136.1403788,72.56347833
0.1035956681,0.08645046427,1.04811647,2.687184285,1,58.71737237,2.88435565,-113.1906329,0,69.97419903,-154.1593823,68.69209555
0.1035956681,0.09031417218,1.324437855,2.792041089,1,51.11810923,3.090247413,-37.5839175,0,112.1400829,-90.16983645,64.62212032
0.1035956681,0.09417788008,1.678898436,2.890360916,1,30.9070106,3.34258675,5.979008737,0,127.0940613,-0.4729401655,59.84935932
0.1035956681,0.09804158798,1.934907845,2.816969535,1,54.3576823,3.417482367,-29.918311,0,87.31731556,-28.13122592,55.51577442
0.1035956681,0.1019052959,2.226289245,2.883456141,1,53.39015579,3.642894882,-16.47423,11.14554477,-14.86392274,-133.9774689,52.32860873
0.1035956681,0.1057690038,2.083761956,3.270967728,1,69.98619123,3.878310684,80.89657663,0,14.31185319,-221.6922632,57.50092585
0.1035956681,0.1096327117,2.551992265,4.052571032,1,82.89353692,4.789154047,-37.23148738,0,81.48656084,-333.5105477,57.80048507
0.1035956681,0.1134964196,2.718878638,4.415703474,1,-67.7704702,5.185628045,-337.9613926,0,-17.19651851,-351.0394307,58.37816967
0.1035956681,0.1173601275,2.223704639,4.103100751,1,-17.41031511,4.666936693,-173.3774859,0,-123.2215272,515.0263447,61.54420659
0.1035956681,0.1212238354,2.175518278,1.755912155,2,519.9591421,2.795730186,-84.76746086,0,-544.9022084,1130.225316,38.90781835
0.107459376,0.01690372206,-1.454237197,0.023619913,1,302.6690988,1.454429003,198.3070778,0,255.6885195,219.4280134,179.0694762
0.107459376,0.02076742997,-0.3755718262,-0.01718264994,1,209.6957326,0.3759646794,50.43577148,24.51373363,173.2656834,44.52746901,-177.3805083
0.107459376,0.02463113787,0.02541385202,0.04644786795,1,103.9056588,0.05294589985,-7.342671509,22.04815122,38.91355763,-21.03909281,61.31481992
0.107459376,0.02849484577,0.1762399087,0.03573632124,1,54.82279314,0.1798265555,-19.87126226,11.21240329,-14.97072531,-68.06116066,11.46250436
0.107459376,0.03235855367,0.1793906013,0.2326395591,1,11.02266922,0.2937722797,28.24160285,0,-11.27450102,-92.5557639,52.36383792
0.107459376,0.03622226157,0.1752669041,0.5024620615,1,7.186688987,0.5321528079,70.19253722,0,-8.327104666,-93.26524891,70.77040107
0.107459376,0.04008596947,0.1749843683,0.8641926988,1,43.06328231,0.8817304292,62.17843849,0,-34.24644331,-69.99783262,78.55333698
0.107459376,0.04394967737,0.2093325946,1.013152564,1,57.77653174,1.0345522,34.99107662,10.52212121,-3.465481261,-69.93650983,78.32609702
0.107459376,0.04781338527,0.3848264031,1.269602244,1,38.80924965,1.326642837,10.39688337,4.432631155,32.0167705,-121.5360982,73.13753203
0.107459376,0.05167709317,0.4829836483,1.522903068,1,26.82042066,1.597656708,-17.51579773,0,-22.52872275,-127.8649845,72.40374862
0.107459376,0.05554080107,0.4014082702,1.695959268,1,67.04929326,1.742815664,-17.80711362,5.14081405,-60.6368119,-125.2347595,76.68398757
0.107459376,0.05940450897,0.5077596031,1.937972112,1,71.32895954,2.003386064,-20.68587301,13.13837087,-37.18964426,-129.2942894,75.31819869
0.107459376,0.06326821687,0.5333126124,2.115590465,1,38.26828054,2.181775735,-20.72847291,0,-34.0598409,-95.23654702,75.85127566
0.107459376,0.06713192477,0.5240197847,2.225849546,1,40.72848013,2.286701322,-27.92574474,4.392649191,-22.64224167,-64.60699184,76.75239528
0.107459376,0.07099563267,0.6031925548,2.257316089,1,46.47597912,2.336518175,-75.62846444,0,-36.01654266,-71.9325308,75.03916455
0.107459376,0.07485934057,0.5644319919,2.211569538,1,26.38293733,2.282459922,-58.99198434,0,-47.89368089,-82.8221298,75.68272971
0.107459376,0.07872304847,0.520081325,2.34938881,1,12.01781612,2.406265232,-18.03627748,0,-56.88945669,-95.48443271,77.51779845
0.107459376,0.08258675637,0.3910610797,2.510806588,1,33.86972548,2.541078214,-46.7860383,0,-41.80148839,-136.234552,81.14724232
0.107459376,0.08645046427,0.48943531,2.694991739,1,105.0282372,2.739074186,-96.84472387,0,83.10845738,-202.9134748,79.70674424
0.107459376,0.09031417218,1.117966313,2.920625259,1,174.403012,3.127283258,-165.8977497,0,201.9438746,-261.3971497,69.0539931
0.107459376,0.09417788008,1.943529749,3.063973525,1,104.379603,3.628393811,-161.5620785,0,152.4612169,-177.7255468,57.61235915
0.107459376,0.09804158798,2.110324218,2.983076179,1,-51.13354262,3.654067842,-130.1772823,0,73.13720354,-33.08568108,54.72318119
0.107459376,0.1019052959,2.028545468,2.688839939,1,-33.27338593,3.368212721,-70.82133422,0,23.16739865,-37.43526925,52.96794881
0.107459376,0.1057690038,2.071277635,2.854082176,1,24.68343215,3.526467937,115.8935893,0,-76.86414173,-118.7511159,54.03068484
0.107459376,0.1096327117,1.826934448,3.59543854,1,154.2918701,4.032972573,20.42296964,0,-173.4534494,-194.4603092,63.06370954
0.107459376,0.1134964196,1.99724289,3.684328398,1,218.0622128,4.19085372,-138.5979431,0,-264.16374,-192.2686127,61.53825787
0.107459376,0.1173601275,1.648811613,3.80280633,1,339.1748971,4.144866189,-688.7241555,0,223.4592751,646.5649711,66.55952572
0.107459376,0.1212238354,4.171096986,-1.47483875,1,699.1550241,4.42416087,-1319.186717,0,606.4744062,1412.720153,-19.47284784
0.1113230839,0.01690372206,NaN,NaN,0,91.97557842,0.7324034227,127.9026504,0,116.9849124,142.4510995,175.4672103
0.1113230839,0.02076742997,NaN,NaN,0,83.53108246,0.3277867401,4.648404365,0,117.4298485,28.78802344,174.7880791
0.1113230839,0.02463113787,0.04634167443,-0.03538688272,1,44.99741025,0.05830765179,-16.99138048,0,61.59663331,-7.589109571,-37.36565022
0.1113230839,0.02849484577,0.08541673581,-0.006551552981,1,-8.484817263,0.08566762283,9.268448032,0,21.52568028,-52.20769486,-4.386058537
0.1113230839,0.03235855367,0.09672775988,0.2021389763,1,4.461776649,0.2240902168,44.01813748,0,8.135381111,-77.70586461,64.42790277
0.1113230839,0.03622226157,0.1340884738,0.4637544356,1,34.09774092,0.4827503447,42.34469742,0,-16.85239571,-69.08942572,73.87347247
0.1113230839,0.04008596947,0.1633587364,0.6326878782,1,53.42753807,0.653437088,40.12981712,0,-46.72945346,-64.84770197,75.52253632
0.1113230839,0.04394967737,0.1599679162,0.8693569055,1,30.96272907,0.8839520142,57.12143733,0,-20.99121323,-92.02611504,79.57379333
0.1113230839,0.04781338527,0.2018857609,1.208950455,1,46.69885395,1.225691259,39.76100417,4.823909849,-12.57381647,-91.91741124,80.51950973
0.1113230839,0.05167709317,0.2918170931,1.378123839,1,55.90440124,1.408681132,-2.470873883,10.90942719,-29.32373873,-63.64941519,78.04424724
0.1113230839,0.05554080107,0.3045856766,1.445326468,1,22.8085874,1.477071777,9.226427575,0,-55.58548415,-66.21412806,78.09971084
0.1113230839,0.05940450897,0.1651767382,1.66960411,1,54.18357684,1.677754821,8.98740451,0,-68.37434745,-119.098152,84.35001748
0.1113230839,0.06326821687,0.2497566841,1.940211645,1,76.13103272,1.956220751,0.9099783852,16.64174733,-23.18855392,-111.565566,82.66485219
0.1113230839,0.06713192477,0.3697310118,2.10417676,1,45.23102936,2.136413082,-17.97119233,4.990546618,-35.35663027,-51.58342685,80.03412658
0.1113230839,0.07099563267,0.2879084779,2.070079501,1,43.78242118,2.090004888,-48.59247509,0,-61.62739796,-50.49750423,82.0820455
0.1113230839,0.07485934057,0.3007832341,2.111537236,1,32.16422234,2.132852562,-23.9263164,0,-22.92923939,-74.42252638,81.89289946
0.1113230839,0.07872304847,0.3235897545,2.265182106,1,-5.329198713,2.288178381,-15.6347522,0,-41.44196648,-75.12193688,81.87008825
0.1113230839,0.08258675637,0.1200731136,2.341378341,1,-18.03625809,2.34445518,-2.022736578,0,-94.20085105,-89.32502786,87.06426726
0.1113230839,0.08645046427,-0.1100616509,2.602492659,1,6.318952562,2.60481892,-17.69664799,0,-121.9016903,-161.8774739,92.42164472
0.1113230839,0.09031417218,-0.3265048234,2.898450938,1,101.1499961,2.916783029,-128.1538133,0,22.57876936,-250.741126,96.42716277
0.1113230839,0.09417788008,0.3679901577,3.076134227,1,220.5381304,3.098066904,-243.3882461,0,201.4948776,-346.5700786,83.17826886
0.1113230839,0.09804158798,1.304107444,3.297115399,1,170.6552034,3.545654549,-330.9193906,0,202.0508164,-337.4914761,68.41972574
0.1113230839,0.1019052959,1.808017351,3.101526846,1,49.9248897,3.590041158,-211.8317148,0,149.0067801,-103.5166337,59.76019714
0.1113230839,0.1057690038,2.072721308,2.878617564,1,-44.90395499,3.547197866,-148.988078,0,63.42126337,-67.39081378,54.24458352
0.1113230839,0.1096327117,1.879562821,2.786258852,1,-107.8503717,3.360951471,-143.9192995,0,-55.77855979,-59.51998086,55.99706746
0.1113230839,0.1134964196,1.440506913,2.55252325,1,32.86385728,2.930944405,-35.81965462,0,14.04730913,-260.9273902,60.56195314
0.1113230839,0.1173601275,2.060813866,3.656009388,1,259.8521728,4.196827187,-223.452764,29.94289749,23.9159766,75.4057316,60.59097906
0.1113230839,0.1212238354,NaN,NaN,0,-328.0464723,2.896512925,-945.8105662,0,574.4886465,223.1122028,28.85454129
0.1151867918,0.01690372206,NaN,NaN,0,25.28418984,0.4269527611,60.13497301,0,59.23878411,63.47704456,163.641653
0.1151867918,0.02076742997,NaN,NaN,0,22.68875156,0.2713915658,17.71498859,0,65.33842446,20.21679702,155.2101109
0.1151867918,0.02463113787,NaN,NaN,0,1.17703008,0.1306399013,-12.54900806,0,65.26651172,-22.35716089,122.1705021
0.1151867918,0.02849484577,NaN,NaN,0,-18.58976196,0.1520398021,3.505069366,0,49.3345927,-31.75921044,86.10220208
0.1151867918,0.03235855367,NaN,NaN,0,-8.303371483,0.251694999,9.720966026,0,24.2460582,-30.11576655,78.7203349
0.1151867918,0.03622226157,0.07193308608,0.3056056161,1,10.4726385,0.3139572605,18.27267724,0,-2.643211892,-41.3545129,76.75488224
0.1151867918,0.04008596947,0.07948168129,0.4772153393,1,12.11043862,0.483789022,52.4014329,0,-11.45354903,-78.77103255,80.54401044
0.1151867918,0.04394967737,0.07447111558,0.8124177071,1,35.73968663,0.8158238032,61.6624323,0,-8.867158371,-84.14947526,84.76255943
0.1151867918,0.04781338527,0.183309281,1.040589959,1,80.00316268,1.056612396,35.03393725,13.65873607,-40.39275389,-63.62484661,80.00933493
0.1151867918,0.05167709317,0.227514165,1.19360643,1,65.2299864,1.215096294,22.50384714,0,-65.76958191,-68.72393854,79.20826495
0.1151867918,0.05554080107,0.1812244416,1.393067475,1,26.80773597,1.404805783,6.519252853,0,-64.385713,-63.57860873,82.58800513
0.1151867918,0.05940450897,0.08232383826,1.464444091,1,39.04914373,1.466756187,34.67411455,0,-58.57771555,-53.00878674,86.7824997
0.1151867918,0.06326821687,0.1057717443,1.731848593,1,83.05165285,1.735075564,42.84693523,13.76297384,-38.28708493,-73.63140354,86.50503153
0.1151867918,0.06713192477,0.255281053,1.914482369,1,72.53095143,1.931427233,-13.76392231,13.0495221,-42.87910469,-44.35493691,82.40486448
0.1151867918,0.07099563267,0.2203378188,1.850043338,1,32.82698919,1.863118114,-24.76551993,0,-51.16177633,-46.5637842,83.20813772
0.1151867918,0.07485934057,0.1844407911,1.998704495,1,23.1229645,2.007196568,1.843920634,0,-36.30041782,-91.2832762,84.72766762
0.1151867918,0.07872304847,0.1694239883,2.209859624,1,2.366815108,2.216344749,-16.88639792,0,-40.23737734,-73.26342191,85.61586321
0.1151867918,0.08258675637,0.03812000059,2.216528848,1,-25.2325009,2.216856619,-21.84441385,0,-71.51669486,-19.1850524,89.01472076
0.1151867918,0.08645046427,-0.2043866437,2.199584628,1,5.891024318,2.20906008,59.90158558,0,-105.3015045,-43.76053159,95.30871227
0.1151867918,0.09031417218,-0.3459730572,2.617048989,1,58.50761676,2.6398187,126.7827569,0,-92.54493289,-77.89403312,97.53081532
0.1151867918,0.09417788008,-0.3358968909,2.990395959,1,43.30393138,3.009201674,-25.48922189,0,-75.97903891,-151.6195299,96.40889767
0.1151867918,0.09804158798,-0.4722201283,3.104379657,1,221.6695259,3.140089951,-242.3019681,0,74.94411118,-263.3355101,98.64919609
0.1151867918,0.1019052959,0.8101315619,3.071663421,1,274.0988277,3.176701012,-285.4136304,0,167.8271599,-328.9571708,75.22505684
0.1151867918,0.1057690038,1.235252801,3.272619178,1,-169.8303407,3.4979831,-76.20885698,0,229.5586993,-263.8434836,69.32094456
0.1151867918,0.1096327117,1.040904493,3.796628811,1,-201.1975355,3.936733734,-185.6259414,0,101.6678031,-273.3674537,74.66821191
0.1151867918,0.1134964196,0.8506989882,3.611626752,1,-88.95884407,3.71046312,-321.7112173,0,98.24956482,-87.37387886,76.745885
0.1151867918,0.1173601275,1.076801124,2.891217785,1,323.6014302,3.08522948,-450.6090739,0,-186.9185767,-36.67161431,69.57272669
0.1151867918,0.1212238354,NaN,NaN,0,32.86757716,2.439347921,-488.1390665,0,123.4591911,-33.17482571,55.58147977
0.1190504997,0.01690372206,NaN,NaN,0,1.697625464,0.3154529582,32.69611268,0,35.90240142,29.85440449,143.1754026
0.1190504997,0.02076742997,NaN,NaN,0,1.893447357,0.2649699451,17.79006715,0,40.54929704,11.79479886,132.7536446
0.1190504997,0.02463113787,NaN,NaN,0,-2.744042086,0.2299586069,6.465711623,0,43.15215896,-9.406699223,112.6414463
0.1190504997,0.02849484577,NaN,NaN,0,-9.522798372,0.2569880234,9.135682505,0,37.07502981,-20.80040843,95.30243559
0.1190504997,0.03235855367,NaN,NaN,0,-10.39316706,0.3283902184,14.14224683,0,28.16263023,-26.54155021,86.87042564
0.1190504997,0.03622226157,NaN,NaN,0,-16.5661042,0.4155124377,22.0128408,0,27.83665027,-33.307865,83.79557155
0.1190504997,0.04008596947,NaN,NaN,0,-9.560520684,0.5451208906,32.72410584,0,16.853398,-40.76241864,83.52487307
0.1190504997,0.04394967737,NaN,NaN,0,19.69130694,0.7008302345,24.92878858,0,-11.94110081,-27.38683488,84.01415187
0.1190504997,0.04781338527,0.09141883852,0.7437758006,1,38.71630691,0.7493729683,9.522499017,5.650052941,-28.32431786,-35.76319309,82.9928169
0.1190504997,0.05167709317,0.1132361608,0.8719797724,1,37.72628393,0.8793015135,28.52840397,0,-39.61406794,-61.85260493,82.60092005
0.1190504997,0.05554080107,0.08412499253,1.092981619,1,45.00498529,1.096214319,45.49346259,0,-49.89646282,-63.31980207,85.59871592
0.1190504997,0.05940450897,0.09433692045,1.292402443,1,51.48032385,1.295840858,59.62022383,0,-39.3962069,-38.32004384,85.82518708
0.1190504997,0.06326821687,0.1308144907,1.471394205,1,67.99386197,1.477197799,57.97559177,0,-54.83557021,-36.71675576,84.91946898
0.1190504997,0.06713192477,0.1451767163,1.658266014,1,61.47388815,1.664608799,16.63077335,0,-92.14432488,-54.33143343,84.99666577
0.1190504997,0.07099563267,0.01231288198,1.745571444,1,11.52574848,1.745614869,-8.90528478,0,-60.6912216,-66.79698772,89.59585471
0.1190504997,0.07485934057,-0.04478431064,1.881942644,1,25.32490151,1.882475431,4.434361182,0,-34.91043427,-87.44642187,91.3632019
0.1190504997,0.07872304847,-0.02472281666,2.100571951,1,25.64501057,2.100717435,5.95089517,1.555836558,-24.00628645,-66.67547787,90.67431523
0.1190504997,0.08258675637,-0.03845275929,2.162549735,1,8.573230959,2.162891577,-22.38111381,0,-14.51946628,-41.09506869,91.01868116
0.1190504997,0.08645046427,-0.04769733305,2.172877206,1,9.732722369,2.173400651,-0.5113221012,0,-35.39727008,-39.92379237,91.25751103
0.1190504997,0.09031417218,-0.137613075,2.314828008,1,31.27502568,2.318914847,55.47597268,0,-100.796066,-59.02089859,93.4021446
0.1190504997,0.09417788008,-0.316306326,2.615259673,1,14.20593418,2.634318289,60.87774229,0,-146.6991282,-46.63122511,96.89622419
0.1190504997,0.09804158798,-0.6495280754,2.730211255,1,51.96652029,2.806410557,13.27384129,0,-116.5225499,-6.309546838,103.382126
0.1190504997,0.1019052959,-0.5657319676,2.690924164,1,224.4337418,2.749750082,43.47891224,38.98861395,140.0830655,-394.3204613,101.872787
0.1190504997,0.1057690038,0.7588583929,4.421740153,1,64.34008099,4.486385187,-146.1665932,0,109.5546335,-473.7063353,80.26177507
0.1190504997,0.1096327117,0.1061464146,3.956442053,1,-138.0027612,3.957865685,-526.8369833,0,-94.6589258,-230.2570336,88.46319422
0.1190504997,0.1134964196,-0.1400784051,3.275841858,1,93.95293955,3.27883544,-533.3989245,0,-75.32906627,54.87868553,92.44853546
0.1190504997,0.1173601275,0.178103621,1.683509204,1,267.1222264,1.692904055,-373.3281423,0,-95.58287318,22.14714828,83.96096624
0.1190504997,0.1212238354,NaN,NaN,0,149.3080181,1.824325209,-160.3310762,0,29.06774796,-193.6315489,73.35047255
0.1229142076,0.01690372206,NaN,NaN,0,-5.706106123,0.3031999122,20.00737191,0,24.29777777,14.44729599,123.6463135
0.1229142076,0.02076742997,NaN,NaN,0,-4.668538792,0.2944325095,14.99388277,0,27.20421005,5.804266108,116.6524884
0.1229142076,0.02463113787,NaN,NaN,0,-4.523847408,0.2990677259,11.48610489,0,29.71779727,-6.264026434,105.6986544
0.1229142076,0.02849484577,NaN,NaN,0,-6.364222382,0.3335419774,12.4297022,0,27.65073735,-15.49417385,95.9774186
0.1229142076,0.03235855367,NaN,NaN,0,-7.18039419,0.3958038461,15.69949801,0,23.49278263,-21.94216086,89.80837225
0.1229142076,0.03622226157,NaN,NaN,0,-7.807198172,0.4780029207,20.32726758,0,19.99761535,-27.15804395,86.60674922
0.1229142076,0.04008596947,NaN,NaN,0,-3.85009089,0.5812914765,24.65448051,0,13.34395838,-30.48282271,85.22148644
0.1229142076,0.04394967737,NaN,NaN,0,3.565922588,0.6932508343,24.02786944,0,5.104224401,-28.32949466,84.62214207
0.1229142076,0.04781338527,NaN,NaN,0,-2.579930839,0.785846381,24.03227581,0,11.32418498,-28.91856393,84.01615833
0.1229142076,0.05167709317,NaN,NaN,0,0.4144044742,0.900219521,28.35673476,0,7.460354598,-35.01022758,83.70165093
0.1229142076,0.05554080107,NaN,NaN,0,19.97448952,1.0325265,30.57967042,0,-2.928085595,-25.98201229,83.75330806
0.1229142076,0.05940450897,0.164621512,1.113323722,1,34.93088303,1.125428786,33.2804467,0,-15.37427937,-26.47447052,81.58891145
0.1229142076,0.06326821687,0.187909677,1.257271546,1,29.18924195,1.271236322,25.79901126,0,-43.42551409,-27.93764522,81.49959055
0.1229142076,0.06713192477,0.1096167148,1.320946466,1,20.25361848,1.32548685,33.83805367,0,-87.56288026,-47.36542302,85.25626662
0.1229142076,0.07099563267,-0.07215364953,1.57101806,1,36.09948266,1.572674122,65.18048712,0,-99.74567042,-50.00065439,92.62963016
0.1229142076,0.07485934057,-0.1362935637,1.765972752,1,57.52822824,1.77122435,57.01385224,0,-55.72799175,-58.67901766,94.41320319
0.1229142076,0.07872304847,-0.06519806161,2.018021516,1,24.29838538,2.019074448,40.93609464,0,-42.63306942,-52.5835679,91.85046334
0.1229142076,0.08258675637,-0.2071334273,2.127305411,1,-14.00780868,2.137365801,-9.615276491,0,-62.45191886,-11.47721962,95.56129729
0.1229142076,0.08645046427,-0.360616115,2.02521552,1,34.59363245,2.057071191,-44.00199191,0,-74.07285607,-38.6857146,100.0964431
0.1229142076,0.09031417218,-0.3596696154,2.106764869,1,49.22401336,2.137245995,-32.94769605,5.237065548,-28.57969783,-121.8494162,99.68820658
0.1229142076,0.09417788008,-0.28085251,2.368705799,1,55.75106629,2.385297737,21.63895918,0,-77.91695346,-68.0733704,96.76187217
0.1229142076,0.09804158798,-0.4453121288,2.453387105,1,24.05283533,2.493473717,98.37918335,0,-92.52726449,0.791255324,100.2877041
0.1229142076,0.1019052959,-0.5454177029,2.745757047,1,-29.40512382,2.799403907,144.8187964,0,-155.5061115,-112.4283667,101.2349982
0.1229142076,0.1057690038,-1.159755129,3.447315002,1,75.51604737,3.637170972,5.893433729,0,-422.0401566,-309.4357046,108.5941094
0.1229142076,0.1096327117,-1.884285641,3.96409673,1,140.3756268,4.389145163,-109.1967999,0,-98.55266962,17.55824616,115.4235149
0.1229142076,0.1134964196,-0.9981634395,2.957570529,1,218.8804652,3.121466592,-360.251101,0,196.3232784,280.1351723,108.6492498
0.1229142076,0.1173601275,-0.280059657,1.489831226,1,179.6145546,1.515925623,-260.0274247,0,81.62591274,104.8682992,100.6462649
0.1229142076,0.1212238354,NaN,NaN,0,119.6854155,1.547760514,-79.71378541,0,31.07809072,-109.6792035,89.58563279
0.1267779155,0.01690372206,NaN,NaN,0,-6.823569022,0.3275329219,13.29738788,0,17.11055786,6.71794978,111.3774558
0.1267779155,0.02076742997,NaN,NaN,0,-5.689731084,0.3329300947,12.08200611,0,18.89988604,1.848977037,107.3921589
0.1267779155,0.02463113787,NaN,NaN,0,-4.31858637,0.3512499775,12.05512297,0,20.86408271,-5.959498765,101.2206484
0.1267779155,0.02849484577,NaN,NaN,0,-4.22984956,0.3889438514,13.39752339,0,20.3173397,-12.9700997,95.25003605
0.1267779155,0.03235855367,NaN,NaN,0,-4.156989144,0.4464555965,15.89877543,0,18.1601476,-18.57487541,90.79462536
0.1267779155,0.03622226157,NaN,NaN,0,-3.632203404,0.5208374886,18.942251,0,15.31707013,-22.89932725,87.96280422
0.1267779155,0.04008596947,NaN,NaN,0,-1.59856729,0.6093228191,21.53867919,0,11.42059576,-25.68133357,86.33445993
0.1267779155,0.04394967737,NaN,NaN,0,1.002405142,0.7052167235,22.49593288,0,7.689855055,-26.52975712,85.40760429
0.1267779155,0.04781338527,NaN,NaN,0,0.8231398913,0.8007895184,23.10864147,0,7.216981552,-27.68469895,84.80272807
0.1267779155,0.05167709317,NaN,NaN,0,3.118519053,0.903453286,23.9620244,0,4.477643184,-29.61229358,84.44030858
0.1267779155,0.05554080107,NaN,NaN,0,8.433147564,1.009647003,22.45655627,0,0.1348439024,-29.00559587,84.20811034
0.1267779155,0.05940450897,NaN,NaN,0,6.532931166,1.104644649,14.90649423,0,-1.185106289,-33.32159251,83.73048428
0.1267779155,0.06326821687,NaN,NaN,0,8.181950343,1.197121423,5.75856303,0,-15.3570041,-31.42244816,84.12423627
0.1267779155,0.06713192477,NaN,NaN,0,4.53761604,1.245165775,-1.453407059,0,-17.88958609,-9.185216797,85.72076621
0.1267779155,0.07099563267,0.07096332161,1.220705453,1,16.80711408,1.22276637,40.61098457,0,-54.11038328,-11.84099712,86.67296651
0.1267779155,0.07485934057,-0.05121802344,1.444353692,1,25.84180845,1.445261524,96.54352534,0,-62.2546472,-64.25095599,92.03090661
0.1267779155,0.07872304847,-0.06972525112,1.84196836,1,49.62965323,1.843287566,73.26620878,0,-67.4182598,-64.17227408,92.16782015
0.1267779155,0.08258675637,-0.1199480032,1.975375844,1,39.25956576,1.979014211,13.92964383,0,-116.2460343,36.95072268,93.47482552
0.1267779155,0.08645046427,-0.367178478,1.753021636,1,-11.18737348,1.791062504,35.38978145,0,-148.1817904,25.33691219,101.8298476
0.1267779155,0.09031417218,-0.7357039006,2.014217195,1,87.78325671,2.144371968,66.60664522,0,-121.0510018,-22.88869483,110.0649989
0.1267779155,0.09417788008,-0.4957153274,2.098805489,1,138.6547221,2.156552379,15.68224816,31.37248072,-17.1803652,-53.05033062,103.2891079
0.1267779155,0.09804158798,-0.2663624679,2.279779802,1,55.1447169,2.295287544,27.20088226,5.761783307,-40.87590558,0.05046202339,96.6640491
0.1267779155,0.1019052959,-0.4405848084,2.203706782,1,88.35056877,2.24731808,22.15492888,0,-126.546471,-34.66834048,101.3060188
0.1267779155,0.1057690038,-0.4139402771,2.499328317,1,254.4756234,2.53337494,242.6312754,0,-204.6098924,27.91884199,99.40399748
0.1267779155,0.1096327117,-0.2479181893,3.033292907,1,260.6142711,3.043407513,277.6322635,0,-269.8496159,99.21319604,94.67253332
0.1267779155,0.1134964196,-0.4496229517,3.188687477,1,119.4236398,3.220231145,-137.7580068,0,-164.3203383,309.5799487,98.02611446
0.1267779155,0.1173601275,-0.4213859182,1.304909714,1,38.19976646,1.371260535,-230.7573594,0,24.06252654,230.7680691,107.8964837
0.1267779155,0.1212238354,NaN,NaN,0,78.75055078,1.420951281,-3.497054697,0,31.15748848,-55.56016151,98.46044158
0.1306416234,0.01690372206,NaN,NaN,0,-5.392958498,0.3565971687,9.265709161,0,11.81592114,2.394652757,104.7281687
0.1306416234,0.02076742997,NaN,NaN,0,-4.37648294,0.3666028755,9.62649036,0,12.99244075,-0.8116684995,102.3244996
0.1306416234,0.02463113787,NaN,NaN,0,-2.830917429,0.3894589915,11.25485749,0,14.52130783,-6.452845968,98.47079892
0.1306416234,0.02849484577,NaN,NaN,0,-2.079600341,0.427852603,13.20649296,0,14.59439112,-11.85185076,94.43465511
0.1306416234,0.03235855367,NaN,NaN,0,-1.585509423,0.4821128394,15.55582931,0,13.51339793,-16.48791383,91.07153883
0.1306416234,0.03622226157,NaN,NaN,0,-0.9660590117,0.5505329371,18.0042818,0,11.68992179,-20.18305605,88.64656478
0.1306416234,0.04008596947,NaN,NaN,0,0.08561999393,0.6304073296,20.06205238,0,9.331499496,-22.81342722,87.05232938
0.1306416234,0.04394967737,NaN,NaN,0,1.219125379,0.7177389292,21.3085414,0,7.017618504,-24.42350131,86.0542949
0.1306416234,0.04781338527,NaN,NaN,0,1.75156621,0.808823825,21.94433278,0,5.376242993,-25.67818117,85.44437633
0.1306416234,0.05167709317,NaN,NaN,0,2.803384281,0.9033187901,21.92616509,0,3.098392682,-26.74865192,85.11467459
0.1306416234,0.05554080107,NaN,NaN,0,4.106650518,0.9981365198,20.37803604,0,0.1749243104,-27.10648508,84.99701707
0.1306416234,0.05940450897,NaN,NaN,0,3.161026481,1.087527751,16.66928045,0,-2.719268351,-27.84498599,85.06945308
0.1306416234,0.06326821687,NaN,NaN,0,1.191524582,1.169695835,12.77432421,0,-7.651322304,-26.25316759,85.64843923
0.1306416234,0.06713192477,NaN,NaN,0,-5.201919495,1.236194304,11.79688797,0,-7.6734697,-22.02804582,86.82293384
0.1306416234,0.07099563267,NaN,NaN,0,-21.58444176,1.297599936,19.2051101,2.25225474,0.8694472121,-30.3067779,88.27745923
0.1306416234,0.07485934057,NaN,NaN,0,-2.580233327,1.425640362,40.91453102,0,-15.29558294,-28.64792319,90.46316932
0.1306416234,0.07872304847,NaN,NaN,0,48.38038802,1.566071123,18.39657206,0,-48.1272749,-7.713946022,91.09989733
0.1306416234,0.08258675637,-0.01054655318,1.526477196,1,51.72219404,1.526513629,0.02777589203,0,-76.54916263,18.1123366,90.39585483
0.1306416234,0.08645046427,-0.1259859089,1.495909109,1,14.0010048,1.50120502,4.980115884,0,-60.64264454,63.62505158,94.81410675
0.1306416234,0.09031417218,-0.1907562251,1.299890294,1,37.98471152,1.313812283,112.443487,0,-115.4351721,42.38243736,98.34845019
0.1306416234,0.09417788008,-0.4252318654,1.76660454,1,63.2545574,1.817061843,148.28846,0,-101.8870507,-54.23750557,103.5339612
0.1306416234,0.09804158798,-0.3400208946,2.082391467,1,50.69570003,2.109968823,28.88942197,0,-94.31545834,-9.636553646,99.27363664
0.1306416234,0.1019052959,-0.5937658702,1.915457657,1,104.1992102,2.005376758,-35.21139279,19.9017552,-45.81167243,70.60633747,107.2227266
0.1306416234,0.1057690038,-0.1144285036,1.673542667,1,188.1232044,1.677450131,40.83682001,25.77741155,-145.2884425,41.07452897,93.91151169
0.1306416234,0.1096327117,-0.4282648624,1.914539219,1,190.1053751,1.961854024,16.07278396,0,-247.0105933,-32.51370775,102.6089679
0.1306416234,0.1134964196,-0.3342936449,1.861266679,1,295.6172093,1.891048887,-12.52897283,33.30432177,-257.2482154,111.5306534,100.1820758
0.1306416234,0.1173601275,NaN,NaN,0,27.35603302,1.462270592,-28.9169824,0,3.005276139,99.82782571,101.0400743
0.1306416234,0.1212238354,NaN,NaN,0,36.33113824,1.380987773,-12.36779805,0,-3.703483978,24.5784286,99.04000599
0.1345053313,0.01690372206,NaN,NaN,0,-2.863839801,0.3788531329,6.525226222,0,7.459748527,-0.3742999855,101.3157495
0.1345053313,0.02076742997,NaN,NaN,0,-1.986584089,0.3903449952,7.62115278,0,8.338388648,-2.755221925,99.65373906
0.1345053313,0.02463113787,NaN,NaN,0,-0.5490000668,0.4145811284,10.13132366,0,9.634316745,-7.18836585,96.89846096
0.1345053313,0.02849484577,NaN,NaN,0,0.3278750478,0.4527543581,12.61776164,0,10.02551905,-11.49654353,93.84432718
0.1345053313,0.03235855367,NaN,NaN,0,0.8606108048,0.5048454179,15.11376706,0,9.609131193,-15.34187312,91.11148515
0.1345053313,0.03622226157,NaN,NaN,0,1.267856787,0.5694968221,17.45699449,0,8.597719624,-18.5315559,88.98413764
0.1345053313,0.04008596947,NaN,NaN,0,1.687980898,0.6444224659,19.39670714,0,7.197861922,-20.96581794,87.48082391
0.1345053313,0.04394967737,NaN,NaN,0,2.03691017,0.7267157132,20.73184756,0,5.672876472,-22.67263972,86.49493683
0.1345053313,0.04781338527,NaN,NaN,0,2.160615287,0.813580069,21.43398318,0,4.171979234,-23.85587252,85.90393599
0.1345053313,0.05167709317,NaN,NaN,0,2.236801345,0.902975297,21.42026714,0,2.36476024,-24.59764785,85.62412288
0.1345053313,0.05554080107,NaN,NaN,0,2.029043744,0.9922084049,20.46014235,0,0.1857290087,-24.82670655,85.61326423
0.1345053313,0.05940450897,NaN,NaN,0,0.8129996591,1.078104071,18.6182673,0,-2.215569121,-24.69869877,85.88018568
0.1345053313,0.06326821687,NaN,NaN,0,-1.374958999,1.158810719,16.87256541,0,-4.855547064,-23.71719041,86.51340345
0.1345053313,0.06713192477,NaN,NaN,0,-4.952376843,1.233300983,16.66152462,0,-6.022417622,-22.36702098,87.51930386
0.1345053313,0.07099563267,NaN,NaN,0,-8.495646086,1.307761999,19.1255837,0,-6.309857436,-23.08259858,88.7701126
0.1345053313,0.07485934057,NaN,NaN,0,-1.25299111,1.395230534,21.96937373,0,-13.37555379,-19.86355572,90.15701126
0.1345053313,0.07872304847,NaN,NaN,0,10.89147909,1.469366406,10.94175964,0,-22.80658099,-10.94071616,91.10946266
0.1345053313,0.08258675637,NaN,NaN,0,-0.7871836616,1.480612549,-6.762704519,0,-18.27674349,-5.60563925,91.92981105
0.1345053313,0.08645046427,NaN,NaN,0,-6.869667046,1.468175374,-3.548965913,0,-15.81368489,11.54669177,93.98800629
0.1345053313,0.09031417218,NaN,NaN,0,-24.69966142,1.428082613,8.032397264,3.705796365,16.87770334,9.035015948,95.52523636
0.1345053313,0.09417788008,-0.1323299117,1.460746553,1,27.60711276,1.466728229,75.24274017,0,-41.70581189,-1.89856386,95.17632998
0.1345053313,0.09804158798,-0.1919750085,1.719499044,1,43.45217202,1.730182466,43.34843129,0,-87.83937045,1.067285624,96.37045712
0.1345053313,0.1019052959,-0.303829081,1.624108549,1,65.08187528,1.652283478,-11.13157198,11.38782848,-40.61929683,120.4456471,100.5960948
0.1345053313,0.1057690038,-0.09745875086,1.211123103,1,44.51434716,1.215038015,-26.82133183,0,-46.48448458,45.57132055,94.60066274
0.1345053313,0.1096327117,-0.3114411165,1.344404486,1,107.3927182,1.380006881,42.89001354,0,-99.53773134,83.92472401,103.0429174
0.1345053313,0.1134964196,-0.06710937621,1.052576968,1,142.3184774,1.054714152,29.44238976,22.2701717,-99.86340888,64.01513369,93.64808156
0.1345053313,0.1173601275,NaN,NaN,0,30.50529173,1.219765248,51.45675069,0,-55.03404878,0.1513767152,96.94109015
0.1345053313,0.1212238354,NaN,NaN,0,20.33383061,1.261237916,22.73682035,0,-27.82621686,2.041444208,97.37432158
0.1383690392,0.01690372206,NaN,NaN,0,-1.510426675,0.3905393225,5.363398549,0,5.363398549,-1.510426675,99.86254325
0.1383690392,0.02076742997,NaN,NaN,0,-0.7200674277,0.4024620628,6.703961183,0,6.128056812,-3.593926161,98.49460065
0.1383690392,0.02463113787,NaN,NaN,0,0.614413578,0.4270403718,9.52285812,0,7.33126408,-7.557516595,96.18361259
0.1383690392,0.02849484577,NaN,NaN,0,1.487116133,0.4649303332,12.22715214,0,7.856610779,-11.39639515,93.54532218
0.1383690392,0.03235855367,NaN,NaN,0,1.998387124,0.5159251974,14.81098457,0,7.733721861,-14.86497741,91.09919828
0.1383690392,0.03622226157,NaN,NaN,0,2.28635989,0.5787674883,17.15209472,0,7.096498154,-17.79660376,89.12368778
0.1383690392,0.04008596947,NaN,NaN,0,2.447628914,0.6513952066,19.08107675,0,6.103259822,-20.10050632,87.68118454
0.1383690392,0.04394967737,NaN,NaN,0,2.46785556,0.7312867447,20.45955421,0,4.916109784,-21.77397142,86.71616975
0.1383690392,0.04781338527,NaN,NaN,0,2.288756522,0.8158879758,21.22171719,0,3.602464133,-22.89278936,86.14279318
0.1383690392,0.05167709317,NaN,NaN,0,1.92977308,0.9028493387,21.31148669,0,2.02732902,-23.50865164,85.89361815
0.1383690392,0.05554080107,NaN,NaN,0,1.230184882,0.9897026942,20.68400116,0,0.1483391802,-23.64399229,85.93408324
0.1383690392,0.05940450897,NaN,NaN,0,-0.1080738457,1.074083974,19.50366539,0,-1.928228822,-23.37332772,86.26446104
0.1383690392,0.06326821687,NaN,NaN,0,-2.061535491,1.154558346,18.37928113,0,-4.023327112,-22.60673868,86.90650329
0.1383690392,0.06713192477,NaN,NaN,0,-4.48007604,1.231037303,17.95646755,0,-5.50770304,-21.53484295,87.83674958
0.1383690392,0.07099563267,NaN,NaN,0,-5.933709178,1.305674226,18.10296966,0,-6.969970994,-20.35639643,88.95921512
0.1383690392,0.07485934057,NaN,NaN,0,-2.696249267,1.378759903,16.95193839,0,-11.22150865,-16.7266671,90.14080203
0.1383690392,0.07872304847,NaN,NaN,0,1.561930528,1.435897743,9.955834068,0,-15.7829792,-10.78768687,91.19946316
0.1383690392,0.08258675637,NaN,NaN,0,-3.013558543,1.460068426,1.141429639,0,-13.81672765,-5.528051883,92.28975192
0.1383690392,0.08645046427,NaN,NaN,0,-7.757033305,1.464442194,2.028709007,0,-9.448849451,1.606720111,93.72278693
0.1383690392,0.09031417218,NaN,NaN,0,-16.1680671,1.465856444,8.130229482,0,4.06405696,-1.561913371,94.88445631
0.1383690392,0.09417788008,NaN,NaN,0,-15.49094825,1.505497325,12.36419168,0,4.206758675,-17.29286667,95.40655901
0.1383690392,0.09804158798,NaN,NaN,0,33.54325391,1.584096982,7.167531683,0,-41.19311338,5.029803519,96.10287161
0.1383690392,0.1019052959,NaN,NaN,0,46.65546883,1.516775599,1.510491708,0,-13.93365924,67.03551123,96.48875947
0.1383690392,0.1057690038,-0.04198402402,1.321949762,1,1.483696197,1.322616283,-36.37559443,0,58.85172807,65.09139193,91.81905483
0.1383690392,0.1096327117,0.06171024101,1.115020406,1,68.27005626,1.116726761,45.28028172,0,-50.46773978,147.8768446,86.83222571
0.1383690392,0.1134964196,0.02679892678,0.9255466114,1,14.45902833,0.9259345076,22.97096977,0,-51.29664461,25.63948702,88.34148113
0.1383690392,0.1173601275,NaN,NaN,0,8.305696468,1.107647856,49.92439367,0,-46.6236462,-15.35263707,94.17393305
0.1383690392,0.1212238354,NaN,NaN,0,8.390143987,1.18398292,29.42221542,0,-29.42221542,-8.390143987,95.87790504
