PIVlab, ASCII chart output - 19-Sep-2021
FRAME: 222, filenames: A: 72_12_75_60 222.jpg & B: 72_12_75_60 223.jpg, conversion factor xy (px -> m): 0.00024148, conversion factor uv (px/frame -> m/s): 1
x [m],y [m],u [m/s],v [m/s],Vector type [-],vorticity [1/s],magnitude [m/s],divergence [1/s],dcev [1],simple shear [1/s],simple strain [1/s],vector direction [degrees]
0.03791263377,0.01690372206,NaN,NaN,0,-0.7707118134,0.2994132378,-1.278229484,0,1.278229484,0.7707118134,-33.38330844
0.03791263377,0.02076742997,NaN,NaN,0,-0.6233090308,0.3024225487,-1.831975734,0,1.426003623,1.24162189,-33.90729342
0.03791263377,0.02463113787,NaN,NaN,0,-0.3125403255,0.3086464524,-2.932728225,0,1.772702406,2.208147092,-34.90748839
0.03791263377,0.02849484577,NaN,NaN,0,0.03540009943,0.3184647057,-4.072028692,0,2.220946338,3.20424111,-36.30763206
0.03791263377,0.03235855367,NaN,NaN,0,0.4225111067,0.3323751032,-5.265376571,0,2.763369607,4.2740956,-38.02334761
0.03791263377,0.03622226157,NaN,NaN,0,0.8522432521,0.3509248631,-6.532346083,0,3.375787306,5.439327366,-39.96954329
0.03791263377,0.04008596947,NaN,NaN,0,1.303703446,0.374665671,-7.881451504,0,4.049192878,6.724738688,-42.06012462
0.03791263377,0.04394967737,NaN,NaN,0,1.676582685,0.4041397808,-9.312191413,0,4.797231742,8.227068023,-44.22158368
0.03791263377,0.04781338527,NaN,NaN,0,1.769376164,0.4399155281,-10.90796819,0,5.638016166,10.12593578,-46.43484394
0.03791263377,0.05167709317,NaN,NaN,0,1.390538502,0.4828498452,-12.88691769,0,6.526648296,12.64936117,-48.76879262
0.03791263377,0.05554080107,NaN,NaN,0,0.6661615968,0.5344577109,-15.43987754,0,7.139243619,15.90099723,-51.35430853
0.03791263377,0.05940450897,NaN,NaN,0,-0.1053887981,0.5965368657,-18.31567731,0,6.944685111,19.78677543,-54.26452231
0.03791263377,0.06326821687,NaN,NaN,0,-0.9415835359,0.6697457547,-21.02519473,0,5.617107834,23.88164064,-57.46538811
0.03791263377,0.06713192477,NaN,NaN,0,-2.212089985,0.7529320667,-24.52701081,0,4.272231288,26.90133089,-60.8746449
0.03791263377,0.07099563267,NaN,NaN,0,-2.364083489,0.847486223,-32.09535144,0,5.924915325,26.7196503,-64.25234894
0.03791263377,0.07485934057,NaN,NaN,0,0.04091807763,0.9631975385,-47.68918697,0,17.94194419,24.22082724,-66.7493327
0.03791263377,0.07872304847,NaN,NaN,0,11.47161556,1.129419535,-71.12025159,0,41.44265474,24.72579527,-67.20176483
0.03791263377,0.08258675637,NaN,NaN,0,26.69815968,1.384776008,-103.6453521,0,83.45395804,35.56411354,-65.02555046
0.03791263377,0.08645046427,NaN,NaN,0,82.00412441,1.799600543,-173.7351488,0,138.104888,21.90259785,-61.33553834
0.03791263377,0.09031417218,NaN,NaN,0,275.4761463,2.470705838,-110.7948051,0,70.6951352,10.50281778,-54.48966928
0.03791263377,0.09417788008,NaN,NaN,0,39.71961092,3.006051013,144.5926555,0,169.9850823,228.6325084,-42.93709812
0.03791263377,0.09804158798,NaN,NaN,0,151.5551293,3.240053635,-103.1584412,0,-49.60167105,-54.56425272,-46.13220485
0.03791263377,0.1019052959,NaN,NaN,0,405.0093898,3.42483808,-26.26979688,0,-56.5442675,-309.0308372,-40.74700385
0.03791263377,0.1057690038,3.591713958,-1.243380618,1,389.969367,3.800842607,-447.7843415,0,-913.5856094,-800.8033488,-19.09484553
0.03791263377,0.1096327117,0.5715540958,-0.871498451,1,125.1042425,1.042201341,310.5579732,0,-1437.559287,-271.0025005,-56.74196929
0.03791263377,0.1134964196,-1.479228966,1.003599179,1,752.7906017,1.787548501,267.4283621,0,-1111.003964,270.1177451,145.8446375
0.03791263377,0.1173601275,NaN,NaN,0,450.5730188,1.199103418,-213.10685,0,-214.149807,430.5313048,-132.6541229
0.03791263377,0.1212238354,NaN,NaN,0,219.4938632,1.587468454,-91.78287874,0,-91.78287874,219.4938632,-110.8786913
0.04177634167,0.01690372206,NaN,NaN,0,-1.324272385,0.2964294757,-1.38421418,0,1.748953883,0.6643557609,-32.84872946
0.04177634167,0.02076742997,NaN,NaN,0,-1.18101338,0.2992792317,-1.957641057,0,1.87517624,1.09780585,-33.40005115
0.04177634167,0.02463113787,NaN,NaN,0,-0.8871160855,0.3052035257,-3.077570322,0,2.208561297,1.995188202,-34.4376792
0.04177634167,0.02849484577,NaN,NaN,0,-0.5639092312,0.3146229517,-4.22999991,0,2.68690575,2.918462007,-35.86878646
0.04177634167,0.03235855367,NaN,NaN,0,-0.2121679795,0.3280895938,-5.434136271,0,3.285433126,3.936336993,-37.60722612
0.04177634167,0.03622226157,NaN,NaN,0,0.1898142334,0.3461830985,-6.713953942,0,3.955500402,5.055404042,-39.57566578
0.04177634167,0.04008596947,NaN,NaN,0,0.6576084823,0.3694615465,-8.055174338,0,4.699235506,6.252463352,-41.68159744
0.04177634167,0.04394967737,NaN,NaN,0,1.083298351,0.3984431407,-9.360560005,0,5.577856277,7.617124146,-43.81054788
0.04177634167,0.04781338527,NaN,NaN,0,1.143977593,0.433477973,-10.65995734,0,6.687198172,9.366216257,-45.89872805
0.04177634167,0.05167709317,NaN,NaN,0,0.4346746882,0.4751256912,-12.33374639,0,8.104088161,11.90031146,-48.02176145
0.04177634167,0.05554080107,NaN,NaN,0,-0.714940334,0.5253161571,-14.92393215,0,9.37467287,15.45996056,-50.42661498
0.04177634167,0.05940450897,NaN,NaN,0,-1.536169326,0.5872309276,-18.02034278,0,9.573128752,20.03930528,-53.26327431
0.04177634167,0.06326821687,NaN,NaN,0,-2.251197778,0.6621307845,-19.98565301,0,7.378333055,25.20405869,-56.47311324
0.04177634167,0.06713192477,NaN,NaN,0,-5.421445158,0.7442903278,-21.68388008,0,3.365512934,28.87930789,-60.09681735
0.04177634167,0.07099563267,NaN,NaN,0,-8.945165704,0.828555044,-27.99944118,0,-0.4153423643,25.10720814,-64.4181577
0.04177634167,0.07485934057,NaN,NaN,0,-14.0745308,0.9139558701,-46.92740731,0,11.54801549,14.14158672,-68.50517275
0.04177634167,0.07872304847,NaN,NaN,0,-3.495677414,1.043051924,-73.3150012,0,34.10350831,3.103659541,-70.50988272
0.04177634167,0.08258675637,NaN,NaN,0,-20.71026202,1.232013938,-98.61709806,0,78.14333244,27.52750534,-68.41929012
0.04177634167,0.08645046427,NaN,NaN,0,-5.130438709,1.577235192,-310.9004579,0,209.1340768,15.50569349,-68.81769236
0.04177634167,0.09031417218,NaN,NaN,0,606.9178922,2.708062539,-222.8207718,163.463461,1.782246784,-138.6055029,-62.71648245
0.04177634167,0.09417788008,2.921752433,-1.796053163,1,212.3224589,3.429642,-239.4786287,0,-31.33311895,-157.2508811,-31.57978164
0.04177634167,0.09804158798,1.940649303,-2.724492243,2,42.46923362,3.344992929,-378.8863763,0,-294.7786743,-34.38262347,-54.53782018
0.04177634167,0.1019052959,1.946902454,-3.127115035,1,179.3141727,3.683650038,-504.4840641,0,-376.2815485,-236.0460163,-58.09412677
0.04177634167,0.1057690038,1.179624897,-3.761658449,1,265.1207066,3.94228223,-585.9590502,0,-601.3088956,-388.4231214,-72.58900781
0.04177634167,0.1096327117,0.6479694919,-3.890336163,1,321.3218518,3.943929503,75.32396438,0,-740.7099975,-226.1167145,-80.54369448
0.04177634167,0.1134964196,-0.4407683952,-2.596979716,1,577.9787704,2.634118529,424.7947577,0,-847.2576421,-21.48621104,-99.63264535
0.04177634167,0.1173601275,NaN,NaN,0,302.8885305,2.201301677,171.7766743,0,-271.38288,39.15591704,-100.2695206
0.04177634167,0.1212238354,NaN,NaN,0,164.0947925,2.108844746,94.43954169,0,-126.0972785,52.27019975,-98.70148912
0.04564004958,0.01690372206,NaN,NaN,0,-2.45572722,0.2906782138,-1.564497904,0,2.683291314,0.5185166887,-31.73039685
0.04564004958,0.02076742997,NaN,NaN,0,-2.295513806,0.2931858515,-2.196534939,0,2.735684698,0.8546115712,-32.3540884
0.04564004958,0.02463113787,NaN,NaN,0,-2.012312089,0.2984644204,-3.371057379,0,3.020771473,1.575192577,-33.48377893
0.04564004958,0.02849484577,NaN,NaN,0,-1.738139519,0.307026587,-4.553211252,0,3.579068799,2.321134827,-34.97860509
0.04564004958,0.03235855367,NaN,NaN,0,-1.482302652,0.3195705379,-5.775034902,0,4.321171369,3.249566082,-36.75372225
0.04564004958,0.03622226157,NaN,NaN,0,-1.169312835,0.3367408993,-7.107413754,0,5.092431683,4.320233776,-38.77262331
0.04564004958,0.04008596947,NaN,NaN,0,-0.6327544593,0.3591001886,-8.553910107,0,5.900764825,5.323408327,-40.95471444
0.04564004958,0.04394967737,NaN,NaN,0,0.07486237839,0.3872784221,-9.686197775,0,6.907921952,6.351468106,-43.07537214
0.04564004958,0.04781338527,NaN,NaN,0,0.3214011671,0.4210990617,-10.23306288,0,8.395992086,7.625985543,-44.91914292
0.04564004958,0.05167709317,NaN,NaN,0,-1.364904457,0.4598240187,-10.92356753,0,11.11186075,10.06631871,-46.49152996
0.04564004958,0.05554080107,NaN,NaN,0,-4.042698801,0.505970783,-13.78648196,0,14.30050145,14.11450821,-48.41301562
0.04564004958,0.05940450897,NaN,NaN,0,-4.835668871,0.5671211815,-18.48833413,0,16.35734245,20.07420098,-51.09048719
0.04564004958,0.06326821687,NaN,NaN,0,-2.745265934,0.6502763172,-18.49908296,0,12.59725554,28.7300924,-54.20287178
0.04564004958,0.06713192477,NaN,NaN,0,-9.898407482,0.7379353008,-13.62983531,0,3.847910075,38.89821388,-57.70439312
0.04564004958,0.07099563267,NaN,NaN,0,-15.99285307,0.812958268,-12.63505116,0,-20.4275635,29.34436238,-63.95271586
0.04564004958,0.07485934057,NaN,NaN,0,-48.3734547,0.825860254,-44.57308982,5.434884741,-0.9627916491,-1.732437996,-72.120546
0.04564004958,0.07872304847,NaN,NaN,0,1.837707819,0.9112260019,-88.19386192,0,12.77279035,-65.57886324,-79.48070369
0.04564004958,0.08258675637,0.3100024809,-0.8733527182,1,-54.59088987,0.92673972,-100.8128411,0,-60.44041513,-138.2687052,-70.45733616
0.04564004958,0.08645046427,-0.2780878744,-0.7511929436,1,120.6144247,0.8010141724,-319.8657718,0,-190.8420942,579.7612146,-110.3143006
0.04564004958,0.09031417218,0.03866327926,-4.349248613,1,258.4230445,4.349420461,-217.5512622,40.19434132,-13.5865083,361.666454,-89.49067424
0.04564004958,0.09417788008,0.6678889849,-2.98912101,1,282.1138749,3.062828775,-219.6991167,36.49087385,-124.2519067,-403.5470011,-77.40472329
0.04564004958,0.09804158798,0.648595813,-3.63891409,1,15.58090571,3.696264639,-307.6302629,0,-257.4280181,52.90406903,-79.89379666
0.04564004958,0.1019052959,-0.266537614,-4.382120356,1,21.5215693,4.390218801,-307.5362748,0,-234.1696189,-61.1156209,-93.48066422
0.04564004958,0.1057690038,-0.1730141362,-4.591011517,1,133.713675,4.594270415,-185.3877527,0,-67.59258705,-31.970632,-92.15819346
0.04564004958,0.1096327117,-0.01106504404,-4.974879298,1,128.4137149,4.974891603,-38.95645673,30.34260361,-63.17804093,-61.71012012,-90.12743611
0.04564004958,0.1134964196,0.07903745247,-4.503098008,1,266.4050141,4.503791579,358.4479335,0,-262.8930354,-126.6231223,-88.99445948
0.04564004958,0.1173601275,NaN,NaN,0,114.5600761,3.100707438,338.2030182,0,-134.7356695,-153.2031685,-89.95372637
0.04564004958,0.1212238354,NaN,NaN,0,69.96585805,2.604448268,211.111539,0,-70.70057338,-45.77039816,-89.9761341
0.04950375748,0.01690372206,NaN,NaN,0,-3.73991682,0.2826357447,-1.67018593,0,3.572714012,0.5940240717,-29.91029392
0.04950375748,0.02076742997,NaN,NaN,0,-3.476111513,0.284564336,-2.413697063,0,3.420390787,0.7476848171,-30.70615591
0.04950375748,0.02463113787,NaN,NaN,0,-3.128478944,0.2887380355,-3.656913003,0,3.559771098,1.129835707,-32.03306422
0.04950375748,0.02849484577,NaN,NaN,0,-2.894034104,0.2958242024,-4.836752815,0,4.287426604,1.541318642,-33.62246092
0.04950375748,0.03235855367,NaN,NaN,0,-2.809590275,0.3069032421,-6.005378332,0,5.327751868,2.420558731,-35.40202991
0.04950375748,0.03622226157,NaN,NaN,0,-2.752008461,0.322684368,-7.386756066,0,6.192290138,3.652556654,-37.48226656
0.04950375748,0.04008596947,NaN,NaN,0,-2.094175863,0.3435149299,-9.366854559,0,6.90347016,4.369468076,-39.92115493
0.04950375748,0.04394967737,NaN,NaN,0,-0.472495545,0.3710069587,-10.59725811,0,7.757074618,4.839354406,-42.24560364
0.04950375748,0.04781338527,NaN,NaN,0,1.431669154,0.4043236665,-9.662528866,0,8.876987467,4.719939095,-43.84664974
0.04950375748,0.05167709317,NaN,NaN,0,-2.172994882,0.4380870407,-7.340978873,0,13.64686131,6.624469645,-44.12385705
0.04950375748,0.05554080107,NaN,NaN,0,-9.25528154,0.4737452059,-10.81009404,0,20.35812974,10.85755257,-44.83899532
0.04950375748,0.05940450897,NaN,NaN,0,-11.01854142,0.5280319889,-23.64742881,0,28.95848404,17.41289803,-47.40577054
0.04950375748,0.06326821687,NaN,NaN,0,6.004210395,0.6379391343,-21.89250939,0,22.80543659,30.74389606,-50.56236357
0.04950375748,0.06713192477,NaN,NaN,0,-15.43406577,0.7551402923,-1.701327052,0,19.85643533,68.63909284,-51.6356815
0.04950375748,0.07099563267,0.4223299043,-0.7644657333,1,-47.17822151,0.8733672798,90.70906738,0,-33.75619294,110.1513712,-61.08149801
0.04950375748,0.07485934057,0.1559781407,-0.6672098823,1,-119.8360753,0.6851993924,249.5633058,0,-53.17247642,295.2625069,-76.84188734
0.04950375748,0.07872304847,-0.2461246037,-0.9410340975,1,-89.01970903,0.9726882817,83.04190945,0,-73.1484786,212.7207585,-104.6572067
0.04950375748,0.08258675637,-0.4705923671,-1.168251076,1,178.4071127,1.259471219,123.4638312,0,292.6941257,572.000036,-111.9404551
0.04950375748,0.08645046427,1.574072973,-2.674046976,1,222.5297996,3.102939405,159.9269587,0,364.6705765,752.4931376,-59.51688164
0.04950375748,0.09031417218,1.798178365,-3.457753703,1,-408.4801034,3.897371692,242.1149135,86.99681933,134.0386817,421.2394452,-62.52365834
0.04950375748,0.09417788008,0.5137114838,-3.366131844,1,-32.42228884,3.405105443,125.1742105,0,-185.4297568,208.4013291,-81.32293784
0.04950375748,0.09804158798,0.9564616954,-3.779318979,1,8.708481396,3.89847033,93.08174515,0,-6.423700025,286.9109046,-75.79790592
0.04950375748,0.1019052959,0.5225392116,-4.115031099,1,-168.6772836,4.148075237,91.48600341,40.94924766,9.077716883,288.2213894,-82.76313854
0.04950375748,0.1057690038,0.3398155884,-4.539447044,1,-98.31877132,4.552148295,58.59742342,21.13150464,30.11590124,192.0339198,-85.71891639
0.04950375748,0.1096327117,0.2590232436,-4.630590744,1,-111.1890969,4.63782963,84.07187882,0,140.984147,110.6229874,-86.79835913
0.04950375748,0.1134964196,0.4549349593,-4.642032772,1,145.8587995,4.664272084,141.8367835,0,-129.4712446,-246.7401955,-84.40269365
0.04950375748,0.1173601275,NaN,NaN,0,-141.0154645,3.145800941,326.5766155,0,106.0374446,-194.6757599,-84.11876584
0.04950375748,0.1212238354,NaN,NaN,0,-59.40421304,2.647450817,211.8709007,0,58.08430919,-47.5570695,-83.06220348
0.05336746538,0.01690372206,NaN,NaN,0,-5.427254171,0.2731571857,-1.715881886,0,4.475117491,1.199389771,-27.14362463
0.05336746538,0.02076742997,NaN,NaN,0,-4.782337183,0.274152206,-2.697206881,0.3390288092,3.771592637,0.9783204189,-28.36648855
0.05336746538,0.02463113787,NaN,NaN,0,-4.13145807,0.2765371114,-4.006144755,0,3.510495527,0.6551467924,-30.1324096
0.05336746538,0.02849484577,NaN,NaN,0,-3.899927677,0.2811114625,-5.131508674,0,4.683114652,0.2937453027,-31.83091974
0.05336746538,0.03235855367,NaN,NaN,0,-4.110015883,0.2901527408,-6.022969547,0,6.510119362,1.238793547,-33.4141316
0.05336746538,0.03622226157,NaN,NaN,0,-4.934954872,0.3043782453,-7.067377617,0,7.445506839,3.499966034,-35.39976168
0.05336746538,0.04008596947,NaN,NaN,0,-4.519444987,0.3220185164,-10.92949395,0,7.763751059,3.662552917,-38.53436672
0.05336746538,0.04394967737,NaN,NaN,0,-1.302337849,0.3494045727,-13.67345124,0,8.339918892,3.916542347,-41.7581028
0.05336746538,0.04781338527,NaN,NaN,0,8.050765876,0.3873255141,-10.4788156,0,5.708021854,-0.2100532131,-43.90056303
0.05336746538,0.05167709317,NaN,NaN,0,0.4965373163,0.4155238859,2.032274935,0,14.24046728,0.8540682043,-40.95730922
0.05336746538,0.05554080107,NaN,NaN,0,-19.78689106,0.4273412855,1.534513494,0,24.52667216,5.278334386,-38.15757772
0.05336746538,0.05940450897,0.3321160191,-0.2868394903,1,-13.79982214,0.438837035,-16.13394877,0,34.12542386,35.24077142,-40.81627153
0.05336746538,0.06326821687,0.4145568596,-0.4625196278,1,-16.21562976,0.6211133519,29.29286206,0,99.23991593,81.2085618,-48.13009166
0.05336746538,0.06713192477,0.6528976095,-0.4874265895,1,40.2555272,0.8147760236,165.9697005,0,145.7030273,221.8769473,-36.74351021
0.05336746538,0.07099563267,1.133046396,-0.678528899,1,154.3465522,1.320679977,304.8878718,0,287.1210782,315.4941875,-30.91543461
0.05336746538,0.07485934057,2.358599581,-0.5284062956,1,-33.91615881,2.41706541,319.1482755,0,79.48214182,359.5397255,-12.62768715
0.05336746538,0.07872304847,1.309100044,-0.8345896634,1,18.75145529,1.552508561,336.4152051,0,146.4970973,311.4067896,-32.51870514
0.05336746538,0.08258675637,2.997071719,-0.431781083,1,170.0345535,3.028014827,584.6276061,0,331.5915699,420.9021955,-8.198060684
0.05336746538,0.08645046427,3.24723686,-0.2020025009,1,-301.0880599,3.253513829,49.43063105,63.90502674,198.7508819,520.8258454,-3.559640511
0.05336746538,0.09031417218,2.601670756,-2.253114497,1,-467.0790875,3.441687909,-230.2948829,111.1754093,133.071067,644.0710781,-40.8934139
0.05336746538,0.09417788008,1.956727433,-3.580297173,1,-216.3385823,4.080111529,163.7370923,31.3748361,90.83884147,537.5401744,-61.34222456
0.05336746538,0.09804158798,2.116776416,-3.697380419,1,-216.6869857,4.260441803,263.628206,0,20.97172646,293.4000694,-60.20855778
0.05336746538,0.1019052959,1.200540839,-3.695326956,1,-322.2396561,3.885452306,180.5299726,77.07640743,-19.76969993,283.3837725,-72.00201494
0.05336746538,0.1057690038,0.7953521647,-4.094777458,1,-206.0738825,4.171305251,135.0688568,37.33139544,87.18244388,214.0677341,-79.00798137
0.05336746538,0.1096327117,0.7411790488,-4.000555543,1,-283.5635122,4.068635033,-22.72864059,81.81992565,-6.735569034,358.2824126,-79.50387833
0.05336746538,0.1134964196,-0.3262786892,-5.566892875,1,-35.89353782,5.576446365,311.506893,0,-23.38849416,-168.443828,-93.35430014
0.05336746538,0.1173601275,0.5121305935,-2.14616615,1,-76.04712248,2.206424005,512.2946346,0,325.0887723,-371.9301184,-76.57873811
0.05336746538,0.1212238354,NaN,NaN,0,-90.99392656,2.242566787,96.72633025,0,155.0851624,98.97316696,-73.52605529
0.05723117328,0.01690372206,NaN,NaN,0,-8.206272917,0.2637967025,-1.857760854,0,5.634281415,3.10333283,-22.90589108
0.05723117328,0.02076742997,NaN,NaN,0,-6.332559148,0.2631702624,-3.381921735,1.187327448,3.442332575,2.039878209,-25.24963921
0.05723117328,0.02463113787,NaN,NaN,0,-4.715088477,0.2627296884,-4.53895046,0,2.027503722,0.218685741,-28.06886636
0.05723117328,0.02849484577,NaN,NaN,0,-4.464202651,0.2624653697,-5.66016758,0,4.424417114,-2.26027777,-29.85092207
0.05723117328,0.03235855367,NaN,NaN,0,-4.795590708,0.2690279972,-5.887613563,0,8.584104089,-1.259095881,-30.55365256
0.05723117328,0.03622226157,NaN,NaN,0,-8.358350156,0.2841813347,-3.930290902,0,9.315866796,5.445961017,-31.5093941
0.05723117328,0.04008596947,NaN,NaN,0,-9.746311364,0.2921046173,-13.61029239,0,8.366108347,2.86423521,-36.31371525
0.05723117328,0.04394967737,NaN,NaN,0,-8.268176742,0.3180614131,-22.68823731,0,12.13082804,7.374315277,-41.84316472
0.05723117328,0.04781338527,0.2502981268,-0.2891390529,1,-3.595995321,0.382427175,-7.957897555,0,26.54790398,2.322897181,-49.11834283
0.05723117328,0.05167709317,0.325626841,-0.2518988156,1,8.345171512,0.4116865955,37.33470224,0,20.63041161,4.643843516,-37.72486366
0.05723117328,0.05554080107,0.3622513162,-0.1628311237,1,-3.21449741,0.3971649418,50.70920474,0,30.53782512,38.19553531,-24.20380634
0.05723117328,0.05940450897,0.4311961982,-0.2035496522,1,10.00734799,0.4768255679,77.76946134,0,111.6211706,47.68780571,-25.27003218
0.05723117328,0.06326821687,0.8321883845,-0.04660439323,1,119.7237648,0.8334923376,93.172837,0,277.8257073,88.28698833,-3.205342472
0.05723117328,0.06713192477,1.967211234,-0.1846721601,1,204.6609693,1.97586028,96.01690704,0,309.6420357,149.0383467,-5.362930466
0.05723117328,0.07099563267,2.819304968,-0.2514637486,1,54.98226823,2.830497221,119.6883336,0,154.9246705,131.1798369,-5.096924936
0.05723117328,0.07485934057,2.778230332,-0.2290719722,1,-120.9270387,2.787658111,-53.94103895,30.51549264,-24.64157774,-3.212953973,-4.713516757
0.05723117328,0.07872304847,2.256870355,-0.4474622513,1,-15.55339451,2.300801222,85.24280842,0,180.2270075,166.7629417,-11.21440993
0.05723117328,0.08258675637,3.414481072,-0.5440419553,1,222.4485898,3.457551538,2.599823918,41.15947207,171.0871304,79.04272893,-9.053050655
0.05723117328,0.08645046427,3.777377426,-0.7428153073,1,90.44445633,3.849721393,-39.8058556,0,-94.99768656,114.1671852,-11.12516853
0.05723117328,0.09031417218,3.39688872,-1.138948809,1,-182.1496359,3.58274439,-92.93390579,43.95317714,38.72900451,278.8521439,-18.53587823
0.05723117328,0.09417788008,3.223242,-2.179288005,1,-271.5278586,3.890833484,-0.06034947162,54.12965304,196.9278931,445.6582114,-34.06328555
0.05723117328,0.09804158798,3.108656244,-2.861075135,1,-309.9960001,4.224866219,133.7058029,78.02305524,74.91725985,332.2424299,-42.62514806
0.05723117328,0.1019052959,2.314966414,-2.946375539,1,-352.5700799,3.747025262,244.1125234,73.53344452,-14.92117134,385.2502952,-51.84328969
0.05723117328,0.1057690038,1.688777393,-3.406390259,1,-278.8330943,3.80203415,241.2310323,32.74292808,82.27025115,400.3095416,-63.62928315
0.05723117328,0.1096327117,1.555505004,-3.561008433,1,-259.7006201,3.885920338,158.0517496,54.56010713,83.42214444,465.3541408,-66.40353085
0.05723117328,0.1134964196,1.007688854,-4.593716936,1,-506.5474622,4.70294292,767.4506644,0,327.7457614,254.5657338,-77.62743043
0.05723117328,0.1173601275,0.8646674594,-1.579370874,1,-106.5717522,1.800572735,658.5195211,0,124.2301645,-96.30689949,-61.30035831
0.05723117328,0.1212238354,NaN,NaN,0,-55.13139597,1.992709283,115.8672514,0,164.481454,166.5528927,-57.32139001
0.06109488118,0.01690372206,NaN,NaN,0,-13.98588365,0.2578931843,-2.725672653,0,7.858515964,8.320924223,-16.01378014
0.06109488118,0.02076742997,NaN,NaN,0,-8.26953589,0.2535200217,-5.674042165,1.671524183,1.692954649,5.099447268,-21.39549918
0.06109488118,0.02463113787,NaN,NaN,0,-3.93213404,0.2494245043,-5.107567771,0,-3.267230329,0.4399957326,-26.8798921
0.06109488118,0.02849484577,NaN,NaN,0,-4.446203744,0.2373568615,-7.082597624,0,2.402945994,-8.294446245,-28.68207243
0.06109488118,0.03235855367,NaN,NaN,0,-2.249794139,0.2402667395,-7.937026223,0,14.08601308,-9.460860316,-26.73513137
0.06109488118,0.03622226157,0.2539640081,-0.1080315431,1,-8.582777276,0.2759864702,-13.06416482,0,7.493981502,-7.229546084,-23.04399457
0.06109488118,0.04008596947,0.2103744071,-0.1306312658,1,-17.49063285,0.2476326286,-3.200419847,4.848888642,3.90534678,8.666839197,-31.83807151
0.06109488118,0.04394967737,0.201474431,-0.1538831656,1,-17.94201185,0.2535191807,5.445147137,0,30.0906497,11.00366114,-37.37205147
0.06109488118,0.04781338527,0.2573131951,-0.1521077403,1,4.921085691,0.2989094261,-15.7696288,0,66.13016983,2.612898267,-30.58896895
0.06109488118,0.05167709317,0.4759957283,-0.2249078807,1,40.99720963,0.5264555899,-14.76001619,0,68.27953539,-19.54664615,-25.29072446
0.06109488118,0.05554080107,0.6795266182,-0.1336136003,1,44.97271257,0.6925380993,42.33711694,0,43.24578982,-43.24764468,-11.12401284
0.06109488118,0.05940450897,0.8168462529,0.105766639,1,36.18099391,0.8236652129,66.83486763,0,76.69969309,-6.140032164,7.377707151
0.06109488118,0.06326821687,1.11566462,0.1483400966,1,55.36347321,1.125483154,33.86484301,0,147.2587997,82.41329894,7.5736926
0.06109488118,0.06713192477,1.599719529,-0.08181041374,1,73.19457481,1.601810075,-95.70286186,0,182.1723249,18.36392522,-2.927582839
0.06109488118,0.07099563267,2.102327728,-0.2923806498,1,35.41583993,2.122561736,-138.6597019,0,103.8425438,-119.3577806,-7.917608533
0.06109488118,0.07485934057,2.137773247,-0.1563873995,1,-1.832872754,2.143485823,-69.3339152,0,48.53643538,-124.780465,-4.183982179
0.06109488118,0.07872304847,2.282776652,-0.0781513774,1,110.7699648,2.284114026,-29.92191978,0,193.2751336,92.71658511,-1.96076823
0.06109488118,0.08258675637,3.312514696,-0.6302267598,1,143.5160765,3.371934071,-141.1897769,0,180.4656263,76.30735738,-10.77213918
0.06109488118,0.08645046427,3.534547317,-0.9184967735,1,47.441001,3.651939356,-201.8652469,0,-45.50249372,-2.710132365,-14.56684378
0.06109488118,0.09031417218,3.320004521,-1.399703949,1,74.39392277,3.602998913,-140.6150019,0,-37.16541084,79.85306448,-22.86014223
0.06109488118,0.09417788008,3.678387413,-1.770320983,1,36.49415077,4.08222615,-56.55997922,0,118.0361031,153.2084833,-25.70041321
0.06109488118,0.09804158798,3.917064284,-2.210188015,1,-106.2204592,4.497590874,16.8186949,13.31027624,94.27015658,177.3974015,-29.43369222
0.06109488118,0.1019052959,3.632214934,-2.390750201,1,-194.8937531,4.348410267,170.8450062,25.87373813,28.47673809,297.5087207,-33.35320229
0.06109488118,0.1057690038,3.274077548,-2.69957961,1,-223.1714397,4.243502546,312.8173338,0,98.3230729,386.3423553,-39.5066507
0.06109488118,0.1096327117,3.149837313,-2.674829407,1,-155.6661309,4.132334383,368.0085018,0,245.8428739,275.8296769,-40.33778408
0.06109488118,0.1134964196,3.622494143,-2.343427555,1,-389.9507857,4.314408015,480.7577124,0,269.475485,113.1278392,-32.89923059
0.06109488118,0.1173601275,2.684355942,-1.254414961,1,-216.6250136,2.962992358,410.9181942,0,-273.9295907,141.3738149,-25.04695454
0.06109488118,0.1212238354,NaN,NaN,0,-338.7256317,2.162906154,32.36167167,0,-156.7680875,56.98664189,-37.01052834
0.06495858908,0.01690372206,NaN,NaN,0,-28.3209192,0.2652437931,-6.305067101,0,13.40923476,22.41984473,-3.950576158
0.06495858908,0.02076742997,NaN,NaN,0,-10.35940865,0.247075158,-14.24265572,0,-2.793641536,12.35864013,-17.37108428
0.06495858908,0.02463113787,0.2137939906,-0.1210538575,1,-17.72135363,0.2456866029,-4.26016618,4.980385241,0.231319908,3.610810822,-29.51929002
0.06495858908,0.02849484577,0.1682299565,-0.104177711,1,-12.65403288,0.1978744899,17.36560474,0,-0.1160671611,5.094591035,-31.76818495
0.06495858908,0.03235855367,0.1644540542,-0.07364224489,1,-6.206155028,0.1801896672,17.65691228,0,5.078001373,13.05782092,-24.12275376
0.06495858908,0.03622226157,0.1638711003,-0.08640816537,1,2.403102832,0.1852568719,10.54626377,0,21.41871969,14.86234328,-27.80238986
0.06495858908,0.04008596947,0.2564946181,-0.09031831539,1,-10.19551129,0.2719317694,53.6996668,0,45.55782746,38.21829164,-19.39847008
0.06495858908,0.04394967737,0.3005007607,-0.02659265385,1,-62.68704818,0.3016751173,75.91554144,0,47.92654959,66.16498952,-5.057185378
0.06495858908,0.04781338527,0.1994643631,-0.05264503091,1,-39.85774968,0.2062947683,25.01209645,8.280129097,12.05418772,56.04322696,-14.785036
0.06495858908,0.05167709317,0.1930759187,-0.146487878,1,-7.536795992,0.2423571925,-14.59111009,0,48.75858191,15.65403808,-37.18781254
0.06495858908,0.05554080107,0.358733303,-0.1695034488,1,51.41851295,0.3967631559,1.398404752,0,70.90631257,-24.35163809,-25.29099071
0.06495858908,0.05940450897,0.6657033135,-0.046997234,1,127.5446778,0.6673602038,65.52992379,0,111.2725105,-58.17398103,-4.038259742
0.06495858908,0.06326821687,1.28145316,0.3084523056,1,109.3513766,1.318053499,56.96331579,0,150.1643234,-16.38158376,13.53392592
0.06495858908,0.06713192477,1.668396174,0.2363860338,1,12.56077724,1.685059094,-40.79428382,0,127.4466034,35.69577841,8.064253092
0.06495858908,0.07099563267,1.822400783,0.01291704782,1,-18.82952159,1.82244656,-74.73801605,0,111.9610168,-4.638070807,0.4061016312
0.06495858908,0.07485934057,2.028229068,-0.03445967841,1,62.45410711,2.028521782,-26.76085166,0,112.7894242,9.888768422,-0.9733635238
0.06495858908,0.07872304847,2.4994906,-0.1286863788,1,153.5814887,2.502801119,-43.96535359,12.8305147,140.324085,50.97453813,-2.947273338
0.06495858908,0.08258675637,3.163794355,-0.4012796881,1,62.21937826,3.189140967,-279.4012121,0,63.94629737,-27.50964357,-7.228510104
0.06495858908,0.08645046427,2.986957917,-1.101921822,1,44.33588433,3.183731977,-301.15095,0,-44.76863244,1.330974113,-20.24957569
0.06495858908,0.09031417218,3.162122342,-1.569981488,1,108.1597814,3.530419179,-145.9647366,0,49.64347054,51.33586602,-26.40422036
0.06495858908,0.09417788008,3.596663589,-1.864233719,1,106.007448,4.051093226,-82.60068736,0,74.37062034,51.06792416,-27.39874928
0.06495858908,0.09804158798,3.85905051,-2.086437959,1,20.90616557,4.386968679,-26.5183444,0,115.720317,30.18974372,-28.39835864
0.06495858908,0.1019052959,4.124548409,-2.083337208,1,-27.14228216,4.620843375,110.6172928,0,164.5946236,130.7511678,-26.79864851
0.06495858908,0.1057690038,4.390126207,-2.16422937,1,-145.4218873,4.894598746,216.1321263,0,124.3434959,197.0721221,-26.24221742
0.06495858908,0.1096327117,4.043107661,-2.009694919,1,-261.8166392,4.515040778,200.359732,48.46436154,-19.73597388,169.7303651,-26.43044928
0.06495858908,0.1134964196,3.302289152,-2.045886444,1,-200.3035603,3.884683383,60.13941966,51.47132141,-70.04431014,6.068071094,-31.77969827
0.06495858908,0.1173601275,2.998562458,-1.800779022,1,-158.2179187,3.497739542,127.8349604,0,-328.6609071,-149.5227336,-30.98681439
0.06495858908,0.1212238354,NaN,NaN,0,-600.0508464,1.723018378,-69.4143056,0,-216.4864867,-497.252907,-34.43260205
0.06882229698,0.01690372206,0.3101485296,0.09008850942,1,-98.32089494,0.3229675679,-13.97509293,0,56.19594081,65.40027765,16.19693897
0.06882229698,0.02076742997,0.2287692705,-0.0632531138,1,-44.95132951,0.237352766,-8.755770037,11.12789618,21.61061528,25.79519982,-15.45575189
0.06882229698,0.02463113787,0.2199668276,-0.04340634579,1,-12.28856195,0.2242086441,23.39708138,0,29.43340895,23.97244628,-11.16283447
0.06882229698,0.02849484577,0.2950119513,-0.06547615571,1,10.31017595,0.3021906325,44.81981882,0,19.01065485,50.27648734,-12.51362031
0.06882229698,0.03235855367,0.3332539532,-0.06448931906,1,10.40226003,0.3394364,59.83215901,0,4.3823702,51.83067377,-10.95216578
0.06882229698,0.03622226157,0.352135444,-0.03456075397,1,18.50707732,0.3538273825,97.839685,0,41.60735215,59.20512139,-5.605410387
0.06882229698,0.04008596947,0.5655185493,0.0847833496,1,-3.534386286,0.5718386538,199.358266,0,106.6210241,119.6275441,8.526362889
0.06882229698,0.04394967737,0.750432101,0.273495466,1,-58.19542055,0.798716538,166.1113022,0,59.48142338,175.5112176,20.02430207
0.06882229698,0.04781338527,0.5704872886,0.04846482238,1,-86.12927972,0.5725422128,82.8323183,4.980180199,16.16293227,155.5330652,4.855810837
0.06882229698,0.05167709317,0.4801025715,-0.007398984277,1,-42.8511412,0.480159582,64.38356096,0,48.11932946,92.02106876,-0.882930106
0.06882229698,0.05554080107,0.5908420292,-0.05831843488,1,-15.57237135,0.5937131827,13.61878787,0,110.0838885,0.6015714798,-5.637060083
0.06882229698,0.05940450897,0.8452674671,0.04289573752,1,24.4466727,0.8463552063,44.52522178,0,151.9689797,-49.77482521,2.905161029
0.06882229698,0.06326821687,1.272460579,0.3060294017,1,74.74669932,1.308743642,18.19604667,0,115.4211254,-64.4134909,13.5229299
0.06882229698,0.06713192477,1.580020394,0.3620748605,1,45.97031349,1.620975832,-40.16955012,0,89.43876732,-16.08035458,12.90695573
0.06882229698,0.07099563267,1.795641714,0.2129557866,1,28.19463731,1.808225465,-53.21030524,0,99.2901686,30.64212509,6.763454607
0.06882229698,0.07485934057,2.072584446,0.03809356292,1,53.53010611,2.072934491,-2.584740053,0,79.55872791,86.01665223,1.052962964
0.06882229698,0.07872304847,2.309858094,-0.1293741128,1,42.93272585,2.31347835,-42.78225026,0,-28.9263999,128.4646526,-3.205761404
0.06882229698,0.08258675637,2.126700798,-0.6235544488,1,108.2830918,2.21623023,-222.1374305,0,-91.13054948,71.2068169,-16.34128037
0.06882229698,0.08645046427,2.376130507,-1.262770599,1,144.3591068,2.690833658,-173.1559159,0,69.86138551,86.24242856,-27.98796007
0.06882229698,0.09031417218,2.954386206,-1.625793882,1,148.9374255,3.372180838,-92.33244096,0,156.5782992,70.6679363,-28.82391664
0.06882229698,0.09417788008,3.556554026,-1.892556444,1,86.31799067,4.028752467,-8.499682865,0,166.5125331,47.93831737,-28.01887478
0.06882229698,0.09804158798,3.931249499,-1.843853829,1,54.56804369,4.342179126,51.85628485,0,206.3828775,-10.93874194,-25.12774587
0.06882229698,0.1019052959,4.564792162,-1.649934803,1,-1.502234286,4.853824506,47.19484622,0,244.6180683,-1.092671017,-19.872286
0.06882229698,0.1057690038,4.870578067,-1.657284967,1,-133.2941384,5.144815271,3.805309988,0,137.167408,26.98657185,-18.79161816
0.06882229698,0.1096327117,4.579757345,-1.739500428,1,-210.4277545,4.898983473,-3.95972989,59.42020955,-46.39226002,43.3675782,-20.79796435
0.06882229698,0.1134964196,3.878300548,-1.840143862,1,-342.9333946,4.292708303,10.10770594,86.30109156,-169.3197764,55.00148647,-25.38301606
0.06882229698,0.1173601275,2.600560721,-1.912956882,1,-630.0252589,3.228361829,206.6958738,96.36631896,-493.4040487,-316.1536152,-36.33797701
0.06882229698,0.1212238354,-0.4623021433,0.1799938398,1,-885.0645362,0.49610589,413.0381939,0,-700.3880618,-670.3515322,158.7269257
0.07268600488,0.01690372206,0.463305427,0.5787336985,1,-137.3002625,0.7413397416,-104.3697623,0,53.61706824,100.2649314,51.32097192
0.07268600488,0.02076742997,0.3016417175,0.183409357,1,-45.57873807,0.3530250954,-54.1717989,0,28.37003083,85.2243618,31.30115353
0.07268600488,0.02463113787,0.3968160089,0.04014765108,1,17.85939591,0.3988417967,-16.47663871,0,42.70744675,49.25580418,5.777211518
0.07268600488,0.02849484577,0.535654306,-0.07056160193,1,15.77550397,0.5402818479,4.159835487,0,35.74770112,39.63068251,-7.504350165
0.07268600488,0.03235855367,0.5958866234,-0.09690134079,1,14.64876481,0.6037141193,60.46007711,0,46.17158175,41.46118982,-9.236421551
0.07268600488,0.03622226157,0.7706463595,0.002844548973,1,95.20513631,0.7706516093,122.8066945,0,135.9396635,10.94747375,0.2114846954
0.07268600488,0.04008596947,1.488962613,0.335290014,1,59.57649523,1.526246722,199.1186279,0,160.3635343,89.06068362,12.69039764
0.07268600488,0.04394967737,1.620430389,0.4280762977,1,-141.3612893,1.676020275,388.7507132,0,45.98036423,386.8633597,14.79802092
0.07268600488,0.04781338527,1.120438579,0.3425821967,1,-184.0278706,1.171642083,90.82306765,45.57789573,-28.9935814,148.5605714,17.00139111
0.07268600488,0.05167709317,0.7973777222,0.2049954482,1,-154.7753781,0.8233069693,83.01857266,36.93509474,-28.14786017,89.89967295,14.41777132
0.07268600488,0.05554080107,0.4136766178,0.3159956352,1,-98.73176645,0.5205589165,47.9121357,18.13770185,59.40235883,-14.38974345,37.37516578
0.07268600488,0.05940450897,0.6454203793,0.4457117109,1,14.78139165,0.7843636881,-19.51542987,0,163.5979931,-58.23750089,34.62802056
0.07268600488,0.06326821687,1.102882456,0.4656064069,1,53.89232656,1.197137852,-52.69151222,0,154.6230722,-41.98255864,22.88812334
0.07268600488,0.06713192477,1.451062973,0.4043354424,1,68.68793225,1.506343553,-21.11599516,0,94.96871249,24.95296185,15.57037609
0.07268600488,0.07099563267,1.735203927,0.2876094137,1,100.868597,1.758878007,16.84633131,0,131.944715,104.3861086,9.411192507
0.07268600488,0.07485934057,2.350585606,0.06610731325,1,162.2605764,2.351515015,60.13792596,25.92184579,121.2335375,239.7422031,1.610948308
0.07268600488,0.07872304847,2.830542375,-0.4063290507,1,114.0870445,2.859558258,-43.30178464,26.16555874,-54.54399656,277.0803702,-8.169095483
0.07268600488,0.08258675637,2.580642551,-1.17175575,1,70.29554304,2.834206681,-0.5643821627,0,-116.7257572,253.9657819,-24.4206999
0.07268600488,0.08645046427,2.651149589,-1.389759256,1,85.55414245,2.993330075,67.92058954,8.35814616,43.27921834,163.3479986,-27.66397996
0.07268600488,0.09031417218,3.078417024,-1.540459384,1,99.44562643,3.442334454,49.63360722,0,184.7097474,92.24194613,-26.58367322
0.07268600488,0.09417788008,3.749042952,-1.554385432,1,13.9268654,4.058501833,51.10070839,0,229.0332505,40.59535981,-22.51931639
0.07268600488,0.09804158798,4.017143944,-1.499869786,1,-39.89423163,4.288012924,113.4010087,0,183.1842549,4.183336616,-20.47398254
0.07268600488,0.1019052959,4.302673747,-1.13240025,1,-57.61169141,4.4491945,9.628543596,0,184.9383718,-88.88429402,-14.74502846
0.07268600488,0.1057690038,4.509097045,-1.119244957,1,-158.1698326,4.645929986,-116.9131559,0,130.3971143,-53.88835199,-13.94017881
0.07268600488,0.1096327117,4.195368076,-1.375909682,1,-235.1144446,4.415228278,-148.0322439,52.77407604,-12.1208579,-81.81368253,-18.15738138
0.07268600488,0.1134964196,3.553852053,-1.375094135,1,-338.6611661,3.810609964,-87.65469889,91.80292897,-80.55229402,-114.3117631,-21.15297942
0.07268600488,0.1173601275,2.575649718,-1.272914573,1,-546.2112614,2.873026798,164.9778759,130.1108227,-263.0900951,-123.4426743,-26.29909169
0.07268600488,0.1212238354,0.426948008,-0.2607213767,1,-460.1563169,0.5002601701,574.7526661,0,-652.0922099,50.8035362,-31.41087075
0.07654971278,0.01690372206,0.294288662,0.8277373087,1,29.43421124,0.878495799,-164.7799722,0,-1.244377761,148.5325222,70.4279764
0.07654971278,0.02076742997,0.3487473032,0.2224633288,1,24.79680428,0.4136600224,-112.7365497,0,-11.25352213,87.88370013,32.53350252
0.07654971278,0.02463113787,0.3466159482,0.05259926455,1,10.0956283,0.3505842241,-47.41883138,0,19.78717379,7.13310526,8.628849153
0.07654971278,0.02849484577,0.4642057217,0.01169058021,1,17.74602022,0.4643529064,-24.16117598,0,80.71691205,-25.37927355,1.44263485
0.07654971278,0.03235855367,0.7270479575,0.05730563778,1,10.17009985,0.7293028648,23.87719212,0,94.5781806,-4.886623146,4.506713811
0.07654971278,0.03622226157,0.8689224804,0.1228255605,1,85.44753566,0.8775604796,80.24510936,0,160.9249384,-27.65367641,8.045676414
0.07654971278,0.04008596947,1.678959232,0.4741950288,1,351.0627438,1.744638939,78.32265466,0,393.8837986,-148.0151936,15.77147934
0.07654971278,0.04394967737,3.747178322,0.997328893,1,-48.90938364,3.877629469,-24.95519522,12.1730647,1.399714048,-69.80253,14.90402434
0.07654971278,0.04781338527,1.495395746,0.6474720305,1,-370.306232,1.629548547,-53.16735905,59.96021924,-302.3559427,80.24752354,23.41150399
0.07654971278,0.05167709317,1.148208163,0.4818527571,1,-168.6298796,1.245216473,47.46075913,45.93070412,-31.96317893,71.99843088,22.76566263
0.07654971278,0.05554080107,0.720362761,0.5526656343,1,-125.4165266,0.9079437266,77.22361099,27.19459966,-30.74313261,42.01731112,37.49558664
0.07654971278,0.05940450897,0.5448528542,0.6178796161,1,6.019813397,0.8237960019,23.06594797,0,42.19937587,-13.83071937,48.59380748
0.07654971278,0.06326821687,0.9066676235,0.6952235794,1,93.99330586,1.142533153,-38.7144114,0,177.7644163,1.211872196,37.48062636
0.07654971278,0.06713192477,1.594845312,0.4636161187,1,147.4957987,1.660864677,-26.40968105,0,203.8197928,67.33414213,16.20896846
0.07654971278,0.07099563267,2.26404845,0.3330248292,1,204.4018611,2.28841013,19.28334967,0,219.1261071,170.4435991,8.367781787
0.07654971278,0.07485934057,3.231233669,-0.1204229313,1,135.0317933,3.233476876,-35.17303016,19.9843121,110.6031863,253.1355211,-2.134334642
0.07654971278,0.07872304847,3.213110262,-0.7809151983,1,-9.498526516,3.306645748,-81.14891826,0,-22.97387685,236.092246,-13.66032697
0.07654971278,0.08258675637,3.105769788,-1.346150124,1,-6.088050841,3.384955854,6.435299578,0,20.73059581,173.42343,-23.43360916
0.07654971278,0.08645046427,3.269684779,-1.426108557,1,-43.11284513,3.567159117,138.7869012,0,145.8074911,125.8998245,-23.56494612
0.07654971278,0.09031417218,3.502551903,-1.296358224,1,-63.06748578,3.73475762,239.937874,0,229.0106905,145.5569421,-20.31043061
0.07654971278,0.09417788008,3.910840849,-1.061448205,1,-53.59504402,4.0523263,93.90076707,0,282.1343597,12.52440179,-15.18494022
0.07654971278,0.09804158798,4.385561063,-0.9819437185,1,-54.34587646,4.494147227,62.47313225,0,144.344979,-27.76557265,-12.62058741
0.07654971278,0.1019052959,4.258571093,-0.7127922077,1,-119.6359661,4.317812002,67.44143649,18.84140987,74.36594697,-46.3345411,-9.501986836
0.07654971278,0.1057690038,4.210650932,-0.542346575,1,-190.8821318,4.245435323,-84.34879367,47.90431493,44.16522542,-41.61105533,-7.339486729
0.07654971278,0.1096327117,3.691699823,-0.877918345,1,-282.1351224,3.79465258,-113.2146278,74.80872838,-5.849846229,-35.42924496,-13.37696023
0.07654971278,0.1134964196,3.097961133,-0.8428865732,1,-261.1706747,3.210579536,-66.95874952,72.85907314,20.29863176,-82.19254851,-15.2204793
0.07654971278,0.1173601275,2.761040608,-0.8190593955,1,-322.9111179,2.87996589,-213.1657577,69.79589048,27.00447452,-285.9704815,-16.52292679
0.07654971278,0.1212238354,1.954664298,-0.5615903864,1,-192.379773,2.033739481,267.7851307,0,-225.0308236,134.509523,-16.02977364
0.08041342068,0.01690372206,0.4005300259,0.4602005918,1,56.30432384,0.6100892446,-137.51727,0,-157.1983171,77.86089858,48.96571261
0.08041342068,0.02076742997,0.2056175664,0.04412142601,1,10.51157379,0.2102980833,-104.0700137,0,-51.75855711,-5.043987449,12.11087947
0.08041342068,0.02463113787,0.2411637306,0.07759295194,1,13.98734831,0.2533389254,-5.297904824,0,21.89189435,-38.58668018,17.83526102
0.08041342068,0.02849484577,0.3442444797,0.1727395304,1,25.47033934,0.3851534852,17.56982635,0,85.32916084,-21.6758619,26.64718528
0.08041342068,0.03235855367,0.6692606348,0.2292268277,1,47.92613504,0.7074282549,10.31794306,0,115.026094,-21.18745511,18.90671976
0.08041342068,0.03622226157,0.9738442945,0.2944671862,1,41.53888424,1.0173906,51.32510071,0,100.9228077,-18.94709406,16.82405906
0.08041342068,0.04008596947,1.219690999,0.5007380618,1,37.53978445,1.318478191,-2.841188929,3.803928905,35.05108694,-87.73082816,22.32035734
0.08041342068,0.04394967737,1.254314218,0.6224559559,1,54.76830234,1.400269822,-302.9401063,0,-53.37652404,-329.9566943,26.3929987
0.08041342068,0.04781338527,1.225068424,0.6051222662,1,10.62232368,1.366369496,9.254905548,0,-9.426860456,-19.3651937,26.28705846
0.08041342068,0.05167709317,1.258933138,0.7330356595,1,-145.8240556,1.456795773,339.5679653,0,55.06157496,319.7259609,30.21084601
0.08041342068,0.05554080107,0.8743887106,0.6817859755,1,-120.3724046,1.108777585,30.76656666,32.62019289,-29.18096442,68.95182574,37.94456524
0.08041342068,0.05940450897,0.681102605,0.5854989723,1,-9.67940754,0.8981702539,48.38433717,0,31.31533094,20.5645497,40.68347497
0.08041342068,0.06326821687,0.9579835988,0.7892735082,1,100.9018219,1.241243427,-5.933614141,0,139.3028093,-15.36909218,39.48478287
0.08041342068,0.06713192477,1.609183136,0.6219549033,1,148.5012995,1.725195139,-69.18735189,0,242.3848332,45.92846957,21.13169121
0.08041342068,0.07099563267,2.468253438,0.3444995993,1,180.7236588,2.492178767,-77.9438055,0,229.1276832,90.34857291,7.945569871
0.08041342068,0.07485934057,3.192729004,-0.02827768874,1,75.72318592,3.192854228,-150.3574708,0,172.9873069,57.44640269,-0.5074498505
0.08041342068,0.07872304847,3.429198134,-0.4583938683,1,-108.8591908,3.4597001,-99.84225776,0,130.2984774,169.2926434,-7.613807809
0.08041342068,0.08258675637,3.275564145,-1.068136333,1,-134.1723193,3.44532084,298.7758158,0,197.4855031,350.9102934,-18.06075004
0.08041342068,0.08645046427,3.673821783,-0.659826261,1,-8.634693311,3.732604611,381.1753085,0,343.1041406,211.343188,-10.181892
0.08041342068,0.09031417218,4.567856391,-0.4119546268,1,-123.236158,4.586394949,210.6819352,0,249.129975,106.4812065,-5.153310018
0.08041342068,0.09417788008,4.160238718,-0.2572250824,1,-230.6832724,4.168183169,-37.55681071,55.47886631,122.8561317,45.32516145,-3.538059993
0.08041342068,0.09804158798,4.151243816,-0.7321863575,1,-69.02350773,4.215319926,-63.84064514,0,126.9952575,-31.33082646,-10.00281194
0.08041342068,0.1019052959,4.384224626,-0.3828335257,1,-109.7879694,4.400907529,-21.19194079,21.97593692,76.44724118,-156.0612801,-4.990448875
0.08041342068,0.1057690038,4.022424981,-0.2110906255,1,-177.2583576,4.027960027,-193.6762408,0,-20.26512882,-212.9348001,-3.00403799
0.08041342068,0.1096327117,3.621051571,-0.308424078,1,-267.0843503,3.634162887,-235.4421638,36.49990907,-3.342401218,-215.6455517,-4.868433483
0.08041342068,0.1134964196,2.977575004,-0.2875789523,1,-500.6177646,2.991430187,-21.90170176,122.070895,-269.0880619,-122.1890822,-5.516607427
0.08041342068,0.1173601275,0.6471330874,0.07905706601,1,-243.2049333,0.6519442096,-83.31169267,66.02445012,-14.6504715,-57.61188576,6.965030953
0.08041342068,0.1212238354,1.98129704,-0.3868754993,1,304.362874,2.018715089,-176.9663289,0,386.250385,64.2178275,-11.04876673
0.08427712858,0.01690372206,0.06379386837,0.002825467936,1,37.17550962,0.06385640853,-69.1914358,0,-107.9009355,-58.34396162,2.536006369
0.08427712858,0.02076742997,-0.07283732501,-0.01813026792,1,20.95634304,0.07505985964,-21.74047842,0,8.358725533,-42.52741566,-166.0223064
0.08427712858,0.02463113787,0.1770587304,0.08314012155,1,69.68923626,0.1956069371,22.50247107,2.880876119,65.20153139,-45.07454469,25.15298465
0.08427712858,0.02849484577,0.4483411997,0.2429675818,1,58.93677688,0.5099441902,50.87526579,0,72.54122835,-9.538244692,28.45439854
0.08427712858,0.03235855367,0.685051338,0.3165602793,1,48.80821263,0.7546560449,32.15348712,0,92.42411003,3.864569939,24.80152468
0.08427712858,0.03622226157,0.9940216406,0.3522676946,1,65.2021119,1.054595444,22.17887717,0,101.4678571,-16.13125214,19.51363147
0.08427712858,0.04008596947,1.329015414,0.4645794286,1,35.39698582,1.407876421,28.89087533,0,44.27474945,-29.91822314,19.2679223
0.08427712858,0.04394967737,1.301849954,0.5794888729,1,6.752683298,1.424998476,89.36226828,0,26.19937605,62.07542013,23.99514886
0.08427712858,0.04781338527,1.456332546,0.5700078394,1,284.7460941,1.563909659,194.5162647,0,334.7824579,18.90069031,21.37535031
0.08427712858,0.05167709317,3.695527315,1.258016155,1,-74.28536262,3.903783649,70.10986557,5.270893736,-16.47901541,-16.59308702,18.79938919
0.08427712858,0.05554080107,1.105645501,0.9050027223,1,-404.1649564,1.428804361,-32.23974388,61.50132908,-342.3397422,92.44484833,39.30131465
0.08427712858,0.05940450897,0.8112512131,0.776271311,1,-83.5291838,1.122820413,18.36064835,23.38943963,10.72727435,34.2544338,43.7377335
0.08427712858,0.06326821687,0.8243601888,0.8435937779,1,75.52646307,1.179499972,-26.6087455,0,104.0234899,-39.57125717,45.6606625
0.08427712858,0.06713192477,1.504979785,0.8263546698,1,152.2031316,1.716923468,-84.47766079,0,232.8199337,-0.7368746681,28.77031887
0.08427712858,0.07099563267,2.311976848,0.520043841,1,118.0854345,2.369743139,-120.9129667,0,235.790348,26.8666955,12.67682283
0.08427712858,0.07485934057,2.872252442,0.2553772213,1,72.35522601,2.883583121,-112.3246374,0,230.3253719,-14.76972982,5.080911991
0.08427712858,0.07872304847,3.481446265,0.1431201739,1,208.2217447,3.484386816,-23.78440102,0,501.9030292,59.06306179,2.354069714
0.08427712858,0.08258675637,5.615967141,-0.06472117532,1,-17.2806768,5.616340068,-15.77871245,0,554.9913326,38.62825226,-0.6602755931
0.08427712858,0.08645046427,5.559003175,-0.06709244554,1,-312.5606178,5.559408034,25.87250573,86.95350052,82.73229633,-27.7228815,-0.6914778085
0.08427712858,0.09031417218,4.727977639,0.1423557458,1,-389.1797003,4.730120264,17.24090547,112.2511148,-29.62724079,-78.94059667,1.724610524
0.08427712858,0.09417788008,3.940855488,0.3045247842,1,-272.9443981,3.952603866,-134.4890983,63.74413599,89.14910052,-39.51809588,4.418680198
0.08427712858,0.09804158798,4.017846296,-0.2245844666,1,-293.7247649,4.024118169,-123.2743654,51.46847473,198.7022958,-46.20887672,-3.199317417
0.08427712858,0.1019052959,3.573716423,0.006766246775,1,-341.0163044,3.573722828,-137.4060203,90.2583822,-15.69328397,-212.1564615,0.1084800455
0.08427712858,0.1057690038,2.639624641,0.06422940337,1,-314.2022802,2.640405965,-181.0912402,67.67108501,-106.3491209,-215.8602403,1.393890491
0.08427712858,0.1096327117,1.948828652,0.1411035074,1,-109.4562484,1.953930223,-440.0173546,0,83.99153666,-436.7684457,4.141232294
0.08427712858,0.1134964196,2.541236433,0.0516765684,1,-40.20749616,2.541761806,-387.739631,0,109.4995903,-367.7859427,1.164960965
0.08427712858,0.1173601275,2.216553064,0.06400828421,1,-134.1234554,2.217477068,-8.569472808,8.690693665,-130.4409054,68.26799501,1.654093325
0.08427712858,0.1212238354,1.519037022,-0.2452009631,1,-228.6676704,1.538699771,-355.423651,0,-132.3927721,-195.3653571,-9.169515215
0.08814083648,0.01690372206,-0.09222949668,-0.1003324154,1,28.29211343,0.1362823306,-54.72622909,0,-2.651100049,-104.3057157,-132.5904409
0.08814083648,0.02076742997,-0.0426948037,-0.004552088283,1,26.61956332,0.04293678808,11.94823705,0,37.09677715,-29.61447699,-173.9141576
0.08814083648,0.02463113787,0.1539518314,0.06025377122,1,68.34284775,0.1653229667,36.74321943,0,73.14131009,-22.7476249,21.37441454
0.08814083648,0.02849484577,0.5039586547,0.225303157,1,86.1066964,0.5520288382,55.44818337,0,83.28293446,-31.90110714,24.08783073
0.08814083648,0.03235855367,0.8084238864,0.3977459151,1,52.19688405,0.9009722488,61.29919003,0,75.46594892,7.132498153,26.19726383
0.08814083648,0.03622226157,0.9972105511,0.4345874323,1,28.08760614,1.087793693,46.01888095,0,77.32868088,10.48481996,23.54772065
0.08814083648,0.04008596947,1.215721627,0.5350391473,1,93.40964228,1.32824921,58.98969906,0,124.5712925,-9.080887737,23.7542969
0.08814083648,0.04394967737,1.839425211,0.6975922964,1,90.80643035,1.967262087,63.04301395,0,125.0296507,-5.132174117,20.76896745
0.08814083648,0.04781338527,2.049649199,0.79844816,1,-83.79522825,2.199677545,53.31185711,18.34121605,-12.93021839,-13.66789658,21.28357852
0.08814083648,0.05167709317,1.465706339,0.9563824999,1,-80.3108762,1.750132154,-280.4639903,0,-163.6634549,-312.0948453,33.12469801
0.08814083648,0.05554080107,1.107003648,0.9206605441,1,-80.34802478,1.439816973,-2.358393766,11.34542163,-70.10704066,-0.6232456288,39.74924517
0.08814083648,0.05940450897,0.8843919135,0.9496783943,1,-95.53899353,1.297704939,37.40614591,25.3152439,-9.210190203,42.91454579,47.03866834
0.08814083648,0.06326821687,0.7022833996,0.8993776959,1,15.47514061,1.141088171,13.98690686,0,86.89987299,18.19108488,52.015331
0.08814083648,0.06713192477,1.279939062,0.9334346785,1,141.4270259,1.584154128,-63.25812598,0,221.5928383,-37.35019116,36.10254422
0.08814083648,0.07099563267,2.104886117,0.7992770035,1,95.54234875,2.251530434,-101.2047989,0,272.4291615,-10.2657643,20.79300068
0.08814083648,0.07485934057,2.701673494,0.5820728119,1,68.14474834,2.763665758,-68.17090299,0,309.8906765,-36.34340062,12.15846625
0.08814083648,0.07872304847,3.565504574,0.6763048311,1,-133.8767298,3.629078546,32.53584597,0,305.2599234,-112.6311164,10.74026903
0.08814083648,0.08258675637,3.363848093,1.142955551,1,-295.4309076,3.552720279,-252.8166214,0,321.6150549,-302.2937735,18.7665388
0.08814083648,0.08645046427,3.666672471,0.8674700945,1,-233.3006082,3.767889512,-307.2613711,0,483.2208245,-264.3739417,13.31043961
0.08814083648,0.09031417218,4.329466807,0.9772510516,1,-400.9255786,4.438389623,-182.0407197,12.34250819,354.6625772,-253.0420328,12.71969049
0.08814083648,0.09417788008,3.487925747,1.141798429,1,-411.9180532,3.670058538,-58.27001771,103.4910475,196.3073617,-108.2626467,18.12624403
0.08814083648,0.09804158798,3.496410074,1.170407967,1,-462.6181508,3.687104313,-219.4409081,62.64867926,345.0346129,-150.1606112,18.50774434
0.08814083648,0.1019052959,3.033617303,0.8741195985,1,-530.809374,3.157042764,-948.3431251,0,270.0004074,-798.6385631,16.0740359
0.08814083648,0.1057690038,2.48872041,0.5919932682,1,-552.0795937,2.558160532,-209.4247924,139.2033375,-172.6672111,-96.80811629,13.38031357
0.08814083648,0.1096327117,0.2334073469,0.4390016574,1,-492.9103183,0.4971935687,-6.674378886,137.1635266,-136.0905265,71.26830604,62.00142193
0.08814083648,0.1134964196,0.0584448761,0.2908455006,1,-55.24762382,0.296659584,-108.9353335,0,222.0261197,-19.45747888,78.63783945
0.08814083648,0.1173601275,0.8777907392,0.09328536361,1,-133.7911493,0.882733675,-343.245522,0,80.67231009,-264.1135269,6.066219621
0.08814083648,0.1212238354,-0.1467908025,-0.01489741408,1,-340.6701078,0.1475448157,-537.2041746,0,-189.6916939,-481.2047147,-174.2050425
0.09200454438,0.01690372206,-0.5506591133,-0.1167300704,1,105.5140974,0.5628955217,-137.5051491,0,106.4918865,-209.4985296,-168.0314757
0.09200454438,0.02076742997,-0.1410945158,0.02235062593,1,91.56208096,0.1428538165,-39.87122072,0,110.780527,-96.39983377,170.9986333
0.09200454438,0.02463113787,0.2311336196,0.1016799784,1,80.40468133,0.2525105307,16.79517124,0,95.6994025,-37.48086874,23.74558698
0.09200454438,0.02849484577,0.5393202242,0.2320573904,1,92.26488153,0.5871259972,35.65408205,0,93.64921735,-43.23003096,23.28112489
0.09200454438,0.03235855367,0.9494513922,0.4064651491,1,84.33522981,1.032798075,54.44440907,0,89.85371753,-25.90934479,23.1760225
0.09200454438,0.03622226157,1.212335436,0.542520824,1,52.26040974,1.328189013,42.41699693,0,95.88668238,-3.785717712,24.10854411
0.09200454438,0.04008596947,1.521848483,0.5849789427,1,32.46744714,1.630405829,20.30911531,0,48.61142705,-23.48212881,21.02611653
0.09200454438,0.04394967737,1.525600523,0.7117173999,1,10.99581851,1.683448429,1.165915343,0,11.69139005,-65.82429247,25.00981497
0.09200454438,0.04781338527,1.609505229,0.8438095378,1,-12.70860989,1.817284133,29.77154006,0,-18.23251351,-28.26823516,27.6665133
0.09200454438,0.05167709317,1.40605306,0.935966138,1,-78.64753188,1.689087866,75.52964039,0,-54.74244607,49.45071354,33.6504813
0.09200454438,0.05554080107,1.094125318,0.9445708936,1,-80.01247199,1.445449544,100.3189935,0,6.387300751,55.3222036,40.80441853
0.09200454438,0.05940450897,1.121586904,1.10982059,1,-60.04241371,1.577865307,93.64859649,0,22.40013539,48.35863368,44.69787953
0.09200454438,0.06326821687,0.9486865497,1.119558081,1,-45.66449148,1.467452373,71.63571632,0,44.28543562,64.83619554,49.72286197
0.09200454438,0.06713192477,1.116258635,1.136091953,1,66.28952833,1.592714119,12.09634272,0,175.084982,-9.624951497,45.50451116
0.09200454438,0.07099563267,1.881287152,1.203482817,1,74.20486405,2.233296272,-64.4732545,0,275.764932,-78.27370796,32.60755362
0.09200454438,0.07485934057,2.468439701,1.189412874,1,-1.818303838,2.740054295,-1.132617713,0,335.8741945,-165.8275507,25.72700184
0.09200454438,0.07872304847,3.171981536,1.83981593,1,-87.87080568,3.666931895,33.11867895,0,347.3994882,-259.3338927,30.11463386
0.09200454438,0.08258675637,3.471182722,2.319364185,1,-170.2657071,4.174752653,60.05240924,0,216.4363206,-162.9254056,33.74993201
0.09200454438,0.08645046427,3.3503713,2.701337075,1,-353.3111854,4.303743701,-6.514307278,74.0995915,243.5105063,-198.6518878,38.87853496
0.09200454438,0.09031417218,3.046944971,3.061727673,1,-314.1007409,4.319496499,-110.5976227,0,300.3964482,-98.48310698,45.13865283
0.09200454438,0.09417788008,3.297421916,2.654530125,1,-333.1345018,4.233145577,151.3059699,59.29687301,214.8204373,194.2123645,38.83517709
0.09200454438,0.09804158798,2.589813985,2.895949897,1,-1069.183869,3.885056278,-2.560078612,255,-606.2876236,-118.0789564,48.19410782
0.09200454438,0.1019052959,-3.176110528,3.100861326,1,-331.7266792,4.438808291,-451.0046862,0,38.38570156,-97.51474631,135.6868368
0.09200454438,0.1057690038,1.456430132,1.530168024,1,734.3784445,2.112487375,-441.9992678,0,656.6457699,-32.77827842,46.41432211
0.09200454438,0.1096327117,2.198400719,1.519750956,1,716.7568501,2.672565937,-517.0279908,0,-564.3814655,-411.6404428,34.6560442
0.09200454438,0.1134964196,2.04516411,1.122981322,1,-671.5028262,2.333191652,-476.3955291,135.5738236,68.84194427,-314.0855083,28.77079481
0.09200454438,0.1173601275,-0.1301048918,0.8926324465,2,-826.1240152,0.9020642812,-348.1388306,194.9713526,-328.4564226,-145.006033,98.29270305
0.09200454438,0.1212238354,-2.41579745,0.3381355273,1,-661.9836813,2.439346829,-457.7390604,0,-521.1764419,-170.7106755,172.0321602
0.09586825228,0.01690372206,-1.432950352,-0.09655452382,1,206.3493164,1.436199668,-201.4060202,0,240.7569454,-287.4668205,-176.1451442
0.09586825228,0.02076742997,-0.5692063535,0.06970237337,1,187.6566522,0.5734581883,-51.33634736,0,202.3776695,-107.2159934,173.018582
0.09586825228,0.02463113787,0.0740283385,0.1193481062,1,133.3745527,0.1404427476,-10.56050684,0,136.8047107,-52.217241,58.18981404
0.09586825228,0.02849484577,0.4746874011,0.2306518263,1,105.461673,0.5277578931,24.48586009,0,113.1487197,-53.08719697,25.91523582
0.09586825228,0.03235855367,0.9186750397,0.4190677397,1,76.52892791,1.009743333,31.31207729,0,97.34113318,-65.09655139,24.52082929
0.09586825228,0.03622226157,1.14647053,0.6031466066,1,29.26237099,1.295446064,14.28689195,0,44.44583826,-31.87266124,27.7484062
0.09586825228,0.04008596947,1.20346203,0.59741477,1,57.22903134,1.343586717,-27.24950113,0,57.46224709,-52.38938683,26.40042131
0.09586825228,0.04394967737,1.589604128,0.7002797816,1,116.4462425,1.737018439,19.81314283,13.99904299,104.0661569,-26.69416171,23.77527723
0.09586825228,0.04781338527,2.05545753,0.77710541,1,55.01696103,2.197452725,87.7726617,0,37.89632339,-2.416606262,20.71006675
0.09586825228,0.05167709317,1.948593919,1.048744769,1,-52.42286077,2.212890384,183.662152,0,-37.41357822,60.10762074,28.28940033
0.09586825228,0.05554080107,1.708355771,1.254484029,1,-100.5753349,2.119483338,145.3152352,0,-32.85285435,88.51292,36.2906744
0.09586825228,0.05940450897,1.433066371,1.268212323,1,-95.29886232,1.913646184,53.83922051,21.20710059,-28.61960662,55.79746603,41.50767578
0.09586825228,0.06326821687,1.229571004,1.24691794,1,-49.3036288,1.751185085,81.83977589,0,12.14280347,59.69104935,45.40133027
0.09586825228,0.06713192477,1.289487796,1.353788532,1,3.813891908,1.869631559,97.41281099,0,79.98709793,11.71060496,46.39351089
0.09586825228,0.07099563267,1.55335355,1.57804623,1,34.65337081,2.21430286,46.9224434,0,163.8865798,-91.03556665,45.451797
0.09586825228,0.07485934057,2.056588172,1.886817986,1,30.85092639,2.790992121,25.90011419,0,263.7162471,-175.9826094,42.53484377
0.09586825228,0.07872304847,2.691475066,2.358062104,1,32.31137129,3.578336893,-27.09543324,0,203.1589943,-221.271925,41.22233373
0.09586825228,0.08258675637,2.966376884,2.637059231,1,-24.52094473,3.969064525,-17.13489634,0,71.75411071,-228.1634462,41.63655795
0.09586825228,0.08645046427,2.873970222,3.17341478,1,3.766212078,4.281386014,9.053102685,0,139.9462709,-175.8546294,47.83476375
0.09586825228,0.09031417218,3.52163994,3.351488696,1,172.2051275,4.861524899,2.800026492,0,332.2164006,-19.33453404,43.58187475
0.09586825228,0.09417788008,4.822907666,3.258936256,1,-177.7476591,5.820747707,-72.01751207,44.71686718,50.57866226,29.59080246,34.04768978
0.09586825228,0.09804158798,3.030296082,2.958903848,1,-566.9045392,4.23530475,-59.64895311,100.3257253,-444.7167656,187.4739021,44.31705737
0.09586825228,0.1019052959,0.9142984379,2.304125728,2,-276.9615325,2.478898345,473.3216429,0,-337.9859453,1163.655125,68.35636338
0.09586825228,0.1057690038,0.6543186534,0.2916569189,2,-592.967073,0.7163774553,-604.3749029,0,-511.928733,1159.492469,24.0245123
0.09586825228,0.1096327117,-3.354696217,-4.510942574,1,-1387.023386,5.62161806,1225.144443,138.0207122,442.3190505,485.0096826,-126.637431
0.09586825228,0.1134964196,-2.995742953,3.151321439,1,-103.9188359,4.348022845,939.6984204,0,706.2209017,-749.6296332,133.5501879
0.09586825228,0.1173601275,-1.027576966,2.016127573,1,-128.2038004,2.262893018,-152.4666542,0,237.1162628,526.2028719,117.0069633
0.09586825228,0.1212238354,-2.574937012,0.5291406294,1,-437.600475,2.628743126,-109.7436654,0,-363.3710711,659.9765007,168.3875745
0.09973196018,0.01690372206,-2.43952097,0.01621095757,1,412.9063384,2.439574832,-80.21954714,0,459.7406453,-112.8397043,179.6192671
0.09973196018,0.02076742997,-0.7536944476,0.07922833697,1,317.0884923,0.757847247,-10.6128397,17.11600608,311.3492085,-36.16398172,173.9991084
0.09973196018,0.02463113787,-0.01142126071,0.1149331069,1,153.1255599,0.1154991959,7.877613769,0,152.9295278,-39.36445552,95.67502863
0.09973196018,0.02849484577,0.4288130129,0.2617578933,1,97.41207844,0.5023920727,36.16752176,0,117.4952942,-60.09863855,31.4009065
0.09973196018,0.03235855367,0.8189180528,0.486877431,1,83.42126443,0.9527205309,2.789038928,0,101.7832505,-85.06113555,30.73306767
0.09973196018,0.03622226157,1.14438916,0.6011853065,1,56.06513304,1.292691117,-36.11577686,0,46.22754523,-61.73950198,27.71442443
0.09973196018,0.04008596947,1.214147082,0.5858800202,1,42.06166627,1.348112953,-29.98438978,0,49.72195832,-46.21208103,25.75937826
0.09973196018,0.04394967737,1.499014276,0.6638843654,1,95.6066296,1.639446934,-38.25164994,0,92.07552235,-87.88800436,23.88762429
0.09973196018,0.04781338527,1.939296095,0.7776603949,1,112.8627513,2.089407819,-41.53086953,0,106.846917,-126.9600129,21.85085308
0.09973196018,0.05167709317,2.347908257,0.9939576216,1,6.945650081,2.549632314,14.94942622,0,8.136471693,-95.97261877,22.94476276
0.09973196018,0.05554080107,1.997569008,1.206230777,1,-106.9336399,2.333511223,34.23450443,2.854706798,-100.8246176,-62.43225858,31.12565201
0.09973196018,0.05940450897,1.545191036,1.367449758,1,-91.12323177,2.06337931,31.22346727,22.0933375,-38.81637646,-7.790447309,41.50790719
0.09973196018,0.06326821687,1.495520317,1.356969147,1,-39.42981625,2.019392553,54.10628486,0,37.5374898,37.81281376,42.21921382
0.09973196018,0.06713192477,1.53787964,1.430402971,1,1.538302434,2.100268184,74.74805503,0,54.1922594,-14.76001591,42.92631925
0.09973196018,0.07099563267,1.710846929,1.702802187,1,24.22044246,2.413821142,89.3265169,0,66.54344247,-81.16605126,44.86497472
0.09973196018,0.07485934057,1.888564779,2.089136453,1,46.76905386,2.816232953,62.28648666,0,83.03260188,-144.0228603,47.88663851
0.09973196018,0.07872304847,2.212362612,2.499921241,1,75.4381521,3.338286168,-26.31613174,0,88.87468298,-182.1784381,48.49204138
0.09973196018,0.08258675637,2.523421578,2.691342878,1,69.52855033,3.689306567,-26.70616888,7.838563883,58.20789462,-215.0164195,46.84435145
0.09973196018,0.08645046427,2.705898924,3.227497044,1,75.7473594,4.211724843,81.98354147,0,43.21579662,-173.8902567,50.02389216
0.09973196018,0.09031417218,2.983060464,3.679964493,1,26.20553982,4.737170928,-28.98638067,0,84.46498454,-109.0181275,50.97101209
0.09973196018,0.09417788008,3.133497503,3.536716337,1,-26.38259656,4.725163389,-251.3421463,0,52.42798861,-170.6122522,48.459358
0.09973196018,0.09804158798,3.083692251,3.368047764,1,-66.6207711,4.566497962,-22.355898,0,70.55275599,151.4759585,47.52363448
0.09973196018,0.1019052959,3.148689544,2.86508082,1,-53.8265446,4.257103939,195.1597406,0,187.7781845,589.7991142,42.29993808
0.09973196018,0.1057690038,3.60124226,1.843276498,1,404.5106584,4.045567212,1255.047075,0,1059.690913,-226.098785,27.10539269
0.09973196018,0.1096327117,8.805936724,8.587795782,1,-1106.485562,12.30019341,1436.651562,0,893.8121668,812.9377118,44.28147107
0.09973196018,0.1134964196,2.779534384,4.253124627,2,-945.9787867,5.080834625,91.37734152,0,-993.1000028,1717.709736,56.8342754
0.09973196018,0.1173601275,1.313902686,2.304122461,1,-467.1934314,2.652417875,-56.98224604,95.13464164,-327.2229582,882.0608853,60.306484
0.09973196018,0.1212238354,-0.2898584966,0.6249362613,1,-483.3153228,0.6888855338,8.001028391,0,-346.8515653,877.210732,114.8828556
0.1035956681,0.01690372206,-2.178874907,0.08439955771,1,345.2694748,2.180508919,126.1730481,0,394.401647,145.2594289,177.7817349
0.1035956681,0.02076742997,-0.749938328,0.0475274574,1,277.8698828,0.7514428488,39.79963861,7.637888888,273.7368485,30.95033147,176.3737208
0.1035956681,0.02463113787,-0.04762762074,0.1185906956,1,139.6702238,0.1277972744,32.19483595,0,153.3547442,-35.2843977,111.8810591
0.1035956681,0.02849484577,0.3822245561,0.3082475056,1,65.76113373,0.4910317057,23.71059726,0,102.064004,-72.42047792,38.88466863
0.1035956681,0.03235855367,0.60079969,0.4900130903,1,54.06987591,0.7752890404,-15.73067502,6.922056891,45.87602313,-82.21850016,39.20073419
0.1035956681,0.03622226157,0.7683863158,0.5651370409,1,43.45939216,0.9538330071,-63.2047984,0,36.32444291,-98.66265757,36.33394494
0.1035956681,0.04008596947,0.9090611239,0.6270119009,1,28.33927217,1.104326062,-70.91609134,0,58.06763079,-102.3624576,34.59541489
0.1035956681,0.04394967737,1.102237349,0.6866366146,1,54.52166494,1.298613497,-87.9494156,0,73.69632292,-120.7805938,31.92076216
0.1035956681,0.04781338527,1.404457977,0.7538619834,1,71.16309639,1.593991875,-85.89600565,0,66.86664979,-180.8072025,28.22528638
0.1035956681,0.05167709317,1.63554397,1.053345756,1,32.74997089,1.945389771,-89.7059392,0,17.7067184,-225.3853271,32.78290799
0.1035956681,0.05554080107,1.599407886,1.278087506,1,-18.39224226,2.047342975,-22.03554824,0,-10.57973443,-129.9538971,38.62836618
0.1035956681,0.05940450897,1.523604715,1.470310733,1,-13.70654993,2.117353296,31.50890794,0,9.904933758,-37.39113032,43.98019906
0.1035956681,0.06326821687,1.584719551,1.544297128,1,-23.41464403,2.21273353,16.76889874,0,22.80883785,-5.726929467,44.2598616
0.1035956681,0.06713192477,1.521264057,1.557228042,1,-14.1787455,2.176971177,17.66830755,0,14.22110237,-33.38959244,45.66931821
0.1035956681,0.07099563267,1.584883206,1.74156994,1,24.45605792,2.354765515,31.49819351,0,32.35947991,-90.0694076,47.69682377
0.1035956681,0.07485934057,1.740782699,2.026929743,1,48.34242058,2.671847411,43.62920873,0,29.56971745,-129.3670457,49.34311397
0.1035956681,0.07872304847,1.885912949,2.409976935,1,58.73549673,3.060172622,-5.484547366,16.22353053,16.74865414,-152.0768354,51.95525697
0.1035956681,0.08258675637,2.032431409,2.593319524,1,103.1838186,3.294857142,-12.11686079,23.91806778,60.63720197,-177.177317,51.91355902
0.1035956681,0.08645046427,2.51886952,3.047722324,1,174.9914776,3.953898712,73.5629698,40.91150904,72.4390856,-180.9248627,50.42708362
0.1035956681,0.09031417218,2.988430831,3.576586173,1,157.1377155,4.660760398,43.65181965,43.42336334,17.23612929,-89.82488882,50.11942195
0.1035956681,0.09417788008,3.192599122,3.563437337,1,94.21995273,4.784430458,-23.80946341,22.8340862,45.73561905,-1.115231248,48.14180723
0.1035956681,0.09804158798,3.52917828,3.488902289,1,66.40853711,4.96261408,-1.35455776,0,128.8834115,82.97415351,44.67118945
0.1035956681,0.1019052959,3.947150167,3.237615829,1,74.38088342,5.105110253,44.31325382,0,210.4998687,216.6400085,39.36002062
0.1035956681,0.1057690038,4.629874292,2.823082045,1,-5.782869376,5.422686437,169.2806141,0,365.5174819,174.4549872,31.37289657
0.1035956681,0.1096327117,5.337059631,3.217623563,1,602.8638559,6.231958512,-509.2859157,0,-767.4294048,-547.119205,31.08506889
0.1035956681,0.1134964196,3.994041081,2.969258824,1,-249.8031205,4.976832539,-2.6121654,0,-572.4054477,168.3870363,36.62793195
0.1035956681,0.1173601275,2.160285891,2.556932596,1,-514.9053784,3.347348119,-107.5010817,117.0952064,-300.0574763,387.5834708,49.80640197
0.1035956681,0.1212238354,0.8452626605,1.056396728,1,-405.0774143,1.352938658,-139.9644543,0,-275.6278896,636.7691432,51.33538752
0.107459376,0.01690372206,-1.390785164,0.2060433198,1,217.2162984,1.405964873,154.6364124,0,254.0656714,228.5466683,171.5729877
0.107459376,0.02076742997,-0.4803372293,0.06325949997,1,159.4643985,0.4844848998,48.6596137,0,194.4512636,58.5561236,172.4974318
0.107459376,0.02463113787,-0.02335842484,0.1678060963,1,88.68661422,0.1694240301,56.21771663,0,97.90862279,-31.4602572,97.92458842
0.107459376,0.02849484577,0.2406122622,0.4020215802,1,57.30990511,0.4685249317,10.89657001,0,62.73785406,-63.49121713,59.09923295
0.107459376,0.03235855367,0.4404710507,0.4552187773,1,53.98668054,0.6334341968,-24.82083356,12.85937309,18.06025908,-69.23318847,45.94330215
0.107459376,0.03622226157,0.518980592,0.5736179467,1,17.00475891,0.7735492251,-31.61500741,0,9.958545606,-95.16094395,47.86279377
0.107459376,0.04008596947,0.5446493834,0.7007417143,1,12.70316916,0.8875144511,-51.62067968,0,32.21790206,-94.15797817,52.14397042
0.107459376,0.04394967737,0.6925424897,0.737969643,1,42.28459131,1.01203473,-59.58238884,0,51.97290147,-75.19393804,46.81886592
0.107459376,0.04781338527,0.9088328029,0.7610601802,1,50.23282426,1.18540696,-58.81457577,0,63.11558705,-110.0258087,39.9429393
0.107459376,0.05167709317,1.130487642,0.9358348881,1,74.64752547,1.467579383,-40.11337034,8.791376195,55.14835908,-163.1443698,39.61847542
0.107459376,0.05554080107,1.410326188,1.236416025,1,57.66226608,1.875565126,18.54016398,9.443966955,43.78852037,-116.7813352,41.2406557
0.107459376,0.05940450897,1.522463847,1.458677634,1,30.94687191,2.108467833,13.7474876,8.004071297,2.144934457,-63.67740104,43.77425366
0.107459376,0.06326821687,1.538183261,1.535563179,1,11.35558445,2.173467741,-12.96912817,0,-23.0869734,-34.05096346,44.9511607
0.107459376,0.06713192477,1.477137187,1.540131687,1,-1.184572998,2.133996224,12.87930076,0,-12.69804852,-38.30871029,46.19604678
0.107459376,0.07099563267,1.484544867,1.733338701,1,5.254589954,2.28217802,37.02189067,0,15.4927429,-86.29812649,49.42108418
0.107459376,0.07485934057,1.557298821,2.016604212,1,17.94682999,2.547915258,39.3802235,0,12.86465712,-117.0388589,52.32330878
0.107459376,0.07872304847,1.603591453,2.337696346,1,51.51485431,2.834842104,10.70946118,14.34302,9.241639923,-121.3789317,55.55101485
0.107459376,0.08258675637,1.792044168,2.526955179,1,109.7951938,3.097890375,4.240168885,24.89813603,68.14074094,-123.5045324,54.65682705
0.107459376,0.08645046427,2.29108393,2.831264557,1,183.9483401,3.642131871,7.250557238,48.17352435,78.13592456,-151.2682713,51.01991428
0.107459376,0.09031417218,2.804661212,3.139425629,1,194.2679696,4.209764577,1.243137672,56.24918418,-1.160247035,-132.8566675,48.22342997
0.107459376,0.09417788008,3.037195763,3.349387034,1,105.342801,4.521388239,25.99222645,26.01123057,48.49525597,-95.65434001,47.79852561
0.107459376,0.09804158798,3.399046528,3.609432429,1,113.0312681,4.957975369,-22.81055326,0,176.7786737,-33.58201571,46.71943234
0.107459376,0.1019052959,4.156936725,3.391004818,1,132.3476389,5.364609643,-49.25075893,0,263.7200065,36.5631377,39.20571051
0.107459376,0.1057690038,4.929336218,3.277872599,1,-81.21240484,5.919696304,-62.07055221,0,228.0555934,-36.80416666,33.62281017
0.107459376,0.1096327117,4.724295913,3.293382885,1,-302.5325818,5.7589359,-161.838017,69.47672683,-88.1015434,-91.64918826,34.88097488
0.107459376,0.1134964196,3.420040063,3.006683467,1,-413.873151,4.553769812,-31.11553589,106.2744349,-188.7181287,10.07569583,41.31989605
0.107459376,0.1173601275,2.396059225,3.134231998,1,-343.7047827,3.945188212,-171.4592653,78.98600346,-119.681789,315.5320142,52.60279293
0.107459376,0.1212238354,1.629649705,1.125091413,1,-374.0368574,1.980300191,-364.5187665,0,-22.68543122,675.487692,34.62075263
0.1113230839,0.01690372206,NaN,NaN,0,82.79968024,0.7342641463,120.8708817,0,104.9367547,143.6822784,162.0102825
0.1113230839,0.02076742997,NaN,NaN,0,67.6921071,0.3821885888,25.32655519,0,125.4890029,44.10461244,151.4416685
0.1113230839,0.02463113787,0.04802797086,0.154221843,1,49.1529746,0.1615272821,19.03852167,0,84.06160904,-18.88179588,72.70229758
0.1113230839,0.02849484577,0.1790142025,0.3292195148,1,27.9221328,0.3747420094,6.388371093,4.964687589,21.09152351,-44.59427406,61.46471681
0.1113230839,0.03235855367,0.237402422,0.3512038919,1,16.55588114,0.4239151845,-10.19026426,2.676709163,9.208713657,-64.20392714,55.94258413
0.1113230839,0.03622226157,0.278561071,0.5379125309,1,26.19105705,0.6057608118,-0.5899365281,7.562516767,1.868142193,-91.48895005,62.62236235
0.1113230839,0.04008596947,0.3458149718,0.7024111286,1,45.85528116,0.7829236159,-19.88168469,7.369977206,32.55124627,-68.06257442,63.78779668
0.1113230839,0.04394967737,0.5815009905,0.7240694152,1,48.77620624,0.9286656664,-40.48140306,0,56.38005505,-66.68061111,51.23201184
0.1113230839,0.04781338527,0.7521080493,0.8036372157,1,16.47477588,1.100681286,-22.69878717,0,53.07355707,-88.42250743,46.89704888
0.1113230839,0.05167709317,0.850215434,0.9780066724,1,53.13706774,1.295902518,-11.78595616,0,67.91883477,-120.7088355,48.99842489
0.1113230839,0.05554080107,1.219832696,1.224483405,1,68.32445506,1.728395619,-6.190734538,11.17844634,56.03139492,-104.8063123,45.10901441
0.1113230839,0.05940450897,1.330690114,1.359028459,1,44.81113976,1.902023799,-22.95427294,11.11808363,2.60832365,-71.28549906,45.60363472
0.1113230839,0.06326821687,1.403047652,1.411221146,1,34.74973508,1.989996943,-15.04717148,8.507681991,-10.85503735,-54.83146162,45.16640393
0.1113230839,0.06713192477,1.423012246,1.512743336,1,3.710309024,2.076862117,30.24325269,0,-5.924096344,-65.49535809,46.75069499
0.1113230839,0.07099563267,1.394494224,1.781127172,1,-6.361780133,2.262084911,48.51007799,0,10.94809211,-79.48882578,51.94161566
0.1113230839,0.07485934057,1.440732416,2.007293711,1,12.99218803,2.470817261,24.77477299,0,3.526715312,-95.7101141,54.3311554
0.1113230839,0.07872304847,1.458318441,2.246645583,1,47.25340753,2.678452734,2.997284956,13.09421433,-13.37498476,-107.022723,57.01202466
0.1113230839,0.08258675637,1.571628746,2.432378885,1,92.95838522,2.895942671,-24.71141875,23.56503792,37.51439174,-126.2326738,57.13235512
0.1113230839,0.08645046427,1.962427141,2.638894058,1,152.2564201,3.28859881,-77.55638526,29.39671555,82.8249767,-178.270454,53.36347323
0.1113230839,0.09031417218,2.479914596,2.821508628,1,147.2544666,3.756446106,0.1779760458,30.89798272,101.4749788,-182.2636029,48.68672272
0.1113230839,0.09417788008,2.923445064,3.343795028,1,54.4681668,4.441564615,41.94597525,0,160.7083658,-194.5354149,48.83713743
0.1113230839,0.09804158798,3.311293865,3.735203644,1,74.62887895,4.991634334,-53.04925609,0,177.637562,-156.9404575,48.44270386
0.1113230839,0.1019052959,3.898128905,3.745200284,1,26.69862104,5.405731599,-117.1960917,0,215.6999812,-190.3899297,43.85377231
0.1113230839,0.1057690038,4.24785126,4.018003254,1,-79.51307866,5.847101031,-229.0856459,0,198.4481072,-306.9699436,43.40719094
0.1113230839,0.1096327117,4.357659114,4.04612246,1,-206.2154992,5.946452717,-185.1386526,0,119.4848292,-138.858966,42.87695988
0.1113230839,0.1134964196,3.912749285,3.839192063,1,-404.5363393,5.48169706,-27.96496766,116.7102614,-20.11227486,133.4422788,44.45634368
0.1113230839,0.1173601275,2.716940909,3.422492007,1,-293.4809117,4.369807711,-220.4625857,11.68028168,-189.4731774,148.4255628,51.55574131
0.1113230839,0.1212238354,NaN,NaN,0,-376.5092466,3.164838008,-239.8117426,0,29.59629625,282.2649898,49.70543858
0.1151867918,0.01690372206,NaN,NaN,0,23.09995271,0.4700032509,63.78766853,0,57.93803213,66.37828171,141.6570599
0.1151867918,0.02076742997,NaN,NaN,0,20.61066729,0.3565084459,29.19014988,0,68.90856041,26.31509981,126.5032251
0.1151867918,0.02463113787,NaN,NaN,0,8.409467165,0.3035368334,2.726975427,0,70.54869924,-20.32349328,94.29887879
0.1151867918,0.02849484577,NaN,NaN,0,7.922372228,0.3869705339,1.012331799,0,37.57446976,-31.11965342,76.09471646
0.1151867918,0.03235855367,NaN,NaN,0,-10.2787043,0.4534362059,-1.924267802,0,28.45266031,-28.84431715,70.27551327
0.1151867918,0.03622226157,0.1632146704,0.4796413084,1,2.195030141,0.5066505831,12.37196875,0,11.21820666,-45.21710038,71.20733855
0.1151867918,0.04008596947,0.2048584547,0.6493388096,1,17.71772144,0.6808875649,15.96696861,0,12.12022218,-58.49709354,72.49015168
0.1151867918,0.04394967737,0.2784997689,0.7673486937,1,27.68221642,0.8163247754,-17.1882614,0,43.39824088,-82.70262668,70.05225686
0.1151867918,0.04781338527,0.4794925791,0.9024671803,1,33.63114214,1.021939404,-51.92386866,0,54.38449165,-110.3130198,62.01770886
0.1151867918,0.05167709317,0.6185664686,0.9929473182,1,75.64232893,1.169858475,-34.58394555,11.50826152,54.27780335,-108.7231036,58.07874454
0.1151867918,0.05554080107,0.9814660206,1.188919231,1,87.288696,1.541688843,-47.36551685,14.84453924,52.41711014,-125.7024329,50.45994875
0.1151867918,0.05940450897,1.158348896,1.29561828,1,47.34376205,1.737929484,-47.839549,0,26.86645808,-91.95272535,48.20165998
0.1151867918,0.06326821687,1.268192634,1.359359659,1,19.97669301,1.859078062,-24.18314282,0,27.27958463,-77.83338886,46.98716926
0.1151867918,0.06713192477,1.340933349,1.502907159,1,6.753213642,2.014157932,1.601178294,0,18.26405015,-112.5014774,48.25981714
0.1151867918,0.07099563267,1.364852034,1.800218991,1,5.029954088,2.259116972,5.493474717,0,-19.96585694,-117.9954751,52.83209133
0.1151867918,0.07485934057,1.283225383,1.98003239,1,-2.502044092,2.359490549,-24.87875768,0,-39.73315904,-103.3595755,57.05341241
0.1151867918,0.07872304847,1.201667546,2.103445947,1,10.78269281,2.422496593,15.60145576,0,-30.03495007,-70.50841634,60.26131146
0.1151867918,0.08258675637,1.208840284,2.312735783,1,26.47788748,2.609605648,44.63613976,0,-0.3433539086,-74.30551035,62.40445112
0.1151867918,0.08645046427,1.30264375,2.563001741,1,103.5195459,2.875040637,-79.2943799,0,127.4231845,-247.4777142,63.0580794
0.1151867918,0.09031417218,2.101135536,2.962547061,1,85.6026505,3.632004354,-2.2215584,0,210.7424717,-311.993006,54.65448388
0.1151867918,0.09417788008,2.44763474,3.75986813,1,-89.10326373,4.486370936,-28.07018048,0,215.037234,-298.5049177,56.93629445
0.1151867918,0.09804158798,2.587707612,4.007427891,1,-25.88007,4.770294434,-97.50931397,0,160.69343,-191.0419375,57.14854498
0.1151867918,0.1019052959,2.968514184,4.121250867,1,-16.89451824,5.07905357,-193.2693189,0,86.89628779,-282.4079252,54.2350029
0.1151867918,0.1057690038,2.858174002,4.351833429,1,2.57153833,5.206497174,-298.6845793,0,127.8600531,-410.1171621,56.70410454
0.1151867918,0.1096327117,3.472463754,4.551793817,1,42.51537669,5.725105368,-271.8393737,0,208.3833987,-308.1134236,52.66078362
0.1151867918,0.1134964196,3.827573583,4.491985762,1,-258.3510314,5.901546883,-395.2357287,0,-92.27965247,-132.3519029,49.56603405
0.1151867918,0.1173601275,2.117729211,3.536087502,1,-96.20660425,4.121734081,-415.7027403,0,-430.2040313,49.60706081,59.08300877
0.1151867918,0.1212238354,NaN,NaN,0,-47.45175217,3.236633878,-325.3424718,0,-120.2899962,110.4683696,56.34576985
0.1190504997,0.01690372206,NaN,NaN,0,2.16788158,0.4108444585,37.27383579,0,36.24715225,33.16560512,118.4058073
0.1190504997,0.02076742997,NaN,NaN,0,3.500638406,0.388704361,24.27174706,0,41.91800353,15.74865165,108.1730066
0.1190504997,0.02463113787,NaN,NaN,0,3.25454872,0.3948145421,12.770273,0,44.3474636,-6.504248966,92.89782123
0.1190504997,0.02849484577,NaN,NaN,0,1.262473363,0.4481922947,9.413330859,0,34.57911585,-18.16144683,81.95972143
0.1190504997,0.03235855367,NaN,NaN,0,-5.721003273,0.5146830712,10.69732083,0,28.74778806,-22.68742104,76.68639951
0.1190504997,0.03622226157,NaN,NaN,0,-11.28646235,0.59251294,20.72100618,0,27.58412161,-25.84914346,75.16977656
0.1190504997,0.04008596947,NaN,NaN,0,-2.976000564,0.7045607645,23.43012256,0,14.33677156,-31.44361512,75.07262278
0.1190504997,0.04394967737,NaN,NaN,0,-12.43385304,0.808788145,15.7209796,0,-2.116649155,-36.82907722,76.00816124
0.1190504997,0.04781338527,0.1252721018,0.8838220962,1,13.78518546,0.8926559232,-20.03517403,0,12.34698638,-48.67834425,81.93268837
0.1190504997,0.05167709317,0.2965188558,0.8954603861,1,57.07505459,0.9432776553,-15.13280588,4.132232764,53.1497866,-68.43074988,71.67845204
0.1190504997,0.05554080107,0.5511486915,1.089749784,1,74.47321575,1.221195918,-27.79589936,12.69549209,53.39740906,-127.2986988,63.17167089
0.1190504997,0.05940450897,0.7905735992,1.279910138,1,66.18352438,1.504385781,-60.61286731,0,52.2873571,-151.1185709,58.29724611
0.1190504997,0.06326821687,1.008885572,1.439437386,1,20.57347548,1.757791252,-57.38927676,0,32.21319747,-129.1617074,54.97381575
0.1190504997,0.06713192477,0.9945258845,1.557217845,1,-19.20862073,1.847703751,-59.527033,0,6.509364717,-122.9669411,57.43543623
0.1190504997,0.07099563267,0.9598193564,1.68455066,1,21.28771866,1.938804818,-64.38088143,0,-34.03944078,-143.6378337,60.32647532
0.1190504997,0.07485934057,0.945256955,1.863443558,1,84.78138433,2.08948142,-27.36487157,23.0287626,-10.6674412,-132.0279268,63.10298142
0.1190504997,0.07872304847,1.246173984,2.088938133,1,97.26019255,2.432408708,32.21387306,24.54171674,35.18719285,-88.21600846,59.18144771
0.1190504997,0.08258675637,1.456994964,2.328749443,1,-43.72127844,2.74698167,73.761793,0,-97.6710781,-92.4807435,57.967616
0.1190504997,0.08645046427,0.699875219,2.731250735,1,0.1816134569,2.819495682,53.92209698,0,-49.64541042,-198.7530344,75.6273745
0.1190504997,0.09031417218,1.265881301,3.305012344,2,118.6657523,3.539147081,37.18953153,0,130.260689,-425.4889066,69.04222927
0.1190504997,0.09417788008,1.661654277,4.518905072,1,140.8551995,4.814727197,-205.9725698,0,99.98464599,-503.8876388,69.81093427
0.1190504997,0.09804158798,2.196416115,4.45606915,1,85.53200344,4.967977055,-435.9359745,0,17.63229157,-339.4774842,63.76110912
0.1190504997,0.1019052959,2.060250978,4.146217641,1,-96.8255224,4.629876329,-232.7969,0,-81.02636532,-244.7057526,63.5772691
0.1190504997,0.1057690038,1.509248371,4.502081478,1,-32.34517813,4.748322681,-266.1350386,0,47.00465343,-406.0965523,71.46712455
0.1190504997,0.1096327117,2.116890909,4.686988047,1,16.91852163,5.142867301,-389.7508443,0,77.56491817,-384.2540219,65.6935558
0.1190504997,0.1134964196,1.874304784,4.480843362,1,-105.7648758,4.857054216,-845.4612194,0,-105.0266205,-184.1885238,67.30079004
0.1190504997,0.1173601275,1.302454139,2.132023509,1,211.8881867,2.498381682,-523.4421699,0,-382.1287464,84.3556017,58.57922289
0.1190504997,0.1212238354,NaN,NaN,0,123.0765261,2.455096053,-160.3691203,0,-167.5463218,-160.6107539,60.29606748
0.1229142076,0.01690372206,NaN,NaN,0,-4.391233513,0.434102145,23.60877475,0,24.59113396,17.52319902,102.8401924
0.1229142076,0.02076742997,NaN,NaN,0,-2.42678551,0.4387803367,18.87978726,0,27.77259633,8.991092979,97.52318372
0.1229142076,0.02463113787,NaN,NaN,0,-0.1543840555,0.4614561837,14.66903864,0,30.34403578,-3.280707414,89.81906884
0.1229142076,0.02849484577,NaN,NaN,0,-0.4060242241,0.5078178554,13.1733978,0,27.64674196,-12.33446387,83.30588862
0.1229142076,0.03235855367,NaN,NaN,0,-2.581319804,0.5700844954,14.57921409,0,24.3752545,-17.89477673,79.21184814
0.1229142076,0.03622226157,NaN,NaN,0,-3.924244838,0.6459446669,18.88179542,0,21.31408929,-21.55125449,77.1733492
0.1229142076,0.04008596947,NaN,NaN,0,-1.652909226,0.7370385992,21.95363038,0,15.51089251,-23.95705171,76.35297913
0.1229142076,0.04394967737,NaN,NaN,0,-0.7783557881,0.8308894083,24.51702506,0,11.15878736,-22.24636901,76.28878982
0.1229142076,0.04781338527,NaN,NaN,0,8.250136318,0.9220877461,36.67391482,0,17.31003934,-7.472764408,76.58008816
0.1229142076,0.05167709317,NaN,NaN,0,6.783238676,1.021516221,26.41454074,0,36.75581376,-28.08700975,73.17359599
0.1229142076,0.05554080107,NaN,NaN,0,1.790201349,1.171591768,7.087797603,0,9.747722335,-61.27821915,70.95898827
0.1229142076,0.05940450897,0.3402804649,1.241927548,1,27.07810237,1.287701375,-15.94781794,4.421409138,15.67573175,-92.77652297,74.6773595
0.1229142076,0.06326821687,0.5474141232,1.404332145,1,49.66049131,1.507252797,-26.60575519,9.330132991,26.8332504,-119.870154,68.70397024
0.1229142076,0.06713192477,0.6358299391,1.602273943,1,17.3939258,1.723821771,-45.22013449,0,-13.84439303,-92.35590878,68.35535027
0.1229142076,0.07099563267,0.561128481,1.586451008,1,43.17339129,1.682763196,-74.74756071,0,-35.00811839,-77.06969955,70.52128858
0.1229142076,0.07485934057,0.6673781685,1.611246009,1,102.0128664,1.743991778,-36.68499143,27.47037946,7.768510275,-108.419969,67.50066109
0.1229142076,0.07872304847,0.9852916532,1.863614008,1,127.026929,2.108045733,-40.12883821,34.85998931,-5.605338333,-167.7377362,62.13461748
0.1229142076,0.08258675637,1.136515727,2.104289516,1,15.68544468,2.391589924,-37.59303597,0,-78.37971308,-168.7806619,61.62675058
0.1229142076,0.08645046427,0.743059313,2.370484675,1,-17.07022781,2.484217128,151.9213214,0,-121.5674664,-81.80674927,72.59572054
0.1229142076,0.09031417218,0.600860173,3.007346509,2,-62.76839576,3.066784305,84.7823029,0,-205.9157532,-233.945615,78.7012267
0.1229142076,0.09417788008,-0.2950577561,3.60195625,1,93.34461182,3.614021016,-102.6645247,0,-354.5247252,-293.6046133,94.68298366
0.1229142076,0.09804158798,-0.4082634947,3.745083238,1,433.4133669,3.767270569,-138.6672951,117.3433619,-66.24245085,-288.8696293,96.22142879
0.1229142076,0.1019052959,1.123583413,4.182294195,1,171.3831957,4.330591694,-87.5416579,42.65949646,1.800441728,-323.9298076,74.96241425
0.1229142076,0.1057690038,0.2608674936,4.658418,1,-177.7353711,4.665716463,-227.4114781,0,11.66474882,-383.6913003,86.79483206
0.1229142076,0.1096327117,0.4819350377,4.786113779,1,-186.5313895,4.810316672,-228.6872564,0,80.01201258,-186.34973,84.25001515
0.1229142076,0.1134964196,-0.1506922645,4.494838165,1,-77.60761842,4.497363481,-846.4039984,0,61.89523252,71.14315708,91.92015771
0.1229142076,0.1173601275,0.4212269681,1.240979585,1,209.3696256,1.310519931,-596.0122763,0,-27.11039219,160.658628,71.25119385
0.1229142076,0.1212238354,NaN,NaN,0,136.7425031,1.665922133,-69.00081161,0,-68.27086345,-239.9781407,70.59454523
0.1267779155,0.01690372206,NaN,NaN,0,-5.387801575,0.474765195,15.81392979,0,17.28064833,9.271670381,94.41195192
0.1267779155,0.02076742997,NaN,NaN,0,-3.612187763,0.4861857987,14.4909825,0,19.28718716,4.451834721,91.59668963
0.1267779155,0.02463113787,NaN,NaN,0,-1.039275208,0.5127106385,13.85269652,0,21.60934123,-3.275209795,87.31237635
0.1267779155,0.02849484577,NaN,NaN,0,-0.1508663994,0.5560963324,14.03200763,0,21.28856173,-10.00092452,83.19110863
0.1267779155,0.03235855367,NaN,NaN,0,-0.2740068802,0.6141688481,15.56434229,0,19.79239867,-15.00596753,80.08885038
0.1267779155,0.03622226157,NaN,NaN,0,-0.1762879755,0.685029347,18.27333103,0,17.78608854,-18.50404605,78.09255077
0.1267779155,0.04008596947,NaN,NaN,0,1.066964287,0.767038142,20.98557847,0,15.23392183,-20.58696824,76.90765698
0.1267779155,0.04394967737,NaN,NaN,0,2.723202799,0.8556666318,23.71957544,0,13.93086676,-20.72658268,76.18484355
0.1267779155,0.04781338527,NaN,NaN,0,6.007696884,0.9491749019,27.22134728,0,16.18134989,-19.45725487,75.47241465
0.1267779155,0.05167709317,NaN,NaN,0,6.923137596,1.052041471,24.66852587,0,19.91013163,-27.5270361,73.99575103
0.1267779155,0.05554080107,NaN,NaN,0,7.836204427,1.171459928,21.56955922,0,12.98254848,-36.55829447,73.03728086
0.1267779155,0.05940450897,NaN,NaN,0,14.66776112,1.290194962,32.02146631,0,11.51763275,-27.69947538,73.31189624
0.1267779155,0.06326821687,NaN,NaN,0,21.81330296,1.421987732,5.713965443,6.064573882,2.121667643,-46.22251696,71.85050759
0.1267779155,0.06713192477,NaN,NaN,0,15.8494851,1.509284286,-26.49237873,0,-33.89009224,-34.57801809,72.13654942
0.1267779155,0.07099563267,0.3732418085,1.382480143,1,5.605638861,1.431977931,-15.9245682,0,-25.88627818,-32.17548326,74.89149991
0.1267779155,0.07485934057,0.3846137728,1.499310895,1,14.49513161,1.547856878,-13.66986743,0.9383673901,3.56949739,-63.88216507,75.61232763
0.1267779155,0.07872304847,0.4430382583,1.576485794,1,55.8125637,1.637556215,-19.90194651,14.42799151,15.36608431,-140.5110263,74.30309594
0.1267779155,0.08258675637,0.6596272775,1.96530915,1,88.36035304,2.073052869,-7.278830389,21.33413925,48.22843695,-201.6563956,71.44642562
0.1267779155,0.08645046427,0.9707774453,2.327503929,1,34.27209137,2.521841269,45.57198691,0,-26.5255026,-158.0209447,67.35949549
0.1267779155,0.09031417218,0.6895578337,2.751932768,1,15.32868316,2.837009688,-3.191364314,0,-232.785952,-122.497704,75.93290483
0.1267779155,0.09417788008,0.1305860775,2.788468776,1,132.5330149,2.791524823,28.00543625,0,-170.0667817,86.59882755,87.31875476
0.1267779155,0.09804158798,0.5445383226,2.525545019,1,187.2965223,2.583582712,251.1997579,0,-99.3345548,69.3716651,77.83259724
0.1267779155,0.1019052959,0.4704454264,3.490999414,1,22.66906215,3.522555296,455.7500881,0,-384.0868039,-245.2147022,82.32508419
0.1267779155,0.1057690038,-0.8518742616,5.233868217,1,112.6219567,5.302741392,413.075733,0,-101.5280023,-163.0119367,99.24450456
0.1267779155,0.1096327117,0.5133092258,5.716833895,1,-79.48314148,5.739832415,3.392137724,22.81772989,9.808518414,58.78622903,84.86922369
0.1267779155,0.1134964196,-1.121076653,5.019841629,1,265.2064517,5.143502974,-609.9276427,0,-496.31461,554.3684728,102.5892279
0.1267779155,0.1173601275,-0.3796251912,1.218333796,1,143.4116079,1.276108351,-561.7983033,0,152.6297214,390.5156858,107.3067075
0.1267779155,0.1212238354,NaN,NaN,0,148.1084152,1.340571438,-53.71419901,0,60.17118126,-116.8891352,89.02802556
0.1306416234,0.01690372206,NaN,NaN,0,-4.10463639,0.5108313255,10.86471764,0,12.01897093,4.317291879,89.94932231
0.1306416234,0.02076742997,NaN,NaN,0,-2.621677072,0.5237164129,11.05308128,0,13.45937444,1.184220469,88.27762097
0.1306416234,0.02463113787,NaN,NaN,0,-0.2396626145,0.5505907751,12.21875729,0,15.51758024,-4.27104197,85.59115624
0.1306416234,0.02849484577,NaN,NaN,0,1.115840715,0.5919329113,13.53759391,0,16.10576507,-9.388056878,82.74324265
0.1306416234,0.03235855367,NaN,NaN,0,1.812446658,0.6467675038,15.37281641,0,15.7196899,-13.6241228,80.30976702
0.1306416234,0.03622226157,NaN,NaN,0,2.426135529,0.7136019657,17.66160795,0,14.80394439,-16.87199395,78.48031172
0.1306416234,0.04008596947,NaN,NaN,0,3.373851551,0.7906760547,19.99577702,0,13.70783951,-19.16019251,77.1804048
0.1306416234,0.04394967737,NaN,NaN,0,4.596505813,0.8757000722,22.15435094,0,13.14940794,-20.6157386,76.22529535
0.1306416234,0.04781338527,NaN,NaN,0,6.134310824,0.9674925393,23.823373,0,13.57436185,-22.10263631,75.39225371
0.1306416234,0.05167709317,NaN,NaN,0,7.065410396,1.066644083,23.46865623,0,13.72081438,-26.0055853,74.52181583
0.1306416234,0.05554080107,NaN,NaN,0,7.963717642,1.173093345,22.50044709,0,10.7547072,-29.72844726,73.95094443
0.1306416234,0.05940450897,NaN,NaN,0,9.691855531,1.280521382,22.33487376,0,7.542162327,-29.6558519,73.81279907
0.1306416234,0.06326821687,NaN,NaN,0,9.34659464,1.384575762,13.09622726,0,1.754759318,-33.57872254,73.60095871
0.1306416234,0.06713192477,NaN,NaN,0,1.303554939,1.46569595,5.678969183,0,-5.345522118,-29.65652337,74.16783338
0.1306416234,0.07099563267,NaN,NaN,0,-19.0420936,1.512086346,18.89097052,0,10.72573083,-22.24511144,75.62959891
0.1306416234,0.07485934057,NaN,NaN,0,-14.90452881,1.611550706,26.33610029,0,12.37298404,-36.44431498,76.80946669
0.1306416234,0.07872304847,NaN,NaN,0,-25.44389748,1.746025286,33.53550186,0,15.48229465,-64.86711424,77.91666327
0.1306416234,0.08258675637,0.3292510443,1.949231515,1,2.670943763,1.97684338,5.733454419,0,-17.40119714,-105.1030569,80.41248237
0.1306416234,0.08645046427,0.3085893862,2.135580531,1,14.23136002,2.157760787,-86.58539608,0,-69.62289664,-112.3307477,81.7777253
0.1306416234,0.09031417218,0.1152343266,2.048704033,1,73.10939762,2.051942291,-43.84332785,0,-114.740325,-120.7690431,86.78065217
0.1306416234,0.09417788008,0.1477396434,2.432799025,1,191.244577,2.437280882,37.96609734,54.24437362,-6.164199115,-114.4575494,86.5247951
0.1306416234,0.09804158798,0.8303308449,2.637624481,1,262.7852381,2.76523276,-58.87383047,46.2048521,200.3168,-104.9200952,72.52586644
0.1306416234,0.1019052959,1.937030647,2.610708342,1,164.0235983,3.250828475,96.6183905,34.02134333,-61.34758742,-212.2508773,53.42621189
0.1306416234,0.1057690038,1.227040959,3.831005111,1,119.0578633,4.022714218,456.4114202,0,-433.4855047,-195.9159279,72.24014426
0.1306416234,0.1096327117,0.7221740846,5.13111067,1,110.011693,5.181682364,-182.0881061,0,-522.1540361,407.6205229,81.98857384
0.1306416234,0.1134964196,-0.3653566681,1.552543222,1,350.9896747,1.594953276,-359.6099632,0,-600.1630448,638.0107386,103.2423516
0.1306416234,0.1173601275,NaN,NaN,0,48.40512186,1.299063196,-6.858179726,12.76084493,18.80994721,76.22889683,100.6715602
0.1306416234,0.1212238354,NaN,NaN,0,68.92332741,1.236043113,-27.44089934,0,0.9068787626,-4.107533604,94.9036417
0.1345053313,0.01690372206,NaN,NaN,0,-1.808944669,0.53611246,7.340137228,0,7.812375867,0.8829894261,87.63353118
0.1345053313,0.02076742997,NaN,NaN,0,-0.5516378859,0.5491666111,8.274724109,0,8.992343084,-1.398059197,86.47820426
0.1345053313,0.02463113787,NaN,NaN,0,1.586461107,0.5756375632,10.43165747,0,10.8958402,-5.605121677,84.54233768
0.1345053313,0.02849484577,NaN,NaN,0,3.041445215,0.6155719097,12.52679432,0,11.8972284,-9.656138223,82.34844628
0.1345053313,0.03235855367,NaN,NaN,0,3.981817268,0.6682684015,14.72772147,0,12.17665149,-13.23047285,80.31117302
0.1345053313,0.03622226157,NaN,NaN,0,4.694531883,0.7324863291,17.00450736,0,12.0021596,-16.19961443,78.63091063
0.1345053313,0.04008596947,NaN,NaN,0,5.405800577,0.8066806758,19.18157073,0,11.64408387,-18.56606924,77.32670984
0.1345053313,0.04394967737,NaN,NaN,0,6.154658077,0.8891786386,21.07867829,0,11.38456365,-20.4735429,76.32133822
0.1345053313,0.04781338527,NaN,NaN,0,6.867630202,0.9786700215,22.44913754,0,11.24587517,-22.33196647,75.5177875
0.1345053313,0.05167709317,NaN,NaN,0,7.240475521,1.074183774,22.88227898,0,10.64405685,-24.66422153,74.87650489
0.1345053313,0.05554080107,NaN,NaN,0,7.261400214,1.174006449,22.62869914,0,8.773303622,-26.69405736,74.49461765
0.1345053313,0.05940450897,NaN,NaN,0,6.78934872,1.27435589,21.7213544,0,6.141550039,-27.61676242,74.42292681
0.1345053313,0.06326821687,NaN,NaN,0,4.577665129,1.371055649,18.65710063,0,2.70072942,-28.77999792,74.61235966
0.1345053313,0.06713192477,NaN,NaN,0,-0.9397663876,1.458626499,17.22105769,0,0.02751362188,-28.22424142,75.29220636
0.1345053313,0.07099563267,NaN,NaN,0,-9.014985958,1.540224867,21.81121813,0,2.603686131,-28.36628684,76.4722993
0.1345053313,0.07485934057,NaN,NaN,0,-11.25100699,1.64148811,26.09005155,0,1.338164524,-35.2806138,77.84744023
0.1345053313,0.07872304847,NaN,NaN,0,-13.09315587,1.764243033,28.30505833,0,-4.989583954,-44.95436773,79.48433373
0.1345053313,0.08258675637,NaN,NaN,0,-4.424801615,1.907781399,24.45369218,0,-26.57093975,-45.14342421,81.69113498
0.1345053313,0.08645046427,NaN,NaN,0,-6.620209218,2.013695367,0.1112506968,0,-50.87597049,-35.70409928,84.23640675
0.1345053313,0.09031417218,NaN,NaN,0,-44.65409956,2.026843674,-4.055619427,0,-50.37847759,-9.807439678,88.48622472
0.1345053313,0.09417788008,-0.1649545499,2.025738928,1,26.1286741,2.0324439,9.150676606,0,-62.84399557,-57.63721666,94.65528536
0.1345053313,0.09804158798,-0.08831356228,2.284185222,1,79.13073435,2.28589182,-32.5270847,18.95422157,-30.30980164,-186.3927679,92.21412665
0.1345053313,0.1019052959,0.0236752735,2.620230984,1,75.38242234,2.620337941,-134.6940123,0,-12.51074604,-345.5838724,89.48231421
0.1345053313,0.1057690038,0.1546042302,3.099002041,1,415.8822678,3.102856123,-43.60758694,118.331659,-63.62340979,-212.9007133,87.1439735
0.1345053313,0.1096327117,1.384700606,3.274330174,1,402.1080816,3.555085633,-283.0824804,0,-453.8774216,170.9209623,67.0767003
0.1345053313,0.1134964196,-0.04541737751,1.344865352,1,-12.06527575,1.345632028,-232.5432963,0,-375.2045822,329.1822647,91.9341977
0.1345053313,0.1173601275,NaN,NaN,0,65.47555643,1.109612767,-11.3856568,0,-79.38343549,57.79206143,95.77216309
0.1345053313,0.1212238354,NaN,NaN,0,46.47911686,1.082135019,-3.540146737,0,-40.03782054,10.12746504,95.25724466
0.1383690392,0.01690372206,NaN,NaN,0,-0.5856677895,0.5489516798,5.807078845,0,5.807078845,-0.5856677895,86.6347905
0.1383690392,0.02076742997,NaN,NaN,0,0.5563805226,0.5619500483,6.99815514,0,6.884725989,-2.558764228,85.68197469
0.1383690392,0.02463113787,NaN,NaN,0,2.555445026,0.5880996506,9.51190758,0,8.716463783,-6.289693899,84.04891068
0.1383690392,0.02849484577,NaN,NaN,0,4.017164238,0.6273115919,11.91485591,0,9.875154365,-9.896250006,82.13306579
0.1383690392,0.03235855367,NaN,NaN,0,5.02450394,0.6789520252,14.2891437,0,10.44186945,-13.15964004,80.27829622
0.1383690392,0.03622226157,NaN,NaN,0,5.754581918,0.7418933334,16.60573307,0,10.59375088,-15.97131791,78.68043926
0.1383690392,0.04008596947,NaN,NaN,0,6.359354828,0.8147114516,18.75551684,0,10.52257869,-18.32273055,77.39343545
0.1383690392,0.04394967737,NaN,NaN,0,6.87359977,0.8958860478,20.60428226,0,10.37398356,-20.30576895,76.38777266
0.1383690392,0.04781338527,NaN,NaN,0,7.221355404,0.9839836039,21.97459728,0,10.10023933,-22.12508778,75.61516437
0.1383690392,0.05167709317,NaN,NaN,0,7.233074803,1.07752796,22.661296,0,9.370620688,-23.94660397,75.06125064
0.1383690392,0.05554080107,NaN,NaN,0,6.80163826,1.174483645,22.73267504,0,7.803321113,-25.4448393,74.7661554
0.1383690392,0.05940450897,NaN,NaN,0,5.664708616,1.271944001,22.22854482,0,5.511770177,-26.37334172,74.7667953
0.1383690392,0.06326821687,NaN,NaN,0,3.232177966,1.367036889,21.03451214,0,2.76140028,-27.25551634,75.08790007
0.1383690392,0.06713192477,NaN,NaN,0,-1.013530017,1.458295662,21.05833542,0,0.5393914109,-27.77276493,75.81507668
0.1383690392,0.07099563267,NaN,NaN,0,-6.402283052,1.549697768,23.7065988,0,-0.1014582456,-29.05137467,76.94873459
0.1383690392,0.07485934057,NaN,NaN,0,-9.669821943,1.651437005,26.18300132,0,-2.955963517,-33.08231377,78.39424099
0.1383690392,0.07872304847,NaN,NaN,0,-11.77544845,1.764542897,26.44832229,0,-9.685324164,-37.21898415,80.1725585
0.1383690392,0.08258675637,NaN,NaN,0,-10.60170586,1.880267222,22.41090007,0,-23.07208669,-36.0662781,82.38049032
0.1383690392,0.08645046427,NaN,NaN,0,-14.20755577,1.972023154,13.02017372,0,-34.35730793,-29.14693796,85.02345217
0.1383690392,0.09031417218,NaN,NaN,0,-27.3788807,2.027524861,18.20803044,0,-27.14573812,-14.00077645,88.25695718
0.1383690392,0.09417788008,NaN,NaN,0,-26.37031837,2.089409881,56.79832057,0,6.39390275,8.090831838,91.08592608
0.1383690392,0.09804158798,NaN,NaN,0,33.61917997,2.214832535,42.40541588,0,-2.30848652,-4.720350171,90.40127271
0.1383690392,0.1019052959,NaN,NaN,0,122.9015882,2.272572274,-15.66359996,0,-57.81402499,45.53227384,87.94789079
0.1383690392,0.1057690038,0.2359678131,1.978335236,1,316.8939298,1.99235818,-36.82407356,0,-263.2052046,78.94091314,83.19812624
0.1383690392,0.1096327117,0.2888147409,1.823832719,1,345.9183824,1.846558892,-520.3069248,0,-404.9134569,-46.96466695,81.00159311
0.1383690392,0.1134964196,0.008028077844,0.149479015,1,264.0856586,0.1496944419,-129.41441,0,-354.6911061,157.0797805,86.92576591
0.1383690392,0.1173601275,NaN,NaN,0,88.76625864,0.7195153025,109.7962609,0,-111.6028397,-83.73903162,94.88397231
0.1383690392,0.1212238354,NaN,NaN,0,41.77138842,0.9008205752,51.57935488,0,-51.57935488,-41.77138842,95.10817304
