PIVlab, ASCII chart output - 19-Sep-2021
FRAME: 186, filenames: A: 72_12_75_60 186.jpg & B: 72_12_75_60 187.jpg, conversion factor xy (px -> m): 0.00024148, conversion factor uv (px/frame -> m/s): 1
x [m],y [m],u [m/s],v [m/s],Vector type [-],vorticity [1/s],magnitude [m/s],divergence [1/s],dcev [1],simple shear [1/s],simple strain [1/s],vector direction [degrees]
0.03791263377,0.01690372206,NaN,NaN,0,-0.7297792566,0.3280602027,-1.280991646,0,1.280991646,0.7297792566,-38.67207386
0.03791263377,0.02076742997,NaN,NaN,0,-0.5061471554,0.3313273224,-1.825383579,0,1.400656707,1.138789255,-39.08146468
0.03791263377,0.02463113787,NaN,NaN,0,-0.03383178235,0.337982927,-2.832306552,0,1.709359776,1.956863993,-39.82184076
0.03791263377,0.02849484577,NaN,NaN,0,0.507615023,0.3481697947,-3.744724349,0,2.117503354,2.72098614,-40.77382571
0.03791263377,0.03235855367,NaN,NaN,0,1.030822954,0.361993753,-4.583549412,0,2.649673881,3.496530706,-41.83103651
0.03791263377,0.03622226157,NaN,NaN,0,1.453670182,0.3795986938,-5.438851079,0,3.302281472,4.374960147,-42.9410597
0.03791263377,0.04008596947,NaN,NaN,0,1.725436828,0.4012933805,-6.455487678,0,4.064198993,5.452010276,-44.11575565
0.03791263377,0.04394967737,NaN,NaN,0,1.830118299,0.4277142129,-7.849673477,0,4.984015805,6.804154313,-45.41209583
0.03791263377,0.04781338527,NaN,NaN,0,1.801168902,0.4601491875,-9.879779517,0,6.200326604,8.550575878,-46.896167
0.03791263377,0.05167709317,NaN,NaN,0,1.775818823,0.5009121397,-12.6609535,0,7.744175669,10.95315917,-48.61328937
0.03791263377,0.05554080107,NaN,NaN,0,1.927715421,0.553037777,-15.95008695,0,9.263237198,14.31596503,-50.57547743
0.03791263377,0.05940450897,NaN,NaN,0,2.104655029,0.6188630629,-19.28837482,0,10.20079255,18.69350681,-52.77134402
0.03791263377,0.06326821687,NaN,NaN,0,2.017060943,0.6988761142,-22.17341196,0,9.798818114,23.74741702,-55.21004316
0.03791263377,0.06713192477,NaN,NaN,0,1.343254752,0.7909458077,-24.12374774,0,7.391463536,28.71206422,-57.92084722
0.03791263377,0.07099563267,NaN,NaN,0,-0.07367406917,0.8902196445,-27.01148723,0,4.46187572,31.11620402,-60.93236289
0.03791263377,0.07485934057,NaN,NaN,0,-0.8000073602,0.9957893078,-33.91226331,0,5.320303214,29.54335811,-63.96842976
0.03791263377,0.07872304847,NaN,NaN,0,2.178503888,1.117832937,-44.36797584,0,12.94476642,27.53093213,-66.26302078
0.03791263377,0.08258675637,NaN,NaN,0,1.650812598,1.272941544,-59.79069894,0,34.76268962,34.04727882,-67.0942222
0.03791263377,0.08645046427,NaN,NaN,0,12.06045446,1.506455083,-94.60216762,0,63.71606474,41.61955379,-66.91555136
0.03791263377,0.09031417218,NaN,NaN,0,75.82122578,1.87283703,-76.17882651,0,32.44477601,64.18247516,-65.1102138
0.03791263377,0.09417788008,NaN,NaN,0,55.45661337,2.176181305,128.4554499,0,-92.09621669,173.3521117,-62.37759217
0.03791263377,0.09804158798,NaN,NaN,0,-34.03380427,1.980879285,182.1627654,0,-263.7927358,38.40354642,-70.94637483
0.03791263377,0.1019052959,NaN,NaN,0,-137.6432238,1.380000402,307.4448844,0,-386.4022561,-75.57331654,-95.89543732
0.03791263377,0.1057690038,-1.378094762,-0.3924832957,1,258.5699717,1.43289508,380.165135,0,-820.1245429,221.5948338,-164.1029736
0.03791263377,0.1096327117,-2.311427262,-0.760032254,1,413.6328902,2.433175912,303.7068105,0,-887.992342,621.8877664,-161.7983527
0.03791263377,0.1134964196,-3.210881124,-1.621841569,1,412.3270242,3.597238894,273.8726431,0,-318.4371861,636.3414379,-153.2012965
0.03791263377,0.1173601275,NaN,NaN,0,329.8712461,2.909480723,116.8063984,0,119.7955776,290.6013566,-132.0488238
0.03791263377,0.1212238354,NaN,NaN,0,157.3600352,2.725909954,88.60291116,0,88.60291116,157.3600352,-122.7213184
0.04177634167,0.01690372206,NaN,NaN,0,-1.32615471,0.3248101682,-1.43693278,0,1.741985164,0.6778051631,-38.25446868
0.04177634167,0.02076742997,NaN,NaN,0,-1.078816979,0.32798167,-2.050560422,0,1.811211446,1.047402085,-38.72801641
0.04177634167,0.02463113787,NaN,NaN,0,-0.5463383736,0.3345307618,-3.135534221,0,2.053294425,1.802094089,-39.56435338
0.04177634167,0.02849484577,NaN,NaN,0,0.08781535899,0.3446426196,-4.052997847,0,2.431514945,2.474882958,-40.59699839
0.04177634167,0.03235855367,NaN,NaN,0,0.6712714832,0.3583444814,-4.817225418,0,2.98914899,3.143493222,-41.68238326
0.04177634167,0.03622226157,NaN,NaN,0,1.077500314,0.3756631804,-5.534167442,0,3.720221993,3.919688165,-42.75587125
0.04177634167,0.04008596947,NaN,NaN,0,1.226585345,0.3967610057,-6.354421651,0,4.57223636,4.900433195,-43.84220454
0.04177634167,0.04394967737,NaN,NaN,0,1.067743577,0.4219666788,-7.535543706,0,5.583527408,6.088086315,-45.02663728
0.04177634167,0.04781338527,NaN,NaN,0,0.6167954208,0.452206714,-9.484739037,0,7.053562501,7.538386688,-46.39791217
0.04177634167,0.05167709317,NaN,NaN,0,0.1569914875,0.4901073971,-12.46687684,0,9.210543862,9.679053791,-48.01149628
0.04177634167,0.05554080107,NaN,NaN,0,0.2204292628,0.5401261341,-16.06806764,0,11.52698652,13.134094,-49.87948144
0.04177634167,0.05940450897,NaN,NaN,0,0.6139033674,0.6057746672,-19.60793775,0,13.2956077,18.15082618,-51.96287451
0.04177634167,0.06326821687,NaN,NaN,0,1.012625763,0.6883541481,-22.50325248,0,13.39484554,24.44154087,-54.28818993
0.04177634167,0.06713192477,NaN,NaN,0,0.5191028379,0.7858728242,-22.91374268,0,9.480971319,31.54517297,-56.92080426
0.04177634167,0.07099563267,NaN,NaN,0,-2.672511992,0.8864844166,-23.96977701,0,2.582102801,34.12186334,-60.20924107
0.04177634167,0.07485934057,NaN,NaN,0,-6.800227336,0.9814640846,-32.4481823,0,0.8496429391,27.89208276,-64.10823927
0.04177634167,0.07872304847,NaN,NaN,0,-1.431774841,1.085911291,-42.71978568,0,5.867787691,15.68333907,-67.3923618
0.04177634167,0.08258675637,NaN,NaN,0,-16.6140195,1.194844609,-51.4210127,0,34.95473666,21.97229118,-68.09714098
0.04177634167,0.08645046427,NaN,NaN,0,-25.81062925,1.375623709,-144.0262668,0,108.4606828,30.43961797,-69.20829177
0.04177634167,0.09031417218,NaN,NaN,0,173.076802,1.93991388,-197.184437,0,112.5842875,42.78108479,-66.77300347
0.04177634167,0.09417788008,1.592018456,-2.213195728,1,130.5060384,2.726308511,-149.0131366,0,-50.86431011,-10.92523402,-54.27139639
0.04177634167,0.09804158798,1.0727658,-2.316214444,1,-42.87544255,2.552582185,10.51463281,0,-289.9190943,-82.64148504,-65.14856091
0.04177634167,0.1019052959,0.3061975751,-1.853267699,1,5.110558666,1.87839243,46.69357,0,-338.5592101,88.14316064,-80.6183237
0.04177634167,0.1057690038,-0.2155823889,-2.476363555,1,231.8352051,2.485729716,108.3017475,0,-446.5282718,476.1645461,-94.9753995
0.04177634167,0.1096327117,-0.5233137227,-3.274582101,1,218.8785392,3.316134072,238.1299499,0,-539.0109349,382.3457536,-99.07970918
0.04177634167,0.1134964196,-1.452480456,-3.033571295,1,120.0342448,3.363369483,535.6046763,0,-285.2378177,352.2986893,-115.5851997
0.04177634167,0.1173601275,NaN,NaN,0,121.4848803,2.816993136,298.8197293,0,-3.943623831,141.6111444,-114.353101
0.04177634167,0.1212238354,NaN,NaN,0,58.49727571,2.623536088,180.3917178,0,26.02086196,107.8302973,-112.366544
0.04564004958,0.01690372206,NaN,NaN,0,-2.622927398,0.3184494176,-1.682806059,0,2.686078348,0.6841877405,-37.33650769
0.04564004958,0.02076742997,NaN,NaN,0,-2.309371031,0.3213394683,-2.504724173,0,2.629568068,0.9279557363,-37.97158109
0.04564004958,0.02463113787,NaN,NaN,0,-1.596317981,0.3276233741,-3.825132703,0,2.696889423,1.510366682,-39.04971039
0.04564004958,0.02849484577,NaN,NaN,0,-0.6837587795,0.3376507035,-4.770441952,0,2.968585092,1.97702383,-40.28587228
0.04564004958,0.03235855367,NaN,NaN,0,0.08423457378,0.3512103496,-5.369941646,0,3.559897873,2.41111638,-41.44602768
0.04564004958,0.03622226157,NaN,NaN,0,0.4963214243,0.3680903583,-5.792144354,0,4.479373971,2.993893364,-42.43901795
0.04564004958,0.04008596947,NaN,NaN,0,0.4509701191,0.3882989563,-6.143357127,0,5.505687588,3.891078674,-43.32337447
0.04564004958,0.04394967737,NaN,NaN,0,-0.190999133,0.4114454742,-6.714720451,0,6.512769343,4.847991274,-44.26101582
0.04564004958,0.04781338527,NaN,NaN,0,-1.658511709,0.4370040968,-8.389056994,0,8.319641556,5.503529857,-45.38776276
0.04564004958,0.05167709317,NaN,NaN,0,-3.477166768,0.4677883568,-12.08069577,0,12.00953997,6.663626724,-46.77017187
0.04564004958,0.05554080107,NaN,NaN,0,-3.650773669,0.5124453762,-16.6558995,0,16.17243776,9.982000522,-48.45217667
0.04564004958,0.05940450897,NaN,NaN,0,-2.906130967,0.5769920176,-20.72077308,0,20.08384058,16.18544603,-50.27201752
0.04564004958,0.06326821687,NaN,NaN,0,-1.045003388,0.6647015292,-24.92441625,0,22.9494243,24.71624859,-52.32576014
0.04564004958,0.06713192477,NaN,NaN,0,0.880990632,0.7807129432,-19.91111438,0,16.0675256,40.05230255,-54.49543207
0.04564004958,0.07099563267,NaN,NaN,0,-5.469136847,0.8926238985,-12.47951662,0,-3.330191327,46.96017283,-58.0974376
0.04564004958,0.07485934057,NaN,NaN,0,-23.82669279,0.9615095739,-30.28312948,0,-8.841544306,31.1275442,-64.1380273
0.04564004958,0.07872304847,NaN,NaN,0,12.81707795,1.053342304,-46.85123282,0,-22.58642962,-18.87121073,-70.8517783
0.04564004958,0.08258675637,0.38166903,-0.9733186061,1,-13.87245235,1.045476139,-13.15384779,0,-36.26424767,-46.28761957,-68.58828263
0.04564004958,0.08645046427,0.1517964874,-0.8670450107,1,-63.4656013,0.880232483,-70.64698823,0,14.28748976,177.6360039,-80.06967596
0.04564004958,0.09031417218,0.1916591719,-1.932611564,1,-11.55416239,1.942091835,-109.208776,0,73.46844237,346.7941862,-84.33643422
0.04564004958,0.09417788008,0.3910151801,-2.628907259,1,-7.264725932,2.657827354,-67.95893937,0,52.90162263,163.4888597,-81.54003243
0.04564004958,0.09804158798,0.3679868102,-2.826858254,1,89.13190679,2.850709014,-116.1228285,0,-92.18334551,-97.58262725,-82.58321726
0.04564004958,0.1019052959,0.3792253122,-2.70054118,1,200.8776487,2.727037679,3.173719292,18.51371593,-68.32998264,51.47534349,-82.00647059
0.04564004958,0.1057690038,0.8801122746,-3.013481621,1,91.3197187,3.139373997,5.037910766,0,-167.235317,260.6873149,-73.71911853
0.04564004958,0.1096327117,0.08590961516,-3.688295803,1,-8.054331153,3.689296192,91.50553162,0,-162.8680488,136.595073,-88.66567956
0.04564004958,0.1134964196,0.2197181248,-3.187694438,1,24.49293656,3.195257718,405.5805204,0,-110.6479283,135.5883452,-86.05701181
0.04564004958,0.1173601275,NaN,NaN,0,-95.54341035,2.656629255,290.4474636,0,-54.47111628,91.44677311,-95.33408686
0.04564004958,0.1212238354,NaN,NaN,0,-60.41629783,2.445441576,209.2003776,0,1.961527009,92.05332094,-98.46292501
0.04950375748,0.01690372206,NaN,NaN,0,-4.330204023,0.3093842365,-1.75741507,0,3.589734241,1.097456167,-35.71300063
0.04950375748,0.02076742997,NaN,NaN,0,-3.923634027,0.3114874326,-3.052145959,0,3.339880792,1.061614888,-36.69034843
0.04950375748,0.02463113787,NaN,NaN,0,-2.845803741,0.3171499092,-4.889830465,0,3.136110108,1.334393072,-38.28318851
0.04950375748,0.02849484577,NaN,NaN,0,-1.31076707,0.3272853966,-5.833695612,0,3.186038129,1.511729299,-39.95070899
0.04950375748,0.03235855367,NaN,NaN,0,-0.1468958329,0.340884928,-6.099954859,0,3.802483438,1.530055106,-41.27445105
0.04950375748,0.03622226157,NaN,NaN,0,0.3725806902,0.3572991964,-6.121111201,0,5.131688429,1.753690235,-42.12085273
0.04950375748,0.04008596947,NaN,NaN,0,0.2719728399,0.3770427996,-5.712142052,0,6.458370679,2.821996864,-42.61757573
0.04950375748,0.04394967737,NaN,NaN,0,-0.6241985194,0.3987641476,-4.790923976,0,6.64222082,3.90927025,-43.12907131
0.04950375748,0.04781338527,NaN,NaN,0,-3.582676354,0.4170113742,-5.276072722,0,7.702694411,2.964114741,-43.8532812
0.04950375748,0.05167709317,NaN,NaN,0,-8.756373182,0.4323239121,-10.81094974,0,14.3355367,1.489922728,-44.76643535
0.04950375748,0.05554080107,NaN,NaN,0,-8.440226204,0.4658848164,-17.7540615,0,21.06938398,3.944835331,-46.23220419
0.04950375748,0.05940450897,NaN,NaN,0,-7.542650178,0.526609659,-21.69483883,0,27.91789256,11.89270885,-47.5050396
0.04950375748,0.06326821687,NaN,NaN,0,-3.167498979,0.6149379138,-36.56252504,0,42.2514855,18.18570489,-49.30074996
0.04950375748,0.06713192477,NaN,NaN,0,9.518999924,0.7852239396,-19.32678199,0,35.1698981,56.98761583,-49.80778963
0.04950375748,0.07099563267,0.5736587781,-0.7610673376,1,-12.04273987,0.95305188,31.52844864,0,-7.344442761,89.82147546,-52.99263471
0.04950375748,0.07485934057,0.4318408741,-0.8250470551,1,-98.65799485,0.9312299306,91.00382203,3.661786728,-7.495689302,188.8865402,-62.37182686
0.04950375748,0.07872304847,0.16351195,-1.139257569,1,-40.58622075,1.150931782,150.6513504,0,-15.26364848,246.4314189,-81.83240071
0.04950375748,0.08258675637,0.2160532931,-1.195113263,1,93.29122141,1.214485379,205.9638557,0,97.76095493,166.2005609,-79.75271069
0.04950375748,0.08645046427,0.9016817531,-0.9856238129,1,224.8044419,1.335845906,188.6537755,0,154.8724892,255.7052602,-47.54667721
0.04950375748,0.09031417218,1.683014052,-1.454180614,1,60.72424309,2.224225159,139.4971507,0,213.4777511,397.049415,-40.82811631
0.04950375748,0.09417788008,1.961118164,-1.980730531,1,-286.6842436,2.787342443,41.84751044,26.52362893,-84.96489401,446.2732701,-45.28506842
0.04950375748,0.09804158798,0.2470703422,-3.016763617,1,-189.5960746,3.026864132,-7.576289287,4.388157418,-184.0793198,228.6415727,-85.31797452
0.04950375748,0.1019052959,0.5173455907,-2.893407351,1,113.5645788,2.939294568,37.48336412,10.01605349,32.41745112,156.1727382,-79.86255378
0.04950375748,0.1057690038,0.8111022647,-3.475344689,1,48.99394617,3.568740337,-90.41465177,0,-90.23547095,163.0542332,-76.86303045
0.04950375748,0.1096327117,0.3580003856,-3.872737085,1,-1.379976189,3.889248874,161.6926655,0,-43.30877961,182.4942983,-84.71852048
0.04950375748,0.1134964196,0.6384379659,-3.555716122,1,111.0340708,3.612578052,281.5875792,0,-122.4440117,-97.6044195,-79.82085956
0.04950375748,0.1173601275,NaN,NaN,0,-242.4273155,2.428028298,299.7253917,0,120.0534049,-55.00188289,-82.57153083
0.04950375748,0.1212238354,NaN,NaN,0,-127.6502664,2.191421074,174.408663,0,50.88732783,59.23618093,-85.66562681
0.05336746538,0.01690372206,NaN,NaN,0,-6.892643807,0.2987331612,-1.335284005,0,4.294650421,2.344556686,-32.96249231
0.05336746538,0.02076742997,NaN,NaN,0,-6.394274758,0.2985166885,-3.770331938,0.3407829924,3.818993305,1.600372387,-34.63166548
0.05336746538,0.02463113787,NaN,NaN,0,-4.552495887,0.3025372411,-6.848347585,0,3.321632087,1.253861419,-37.28916087
0.05336746538,0.02849484577,NaN,NaN,0,-1.566609925,0.3136877199,-7.574555173,0,2.836973877,1.205445187,-39.8372466
0.05336746538,0.03235855367,NaN,NaN,0,0.266368474,0.3278749859,-7.075070976,0,3.33230932,0.4436845087,-41.4895819
0.05336746538,0.03622226157,NaN,NaN,0,0.8689243296,0.3432358505,-6.880203541,0,5.78652563,-0.3311843915,-42.07458323
0.05336746538,0.04008596947,NaN,NaN,0,0.8885390697,0.3639054827,-5.793175905,0,8.553885878,1.733948296,-41.79167094
0.05336746538,0.04394967737,NaN,NaN,0,1.00490857,0.3898147045,-1.460760678,0,5.895048848,5.002978121,-41.65424446
0.05336746538,0.04781338527,NaN,NaN,0,-3.291622007,0.4004262073,2.886639816,0.04510853599,1.513378572,0.9537361297,-41.91378954
0.05336746538,0.05167709317,NaN,NaN,0,-19.5254234,0.3797189443,-8.132968957,0.626468543,16.56052842,-7.612885886,-41.50131004
0.05336746538,0.05554080107,NaN,NaN,0,-13.81110779,0.393350316,-21.85455793,0,25.8516689,-7.585290772,-43.24637712
0.05336746538,0.05940450897,0.3309081338,-0.3067481679,1,4.360133313,0.451214618,-16.03349196,0,8.249982312,4.963352863,-42.83017552
0.05336746538,0.06326821687,0.3352437959,-0.3506245045,1,37.85765645,0.4851040567,0.7273633985,2.055690754,31.50972829,60.17767279,-46.28465189
0.05336746538,0.06713192477,0.5989234462,-0.536446798,1,41.4240783,0.8040425745,8.30446032,0,115.2511822,108.9885646,-41.8503299
0.05336746538,0.07099563267,0.9405912376,-0.7396384737,1,53.96107262,1.196568823,101.4766062,0,179.4691276,95.40488827,-38.17991172
0.05336746538,0.07485934057,1.500829555,-0.5129874535,1,42.18541171,1.586078649,132.7866814,0,200.8791964,173.5730799,-18.87056185
0.05336746538,0.07872304847,1.879721884,-0.897225204,1,-62.03532651,2.082874799,186.8954391,0,144.5400293,301.5680332,-25.5159859
0.05336746538,0.08258675637,1.819603627,-0.9560488614,1,-83.87369864,2.055477264,225.8789558,0,81.01326497,287.9997089,-27.71815466
0.05336746538,0.08645046427,1.868670004,-1.137241649,1,39.81222157,2.187520549,111.1427818,0,75.39181594,211.1419994,-31.32400213
0.05336746538,0.09031417218,2.264718377,-1.342416629,1,40.57308128,2.63268527,-14.63246332,0,65.10294358,169.7191966,-30.65743237
0.05336746538,0.09417788008,2.276971296,-1.849522614,1,-145.6517387,2.933484649,-167.4460227,0,-124.1926468,211.2385295,-39.0860284
0.05336746538,0.09804158798,1.222118492,-2.805543125,1,-231.5009058,3.060170883,55.01026558,21.071054,-66.01521121,356.4169441,-66.46164829
0.05336746538,0.1019052959,1.127455925,-3.014069979,1,-21.69295384,3.218038953,65.42916619,0,5.814917885,258.4769623,-69.49097211
0.05336746538,0.1057690038,1.160770399,-3.55142342,1,25.551247,3.736307833,61.88895249,0,49.0640161,278.3200323,-71.9001997
0.05336746538,0.1096327117,1.415747506,-3.850296452,1,-54.80673548,4.102331504,218.6535553,0,-4.772066194,357.9917621,-69.8116101
0.05336746538,0.1134964196,0.9305753126,-4.08978555,2,444.6030672,4.194319523,380.0490375,0,-630.2215139,-294.3526615,-77.18136634
0.05336746538,0.1173601275,0.6985720474,-1.244605279,1,-128.7743432,1.427250926,401.9398188,0,28.42150073,-209.0765484,-60.69537403
0.05336746538,0.1212238354,NaN,NaN,0,-95.68316902,1.81221039,-47.89093569,0,15.07106836,202.84826,-72.56963433
0.05723117328,0.01690372206,NaN,NaN,0,-11.2638053,0.2897396323,0.5274064642,0,4.164871056,5.330330032,-28.30199343
0.05723117328,0.02076742997,NaN,NaN,0,-10.85782366,0.2824453447,-4.765510375,0.8860650212,3.670311574,2.661416727,-31.27954025
0.05723117328,0.02463113787,NaN,NaN,0,-7.403295125,0.2815294117,-11.15867277,0,3.494451057,0.8752350312,-36.14797053
0.05723117328,0.02849484577,NaN,NaN,0,-0.6695452166,0.2975081977,-10.54110652,0,1.507915974,1.612505522,-40.48200837
0.05723117328,0.03235855367,NaN,NaN,0,1.910055324,0.3139162774,-7.745570333,0,0.9032543339,-0.6295778667,-42.7345666
0.05723117328,0.03622226157,NaN,NaN,0,1.948209084,0.3239217797,-8.53145608,0,6.128218894,-5.256060606,-42.93354137
0.05723117328,0.04008596947,NaN,NaN,0,1.40835054,0.3456285696,-9.119597349,0,16.07559835,-0.5579974106,-40.7647185
0.05723117328,0.04394967737,NaN,NaN,0,7.046915736,0.3965117639,1.854417354,0,6.87071012,13.41495781,-39.78263895
0.05723117328,0.04781338527,0.3155517775,-0.2703462257,1,-3.912796586,0.4155237731,35.23645591,0,-11.25525764,12.28083183,-40.58802734
0.05723117328,0.05167709317,0.2461054168,-0.1650248821,1,-20.31419379,0.2963124835,62.0920183,0,-7.386867339,39.53511465,-33.84365157
0.05723117328,0.05554080107,0.2085229688,-0.1831929388,1,-14.53478858,0.2775634726,26.62910054,0,31.8396621,80.52410019,-41.30016045
0.05723117328,0.05940450897,0.3129663934,-0.373259418,1,23.71128911,0.4871042563,24.04585338,0,87.00883817,103.6441059,-50.0212152
0.05723117328,0.06326821687,0.6363131993,-0.490737336,1,65.0529029,0.803565567,86.89435057,0,102.3942476,71.7053256,-37.64012072
0.05723117328,0.06713192477,0.9599332719,-0.3145734622,1,51.33227335,1.010162536,103.6112187,0,129.3330829,48.06963343,-18.1441494
0.05723117328,0.07099563267,1.334351364,-0.2761408741,1,12.75821348,1.362625166,95.7054205,0,156.9213403,69.13176651,-11.69217648
0.05723117328,0.07485934057,1.615525504,-0.2119006254,1,66.2897382,1.629363228,39.29065844,0,119.1385554,56.10607576,-7.472550349
0.05723117328,0.07872304847,2.050792127,-0.3411107349,1,14.08211098,2.078967263,28.23242039,0,137.5869231,117.81931,-9.443620379
0.05723117328,0.08258675637,2.20153035,-0.5580381987,1,-36.02239603,2.271154445,61.77681112,0,60.89588126,193.0092778,-14.22361005
0.05723117328,0.08645046427,2.146896008,-0.8481546531,1,-25.11032696,2.308360627,-28.03717343,0,45.99532675,179.3714126,-21.55703786
0.05723117328,0.09031417218,2.282223888,-1.359404391,1,3.924910877,2.656412275,-132.9484931,0,-8.215191028,138.7242736,-30.78010052
0.05723117328,0.09417788008,2.130319619,-1.897818868,1,-47.34450055,2.853064692,-100.5094476,0,-67.9641607,162.9604798,-41.69660118
0.05723117328,0.09804158798,1.836704903,-2.377375231,1,-127.9496453,3.00423,68.97854634,10.01102851,34.38787258,299.1476285,-52.31115878
0.05723117328,0.1019052959,1.768824258,-2.78712497,1,-16.39347031,3.301030877,68.00896897,0,91.15727536,328.6712685,-57.59910652
0.05723117328,0.1057690038,2.125570407,-3.384498217,1,54.30639421,3.996608279,179.5592754,0,157.1912699,410.5013628,-57.86989788
0.05723117328,0.1096327117,2.585989454,-3.679417738,1,-237.9443634,4.4972721,-186.2557681,13.21445045,-61.25700117,932.8832149,-54.89946469
0.05723117328,0.1134964196,0.969543731,-7.708524348,1,-320.7775743,7.769257537,629.6977878,0,-74.41441348,143.3446144,-82.83123688
0.05723117328,0.1173601275,1.059083049,-1.800291139,1,117.5960555,2.088708953,845.4502798,0,-170.7090178,-694.8558133,-59.53236825
0.05723117328,0.1212238354,NaN,NaN,0,-74.55205245,1.916263069,30.32656372,0,-78.02277844,8.037294788,-66.49274072
0.06109488118,0.01690372206,NaN,NaN,0,-19.54612665,0.2920178892,6.593553756,0,1.024472969,12.0744767,-20.63809924
0.06109488118,0.02076742997,NaN,NaN,0,-20.144653,0.2632301347,-5.861174152,1.88400396,1.428197318,4.040460348,-25.54598404
0.06109488118,0.02463113787,NaN,NaN,0,-13.53331574,0.2455985507,-22.47972659,0,5.477944592,-2.026843543,-35.08926879
0.06109488118,0.02849484577,NaN,NaN,0,4.381668859,0.2822423503,-15.6856278,0,-1.203015371,4.998919736,-43.01368148
0.06109488118,0.03235855367,NaN,NaN,0,6.095188954,0.3071793189,-4.834647758,0,-7.355426852,0.6815591086,-46.03641097
0.06109488118,0.03622226157,0.2015038268,-0.2138511167,1,4.268773618,0.2938300399,20.32814726,0,1.084229782,11.20311761,-46.70273481
0.06109488118,0.04008596947,0.2339266613,-0.1858454202,1,12.73242095,0.2987644609,25.20450935,0,25.76689585,37.08784897,-38.46574333
0.06109488118,0.04394967737,0.3502539413,-0.2597648699,1,28.1757969,0.4360683559,14.71592683,0,35.91904303,43.1893745,-36.5623779
0.06109488118,0.04781338527,0.4815704007,-0.295858505,1,42.62062287,0.5651922733,40.9917571,0,41.95889147,25.95532134,-31.56498083
0.06109488118,0.05167709317,0.6770444791,-0.2016684743,1,38.46040709,0.7064413636,76.05702222,0,18.2106109,22.86019355,-16.58700049
0.06109488118,0.05554080107,0.7005306607,-0.09032149775,1,12.66969527,0.7063293704,104.5115619,0,25.43369218,68.41060648,-7.346783592
0.06109488118,0.05940450897,0.8242648382,-0.06218492749,1,-15.22607828,0.8266072155,101.2466957,0,79.28266935,131.2766464,-4.314386694
0.06109488118,0.06326821687,0.9480266177,-0.2063484558,1,-15.98086227,0.9702237644,72.71712294,0,109.3391399,117.4641718,-12.27952998
0.06109488118,0.06713192477,1.184973953,-0.2350744538,1,59.38808396,1.20806592,52.44578948,0,103.5246874,46.30811173,-11.22062395
0.06109488118,0.07099563267,1.577473979,-0.1826342618,1,68.46545602,1.588011155,32.16470461,0,108.6806262,51.24497904,-6.604096458
0.06109488118,0.07485934057,1.869414671,-0.3087950609,1,114.3640042,1.894746843,33.99831667,0,109.9151474,95.44302984,-9.379578228
0.06109488118,0.07872304847,2.444023109,-0.4200386855,1,142.6404566,2.479855128,29.17649331,9.626053138,99.25360084,99.77962736,-9.751792228
0.06109488118,0.08258675637,2.804022651,-0.5815849477,1,40.97797568,2.863701116,14.82498466,0,-38.55590059,129.3448963,-11.71762824
0.06109488118,0.08645046427,2.4533813,-0.8625101727,1,-7.119507253,2.600577551,-42.4740928,0,-126.6867636,166.583504,-19.36962297
0.06109488118,0.09031417218,2.287034305,-1.389322436,1,44.69141131,2.675956417,-99.06787088,0,-27.89859339,177.0091029,-31.27774918
0.06109488118,0.09417788008,2.518263843,-1.929190958,1,62.21429567,3.172291054,-23.92030651,4.782898433,30.29171319,180.2866259,-37.45499469
0.06109488118,0.09804158798,2.644450503,-2.178318374,1,6.904865776,3.426104114,104.9766686,0,29.80822249,278.2129413,-39.47937412
0.06109488118,0.1019052959,2.660112492,-2.598525313,1,65.71952967,3.718673456,97.07079252,0,140.3368977,349.5712308,-44.32900416
0.06109488118,0.1057690038,3.440592349,-3.153906313,1,112.6647601,4.667419066,217.9716131,0,311.8977123,365.2660764,-42.51071848
0.06109488118,0.1096327117,4.300497871,-3.167628095,1,-93.29524225,5.341174935,406.8010084,0,216.6982045,402.6609301,-36.37433571
0.06109488118,0.1134964196,3.917385349,-3.137910259,1,-1080.527493,5.019202005,682.2428147,76.73075883,298.8760661,472.8335513,-38.69548136
0.06109488118,0.1173601275,1.280425077,-2.358531869,1,-367.1306653,2.683684213,301.4564003,0,-467.9007209,-59.72608005,-61.50287523
0.06109488118,0.1212238354,NaN,NaN,0,-236.1059873,1.874448163,64.23464193,0,-68.96732925,-254.6948571,-68.3658847
0.06495858908,0.01690372206,NaN,NaN,0,-36.39334747,0.3323137638,24.58432326,0,-11.6830753,27.38274542,-10.03266201
0.06495858908,0.02076742997,NaN,NaN,0,-41.27175938,0.2427534325,-4.163244139,3.925047303,-9.090353284,4.823022245,-15.11467088
0.06495858908,0.02463113787,0.1326477296,-0.09261253922,1,-16.66939479,0.1617791785,-22.04308861,0,3.894556471,17.14835373,-34.92213384
0.06495858908,0.02849484577,0.1849973512,-0.2147226591,1,9.688142405,0.2834251935,-11.14827403,0,11.50370983,33.46721414,-49.25299075
0.06495858908,0.03235855367,0.2145268565,-0.2649937534,1,27.43993897,0.3409449538,31.296405,0,17.59134362,36.01225707,-51.00794747
0.06495858908,0.03622226157,0.3589850735,-0.232943334,1,13.127747,0.4279402761,85.68536945,0,61.39412794,62.47567422,-32.9793056
0.06495858908,0.04008596947,0.5024576135,-0.1753182705,1,15.76277379,0.5321655282,66.43913265,0,28.09521156,64.07294262,-19.23497848
0.06495858908,0.04394967737,0.528439518,-0.2238010669,1,3.52355107,0.5738773752,37.26584446,0,15.0487949,62.52259122,-22.95329487
0.06495858908,0.04781338527,0.5742157334,-0.2729029625,1,14.30257747,0.6357670449,25.82223908,0,11.54128275,30.85965731,-25.41996853
0.06495858908,0.05167709317,0.6282926449,-0.2432641796,1,39.48782641,0.6737426131,28.18832636,0,38.78620244,-7.794305596,-21.16555216
0.06495858908,0.05554080107,0.8766437171,-0.1338765831,1,66.41475264,0.8868072768,56.97756596,0,84.49624718,-3.885978207,-8.68283572
0.06495858908,0.05940450897,1.211368667,-0.008105223113,1,51.01484822,1.211395783,62.92882341,0,76.9644054,29.9710707,-0.3833582286
0.06495858908,0.06326821687,1.37111817,-0.006537453598,1,-20.83288177,1.371133756,46.61410132,0,54.51059145,81.79722057,-0.2731826254
0.06495858908,0.06713192477,1.3414895,-0.1440425189,1,0.3104491591,1.349200625,46.04923915,0,73.58329601,75.61248583,-6.128656633
0.06495858908,0.07099563267,1.656622017,-0.1207612033,1,90.80135473,1.661017693,38.13096452,0,109.5656443,60.14277073,-4.169261589
0.06495858908,0.07485934057,2.115649057,-0.2290897085,1,120.794244,2.128016219,9.207327171,4.768699758,110.1804866,109.6247704,-6.180103314
0.06495858908,0.07872304847,2.549040909,-0.5087448723,1,112.4506402,2.599313544,-56.77583609,7.909730572,53.94692828,107.8960731,-11.28694946
0.06495858908,0.08258675637,2.758560658,-0.8653338648,1,62.80000528,2.891100067,-103.0620122,0,-42.77322951,104.350855,-17.41613792
0.06495858908,0.08645046427,2.626418521,-1.310127606,1,55.47770326,2.935048312,-62.04702636,0,-100.8213523,138.4176881,-26.51124448
0.06495858908,0.09031417218,2.583366042,-1.639870966,1,68.75127301,3.059894916,-39.13439893,3.836482016,-40.78464498,144.8936939,-32.40659306
0.06495858908,0.09417788008,2.734473403,-2.021158403,1,91.58403379,3.400356757,-16.74070093,0,98.35568285,151.2358651,-36.46958518
0.06495858908,0.09804158798,3.317237626,-2.288883351,1,71.19374555,4.030267046,82.00230952,0,125.5201856,205.6314412,-34.60555139
0.06495858908,0.1019052959,3.494518572,-2.498825255,1,55.42727661,4.296019985,148.1466881,0,219.384608,232.4793921,-35.56742033
0.06495858908,0.1057690038,4.379030476,-2.614720286,1,129.8107074,5.100261766,221.471238,0,444.5068719,217.0372467,-30.84143685
0.06495858908,0.1096327117,5.713513941,-2.481693608,1,-38.55801949,6.229208996,276.1393919,0,311.1953314,215.1077679,-23.47795958
0.06495858908,0.1134964196,5.432421412,-2.378911918,1,-695.7924993,5.930465775,269.0135525,57.18997087,-267.1311067,193.4238814,-23.6490943
0.06495858908,0.1173601275,1.993058397,-2.189637199,1,-892.0404046,2.960877038,368.7433697,62.23544764,-506.6091389,40.7021778,-47.69081354
0.06495858908,0.1212238354,NaN,NaN,0,-811.3063287,1.111820584,-146.6840641,0,-205.6495731,-704.7907602,-88.53381456
0.06882229698,0.01690372206,0.4740633227,-0.007452522444,1,-30.81348426,0.4741218979,53.67867856,0,-90.32275056,44.21733364,-0.9006453192
0.06882229698,0.02076742997,0.240045809,0.01082541412,1,-33.41614028,0.2402897834,-6.22032167,0,-42.16211896,7.827633732,2.582134527
0.06882229698,0.02463113787,0.1820510054,-0.06172971872,1,8.367009243,0.1922319608,-20.76108648,0,5.236781614,30.05763524,-18.73073152
0.06882229698,0.02849484577,0.2926068832,-0.1855232825,1,28.43669494,0.3464645385,-3.324755408,0,46.9453555,47.77233874,-32.37616645
0.06882229698,0.03235855367,0.4733052292,-0.2591539651,1,53.48800957,0.5396096901,75.09967999,0,71.09385609,34.16507335,-28.70250731
0.06882229698,0.03622226157,0.7739548218,-0.02736391938,1,16.78831483,0.7744384096,92.88856585,0,51.76810177,61.58250307,-2.0249041
0.06882229698,0.04008596947,0.7381871977,-0.138196483,1,-44.05761909,0.7510117221,84.30988699,0,34.1843279,132.9343637,-10.60363729
0.06882229698,0.04394967737,0.7358073086,-0.2152346943,1,-24.73840497,0.7666409649,63.12581908,0,15.00306602,106.6929992,-16.30499109
0.06882229698,0.04781338527,0.7005726917,-0.3065273412,1,-16.80299503,0.764696742,59.56085448,0,21.98809446,56.75128652,-23.63121661
0.06882229698,0.05167709317,0.7558410183,-0.2043793444,1,5.685010566,0.7829856712,66.50639407,0,47.39569878,-7.533223853,-15.13092933
0.06882229698,0.05554080107,0.9056610477,-0.02045988447,1,21.25571602,0.905892124,-6.996021551,0,89.35354477,-69.74815816,-1.294154881
0.06882229698,0.05940450897,1.183202893,0.03807658161,1,44.76131321,1.183815405,-46.09388967,0,94.615012,-73.32591759,1.843195954
0.06882229698,0.06326821687,1.444170457,0.08475671696,1,40.61387489,1.446655456,-11.35578697,0,81.50623359,-13.93202776,3.35877119
0.06882229698,0.06713192477,1.655039321,0.0480304235,1,41.99674154,1.655736113,37.69935432,0,90.77844316,88.14086021,1.662297896
0.06882229698,0.07099563267,1.957174987,-0.1101345278,1,91.26770432,1.960271293,14.75621125,3.416684941,83.04875056,117.7230899,-3.220762428
0.06882229698,0.07485934057,2.328547185,-0.349803519,1,122.7272903,2.354675029,-28.767843,10.40848764,54.39836296,109.9448717,-8.543313347
0.06882229698,0.07872304847,2.641536773,-0.6460799396,1,112.9098204,2.719399899,-81.31745596,7.596070981,11.44098227,84.24515552,-13.74386043
0.06882229698,0.08258675637,2.809002364,-0.989489089,1,62.98229726,2.978184503,-92.54835784,0,-35.3097974,119.7668974,-19.40513906
0.06882229698,0.08645046427,2.748455229,-1.466404069,1,36.33036829,3.115180097,-67.25177887,0,-65.66618699,145.7685012,-28.08159574
0.06882229698,0.09031417218,2.695657329,-1.812537228,1,84.86963463,3.248362609,-11.91364128,8.178773388,-9.952314306,101.0926279,-33.91655317
0.06882229698,0.09417788008,3.037913871,-1.903027284,1,70.77698061,3.584750135,68.36222083,0,203.603484,108.7067952,-32.06408595
0.06882229698,0.09804158798,3.755783298,-1.968416879,1,15.17757984,4.240350597,126.4560121,0,267.6664244,142.5066025,-27.65916345
0.06882229698,0.1019052959,4.130740485,-1.965042077,1,23.29684589,4.574320422,204.2775251,0,333.6343154,196.408239,-25.44098527
0.06882229698,0.1057690038,5.134861046,-1.938012256,1,92.56409957,5.488414112,142.6563538,0,442.6194524,104.1547975,-20.6776366
0.06882229698,0.1096327117,6.198533403,-1.816283309,1,-101.133745,6.459156401,-14.6141799,0,248.4656565,-132.7194863,-16.33154662
0.06882229698,0.1134964196,5.704108516,-1.48168785,1,-662.8565891,5.893407576,-135.6435422,60.48390964,-200.5964502,-380.7307204,-14.5612281
0.06882229698,0.1173601275,2.862403074,-0.8693380426,1,-2656.632515,2.991504636,-180.05861,255,507.6888705,-718.2364534,-16.89401658
0.06882229698,0.1212238354,-2.59878202,0.597674135,1,-1591.24678,2.666623776,259.5197672,0,-1235.66728,-499.8607116,167.048193
0.07268600488,0.01690372206,0.705473818,-0.2878186532,1,-61.02353212,0.7619270864,213.2229979,0,-179.6302909,114.4948448,-22.19443849
0.07268600488,0.02076742997,0.2405657793,-0.09709028062,1,-43.32875663,0.2594193839,57.83691719,0,-95.6328195,10.44414489,-21.97857942
0.07268600488,0.02463113787,0.1685668785,-0.1047068244,1,15.20167217,0.1984396926,11.25724555,0,14.86376077,23.19404866,-31.84685288
0.07268600488,0.02849484577,0.3567298301,-0.1432106011,1,47.08339074,0.3844027158,15.70244785,0,74.07666608,39.58186188,-21.87318853
0.07268600488,0.03235855367,0.6366939473,-0.1969699051,1,34.81884425,0.6664655475,141.4936575,0,120.2359239,129.7383832,-17.19016187
0.07268600488,0.03622226157,0.9558161629,-0.09779165487,1,67.01313617,0.9608057791,197.7892488,0,115.4882361,113.9434531,-5.841730539
0.07268600488,0.04008596947,1.341825941,0.1269857582,1,-19.39256282,1.347821294,163.1545278,0,78.59829758,156.0266538,5.40617307
0.07268600488,0.04394967737,1.184569828,-0.07025163152,1,-84.36156885,1.186651157,115.634168,0,2.001805111,180.3417723,-3.393985593
0.07268600488,0.04781338527,1.023611872,-0.1230255236,1,-102.6328854,1.03097844,104.2873872,0,17.63109752,107.3555882,-6.853373111
0.07268600488,0.05167709317,0.8561477486,-0.08210626397,1,-116.6620161,0.8600758141,45.85941147,10.51328452,1.879724281,-19.42995975,-5.478025526
0.07268600488,0.05554080107,0.5801266236,0.1292335358,1,-31.48465152,0.5943468736,-22.739157,2.098211295,4.002673863,-91.74571175,12.55859293
0.07268600488,0.05940450897,0.7499654144,0.1845149068,1,75.29321264,0.7723301585,-88.95978434,0,104.142406,-94.712067,13.82202628
0.07268600488,0.06326821687,1.273413441,0.1514586758,1,128.10399,1.28238899,-64.92966906,0,150.8337415,-28.67455264,6.782844906
0.07268600488,0.06713192477,1.827699331,0.04443572705,1,108.7823264,1.828239421,-28.71288105,0,122.8785347,49.96167808,1.392722598
0.07268600488,0.07099563267,2.16848334,-0.1525168399,1,82.38775045,2.173840238,-26.84453751,2.578318331,73.31606277,112.2778977,-4.023182654
0.07268600488,0.07485934057,2.429293385,-0.4930927249,1,66.00790007,2.478831738,-50.30048596,2.345717454,35.41522899,143.3668416,-11.4738936
0.07268600488,0.07872304847,2.560352685,-0.9007908237,1,98.86859267,2.714190483,-57.0345575,7.803651345,13.57048668,137.600519,-19.38304192
0.07268600488,0.08258675637,2.863725144,-1.245105808,1,110.221417,3.122692776,-33.06381083,10.20667542,-14.60561849,174.8767736,-23.49869892
0.07268600488,0.08645046427,2.929784201,-1.704212503,1,52.80198554,3.389391644,-16.13622141,3.421393709,-36.1851875,180.8583473,-30.18593602
0.07268600488,0.09031417218,2.927927598,-2.006235279,1,70.4069222,3.549329516,143.316645,0,56.11199959,92.52167926,-34.41919898
0.07268600488,0.09417788008,3.418616359,-1.507955592,1,130.409785,3.736424478,195.3843248,0,239.3135596,16.05009731,-23.80233077
0.07268600488,0.09804158798,4.356430605,-1.313340208,1,79.27596065,4.550093419,251.0426601,0,341.0547185,197.1608256,-16.77656867
0.07268600488,0.1019052959,5.042651325,-1.299771922,1,-19.90262928,5.207469581,270.924686,0,272.5630506,257.6908817,-14.45370166
0.07268600488,0.1057690038,5.332636671,-1.262208653,1,-142.6596198,5.479980342,78.28389532,0,168.9577689,34.58797215,-13.31655237
0.07268600488,0.1096327117,5.144259691,-1.130943639,1,-401.6406347,5.267109386,-128.9631587,36.25226528,-88.90746728,-302.1995687,-12.39898848
0.07268600488,0.1134964196,3.437302094,-0.5928737673,1,-958.3118407,3.488057481,1079.251095,0,-755.5731625,-1811.06056,-9.786218773
0.07268600488,0.1173601275,-1.477691337,10.03637634,1,-603.0181592,10.14457597,-85.08492744,28.81412467,-519.5980661,-306.4454803,98.37568515
0.07268600488,0.1212238354,-0.9001590852,0.2623987496,1,223.1523199,0.9376243824,-2247.212549,0,75.80001617,2812.164526,163.7484569
0.07654971278,0.01690372206,1.740269341,-0.4657143935,1,-330.3723112,1.801506945,380.2416483,0,-309.6374848,238.1749115,-14.98189414
0.07654971278,0.02076742997,0.503863888,-0.1912622068,1,-191.1775322,0.5389434566,138.3205108,0,-177.6672755,34.09961876,-20.78631212
0.07654971278,0.02463113787,0.315160743,-0.06303530967,1,-13.55507662,0.3214027757,41.69586466,0,14.16211513,13.21724816,-11.31048505
0.07654971278,0.02849484577,0.5062093075,-0.08122915127,1,142.2958292,0.5126851256,28.82001104,0,169.8669677,-5.837885895,-9.116282865
0.07654971278,0.03235855367,1.521266608,0.07087268053,1,160.4142365,1.522916619,77.19964615,0,220.6160214,14.78321487,2.667363789
0.07654971278,0.03622226157,1.978398925,0.1599297074,1,16.13314956,1.984852593,112.2959418,0,100.372408,68.41609834,4.621623581
0.07654971278,0.04008596947,1.971410051,0.2404115785,1,-31.0698186,1.986014933,75.08572505,0,5.439765793,85.8219278,6.952834861
0.07654971278,0.04394967737,1.879371887,0.118448156,1,-97.67298877,1.883100809,128.9956546,0,-19.60055646,150.2897122,3.606319189
0.07654971278,0.04781338527,1.518299328,0.1581375598,1,-187.2510263,1.526512475,191.6043899,0,-77.11036279,156.6164555,5.946167929
0.07654971278,0.05167709317,0.8579566997,0.2536313146,1,-205.203688,0.8946611327,80.98531447,17.24391405,-67.84344673,91.72235409,16.46886553
0.07654971278,0.05554080107,0.4633249559,0.116652775,1,-58.15052424,0.4777843495,33.88228156,2.244590908,-41.34151802,60.82269204,14.13182039
0.07654971278,0.05940450897,0.47354851,0.1495414378,1,92.63381496,0.496599268,9.250375667,6.139176626,67.6231573,-5.224078405,17.52554671
0.07654971278,0.06326821687,1.082511086,0.1725778375,1,157.467978,1.096181263,-47.35802028,0,169.5727788,-35.18127601,9.058074283
0.07654971278,0.06713192477,1.737138466,0.1024940548,1,139.7229434,1.740159499,-63.99876911,0,172.0898232,18.24417599,3.376631549
0.07654971278,0.07099563267,2.287264535,-0.1451848792,1,119.23904,2.291867733,-23.56602705,0,126.8949736,124.0897309,-3.63199603
0.07654971278,0.07485934057,2.688128399,-0.4680046639,1,96.03365126,2.728564211,-10.10375984,5.639639938,76.22460331,204.8353732,-9.876235192
0.07654971278,0.07872304847,2.952820114,-0.9756469056,1,96.59087442,3.109828534,-15.45834224,5.577452497,76.50653533,244.3386337,-18.28416982
0.07654971278,0.08258675637,3.356926228,-1.471784292,1,62.37209014,3.665392572,16.27445809,3.366418118,49.45657419,232.2787803,-23.67418899
0.07654971278,0.08645046427,3.384893408,-1.810224512,1,10.27384735,3.838543496,95.43115178,0,54.41569544,197.9193189,-28.13765438
0.07654971278,0.09031417218,3.606867726,-1.867768633,1,-2.707752796,4.061779716,195.865876,0,124.3373693,110.9811976,-27.37678108
0.07654971278,0.09417788008,3.854834719,-1.482254909,1,215.6204265,4.129991565,219.0608312,0,271.1251995,-16.66827489,-21.03267054
0.07654971278,0.09804158798,5.487510647,-0.9569802237,1,227.7614136,5.570330713,218.7010113,0,372.2637362,51.18969648,-9.892464304
0.07654971278,0.1019052959,6.173156631,-0.8350401188,1,-90.95231141,6.229378363,72.08084179,0,112.5518544,14.37292477,-7.703614868
0.07654971278,0.1057690038,5.570964972,-0.7340136887,1,-323.2672737,5.619112636,23.84393826,29.9996387,-101.3274694,-34.92510563,-7.505886033
0.07654971278,0.1096327117,4.532646567,-0.6079736996,1,-458.5725757,4.573239215,-81.49533909,37.53539048,-238.7768455,-90.72193502,-7.639608896
0.07654971278,0.1134964196,2.876610503,-0.6983648171,1,-449.8003145,2.960169152,-3.061697537,24.48984083,-374.0204051,-18.83580137,-13.6458939
0.07654971278,0.1173601275,1.349643944,-0.54702717,1,909.1739024,1.456288948,533.8723116,0,-1761.356105,345.7854503,-22.06331344
0.07654971278,0.1212238354,-0.415972605,0.02834787492,1,-418.4495334,0.4169374175,287.4415993,0,-495.4997581,-10.39408591,176.1014111
0.08041342068,0.01690372206,3.094854766,-0.2077053405,1,-636.1595139,3.101816811,82.46671904,0,-496.4871698,-1.8122946,-3.839540438
0.08041342068,0.02076742997,0.9067467959,-0.04489059509,1,-378.0494848,0.9078573222,52.41808215,18.31951615,-324.4155383,-1.957055472,-2.834245899
0.08041342068,0.02463113787,0.3807351063,0.002384308299,1,-74.0321106,0.380742572,6.312358651,5.70314144,-45.34046082,4.188279914,0.3588033111
0.08041342068,0.02849484577,0.4455260486,-0.03668377529,1,67.98561105,0.447033734,1.736736745,0,90.24419397,-6.868442389,-4.707008522
0.08041342068,0.03235855367,0.9920888541,0.03563220691,1,156.5669938,0.9927285372,-37.74062544,0,156.2176894,-106.1640196,2.05697088
0.08041342068,0.03622226157,1.6540347,0.2276842335,1,105.6966893,1.669631965,-8.823859041,0,145.7294749,-68.97745423,7.837727344
0.08041342068,0.04008596947,1.963526111,0.2680481279,1,61.13578258,1.981737769,47.95175567,0,96.64327883,46.99070773,7.77360442
0.08041342068,0.04394967737,2.263646906,0.231397442,1,19.73470676,2.275443274,98.96237045,0,85.21872208,90.03889556,5.836689268
0.08041342068,0.04781338527,2.369035503,0.3025258283,1,-129.8701646,2.388273664,132.2837552,0,-61.70932158,76.06414722,7.277283887
0.08041342068,0.05167709317,1.523439732,0.4486135855,1,-209.5406377,1.588119254,133.6270375,2.853009255,-158.757526,161.6693236,16.40833715
0.08041342068,0.05554080107,0.9460389783,0.1941786259,1,-133.2619166,0.9657614028,96.04277623,6.632235034,-62.90143232,189.4071204,11.59911157
0.08041342068,0.05940450897,0.765521851,0.08788103122,1,-11.72288331,0.7705496609,71.31566998,0,13.91423205,70.26759272,6.548821752
0.08041342068,0.06326821687,0.9545057097,0.1982280903,1,108.5886991,0.974872056,-8.804098703,0,120.568142,-29.92651975,11.73219778
0.08041342068,0.06713192477,1.650916948,0.1694918963,1,194.6160667,1.659594611,-69.83890581,0,220.1077946,13.28452051,5.861751784
0.08041342068,0.07099563267,2.556877569,-0.1229365487,1,182.8089885,2.559831302,-25.2471746,0,213.3810312,166.0511883,-2.752703211
0.08041342068,0.07485934057,3.181679458,-0.5696290999,1,102.7565429,3.232268782,28.80373712,0,127.0231736,250.2113374,-10.15035921
0.08041342068,0.07872304847,3.444679275,-0.9783908433,1,80.25452717,3.580930598,47.84042835,0,86.00617727,235.5819728,-15.85611528
0.08041342068,0.08258675637,3.824062255,-1.295007589,1,14.97530123,4.037387371,14.49927309,0,145.1106766,158.2136704,-18.70852134
0.08041342068,0.08645046427,4.063204732,-1.533661295,1,-79.12780784,4.343011589,63.4991792,0,154.038441,120.5331099,-20.67907181
0.08041342068,0.09031417218,4.11349506,-1.515370037,1,-163.4977538,4.38374132,166.862816,0,199.0587612,104.7049253,-20.22328786
0.08041342068,0.09417788008,4.200602078,-1.293501362,1,34.71728199,4.395247842,190.2805412,0,298.0496968,-6.510886802,-17.11529321
0.08041342068,0.09804158798,5.399209465,-0.7550254421,1,80.06352958,5.45174525,63.55413163,0,224.3283598,-138.3270958,-7.960618998
0.08041342068,0.1019052959,5.376683426,-0.513491269,1,-98.63597328,5.401147836,-100.2957989,0,70.32451941,-190.9670848,-5.455392915
0.08041342068,0.1057690038,5.289822277,-0.4046980782,1,-210.2825202,5.305280413,-28.08804763,20.31259338,-22.09037143,-88.07553512,-4.37489388
0.08041342068,0.1096327117,4.478862448,-0.2817171396,1,-351.1479651,4.487713603,92.03555794,29.77514832,-150.2164685,64.95904286,-3.599120785
0.08041342068,0.1134964196,3.352696554,-0.300082333,1,-438.6839443,3.366099165,106.6696356,35.50394933,-223.3260229,106.683718,-5.114616698
0.08041342068,0.1173601275,1.921049308,-0.2817715499,1,-500.288734,1.941603886,159.4191611,33.99809602,-323.382479,90.8887422,-8.344406955
0.08041342068,0.1212238354,0.170271581,-0.03530081204,1,-422.6837919,0.1738923766,71.15319521,0,-483.584369,-56.42929508,-11.71266789
0.08427712858,0.01690372206,2.051894477,0.07393874601,1,-386.5018256,2.053226214,-325.9515455,0,-313.8947659,-295.941487,2.063724987
0.08427712858,0.02076742997,0.6988305554,0.01596369587,1,-229.888688,0.6990128645,-88.76934986,3.454309826,-209.1099055,-82.00954751,1.308605278
0.08427712858,0.02463113787,0.3557321432,0.04782084426,1,-40.64081031,0.3589320143,-13.65448076,3.478696104,-14.3448835,-10.75773371,7.656335273
0.08427712858,0.02849484577,0.4863818958,0.004771511398,1,59.03903871,0.4864053,25.38274293,0,98.71847453,19.76580022,0.5620659354
0.08427712858,0.03235855367,0.9652610935,0.06952307018,1,139.290164,0.9677615594,54.75776858,0,169.0704862,-25.43286539,4.119622971
0.08427712858,0.03622226157,1.677797376,0.3146046974,1,169.6740271,1.707038415,24.43196444,0,185.6786389,-55.30467974,10.62023884
0.08427712858,0.04008596947,2.338239997,0.3776021723,1,117.0572388,2.368533234,2.497293819,0,124.1152876,-12.21773314,9.173492401
0.08427712858,0.04394967737,2.609617572,0.3714592634,1,-7.312210261,2.635922202,29.85936788,0,3.444104029,18.50007876,8.101198287
0.08427712858,0.04781338527,2.323294764,0.4214911474,1,-93.05814199,2.361218615,68.61057022,0,-65.00815193,48.32353947,10.28273723
0.08427712858,0.05167709317,1.998895583,0.4498424243,1,-96.18570133,2.048887933,143.5229777,0,-99.75943917,152.060376,12.68286394
0.08427712858,0.05554080107,1.566219977,0.3885051341,1,-162.2487323,1.613685612,50.12269209,12.21914677,-90.9564084,102.2090989,13.93118782
0.08427712858,0.05940450897,1.020584881,0.248595763,1,-126.9706941,1.05042532,3.796331369,11.90139741,-36.95284878,47.70291874,13.68961259
0.08427712858,0.06326821687,0.9328672892,0.2188629056,1,62.63697966,0.9581974487,-21.54766992,0,66.26612918,-9.225538204,13.2035429
0.08427712858,0.06713192477,1.518628841,0.2009866453,1,241.2845901,1.531871139,-79.95652477,0,250.0628087,-16.3061795,7.539135591
0.08427712858,0.07099563267,2.831290116,-0.02706343626,1,251.9127315,2.831419458,-43.93444175,0,329.7907418,104.9464135,-0.5476561531
0.08427712858,0.07485934057,3.766161147,-0.3742454912,1,79.5073372,3.784709958,-17.32602409,0,235.3693048,222.4335015,-5.674882965
0.08427712858,0.07872304847,4.047881485,-0.9534242096,1,-87.84240608,4.158649088,34.52830039,0,154.6376847,188.4565317,-13.25368316
0.08427712858,0.08258675637,4.024238592,-0.9689792145,1,-124.2497861,4.13925319,22.80578913,0,136.6883384,11.39551262,-13.53829266
0.08427712858,0.08645046427,4.095940418,-0.9093382341,1,-108.0483197,4.19566728,72.41333936,0,271.5926603,-57.51963321,-12.51719999
0.08427712858,0.09031417218,4.656126153,-0.4669561618,1,-139.0125697,4.679482751,66.8128657,0,260.3795515,-48.23797868,-5.726961936
0.08427712858,0.09417788008,4.564866984,-0.4648153777,1,-130.6597105,4.58847076,-5.515420896,0,271.0646311,-22.95284222,-5.814076458
0.08427712858,0.09804158798,5.198609754,-0.3995830593,1,-30.79386033,5.213943805,-92.77797424,0,155.7864721,-165.9173669,-4.395308828
0.08427712858,0.1019052959,5.047801926,-0.1822261283,1,-108.999745,5.051090045,-43.8608049,4.38258365,89.20866948,-145.4960404,-2.06748526
0.08427712858,0.1057690038,5.122142819,-0.006894196757,1,-134.3207178,5.122147459,-24.6456447,0,157.9834592,-115.3856925,-0.07711775183
0.08427712858,0.1096327117,5.139227847,0.1683669114,1,-361.3832328,5.141985052,16.82064258,35.37959892,-6.449252112,-19.57172601,1.876403362
0.08427712858,0.1134964196,3.700945541,0.1337152853,1,-463.937138,3.703360323,-273.328573,25.83581052,-266.5702791,-265.0774353,2.069198366
0.08427712858,0.1173601275,2.316760568,0.1364869253,1,-688.1212166,2.320777501,-25.23612106,57.26801704,-362.6904394,62.93551606,3.371559634
0.08427712858,0.1212238354,-0.3590837557,-0.2069541657,1,-644.7111643,0.4144528566,-278.1749138,0,-740.4061335,-100.3969348,-150.043452
0.08814083648,0.01690372206,0.6920417431,0.0728271299,1,-87.41300576,0.6958631799,-368.8282429,0,-143.0054077,-349.4507021,6.00741989
0.08814083648,0.02076742997,0.2469070209,0.03539255105,1,-51.9916902,0.2494307713,-122.2190057,0,-52.99251491,-130.2830104,8.157417223
0.08814083648,0.02463113787,0.2864134404,0.1039840885,1,42.55252977,0.3047053487,-14.25045091,0,54.00233933,-35.27518296,19.95372693
0.08814083648,0.02849484577,0.6199668315,0.1166259744,1,75.96098401,0.6308410973,33.6435676,0,136.0059387,21.55399313,10.65377323
0.08814083648,0.03235855367,1.105391714,0.1506946729,1,94.54943794,1.115616299,47.62331145,0,142.2139868,2.874741262,7.763101997
0.08814083648,0.03622226157,1.534751546,0.2895213786,1,118.8490689,1.561821032,-1.667736323,7.185869092,93.53175275,-39.09905812,10.68295187
0.08814083648,0.04008596947,1.925969173,0.2953183666,1,141.7800614,1.948478943,-59.19155574,8.505365784,95.231162,-54.90430617,8.717546879
0.08814083648,0.04394967737,2.450493682,0.2729566985,1,135.0049092,2.46564893,-28.66176702,8.807120315,96.60306861,-58.57718322,6.355887957
0.08814083648,0.04781338527,2.820834747,0.4109027965,1,29.42569256,2.85060516,51.34777712,0,26.21872829,9.45822128,8.287818213
0.08814083648,0.05167709317,2.665487471,0.4348057063,1,-168.6871476,2.700718323,45.10091812,0,-164.2133348,29.90087035,9.264730808
0.08814083648,0.05554080107,1.534604523,0.4696313412,1,-237.245716,1.604856578,-32.59053283,11.60382852,-203.0017365,-32.81777178,17.01555674
0.08814083648,0.05940450897,0.9644999105,0.4356836913,1,-125.2207552,1.058338488,-59.98300609,9.289178701,-55.69289516,6.632091071,24.30963548
0.08814083648,0.06326821687,0.8356070223,0.212250064,1,10.68184775,0.8621422072,-49.83191158,0,70.71303898,10.28529407,14.25212015
0.08814083648,0.06713192477,1.278985977,0.2034083688,1,209.9692794,1.295059881,5.710580255,0,296.5397617,14.5851458,9.036569704
0.08814083648,0.07099563267,2.792610006,0.177961335,1,279.1239329,2.798274626,-48.87045952,0,418.4362685,-4.655845576,3.646289465
0.08814083648,0.07485934057,3.974154839,0.03257601562,1,102.1342821,3.974288349,-72.68372794,0,289.6182948,-15.87820814,0.4696410893
0.08814083648,0.07872304847,4.306227532,-0.04151860063,1,-262.2604722,4.306427679,106.7083614,0,257.6150009,189.3737489,-0.5524015771
0.08814083648,0.08258675637,3.956206095,-0.2868188953,1,-333.3601674,3.966589434,189.905644,0,285.3550193,196.4591521,-4.146601714
0.08814083648,0.08645046427,4.120749662,-0.06683944166,1,-248.3351316,4.121291702,61.98789164,0,307.61935,-19.43217442,-0.9292683195
0.08814083648,0.09031417218,4.185262998,0.0277644572,1,-97.5082654,4.18535509,18.27029303,3.290191737,89.70730358,-65.97095931,0.3800867195
0.08814083648,0.09417788008,4.090609025,0.2586441506,1,-201.8610214,4.098777743,330.4046427,0,257.357772,346.4250035,3.617925082
0.08814083648,0.09804158798,4.399686232,-0.03413353748,1,9.138577814,4.399818637,-309.112163,0,134.3647293,-307.4774633,-0.4445017891
0.08814083648,0.1019052959,4.645063886,0.2523281482,1,-57.46028762,4.651912295,-75.33185264,0,147.8128377,-271.7269831,3.109352835
0.08814083648,0.1057690038,4.748782093,0.7246798797,1,-185.8484752,4.803758143,-91.07698244,7.976548848,140.0813455,-307.7900361,8.676586224
0.08814083648,0.1096327117,4.468233066,1.089644086,1,-644.0534714,4.599177205,-294.6609301,50.23152865,-255.6856332,-226.8001272,13.70491732
0.08814083648,0.1134964196,1.272453006,0.462485559,1,-650.0074316,1.353894215,-327.4786775,54.96757298,28.44794275,-297.9613917,19.97417288
0.08814083648,0.1173601275,2.066708758,0.9755979154,1,-830.1987618,2.285405081,82.10917794,79.32013402,166.3617086,306.6405872,25.26983571
0.08814083648,0.1212238354,-1.292419461,-0.4050382207,1,-884.065834,1.354401722,-216.8975817,0,-854.7448139,497.771421,-162.5992527
0.09200454438,0.01690372206,-0.7233255572,-0.1408540565,1,206.38497,0.7369122925,-64.44718246,0,24.77229627,-143.6202784,-168.9806285
0.09200454438,0.02076742997,-0.2767634791,0.01209680157,1,119.037563,0.277027717,-9.731592524,4.178270638,110.7171546,-70.01400166,177.4973041
0.09200454438,0.02463113787,0.1643795604,0.09205956393,1,136.5923987,0.1884027685,16.19765375,6.869207187,116.1214844,-41.95137857,29.25068641
0.09200454438,0.02849484577,0.6996491473,0.2367676771,1,111.6334011,0.7386256577,30.49358858,0,146.1477987,-11.33809343,18.69628992
0.09200454438,0.03235855367,1.160370819,0.2536849642,1,82.80529055,1.187777967,-3.580086347,0,129.5910045,1.591550478,12.33220007
0.09200454438,0.03622226157,1.52028639,0.2167859831,1,97.48839949,1.535664961,-25.95372628,1.122061022,93.27035192,-11.47692224,8.115410055
0.09200454438,0.04008596947,1.897406914,0.1977508221,1,106.1326981,1.907684037,6.770660293,5.69380449,88.56767253,5.140157827,5.949977825
0.09200454438,0.04394967737,2.272551751,0.2230857683,1,84.45437064,2.283475141,8.699169926,0,86.57938344,-46.00205428,5.606495671
0.09200454438,0.04781338527,2.558231381,0.4091003742,1,-15.64381733,2.590735593,-48.95773927,0,19.81826212,-112.1204234,9.085545816
0.09200454438,0.05167709317,2.288680586,0.4671279301,1,-185.6889763,2.335865435,-83.28950145,9.257311427,-136.4704672,-112.2030469,11.53582856
0.09200454438,0.05554080107,1.313501393,0.5208138683,1,-215.1522145,1.41298726,-37.13324756,12.86326979,-166.4056297,-50.10088805,21.62872419
0.09200454438,0.05940450897,0.8144525288,0.5172311051,1,-108.9359182,0.9648113482,-32.52791232,9.782931026,-29.12593758,-14.40853668,32.4182419
0.09200454438,0.06326821687,0.7800707107,0.4508058935,1,20.06733463,0.9009640766,9.110285647,0,182.4824153,4.389795063,30.02378414
0.09200454438,0.06713192477,1.597045598,0.5354697018,1,158.1071892,1.684423475,79.54076879,0,319.260522,63.90996973,18.53566753
0.09200454438,0.07099563267,2.624480108,0.5111987353,1,135.4129638,2.673802532,-20.99737817,0,337.4328474,26.96994675,11.02211776
0.09200454438,0.07485934057,3.423983694,0.3501379696,1,184.3683387,3.441839761,71.74977258,0,480.1167186,-69.05383938,5.838793775
0.09200454438,0.07872304847,5.191856273,1.055222763,1,111.4021679,5.298005912,195.1664926,0,430.319843,-82.13645026,11.48863596
0.09200454438,0.08258675637,5.517039308,1.421555541,1,-436.007535,5.697239935,170.1259001,34.40097105,194.9196943,122.6366151,14.44890479
0.09200454438,0.08645046427,4.260363278,1.238707489,1,-391.2229,4.436788423,49.49266914,36.15376745,120.7017782,351.0593143,16.21187445
0.09200454438,0.09031417218,4.471824712,0.2563901111,1,163.3425775,4.479168689,272.7208815,0,592.2983333,254.4057252,3.281435933
0.09200454438,0.09417788008,7.179939035,1.309471903,1,-463.8449496,7.298372505,138.6274048,43.25043824,35.36091013,183.1794009,10.33596158
0.09200454438,0.09804158798,2.816287544,0.08425421173,1,-753.7066846,2.817547569,-20.85091741,72.46757718,-145.1891856,159.9553581,1.713593246
0.09200454438,0.1019052959,3.70686796,0.6108892676,1,135.0457543,3.756867814,51.79834884,10.55717964,62.88577799,-250.5405558,9.358190583
0.09200454438,0.1057690038,3.581037169,1.252403426,1,-56.68582936,3.793723968,22.6380055,0,-94.05365084,-251.1967552,19.27636748
0.09200454438,0.1096327117,3.12445464,1.668906796,1,-428.3427006,3.542240349,-78.76044022,37.92558592,-166.062835,-467.6783625,28.10860938
0.09200454438,0.1134964196,1.284427805,2.755068675,1,-239.487588,3.039762851,374.5928038,0,419.1909933,-225.3486906,65.00481422
0.09200454438,0.1173601275,3.818776106,3.986905488,1,-523.6795132,5.520730597,-107.4297243,33.80283517,379.1817657,629.876267,46.23392359
0.09200454438,0.1212238354,0.7261307162,-0.09366630865,1,-1176.533529,0.732146976,-544.9797622,0,-424.3356209,1567.277117,-7.350207935
0.09586825228,0.01690372206,-0.1118701491,-0.6288711925,1,97.96588766,0.6387440075,473.8489375,0,-71.74056783,146.6419477,-100.086853
0.09586825228,0.02076742997,-0.06120666136,0.003244923215,1,55.46779695,0.06129261718,194.0124282,0,21.86173392,24.80666409,176.9652566
0.09586825228,0.02463113787,0.1869085703,0.02489045513,1,104.0499225,0.1885586074,47.49533481,1.439014164,91.40603595,-16.36420333,7.585400379
0.09586825228,0.02849484577,0.6939780695,0.2499795252,1,117.1467541,0.7376281746,25.59210798,0,118.5853576,-53.75409471,19.80965043
0.09586825228,0.03235855367,1.097708592,0.3314610054,1,79.15238629,1.146660609,-21.64953664,0,101.0248948,-27.66566162,16.80206846
0.09586825228,0.03622226157,1.390130454,0.2732240749,1,103.4706048,1.416726535,-35.27711421,0,122.8095708,-8.357696486,11.11949854
0.09586825228,0.04008596947,1.971989095,0.2274522384,1,117.8889653,1.9850631,11.9995975,0,119.2500223,9.943786713,6.579508441
0.09586825228,0.04394967737,2.306366233,0.2811671272,1,8.646377661,2.323441447,21.94663958,0,49.97261939,-60.99588167,6.950581886
0.09586825228,0.04781338527,2.198475777,0.5479179131,1,-83.89946587,2.265725001,-56.17499083,5.828685234,-18.6457773,-145.1580429,13.99451204
0.09586825228,0.05167709317,1.910161367,0.6249716487,1,-154.3187309,2.00980248,-90.12418468,6.735720818,-104.7377245,-118.6087377,18.11719813
0.09586825228,0.05554080107,1.197557304,0.6579739058,1,-174.0735417,1.366408854,-11.64367366,12.52696413,-117.6178114,-42.46238411,28.7857138
0.09586825228,0.05940450897,0.7831511817,0.7440461438,1,-87.89441564,1.080245545,50.82555409,6.988293697,7.714981596,3.772155337,43.53321892
0.09586825228,0.06326821687,0.8877673908,0.8397744943,1,69.55441793,1.222027881,69.97814421,0,202.2276563,48.7519976,43.40867341
0.09586825228,0.06713192477,1.833237729,0.8260577741,1,199.7422801,2.010754092,38.67330785,0,299.2392488,7.943070478,24.2563494
0.09586825228,0.07099563267,2.815686266,0.9585071553,1,184.6150577,2.974361296,48.78473453,0,372.1903383,-41.59569854,18.79944131
0.09586825228,0.07485934057,3.984571137,1.175261367,1,86.58932847,4.154280495,29.02889145,0,412.2207222,-31.06338024,16.43358395
0.09586825228,0.07872304847,4.7429426,1.19068614,1,21.69752933,4.890116357,-60.92513009,0,263.7235814,-313.438592,14.09251481
0.09586825228,0.08258675637,5.087354937,2.150899625,1,-111.5585851,5.523363962,-108.5260474,0,351.0753782,-294.9795425,22.91831617
0.09586825228,0.08645046427,5.668365525,1.911087982,1,-79.8519783,5.981857989,-69.17530872,0,373.5002883,51.37609875,18.63152076
0.09586825228,0.09031417218,6.221926233,1.6851242,1,-379.7761025,6.446084828,202.9059308,12.80881163,293.2299629,131.3834969,15.15423259
0.09586825228,0.09417788008,5.333976522,2.187429775,1,-315.5697082,5.76508062,-226.1245936,21.51237253,-16.95570721,-389.665976,22.29822142
0.09586825228,0.09804158798,4.937145158,2.317000331,1,-460.9815364,5.453796187,-78.10712284,43.76652261,83.93583092,494.8934129,25.14064729
0.09586825228,0.1019052959,3.877182051,-0.02647692217,1,-224.0180116,3.877272454,-247.0730228,0,-53.29262876,202.4171672,-0.3912615642
0.09586825228,0.1057690038,3.865697846,0.5803015326,1,-184.8257075,3.909011346,253.3741881,0,-208.6380179,-297.7787074,8.53724287
0.09586825228,0.1096327117,2.356953147,2.103016874,1,-312.9477304,3.158782694,283.8217543,0,-208.9885113,-344.3638454,41.7412819
0.09586825228,0.1134964196,1.849088665,3.007427197,1,399.8597526,3.530403269,514.5139622,0,47.46610399,-96.55016525,58.41510691
0.09586825228,0.1173601275,4.085289593,4.463990172,1,306.8183236,6.051181646,-118.7686806,26.02771724,-97.60213493,12.24340225,47.5363271
0.09586825228,0.1212238354,2.657438906,2.501234778,2,-787.1645979,3.649405014,-192.9163814,0,48.05557453,823.0793639,43.2656194
0.09973196018,0.01690372206,1.674069978,-0.7965502293,1,-338.0237741,1.853915467,414.4214324,0,-234.1625453,63.04755155,-25.44587906
0.09973196018,0.02076742997,0.5686895766,-0.1177472097,1,-165.53923,0.5807514442,247.5403054,0,-194.0658062,30.19532728,-11.69780313
0.09973196018,0.02463113787,0.2846611591,0.04320727959,1,-9.435187854,0.2879215943,51.99102309,0,15.16799184,-41.20267573,8.630758945
0.09973196018,0.02849484577,0.5908394567,0.2423260207,1,84.22560673,0.6386025086,12.32121639,0,93.10926333,-64.02686065,22.30042333
0.09973196018,0.03235855367,0.9698312976,0.338193948,1,93.59161325,1.027106563,-19.57637162,0,103.3318578,-32.30509737,19.22438898
0.09973196018,0.03622226157,1.351694228,0.291506099,1,122.1989273,1.382770079,-24.7559029,0,139.8184066,10.23235261,12.17000844
0.09973196018,0.04008596947,1.982189741,0.2030095488,1,93.05554199,1.992558417,-4.077336768,0,106.2303973,-27.69511491,5.847662035
0.09973196018,0.04394967737,2.121676886,0.382758295,1,-46.34604637,2.155925954,27.6909469,3.596762841,-5.896617538,-90.90290886,10.22637484
0.09973196018,0.04781338527,1.780339347,0.6612215663,1,-88.31568566,1.89916354,-21.584279,3.634680762,-77.19354989,-93.00172783,20.37509655
0.09973196018,0.05167709317,1.482197545,0.6586944563,1,-92.40775544,1.621970391,-71.55196727,0,-82.52471205,-91.66755443,23.9605519
0.09973196018,0.05554080107,1.104451391,0.7389423194,1,-71.97334214,1.328852372,0.2354824769,5.405189979,-46.25387024,-58.76054882,33.7848283
0.09973196018,0.05940450897,1.02540213,0.8866378885,1,6.80184989,1.355572305,65.89990682,0,27.97249396,7.80177434,40.84909797
0.09973196018,0.06326821687,1.238809298,0.9634165328,1,88.78556185,1.569337405,61.97850773,0,105.782857,53.37044566,37.87204961
0.09973196018,0.06713192477,1.777157667,0.9198969259,1,164.5902303,2.001124616,28.09298241,0,201.2363751,-42.43985886,27.36710401
0.09973196018,0.07099563267,2.652256443,1.235934829,1,163.3460167,2.926089394,52.04057284,0,260.8489274,-126.1265272,24.98522323
0.09973196018,0.07485934057,3.416123024,1.608282558,1,80.01518825,3.775774,-16.08850574,0,202.917111,-211.3428892,25.21066963
0.09973196018,0.07872304847,3.745424203,1.990340733,1,-61.02140091,4.241421777,76.50638999,0,201.2723107,-337.7991224,27.98644281
0.09973196018,0.08258675637,3.958011572,3.20903804,1,-53.86309175,5.095466686,-27.70494776,0,169.3397631,-286.5204472,39.03411078
0.09973196018,0.08645046427,4.19159233,2.990328223,1,107.6457051,5.148932816,-285.9985374,0,359.6281907,-194.8039943,35.50447952
0.09973196018,0.09031417218,5.763421415,2.856688963,1,-79.82718335,6.432549902,-318.1497097,0,237.4767345,-181.7266004,26.36570729
0.09973196018,0.09417788008,4.800704147,2.463229178,1,-227.5249643,5.395762994,-237.1058764,0,-118.4622128,-64.46518222,27.16224479
0.09973196018,0.09804158798,4.426628025,2.189655749,1,-217.7903778,4.938585625,-277.8421339,0,-109.9707783,30.85275982,26.31955246
0.09973196018,0.1019052959,3.534330778,1.270522278,1,-489.284371,3.755758367,-134.1858814,40.45201423,226.0250939,132.2048917,19.77251152
0.09973196018,0.1057690038,3.409471077,1.160399615,1,-434.4170338,3.60153027,47.18725413,33.20909354,267.7913182,-159.8813428,18.79579802
0.09973196018,0.1096327117,2.890537684,2.070574852,1,-207.2414892,3.555627697,128.0129849,14.17297242,75.20426993,67.6764009,35.61510869
0.09973196018,0.1134964196,2.899317829,1.393522551,1,120.2080126,3.216822807,184.6538672,0,13.51220539,93.09205033,25.6707117
0.09973196018,0.1173601275,3.407193547,2.424342967,1,253.0502466,4.181675106,116.8027075,12.4134301,-185.3488085,-333.5051222,35.43324382
0.09973196018,0.1212238354,3.16089641,3.13338047,1,-188.327788,4.450768393,445.7156827,0,60.83516025,78.69130038,44.74952846
0.1035956681,0.01690372206,1.732930536,-0.2275817422,1,-270.8213451,1.747810543,117.4763559,0,-102.4200377,55.04497614,-7.481705474
0.1035956681,0.02076742997,1.011882697,-0.1069734346,1,-214.1106807,1.017521453,83.46135151,8.859172071,-175.240425,-6.486363502,-6.03473598
0.1035956681,0.02463113787,0.2285915933,0.1199499549,1,-70.49596543,0.2581513281,30.58997583,0.1708114381,-63.48935303,-70.67979512,27.68755804
0.1035956681,0.02849484577,0.4942025632,0.2843033794,1,82.12975341,0.5701443546,-23.30195681,0,90.93254186,-87.78522436,29.91082884
0.1035956681,0.03235855367,0.8972537508,0.3690944652,1,96.35043112,0.9702035959,-45.97268066,0,121.0089439,-60.7246284,22.36031471
0.1035956681,0.03622226157,1.334015698,0.3413005965,1,101.7871347,1.376983652,-70.97585656,0,144.6020583,-47.49104958,14.35097541
0.1035956681,0.04008596947,1.849229622,0.2783560309,1,64.47057995,1.870062105,-89.66285571,0,123.9799959,-114.548616,8.560204194
0.1035956681,0.04394967737,2.062133677,0.437451905,1,-28.09884105,2.108022644,-46.70447892,0,3.904282949,-127.5942807,11.97691972
0.1035956681,0.04781338527,1.755748917,0.5908905969,1,-98.98784407,1.852513416,-28.58876244,0,-103.5649588,-87.00542911,18.6004633
0.1035956681,0.05167709317,1.279528812,0.6631568415,1,-109.509367,1.441170003,4.378383479,5.573906591,-93.48614781,-38.70350572,27.39689752
0.1035956681,0.05554080107,0.9714335424,0.7573464326,1,-53.33916067,1.231769762,38.74740554,3.590425402,-1.430989585,-3.358905587,37.94059685
0.1035956681,0.05940450897,1.067912949,0.8258433285,1,35.79141365,1.349983434,67.12713796,0,57.90317203,28.79591599,37.71566235
0.1035956681,0.06326821687,1.333442053,0.9054470778,1,91.40930856,1.611800893,79.99560018,0,92.32420807,43.29395284,34.17767874
0.1035956681,0.06713192477,1.777805589,0.9676477733,1,137.504971,2.024088666,91.28617648,0,172.0416502,-19.94967648,28.55915903
0.1035956681,0.07099563267,2.529439779,1.335229922,1,160.8211609,2.860228057,56.64106372,0,182.8997167,-119.9951473,27.82848667
0.1035956681,0.07485934057,3.10584266,1.650118497,1,152.9005529,3.516980194,25.53171863,0,158.7027197,-199.351354,27.98148259
0.1035956681,0.07872304847,3.733383805,2.204112426,1,104.7025483,4.335466091,111.9601211,0,93.92456235,-240.854273,30.55672181
0.1035956681,0.08258675637,3.873279796,3.013290259,1,105.9153433,4.907363301,33.73801737,5.092977953,-85.90834959,-142.4042518,37.88179714
0.1035956681,0.08645046427,3.810684985,2.884674703,1,67.42625611,4.779400401,-44.68415584,2.946560966,40.57113877,-18.23381135,37.12558927
0.1035956681,0.09031417218,4.290550184,2.911093854,1,26.76535556,5.184909672,-237.1236364,0,65.91997804,-165.726336,34.15648579
0.1035956681,0.09417788008,4.168794041,2.608816389,1,-125.4999856,4.917801003,-119.1297244,0,45.8615063,-73.18678846,32.03818516
0.1035956681,0.09804158798,3.982850362,2.733583769,1,-158.6378254,4.830691175,-36.85837151,12.86181634,81.18218874,-70.10454919,34.46331089
0.1035956681,0.1019052959,3.869528085,2.737269908,1,-323.5823544,4.739820055,159.2441615,21.1924252,180.5669994,14.34559909,35.27525018
0.1035956681,0.1057690038,3.430280805,3.29342949,1,-397.3911931,4.755365833,69.3135159,32.87385825,201.5978431,-48.97567391,43.83398898
0.1035956681,0.1096327117,3.113039772,3.194304786,1,-260.9634748,4.460336275,-75.40226419,20.94439248,129.4672393,105.3162953,45.73816875
0.1035956681,0.1134964196,2.922217761,2.595185764,1,-259.7716515,3.908240754,-127.3867435,0,294.7057077,-17.60605677,41.60788704
0.1035956681,0.1173601275,3.248014761,2.770144279,1,103.1678756,4.268875638,-113.0543089,0,352.7093787,-337.9009816,40.45996812
0.1035956681,0.1212238354,4.68359431,3.46392763,1,530.1359637,5.825362674,-1.727786096,0,212.9738085,-360.8560476,36.48616499
0.107459376,0.01690372206,2.340642012,-0.1458967676,1,-413.062936,2.345184618,-13.26865657,0,-350.2160716,-105.5804341,-3.566742861
0.107459376,0.02076742997,0.866098446,0.03243610442,1,-307.3227826,0.8667056126,-16.76856218,15.18479761,-264.8934049,-72.71884527,2.144772064
0.107459376,0.02463113787,0.1297658075,0.07027878326,1,-78.44505636,0.1475746326,-2.977591932,0,-103.8843088,-66.10382349,28.43916344
0.107459376,0.02849484577,0.1616310372,0.276337424,1,59.63358386,0.3201358525,-8.94199151,2.883972356,51.09379642,-102.941969,59.67643737
0.107459376,0.03235855367,0.5575840615,0.4334672388,1,86.0311461,0.7062533772,-64.87118857,0,103.5126,-111.6120495,37.86158362
0.107459376,0.03622226157,0.8939727064,0.4569304576,1,63.97142826,1.003978408,-124.6400569,0,100.531743,-124.5027045,27.07264299
0.107459376,0.04008596947,1.193176264,0.4329365494,1,40.94464116,1.26929258,-153.198022,0,102.5094447,-166.0040005,19.94298663
0.107459376,0.04394967737,1.448237391,0.5064090181,1,-2.282984133,1.534223463,-117.208029,0,38.65760034,-171.7153541,19.273336
0.107459376,0.04781338527,1.333717156,0.6435369318,1,-26.78274243,1.480858276,-63.03388334,0,1.247144225,-118.4714274,25.75795053
0.107459376,0.05167709317,1.349575299,0.7206034951,1,-37.78326321,1.529909436,22.48860916,2.649274636,13.83348722,-54.11226387,28.09991396
0.107459376,0.05554080107,1.241182217,0.9395003301,1,-8.628166471,1.556661224,100.1068406,0,20.64913027,35.02227016,37.12353196
0.107459376,0.05940450897,1.396020791,0.972071264,1,49.07806189,1.701116278,92.73118517,0,73.59733503,85.62632427,34.85010237
0.107459376,0.06326821687,1.715164118,0.9669514373,1,68.29161896,1.968954807,100.5989613,0,101.6902459,79.56597842,29.41283127
0.107459376,0.06713192477,2.052781066,1.053336566,1,66.53725121,2.307255518,96.16661069,0,112.6457175,4.47011312,27.16356567
0.107459376,0.07099563267,2.40747477,1.321239919,1,85.20180053,2.746199135,51.69583278,0,93.83700827,-97.73675493,28.75830504
0.107459376,0.07485934057,2.744534726,1.630700436,1,109.2311307,3.192437121,14.59865055,0.4328075442,108.1611002,-147.7991911,30.71720624
0.107459376,0.07872304847,3.24741485,1.948697743,1,142.3869098,3.787231984,6.699178036,12.49850889,63.01740094,-209.9804747,30.96698458
0.107459376,0.08258675637,3.538156984,2.467887322,1,175.6211866,4.313817645,63.36976531,16.04487651,5.831669415,-179.3686028,34.89602205
0.107459376,0.08645046427,3.948495683,2.886567894,1,117.8431486,4.89110339,79.16958498,6.624276017,55.24700915,-60.61418729,36.16886108
0.107459376,0.09031417218,4.206926794,3.007970987,1,19.55994649,5.171665352,26.75291745,0,8.691058983,-35.04058253,35.56493318
0.107459376,0.09417788008,4.057649316,3.125319928,1,-114.6436066,5.121732385,-11.62809743,9.217273325,64.54348125,-39.65279492,37.60451392
0.107459376,0.09804158798,4.013354544,3.116250232,1,-70.5892634,5.081144576,-9.176969384,0,108.7343808,-33.26993755,37.8282742
0.107459376,0.1019052959,4.205030908,3.218408119,1,-178.8807674,5.295322064,43.58209258,16.47726802,42.92225297,-49.19615645,37.42939042
0.107459376,0.1057690038,3.488050557,3.474718286,1,-233.2710363,4.923430091,15.80864519,21.52741168,-77.03040878,-77.54131201,44.89029049
0.107459376,0.1096327117,3.006116763,3.579085087,1,-238.2387132,4.674033381,-42.72089962,22.2310645,-59.12914842,-58.54580666,49.97269468
0.107459376,0.1134964196,2.339108001,3.535861104,1,-350.2969103,4.239544786,-157.0740652,30.68988576,3.147806622,-107.746671,56.51383247
0.107459376,0.1173601275,1.664834028,3.388498444,1,-203.0795297,3.775393231,-566.0929196,0,53.18993433,-144.7612349,63.83423168
0.107459376,0.1212238354,1.759978387,1.907958545,1,131.573032,2.595732986,-869.8045382,0,-82.32274632,-103.421604,47.31030223
0.1113230839,0.01690372206,NaN,NaN,0,-193.565169,1.273823537,-186.7085001,0,-120.9528474,-208.3049064,0.6855102329
0.1113230839,0.02076742997,NaN,NaN,0,-186.1066962,0.6685604613,-38.39220566,9.607508399,-153.4767343,-40.0538038,4.887520228
0.1113230839,0.02463113787,-0.03831881724,0.0216601141,1,-93.95244022,0.04401695466,43.79397578,5.379378437,-62.42943126,-6.506630041,150.5222388
0.1113230839,0.02849484577,0.06191562118,0.2513081352,1,29.91604777,0.2588229568,59.58213193,0,35.74442488,-47.82184198,76.15949278
0.1113230839,0.03235855367,0.2153740697,0.4366376967,1,44.94598528,0.4868659652,-16.35394502,2.228462431,35.15458884,-76.20599495,63.74491405
0.1113230839,0.03622226157,0.3714008423,0.4825589734,1,56.65758079,0.6089349296,-90.02040487,0,47.01282774,-110.6189475,52.41637038
0.1113230839,0.04008596947,0.6159262462,0.5162244487,1,59.87838717,0.8036496887,-120.1946493,0,88.79156698,-149.4606793,39.96728373
0.1113230839,0.04394967737,0.9458181187,0.5956343647,1,39.5896265,1.117744251,-123.356384,0,73.91252711,-170.7112688,32.20090689
0.1113230839,0.04781338527,1.054465414,0.6991898915,1,19.90269148,1.265212952,-60.93450085,0,34.84423399,-130.0273335,33.54737205
0.1113230839,0.05167709317,1.157344247,0.862588888,1,53.7677946,1.443435241,-23.40751619,0,59.87111205,-67.73681546,36.69780633
0.1113230839,0.05554080107,1.493532955,0.8704653553,1,89.13844371,1.728684651,22.09355729,5.450565591,66.07257019,7.084723455,30.23461592
0.1113230839,0.05940450897,1.757034268,0.9205786378,1,65.22624362,1.9835913,50.62742855,0,73.504171,8.174876363,27.65179272
0.1113230839,0.06326821687,2.029546754,1.034489617,1,42.47137053,2.277987883,47.27727252,0,63.54136047,-11.01356801,27.00860328
0.1113230839,0.06713192477,2.166636494,1.145797419,1,15.39369343,2.450951942,40.93802666,0,67.94706589,-45.53440709,27.8715401
0.1113230839,0.07099563267,2.351551104,1.368593842,1,37.92222151,2.720816367,53.03359365,0,71.96139171,-76.42412051,30.19924318
0.1113230839,0.07485934057,2.591194679,1.645984212,1,77.90276801,3.069780756,40.80982702,0,76.46013004,-96.06852899,32.42461646
0.1113230839,0.07872304847,2.947964253,1.897451828,1,94.85681488,3.505826105,42.83972274,0,120.9719989,-141.2551846,32.76728452
0.1113230839,0.08258675637,3.425094171,2.35727316,1,113.3906862,4.157884899,-13.34947927,0,128.4530019,-206.2651178,34.53714882
0.1113230839,0.08645046427,3.882377622,2.642821504,1,137.259161,4.696526536,38.4243151,10.37803651,78.44940631,-94.04597012,34.24399667
0.1113230839,0.09031417218,4.258529067,2.869099648,1,13.00384193,5.134861498,74.13864729,0,9.845201614,-96.24727958,33.96933922
0.1113230839,0.09417788008,3.970659652,3.301142956,1,-94.9863531,5.163688883,45.14680467,7.981636623,-18.81136812,-99.10279102,39.73959375
0.1113230839,0.09804158798,3.818847913,3.42643795,1,-103.3183039,5.130699407,-14.55815202,7.167213626,71.52949577,-90.42026221,41.89984777
0.1113230839,0.1019052959,3.847836982,3.59425199,1,-194.6355889,5.265405665,-126.4423439,14.15390943,32.33447405,-248.2578898,43.04843364
0.1113230839,0.1057690038,3.191763813,3.897097637,1,-255.0361665,5.037333246,-89.56974603,23.13307687,-36.40982588,-165.1654802,50.68216434
0.1113230839,0.1096327117,2.721774799,3.886331826,1,-244.552623,4.74464257,-48.80653203,21.7685149,-90.0316819,-65.29206185,54.9946983
0.1113230839,0.1134964196,1.89902779,3.960792909,1,-357.5203313,4.392514885,-82.41938975,26.64352911,-217.1330607,-49.79860228,64.38430994
0.1113230839,0.1173601275,0.5014819484,3.760294632,1,-13.91938476,3.793586675,-369.5824151,0,-238.6087669,-27.08859252,82.40371986
0.1113230839,0.1212238354,NaN,NaN,0,65.66527897,2.794446796,-452.5492232,0,152.7005179,128.6530001,70.7059113
0.1151867918,0.01690372206,NaN,NaN,0,-92.89240149,0.8254824606,-80.16761679,0,-37.251812,-92.51467473,9.388273389
0.1151867918,0.02076742997,NaN,NaN,0,-94.98314641,0.5848937984,-14.3742016,8.080913942,-44.93228884,-29.23517204,15.72403845
0.1151867918,0.02463113787,NaN,NaN,0,-80.69308248,0.3344805509,70.17132388,3.741212472,-11.42998331,33.84667707,35.04692228
0.1151867918,0.02849484577,NaN,NaN,0,-23.16079805,0.3635835126,56.19150944,0,4.040892622,3.505937397,55.28299389
0.1151867918,0.03235855367,NaN,NaN,0,-10.23047913,0.4432964644,21.23206337,0,-12.62541715,-10.03566738,63.1873912
0.1151867918,0.03622226157,0.1187608553,0.419665949,1,-6.864590501,0.4361463625,0.9665308724,0.3585892278,-5.727626813,-37.60069301,74.19906943
0.1151867918,0.04008596947,0.1513068407,0.5446486306,1,18.48428874,0.5652750577,-19.81986925,0,31.54149673,-76.59350147,74.47436994
0.1151867918,0.04394967737,0.3120458779,0.6390226803,1,53.08784244,0.7111417692,-65.27732835,0,61.98026801,-105.8130161,63.97293922
0.1151867918,0.04781338527,0.5958964081,0.7012666876,1,96.43002377,0.920254039,-90.55295427,0,80.95769915,-117.7709152,49.64401555
0.1151867918,0.05167709317,0.9974202243,0.7441849309,1,119.847033,1.24445101,-74.64038851,5.336436325,76.34330607,-113.2338455,36.72697747
0.1151867918,0.05554080107,1.353918571,0.8503805323,1,77.38639605,1.598825365,-60.34703943,0,84.58120431,-127.6062198,32.1324527
0.1151867918,0.05940450897,1.623215721,1.004054757,1,47.2658269,1.908652728,-24.29473729,0,82.49499379,-75.53546166,31.7392377
0.1151867918,0.06326821687,1.855276479,1.048359724,1,31.83749145,2.130987782,-30.14494034,0,74.74568809,-95.45336827,29.46945663
0.1151867918,0.06713192477,2.035021994,1.256387446,1,29.58049788,2.39161534,-8.7830877,0,89.94823949,-113.4487655,31.69046585
0.1151867918,0.07099563267,2.317100606,1.45275733,1,30.13112452,2.734859974,-4.678283907,0,98.24536275,-100.1148612,32.08656277
0.1151867918,0.07485934057,2.531031242,1.625126504,1,71.20788604,3.00784895,17.17029352,0,71.15940986,-137.3035619,32.70374014
0.1151867918,0.07872304847,2.867166252,2.049599186,1,-12.49844631,3.524414723,75.02508497,0,53.54686195,-158.1595214,35.55915186
0.1151867918,0.08258675637,2.68963033,2.52608371,1,75.97526841,3.689879432,-46.85558532,0,148.2713945,-204.6690148,43.20399245
0.1151867918,0.08645046427,3.733589855,2.65934418,1,168.2949148,4.58386351,-55.2137575,0,202.3012077,-176.7765738,35.46133546
0.1151867918,0.09031417218,4.121505497,2.995766924,1,-35.29467268,5.095235718,-139.2489581,0,65.21134683,-336.0271977,36.01198944
0.1151867918,0.09417788008,3.849179146,3.419637819,1,-100.5458092,5.148796258,-7.411623842,9.300873862,-32.42409812,-213.4427613,41.61811303
0.1151867918,0.09804158798,3.607748615,3.791811057,1,-200.5080996,5.233897321,25.75123864,17.75299345,-82.09103041,-149.1368076,46.42492624
0.1151867918,0.1019052959,2.757298654,4.095354145,1,-254.5002771,4.937066076,-163.3016445,18.88771285,-31.21504934,-299.8584344,56.04861189
0.1151867918,0.1057690038,2.503828051,4.319426605,1,-103.6154559,4.992654716,-214.7941283,0,53.91565059,-235.6949636,59.90055573
0.1151867918,0.1096327117,2.565273124,4.176108868,1,-143.1149216,4.901072482,-205.7805527,0,-31.73570578,-143.3663897,58.43869513
0.1151867918,0.1134964196,1.828256301,4.078276511,1,-301.8302315,4.469324379,-304.6813851,0,-327.8912858,123.8563323,65.85371658
0.1151867918,0.1173601275,0.1322131223,2.520364303,1,146.9165809,2.523829735,-230.0566555,0,-488.4844074,244.6270609,86.99713382
0.1151867918,0.1212238354,NaN,NaN,0,234.9162867,2.301132739,-130.1235447,0,-40.11643203,12.81014736,77.23254056
0.1190504997,0.01690372206,NaN,NaN,0,-50.31538494,0.6487601524,-34.50357599,0,-6.056795665,-44.92051849,20.78487774
0.1190504997,0.02076742997,NaN,NaN,0,-52.77645886,0.5570573675,-6.021543345,5.043106014,-10.10667912,-21.30565117,26.70537931
0.1190504997,0.02463113787,NaN,NaN,0,-48.04411027,0.464614188,28.79340216,3.737553247,-5.030940735,1.341963233,38.50683357
0.1190504997,0.02849484577,NaN,NaN,0,-27.97866479,0.4611106276,35.20447002,0,0.8175324952,-0.5414666915,50.61798599
0.1190504997,0.03235855367,NaN,NaN,0,-17.80902263,0.4995485607,31.41202793,0,1.577987784,-2.37529502,58.81957146
0.1190504997,0.03622226157,NaN,NaN,0,-16.7763802,0.5384760234,41.30091782,0,12.83702201,5.25022915,64.73116355
0.1190504997,0.04008596947,NaN,NaN,0,-0.7163653325,0.6167406468,38.75124482,0,14.93013718,1.729752957,66.75418975
0.1190504997,0.04394967737,NaN,NaN,0,-3.84220471,0.6913659292,12.2638595,0,5.433859581,-6.561492756,65.67562893
0.1190504997,0.04781338527,0.2495628335,0.6394093486,1,13.72494178,0.6863861325,-21.59734792,0,24.2380941,-38.29402803,68.67919229
0.1190504997,0.05167709317,0.4314530848,0.6945031945,1,54.18683235,0.8176102076,-36.42416467,0,79.82268455,-103.4205968,58.14980088
0.1190504997,0.05554080107,0.7673364627,0.8982639928,1,100.2361573,1.181390472,-56.53623742,0,143.0188916,-150.2779651,49.49459596
0.1190504997,0.05940450897,1.371319539,1.056693848,1,67.71359601,1.731218983,-112.0842178,0,133.3717692,-190.2501584,37.61666719
0.1190504997,0.06326821687,1.544271577,1.200274355,1,9.822349156,1.955871476,-113.3596638,0,73.78872757,-196.789079,37.8558892
0.1190504997,0.06713192477,1.694368317,1.379040739,1,46.30876318,2.184636664,-66.06934799,0,57.83715965,-177.7478233,39.14202838
0.1190504997,0.07099563267,1.946661002,1.631767362,1,29.93052938,2.54010901,-37.38542286,0,82.05166864,-106.4269192,39.97105443
0.1190504997,0.07485934057,2.12703482,1.645796914,1,67.87569604,2.689409714,-18.98331695,0,108.1459107,-153.792743,37.73097508
0.1190504997,0.07872304847,2.626757074,2.152631607,1,28.60702748,3.396126553,17.80844347,0,55.83045459,-238.6310662,39.33467322
0.1190504997,0.08258675637,2.453276587,2.636604274,1,40.97123846,3.601423067,28.26619391,0,52.01655471,-132.6104292,47.0627917
0.1190504997,0.08645046427,2.986034746,2.774211887,1,-29.2637821,4.075862497,-122.4670439,0,21.22079372,-283.1472226,42.89399823
0.1190504997,0.09031417218,2.422200829,3.257425549,1,-55.69019027,4.059295267,-261.7816787,0,89.67517995,-466.2830237,53.36574341
0.1190504997,0.09417788008,3.117342819,3.564345349,1,63.42419436,4.735227979,-242.2087187,0,174.6686713,-404.3693641,48.82736393
0.1190504997,0.09804158798,3.342122115,3.883966916,1,-172.0107547,5.123961284,-99.59954324,9.425725404,-102.0837472,-330.6251702,49.28827122
0.1190504997,0.1019052959,2.058321726,4.456960889,1,-293.4451599,4.909296151,-61.87689369,20.53356687,-195.959478,-222.8064768,65.21147737
0.1190504997,0.1057690038,1.451205549,4.505751818,1,-73.6123802,4.733687462,-223.6040969,0,-103.8204756,-187.2938192,72.14736909
0.1190504997,0.1096327117,1.372772999,4.316668582,1,10.79125945,4.529694621,-289.9308677,0,-75.71152532,-122.8242368,72.35846339
0.1190504997,0.1134964196,1.200372605,3.860100607,1,9.917254851,4.042433808,-506.347771,0,-220.8532991,273.0532205,72.72591249
0.1190504997,0.1173601275,0.5577777388,1.305290813,1,120.2779043,1.419471773,-265.1695369,0,-309.2944005,326.2959501,66.86198016
0.1190504997,0.1212238354,NaN,NaN,0,115.6652992,1.643508085,48.45997071,0,-161.0671078,-91.07434498,73.38046641
0.1229142076,0.01690372206,NaN,NaN,0,-30.20790608,0.592484724,-14.54667926,0,4.257492513,-23.71611813,31.05711479
0.1229142076,0.02076742997,NaN,NaN,0,-31.85623898,0.5601823335,-1.397562317,3.116149301,1.500263607,-15.01311301,35.25823801
0.1229142076,0.02463113787,NaN,NaN,0,-30.72823494,0.5297757714,15.81935807,2.581578358,0.5953669905,-6.631706277,42.55187364
0.1229142076,0.02849484577,NaN,NaN,0,-22.90072822,0.5333616873,24.42094055,0,2.68219031,-4.638472376,50.25770981
0.1229142076,0.03235855367,NaN,NaN,0,-16.25056642,0.564665062,27.9106605,0,5.282813785,-4.174275165,56.44042697
0.1229142076,0.03622226157,NaN,NaN,0,-11.80491941,0.6118983614,32.28336683,0,10.65696697,-2.543349145,60.78923369
0.1229142076,0.04008596947,NaN,NaN,0,-5.520315786,0.6788492186,32.62516682,0,14.69732103,-3.811127486,63.04522291
0.1229142076,0.04394967737,NaN,NaN,0,-4.619644816,0.7530258006,29.93752411,0,19.31538154,-5.464813431,63.66314919
0.1229142076,0.04781338527,NaN,NaN,0,-6.160822346,0.8265900368,43.4869127,0,38.00141701,-0.0908361177,63.83481373
0.1229142076,0.05167709317,NaN,NaN,0,-4.659886178,0.9591587242,41.40440366,0,53.9273987,-29.45863533,61.53874223
0.1229142076,0.05554080107,NaN,NaN,0,-21.64214758,1.157352248,24.20500697,0,21.12013321,-83.07649438,61.35297456
0.1229142076,0.05940450897,0.4550840034,1.25773876,1,-8.023635655,1.337538126,-66.69146403,0,34.44991606,-139.1158325,70.10850173
0.1229142076,0.06326821687,0.6569523314,1.295507126,1,66.25721562,1.452558115,-103.5144523,0,98.84316883,-114.6931035,63.1104104
0.1229142076,0.06713192477,1.092983663,1.300929803,1,137.6220462,1.699126729,-59.10496141,0,148.2430919,-151.9254001,49.96450883
0.1229142076,0.07099563267,1.761451724,1.654138188,1,110.9553324,2.416378555,-68.68247524,0,88.46226627,-192.8608707,43.2004307
0.1229142076,0.07485934057,1.863475015,1.780718851,1,18.854287,2.577498546,-61.33980515,0,46.50272826,-190.9159485,43.69909114
0.1229142076,0.07872304847,2.01397214,2.154782556,1,46.10189487,2.949435818,-81.69905281,0,63.3783454,-285.6587607,46.93457687
0.1229142076,0.08258675637,2.286474684,2.568759585,1,27.5200687,3.438966747,-77.3572876,0,11.93495042,-258.4318658,48.3274494
0.1229142076,0.08645046427,2.166414809,2.854401835,1,-172.8983855,3.583428939,-107.5495366,10.68881833,-80.22595909,-363.4324069,52.80247211
0.1229142076,0.09031417218,1.308476154,3.557416253,1,-132.9984976,3.79042481,-60.82355626,8.711042124,-78.04864458,-318.3616969,69.80564858
0.1229142076,0.09417788008,1.350990299,3.849453983,1,51.14344743,4.079641009,-281.6757986,0,113.7266343,-412.2685733,70.66115364
0.1229142076,0.09804158798,1.945485991,4.061988588,1,27.20272021,4.503850246,-271.6462955,0,52.09286212,-432.7755466,64.40794884
0.1229142076,0.1019052959,1.657365267,4.472010344,1,-72.9983348,4.769249013,-162.8904983,0,-193.3901944,-199.3121854,69.66486361
0.1229142076,0.1057690038,0.9162385263,4.202711349,1,-1.993779522,4.301427172,-211.6848087,0,-175.7777598,-48.59717739,77.70131104
0.1229142076,0.1096327117,0.9705079658,3.841887375,1,81.16658109,3.962572941,-337.0478054,0,-78.41384287,-74.07118385,75.82297449
0.1229142076,0.1134964196,0.9268743027,3.186646498,1,84.51288569,3.318706356,-612.6535978,0,-240.3528854,158.9536396,73.7822951
0.1229142076,0.1173601275,0.3683877277,0.8606223951,1,-17.87020771,0.9361519241,-317.523211,0,-133.0174425,203.1223584,66.82674903
0.1229142076,0.1212238354,NaN,NaN,0,56.45523856,1.224312431,45.54498252,0,-69.1369587,-117.2011212,73.68709057
0.1267779155,0.01690372206,NaN,NaN,0,-19.22452019,0.5851966917,-5.377235945,0,6.556583721,-13.57638643,38.38623081
0.1267779155,0.02076742997,NaN,NaN,0,-20.19995944,0.5765113733,1.450974983,1.918851727,4.767270651,-10.69133618,41.1314829
0.1267779155,0.02463113787,NaN,NaN,0,-20.11186228,0.5723678035,11.46065191,1.588772461,3.22995478,-8.217202957,45.79442858
0.1267779155,0.02849484577,NaN,NaN,0,-16.64544673,0.5860186468,18.74927362,0,4.03304797,-7.206441369,50.97366185
0.1267779155,0.03235855367,NaN,NaN,0,-12.48759541,0.6192221405,23.52630668,0,6.214110076,-7.139984118,55.54345583
0.1267779155,0.03622226157,NaN,NaN,0,-8.672415242,0.6693560108,27.2967222,0,9.810711054,-7.438223081,58.99799768
0.1267779155,0.04008596947,NaN,NaN,0,-4.940333585,0.7359310542,29.52853151,0,13.88679843,-8.966100324,61.18181322
0.1267779155,0.04394967737,NaN,NaN,0,-2.95523642,0.8159991006,31.37415743,0,19.12892854,-11.39579737,62.2984363
0.1267779155,0.04781338527,NaN,NaN,0,-1.91130606,0.9111787835,36.41605324,0,27.34739959,-14.93288539,62.74804778
0.1267779155,0.05167709317,NaN,NaN,0,-0.1080202743,1.037355349,37.86118671,0,31.84997318,-27.73528689,62.58647832
0.1267779155,0.05554080107,NaN,NaN,0,2.280197574,1.192671135,38.30293566,0,23.22178652,-39.32505884,63.08554001
0.1267779155,0.05940450897,NaN,NaN,0,23.71420736,1.349921627,53.83811408,0,18.03508951,-14.15149891,64.73564431
0.1267779155,0.06326821687,NaN,NaN,0,29.77080579,1.500133518,30.4047084,0,48.61720599,-21.17220081,62.13352603
0.1267779155,0.06713192477,NaN,NaN,0,3.56399249,1.670112539,-11.46104002,0,57.2461401,-68.06049604,58.24305373
0.1267779155,0.07099563267,0.9361339096,1.544860725,1,31.96405111,1.806361358,-76.06879773,0,38.79275479,-162.1376897,58.78553912
0.1267779155,0.07485934057,1.152392272,1.752622415,1,17.88223964,2.097544583,-39.30509405,0,52.32489961,-213.8840367,56.67409802
0.1267779155,0.07872304847,1.207393788,2.219382765,1,-9.875780662,2.526550933,-50.00474412,0,10.779863,-263.2106942,61.45282193
0.1267779155,0.08258675637,1.155885382,2.576387929,1,-1.814933402,2.823799883,-116.537944,0,-8.821403382,-352.810543,65.8368157
0.1267779155,0.08645046427,1.16629809,3.132271073,1,-46.25726081,3.342360439,-118.5880493,0,-5.181827416,-349.8031992,69.5772341
0.1267779155,0.09031417218,0.9571397706,3.46973573,1,-35.90455989,3.599330851,-52.24948173,0,-153.0728789,-226.6615872,74.57827919
0.1267779155,0.09417788008,0.4361444666,3.806148503,1,-4.560947248,3.831055784,-101.1609956,0,-82.58277605,-233.26193,83.46302039
0.1267779155,0.09804158798,0.6204418784,3.980135154,1,82.69664075,4.028203566,-211.5687582,0,-25.04945442,-259.6193387,81.13977748
0.1267779155,0.1019052959,0.6588763558,3.99180191,1,79.21845578,4.045812717,-241.7406945,0,-124.4832377,-203.9961554,80.62741456
0.1267779155,0.1057690038,0.445551983,3.83430128,1,-58.3567718,3.860101408,-146.9161073,0,-167.9923896,-71.41726517,83.37186432
0.1267779155,0.1096327117,-0.2156706873,3.700096437,1,-164.1472191,3.706376599,-242.8919502,0,-94.19101891,75.29647164,93.3358737
0.1267779155,0.1134964196,-0.5525915081,2.604914161,1,281.3435797,2.662880989,-455.0412213,0,-195.5614872,279.926581,101.9768472
0.1267779155,0.1173601275,0.115766261,0.8603955328,1,48.7834009,0.8681487776,-227.6920792,0,144.2439225,164.4998339,82.3368726
0.1267779155,0.1212238354,NaN,NaN,0,12.49228464,1.106596733,30.3456008,0,27.59533457,-88.2987899,79.94472916
0.1306416234,0.01690372206,NaN,NaN,0,-12.21728713,0.5940363981,-0.9080086537,0,5.693395925,-8.449699886,43.01808351
0.1306416234,0.02076742997,NaN,NaN,0,-12.77420043,0.59507287,3.167833906,1.125525829,4.615296379,-8.008429938,44.87192043
0.1306416234,0.02463113787,NaN,NaN,0,-12.87380801,0.6027895932,9.82300096,0.7389096443,3.52413351,-8.339328004,48.06976623
0.1306416234,0.02849484577,NaN,NaN,0,-11.08160102,0.6235348842,15.58919533,0,4.005936713,-8.830106025,51.80046688
0.1306416234,0.03235855367,NaN,NaN,0,-8.381953262,0.6600019194,20.1485704,0,5.729867494,-9.740996857,55.32794219
0.1306416234,0.03622226157,NaN,NaN,0,-5.456812557,0.7123993597,23.84868376,0,8.484968745,-11.10345874,58.20517067
0.1306416234,0.04008596947,NaN,NaN,0,-2.613366891,0.7806195723,26.81807961,0,11.91023309,-13.21925336,60.26652589
0.1306416234,0.04394967737,NaN,NaN,0,-0.3496612179,0.8643089385,29.61452086,0,15.9661346,-16.21939032,61.58624959
0.1306416234,0.04781338527,NaN,NaN,0,1.578854799,0.96496947,32.94195613,0,20.40927961,-20.50962119,62.37106677
0.1306416234,0.05167709317,NaN,NaN,0,3.858913567,1.086631639,35.32135427,0,22.90330792,-27.22456801,62.82801609
0.1306416234,0.05554080107,NaN,NaN,0,7.156750794,1.227194384,37.30743487,0,21.88195019,-32.33695518,63.32623376
0.1306416234,0.05940450897,NaN,NaN,0,13.59502383,1.377450262,40.06683454,0,23.08588735,-30.2623452,63.78752245
0.1306416234,0.06326821687,NaN,NaN,0,13.00692377,1.533635856,31.90225656,0,32.88530946,-38.63766009,63.15218779
0.1306416234,0.06713192477,NaN,NaN,0,0.5306766228,1.700728068,21.14654328,0,37.89546645,-59.65619886,62.48378694
0.1306416234,0.07099563267,NaN,NaN,0,-14.3308069,1.879252516,29.32278714,0,40.08081082,-75.61612072,63.4123071
0.1306416234,0.07485934057,NaN,NaN,0,-35.21437378,2.108610335,18.80281211,1.496465214,25.5624381,-124.6002712,65.17709412
0.1306416234,0.07872304847,NaN,NaN,0,-59.04784789,2.374760045,9.062167627,3.30349585,-47.63126814,-153.4484103,70.21595175
0.1306416234,0.08258675637,0.4730492262,2.541688632,1,-55.10799119,2.585334925,10.83138078,0,-60.6127998,-190.6629871,79.45696149
0.1306416234,0.08645046427,0.356687842,3.013105311,1,3.148036224,3.034144003,-41.21010573,0,-65.83496264,-186.931127,83.24881244
0.1306416234,0.09031417218,0.2308452534,3.104712093,1,12.15279008,3.113282305,-46.66704829,0,-89.23160937,-185.1079268,85.74770054
0.1306416234,0.09417788008,0.05887779893,3.548000427,1,50.92530122,3.548488922,-28.77988008,0,-78.33224749,-168.7948786,89.04928428
0.1306416234,0.09804158798,0.1249528185,3.645689149,1,58.55728048,3.647829845,-100.8219493,0,-90.57562245,-136.2713358,88.0370055
0.1306416234,0.1019052959,-0.06483172189,3.684966502,1,91.14902253,3.685536769,-89.90053618,0,-104.6828273,-124.4327007,91.00793341
0.1306416234,0.1057690038,0.07266215012,3.779111346,1,71.48383589,3.77980983,-32.96873426,5.535096985,28.88599619,-143.5389965,88.89849194
0.1306416234,0.1096327117,0.3229679913,4.112177698,1,-23.71100846,4.124841056,-295.2343715,0,69.68247883,335.0116992,85.50924206
0.1306416234,0.1134964196,0.2502824834,1.344024623,1,74.44294531,1.367129661,-311.0861528,0,-125.8797118,435.0167631,79.45128239
0.1306416234,0.1173601275,NaN,NaN,0,-97.04803097,1.235714564,-27.88909812,6.670466282,63.32183201,0.7483544321,84.23007757
0.1306416234,0.1212238354,NaN,NaN,0,-38.82221659,1.239199261,-18.49001157,0,36.61860881,-20.52117181,84.4441498
0.1345053313,0.01690372206,NaN,NaN,0,-7.097579949,0.6047111251,1.438935389,0,3.463868494,-5.7178426,45.67256101
0.1345053313,0.02076742997,NaN,NaN,0,-7.436719923,0.6098731851,4.190791142,0.533710845,2.845412628,-6.438778491,47.05208048
0.1345053313,0.02463113787,NaN,NaN,0,-7.527568333,0.6230710881,9.074322695,0,2.245346169,-8.301573095,49.48126093
0.1345053313,0.02849484577,NaN,NaN,0,-6.425196058,0.6479567707,13.63593635,0,2.736697878,-10.03365787,52.42563698
0.1345053313,0.03235855367,NaN,NaN,0,-4.501804059,0.6869351333,17.63009582,0,4.214454442,-11.89043855,55.35092809
0.1345053313,0.03622226157,NaN,NaN,0,-2.159514832,0.7410331435,21.13136285,0,6.489063348,-14.01536165,57.87957565
0.1345053313,0.04008596947,NaN,NaN,0,0.293339794,0.8106455926,24.28058229,0,9.303030567,-16.58806407,59.83980464
0.1345053313,0.04394967737,NaN,NaN,0,2.591103641,0.8960243992,27.32389028,0,12.41609717,-19.75288935,61.24215128
0.1345053313,0.04781338527,NaN,NaN,0,4.717472906,0.997897873,30.41589614,0,15.42027633,-23.66164103,62.20900421
0.1345053313,0.05167709317,NaN,NaN,0,6.808068949,1.117094529,33.17483939,0,17.47202871,-28.31640879,62.89971551
0.1345053313,0.05554080107,NaN,NaN,0,8.892868206,1.25212528,35.538615,0,18.31681897,-32.53584867,63.48040744
0.1345053313,0.05940450897,NaN,NaN,0,10.50221339,1.399375454,37.21953265,0,19.54120026,-35.92326662,63.9737523
0.1345053313,0.06326821687,NaN,NaN,0,8.131188835,1.556982418,35.99094001,0,21.94267803,-43.4598955,64.30171043
0.1345053313,0.06713192477,NaN,NaN,0,-0.1174028668,1.726471598,34.82216945,0,21.36960542,-56.31051861,64.97875436
0.1345053313,0.07099563267,NaN,NaN,0,-12.16800259,1.911492451,38.31280666,0,15.63700499,-71.16810736,66.66123104
0.1345053313,0.07485934057,NaN,NaN,0,-27.35101289,2.122007545,39.55256231,0,-0.5347569781,-92.0313424,69.48618906
0.1345053313,0.07872304847,NaN,NaN,0,-42.02964055,2.354843305,45.74544167,0,-31.10042437,-101.178888,73.98874263
0.1345053313,0.08258675637,NaN,NaN,0,-48.21341015,2.596385395,73.2546547,0,-46.17791671,-82.61836567,79.77111145
0.1345053313,0.08645046427,NaN,NaN,0,-26.27756507,2.879860659,55.1454546,0,-77.10489189,-80.19010445,84.3239932
0.1345053313,0.09031417218,NaN,NaN,0,-70.16803782,3.07863294,34.71008057,0,-88.24292681,-79.42747506,88.85295983
0.1345053313,0.09417788008,-0.3272266894,3.30673509,1,-2.476180375,3.322886436,15.48961101,0,-89.985853,-68.86281984,95.65145535
0.1345053313,0.09804158798,-0.2956173205,3.403929179,1,66.72559606,3.416741643,-47.80236451,3.796003032,-25.83688791,-29.27864391,94.96345053
0.1345053313,0.1019052959,-0.1692446647,3.235164845,1,63.90429229,3.239588759,32.99669415,2.469343391,-48.58351981,-35.79383002,92.99464597
0.1345053313,0.1057690038,-0.2364223309,3.66971567,1,85.22299668,3.677323567,112.3671682,0,-57.46159351,-101.3593268,93.68620026
0.1345053313,0.1096327117,-0.06198271193,4.060941592,1,174.7278771,4.06141459,-279.286058,0,-132.627774,196.6271812,90.87444549
0.1345053313,0.1134964196,-0.07375982979,1.830925928,1,-14.11334482,1.832411053,-386.508184,0,32.97736586,281.4832427,92.30694365
0.1345053313,0.1173601275,NaN,NaN,0,-17.20048712,1.480057994,-80.67648782,0,47.28601684,35.75194285,89.57794587
0.1345053313,0.1212238354,NaN,NaN,0,-17.25141174,1.381733695,-41.5766509,0,33.59815156,9.637033539,88.23814426
0.1383690392,0.01690372206,NaN,NaN,0,-4.722555465,0.6111726255,2.260503983,0,2.260503983,-4.722555465,46.87532356
0.1383690392,0.02076742997,NaN,NaN,0,-4.958294073,0.6178977508,4.548669196,0,1.851046835,-5.839060706,48.05241417
0.1383690392,0.02463113787,NaN,NaN,0,-4.999394332,0.6332945454,8.77407949,0,1.499985654,-8.268010859,50.15206629
0.1383690392,0.02849484577,NaN,NaN,0,-4.125243328,0.6600514149,12.81894041,0,2.016486696,-10.54370495,52.75128539
0.1383690392,0.03235855367,NaN,NaN,0,-2.511922651,0.7003149321,16.52090161,0,3.373559612,-12.85534989,55.40319903
0.1383690392,0.03622226157,NaN,NaN,0,-0.4360735767,0.7553086803,19.9093917,0,5.41709071,-15.33618308,57.76804447
0.1383690392,0.04008596947,NaN,NaN,0,1.834341556,0.8256323921,23.09111864,0,7.917524366,-18.12262968,59.67362398
0.1383690392,0.04394967737,NaN,NaN,0,4.067421027,0.9116482843,26.20561179,0,10.61078924,-21.32141205,61.1045021
0.1383690392,0.04781338527,NaN,NaN,0,6.145946435,1.013716269,29.30052571,0,13.12961764,-24.99001784,62.14816506
0.1383690392,0.05167709317,NaN,NaN,0,8.020675878,1.131861208,32.21344952,0,14.99005684,-29.05362011,62.93511462
0.1383690392,0.05554080107,NaN,NaN,0,9.470611167,1.264953064,34.89559757,0,16.00592525,-33.12381958,63.59702161
0.1383690392,0.05940450897,NaN,NaN,0,9.674950714,1.411037326,37.20512303,0,16.53423865,-37.51159513,64.23145126
0.1383690392,0.06326821687,NaN,NaN,0,6.712233077,1.569006494,38.54563375,0,16.39538495,-44.44230432,64.97278418
0.1383690392,0.06713192477,NaN,NaN,0,-0.4468475981,1.739607433,40.27864538,0,13.48664546,-54.51761515,66.17477878
0.1383690392,0.07099563267,NaN,NaN,0,-11.12536192,1.92530064,43.97333777,0,5.88493492,-66.29481772,68.22713161
0.1383690392,0.07485934057,NaN,NaN,0,-23.86902861,2.12971383,47.43473166,0,-8.361052645,-79.09256023,71.30995269
0.1383690392,0.07872304847,NaN,NaN,0,-35.23055906,2.351924545,53.35985637,0,-28.33348786,-84.36995911,75.4812365
0.1383690392,0.08258675637,NaN,NaN,0,-41.22547112,2.586711686,63.60601617,0,-44.10652345,-76.13180874,80.27669341
0.1383690392,0.08645046427,NaN,NaN,0,-36.3336451,2.828690563,56.35960036,0,-61.70696483,-69.25103852,84.72777011
0.1383690392,0.09031417218,NaN,NaN,0,-41.53824279,3.035431519,49.95821709,0,-63.86913546,-51.80031559,88.90381771
0.1383690392,0.09417788008,NaN,NaN,0,-4.819597291,3.213268459,79.32156906,0,-54.95096292,13.79416553,92.62815289
0.1383690392,0.09804158798,NaN,NaN,0,39.26933915,3.29259572,37.00604743,0,-20.71160816,26.53480038,93.00948876
0.1383690392,0.1019052959,NaN,NaN,0,33.34823768,3.251226435,16.43191926,0,41.20680736,32.02186102,91.33309345
0.1383690392,0.1057690038,0.1151932338,3.227819767,1,124.6249852,3.2298746,48.85590807,0,-104.116894,133.1534849,87.95611689
0.1383690392,0.1096327117,0.003598236175,2.92464524,1,259.0641308,2.924647454,-203.2618067,0,-329.1254431,237.2089631,89.92950815
0.1383690392,0.1134964196,-0.1555032121,1.525969374,1,72.07725285,1.533872153,-208.2870994,0,-85.77968753,165.9736614,95.81861451
0.1383690392,0.1173601275,NaN,NaN,0,20.04368363,1.479434102,-28.03217751,0,19.31544135,-3.153577566,91.91135624
0.1383690392,0.1212238354,NaN,NaN,0,-0.7382368161,1.429849848,-24.50448426,0,24.50448426,0.7382368161,90.13748637
