PIVlab, ASCII chart output - 19-Sep-2021
FRAME: 94, filenames: A: 72_12_75_60 094.jpg & B: 72_12_75_60 095.jpg, conversion factor xy (px -> m): 0.00024148, conversion factor uv (px/frame -> m/s): 1
x [m],y [m],u [m/s],v [m/s],Vector type [-],vorticity [1/s],magnitude [m/s],divergence [1/s],dcev [1],simple shear [1/s],simple strain [1/s],vector direction [degrees]
0.03791263377,0.01690372206,NaN,NaN,0,-3.557767441,1.15093813,-3.189470988,0,3.189470988,3.557767441,-72.96647359
0.03791263377,0.02076742997,NaN,NaN,0,-3.556617605,1.163201304,-5.040282684,0,3.172664176,5.071596636,-73.18805906
0.03791263377,0.02463113787,NaN,NaN,0,-3.380272134,1.187928728,-8.64372902,0,3.232850087,8.139352301,-73.58689158
0.03791263377,0.02849484577,NaN,NaN,0,-2.825799406,1.225261982,-12.1518259,0,3.464896445,11.08316445,-74.09062446
0.03791263377,0.03235855367,NaN,NaN,0,-1.853660301,1.274948786,-15.36622178,0,3.791780502,13.83683691,-74.62045868
0.03791263377,0.03622226157,NaN,NaN,0,-0.4631112131,1.336035593,-18.04651783,0,4.067019471,16.24432659,-75.10823617
0.03791263377,0.04008596947,NaN,NaN,0,1.340352055,1.40655467,-19.88790346,0,4.087750731,18.04170565,-75.5049307
0.03791263377,0.04394967737,NaN,NaN,0,3.486015281,1.483154219,-20.53914808,0,3.69934727,18.87082636,-75.780199
0.03791263377,0.04781338527,NaN,NaN,0,5.769371386,1.560965662,-19.6555843,0,2.871807161,18.41227402,-75.91727779
0.03791263377,0.05167709317,NaN,NaN,0,7.983722337,1.633936355,-16.9681868,0,1.546952502,16.43250449,-75.9122515
0.03791263377,0.05554080107,NaN,NaN,0,10.10343098,1.695103161,-12.23487997,0,-0.5082643647,12.64157873,-75.77138934
0.03791263377,0.05940450897,NaN,NaN,0,11.96126845,1.736230248,-5.000543295,0,-3.491117061,6.843874981,-75.49767728
0.03791263377,0.06326821687,NaN,NaN,0,13.38569309,1.74762639,5.459315234,0,-8.007369809,-1.118990695,-75.10013583
0.03791263377,0.06713192477,NaN,NaN,0,14.34743207,1.717031459,19.74909253,0,-14.93126951,-12.16509564,-74.61392934
0.03791263377,0.07099563267,NaN,NaN,0,15.01415794,1.628152998,37.54825982,0,-23.92635574,-28.47553598,-74.0610364
0.03791263377,0.07485934057,NaN,NaN,0,14.69086608,1.462347969,56.3559676,0,-30.46052046,-51.71377831,-73.2627495
0.03791263377,0.07872304847,NaN,NaN,0,11.23310587,1.211222722,72.76042883,0,-27.16263013,-77.08287836,-71.40737804
0.03791263377,0.08258675637,NaN,NaN,0,-16.77928701,0.896701625,70.76213007,0,10.05969863,-84.85955229,-66.35878679
0.03791263377,0.08645046427,NaN,NaN,0,-186.6762473,0.6547321881,-53.79618321,0,212.1868689,3.433185349,-56.62065274
0.03791263377,0.09031417218,NaN,NaN,0,-150.0435422,1.138788545,-237.6661808,0,218.0483958,203.0407148,-66.27710386
0.03791263377,0.09417788008,NaN,NaN,0,308.2374573,2.334163261,-117.9626706,0,-272.2194145,216.5617581,-74.52054809
0.03791263377,0.09804158798,NaN,NaN,0,-24.30831998,2.410254069,-32.44315514,0,12.19591826,30.10495672,-75.65134813
0.03791263377,0.1019052959,NaN,NaN,0,-126.3872622,2.556924493,-139.6836868,0,146.5045723,77.56246146,-76.97723933
0.03791263377,0.1057690038,0.675040789,-3.17444341,1,-246.1211623,3.24542309,-240.7924449,0,248.6066807,79.86813233,-77.99495737
0.03791263377,0.1096327117,0.5857758338,-3.730100802,1,-406.1245185,3.775815849,9.316790758,0,272.5830713,-240.7846007,-81.0751492
0.03791263377,0.1134964196,0.1590756441,-2.208124688,1,-313.3427823,2.213847262,-455.8639979,0,32.87308105,-898.5819868,-85.87946985
0.03791263377,0.1173601275,NaN,NaN,0,-137.6556131,2.080032648,-111.68834,0,-61.06503288,-170.9971559,-103.8487858
0.03791263377,0.1212238354,NaN,NaN,0,-39.19571188,2.070477406,-18.18218617,0,-18.18218617,-39.19571188,-107.0976559
0.04177634167,0.01690372206,NaN,NaN,0,-5.417557461,1.138692542,-3.022129574,0,4.712278507,3.743065504,-72.74011878
0.04177634167,0.02076742997,NaN,NaN,0,-5.481657071,1.150780774,-5.016306205,0,4.661367055,5.162631219,-72.99797014
0.04177634167,0.02463113787,NaN,NaN,0,-5.360113243,1.175401477,-8.872321167,0,4.662703494,8.130053119,-73.45648665
0.04177634167,0.02849484577,NaN,NaN,0,-4.735432577,1.213009601,-12.68680195,0,4.862025538,11.03202912,-74.0270546
0.04177634167,0.03235855367,NaN,NaN,0,-3.565916718,1.263649586,-16.23568855,0,5.137272024,13.84765271,-74.61847733
0.04177634167,0.03622226157,NaN,NaN,0,-1.841702592,1.326683707,-19.27877612,0,5.287204378,16.46108937,-75.15641324
0.04177634167,0.04008596947,NaN,NaN,0,0.4991360995,1.400524949,-21.48412326,0,4.995901451,18.60388519,-75.59184814
0.04177634167,0.04394967737,NaN,NaN,0,3.439196785,1.48196611,-22.42925306,0,4.047609533,19.80320283,-75.8970731
0.04177634167,0.04781338527,NaN,NaN,0,6.669844946,1.565815014,-21.69959147,0,2.537653306,19.69331777,-76.05236503
0.04177634167,0.05167709317,NaN,NaN,0,9.84648708,1.645750305,-19.08932842,0,0.5091922758,18.16842843,-76.05257047
0.04177634167,0.05554080107,NaN,NaN,0,13.18466714,1.715172962,-14.51067217,0,-2.399993537,14.87359437,-75.91427059
0.04177634167,0.05940450897,NaN,NaN,0,16.53277447,1.766027197,-7.500142242,3.896612031,-6.09581019,9.734959812,-75.62835485
0.04177634167,0.06326821687,NaN,NaN,0,19.68288479,1.789722856,2.901147476,4.577168374,-11.43422891,3.235999581,-75.18093266
0.04177634167,0.06713192477,NaN,NaN,0,22.40616394,1.775453936,17.69696541,0,-20.62380173,-5.443497369,-74.64236333
0.04177634167,0.07099563267,NaN,NaN,0,24.87656926,1.705305689,37.32808492,0,-35.25967087,-20.7593684,-74.18888198
0.04177634167,0.07485934057,NaN,NaN,0,25.87155023,1.548549455,58.78623542,0,-48.33879129,-49.55589934,-73.87442009
0.04177634167,0.07872304847,NaN,NaN,0,30.76690477,1.279253514,89.87999296,0,-56.06623479,-95.95850032,-72.82123627
0.04177634167,0.08258675637,NaN,NaN,0,41.69818172,0.8382932639,183.1751383,0,-71.43804426,-191.0759702,-66.64288743
0.04177634167,0.08645046427,NaN,NaN,0,-392.2228645,0.3452866406,5.925528533,0,407.4694642,-107.4715791,40.40577344
0.04177634167,0.09031417218,NaN,NaN,0,-434.2704132,0.5127878099,-520.5242997,0,576.7563095,409.8425899,-40.27030935
0.04177634167,0.09417788008,0.8134503356,-3.370852264,1,-39.78622456,3.467613939,-283.7585787,0,91.94790117,216.5596998,-76.43283675
0.04177634167,0.09804158798,0.5927963211,-2.264546894,1,-47.76361407,2.340850298,134.0192775,0,-44.70894407,-230.1069639,-75.33069351
0.04177634167,0.1019052959,0.4561633822,-1.963974828,1,-58.00281804,2.016254487,-30.06178695,14.40608542,-1.172928889,-41.92744114,-76.92402059
0.04177634167,0.1057690038,0.3641585201,-2.218701473,1,-149.5881251,2.24838779,-117.156156,18.61972039,67.40035118,0.5965434973,-80.67907124
0.04177634167,0.1096327117,0.1386138308,-2.418936864,1,-505.0350258,2.422905146,21.92334816,131.1548231,-225.2672576,-153.9220534,-86.7203313
0.04177634167,0.1134964196,-2.457516182,-1.539286205,1,-185.6303374,2.899790994,34.36155027,39.79964729,-120.4482068,-107.2979339,-147.9386778
0.04177634167,0.1173601275,NaN,NaN,0,220.9758206,2.143084724,-52.04707571,0,228.8375767,51.24527729,-119.152835
0.04177634167,0.1212238354,NaN,NaN,0,82.09896927,2.067628359,-3.988288494,0,85.83073055,30.57524035,-110.366038
0.04564004958,0.01690372206,NaN,NaN,0,-9.195191424,1.114421798,-2.444263782,0,7.67767314,4.276598331,-72.24007816
0.04564004958,0.02076742997,NaN,NaN,0,-9.450980159,1.125912773,-4.813961676,0.8383658291,7.603822751,5.404936876,-72.58369459
0.04564004958,0.02463113787,NaN,NaN,0,-9.496371745,1.150000384,-9.268541674,0,7.547851852,8.060105659,-73.17878285
0.04564004958,0.02849484577,NaN,NaN,0,-8.762574905,1.187854779,-13.75453753,0,7.755904151,10.80008082,-73.89691045
0.04564004958,0.03235855367,NaN,NaN,0,-7.2442316,1.240079346,-17.99330058,0,8.019437877,13.67830925,-74.61944683
0.04564004958,0.03622226157,NaN,NaN,0,-4.969451208,1.306623414,-21.79932266,0,8.081157239,16.69794516,-75.25918753
0.04564004958,0.04008596947,NaN,NaN,0,-1.628151519,1.386963,-24.80210985,0,7.24789083,19.64799348,-75.77036941
0.04564004958,0.04394967737,NaN,NaN,0,3.048457816,1.478412144,-26.41122987,0,5.010869101,21.62770156,-76.13899365
0.04564004958,0.04781338527,NaN,NaN,0,8.34871559,1.574606545,-25.93502765,0,1.997613198,22.07853822,-76.33222356
0.04564004958,0.05167709317,NaN,NaN,0,13.15690636,1.668106683,-23.31278382,0,-1.257035626,21.54037651,-76.33241084
0.04564004958,0.05554080107,NaN,NaN,0,18.90889987,1.753866678,-19.11666337,0,-6.158015703,19.05108519,-76.2104884
0.04564004958,0.05940450897,NaN,NaN,0,25.16537389,1.823087275,-12.92966805,5.410249971,-10.92099763,14.44720324,-75.92304682
0.04564004958,0.06326821687,NaN,NaN,0,31.75517338,1.869925609,-2.966467365,7.859613361,-16.35819963,10.85660771,-75.34523987
0.04564004958,0.06713192477,NaN,NaN,0,38.03744504,1.889890048,12.70553594,6.435445565,-28.18971302,9.810474207,-74.56736564
0.04564004958,0.07099563267,NaN,NaN,0,45.94953337,1.869150341,37.54905999,0,-57.88486314,2.705640039,-74.13002232
0.04564004958,0.07485934057,NaN,NaN,0,44.43970743,1.747869234,52.7414435,0,-82.85658569,-28.63140298,-74.8501813
0.04564004958,0.07872304847,NaN,NaN,0,53.86371527,1.527200116,43.7175569,0,-86.92440746,-67.19986583,-76.26145412
0.04564004958,0.08258675637,0.3290580854,-1.25857084,1,0.4149847557,1.300876544,501.8910225,0,-102.6021163,-540.2561281,-75.34779101
0.04564004958,0.08645046427,-0.03212386883,2.54304592,1,71.41403817,2.543248807,563.3226387,0,-148.6842945,-503.6109415,90.72372433
0.04564004958,0.09031417218,0.03050838571,2.863748863,1,254.4103228,2.863911366,-644.8157257,0,-152.0582975,463.8493729,89.38963376
0.04564004958,0.09417788008,0.3633344598,-1.74051218,1,3.855888942,1.778031096,-812.655434,0,46.75617728,529.8410474,-78.2087526
0.04564004958,0.09804158798,0.2260586258,-2.323265399,1,159.6889987,2.33423748,-184.1954702,0,-176.5917497,-46.74312178,-84.44249462
0.04564004958,0.1019052959,0.2980271674,-2.271587905,1,190.038687,2.291054736,-140.1421736,0,-190.393303,-136.8298317,-82.52561408
0.04564004958,0.1057690038,0.2246884931,-2.33606332,1,123.6229539,2.346843999,-198.7428506,0,-181.1469127,-101.0201524,-84.50604673
0.04564004958,0.1096327117,0.07577139329,-2.649159866,1,102.478042,2.650243253,-127.7185305,0,-192.3962603,-226.0135763,-88.36167012
0.04564004958,0.1134964196,-0.1227292375,-1.956279975,1,134.4148637,1.960125967,336.88488,0,-283.6876582,166.0729032,-93.58980503
0.04564004958,0.1173601275,NaN,NaN,0,-11.71757648,2.05130738,91.17171627,0,-87.47973409,93.31326976,-104.1358809
0.04564004958,0.1212238354,NaN,NaN,0,2.286418804,2.028671561,61.00256954,0,-4.886816306,48.24903348,-104.4434095
0.04950375748,0.01690372206,NaN,NaN,0,-13.31097623,1.078852796,-1.108112935,0,10.12297858,5.293205452,-71.35367062
0.04950375748,0.02076742997,NaN,NaN,0,-14.01007997,1.088645004,-4.20695057,2.525531185,10.14901939,5.800627821,-71.86889368
0.04950375748,0.02463113787,NaN,NaN,0,-14.41181867,1.111035918,-9.633346318,0.9847491557,10.16897701,7.905351822,-72.72027277
0.04950375748,0.02849484577,NaN,NaN,0,-13.5742637,1.148528737,-15.06950593,0,10.59430134,10.42987926,-73.69837844
0.04950375748,0.03235855367,NaN,NaN,0,-11.67898357,1.202365574,-20.18365358,0,11.10341809,13.3675583,-74.6390647
0.04950375748,0.03622226157,NaN,NaN,0,-9.163719119,1.272908063,-25.12310408,0,11.77009587,17.00438854,-75.43255514
0.04950375748,0.04008596947,NaN,NaN,0,-5.090748785,1.362396442,-29.51376361,0,10.90363553,21.66244201,-76.0441246
0.04950375748,0.04394967737,NaN,NaN,0,2.03407041,1.470196922,-32.47852891,0,6.750362845,24.98107172,-76.52365325
0.04950375748,0.04781338527,NaN,NaN,0,10.51965324,1.586169699,-32.31650545,0,1.69896601,25.45275705,-76.78839992
0.04950375748,0.05167709317,NaN,NaN,0,15.52352288,1.698267629,-29.11011583,0,-1.376932275,26.86345421,-76.72968708
0.04950375748,0.05554080107,NaN,NaN,0,24.12865211,1.809207249,-25.71352944,0,-10.05403602,25.34316664,-76.66854579
0.04950375748,0.05940450897,NaN,NaN,0,33.46464782,1.902766415,-22.13539924,5.829876001,-15.07196501,18.14616024,-76.49944749
0.04950375748,0.06326821687,NaN,NaN,0,44.1349898,1.977315399,-14.54288482,11.30619571,-14.88785895,15.93275382,-75.70468964
0.04950375748,0.06713192477,NaN,NaN,0,52.03890947,2.045302787,-1.457414275,14.18935359,-17.89198757,31.12314645,-74.19078071
0.04950375748,0.07099563267,0.6201718538,-2.041971466,1,66.19604572,2.134071367,49.31168843,0,-74.98511695,52.29337017,-73.1058188
0.04950375748,0.07485934057,0.5232538063,-1.979457858,1,-11.68047972,2.047449134,237.0771003,0,-74.5237703,165.6886918,-75.19300665
0.04950375748,0.07872304847,0.2871038119,-1.766147508,1,-58.75189319,1.789331054,214.0261134,0,-29.02258286,3.908428016,-80.76680011
0.04950375748,0.08258675637,0.1841188698,-1.167624497,1,-1359.773671,1.182051912,184.3327421,0,1413.227814,-110.6081565,-81.03900269
0.04950375748,0.08645046427,0.4936350088,-0.6265820282,2,521.6226451,0.7976719626,184.834943,0,-648.9772927,374.8893546,-51.76818793
0.04950375748,0.09031417218,-0.3079422881,-1.901939228,1,667.7514622,1.926707368,-184.7230629,0,-867.7916497,482.6452058,-99.19692802
0.04950375748,0.09417788008,-0.2792618443,-3.205098081,1,317.66281,3.217241191,-273.2434468,0,-315.4733726,156.8869598,-94.97963481
0.04950375748,0.09804158798,-0.2994829414,-3.563837479,1,213.7462124,3.576398692,-76.72297909,0,-300.3763893,-17.51694203,-94.80349854
0.04950375748,0.1019052959,-0.613975543,-3.433852914,1,209.8310143,3.488310737,-164.0992203,0,-337.8311723,-207.4757563,-100.1374053
0.04950375748,0.1057690038,-0.7940381631,-3.396243214,1,145.7597889,3.487830927,-224.9675432,0,-304.7076643,-192.7725314,-103.1593212
0.04950375748,0.1096327117,-1.228103705,-3.558245035,1,210.2780148,3.764219234,-173.1034563,0,-137.859512,-235.6162025,-109.0417607
0.04950375748,0.1134964196,-0.5142342214,-3.154712222,1,366.7198782,3.196348861,115.0018658,93.29782427,-134.5813297,-245.7697631,-99.25808026
0.04950375748,0.1173601275,NaN,NaN,0,-29.12907668,2.189521623,217.0846451,0,85.23629383,-90.55228874,-98.69998211
0.04950375748,0.1212238354,NaN,NaN,0,-16.52387859,1.988466609,109.6485937,0,33.9868124,7.034277516,-98.60309737
0.05336746538,0.01690372206,NaN,NaN,0,-17.98512467,1.034022303,1.929346355,0,11.28477586,7.199919397,-69.8557761
0.05336746538,0.02076742997,NaN,NaN,0,-19.66354421,1.039241667,-2.87271095,4.469484668,11.90329979,6.199346732,-70.71911453
0.05336746538,0.02463113787,NaN,NaN,0,-20.56655929,1.057369369,-9.988387099,3.785799395,12.38473547,7.330794552,-72.03573358
0.05336746538,0.02849484577,NaN,NaN,0,-19.44367763,1.093200679,-16.70648629,0,13.34890609,9.646526081,-73.44209625
0.05336746538,0.03235855367,NaN,NaN,0,-16.73371987,1.148224271,-22.54870372,0,14.02983729,12.35765615,-74.72151925
0.05336746538,0.03622226157,NaN,NaN,0,-14.91569291,1.220460776,-28.99567647,0,16.99217262,16.2896087,-75.71718381
0.05336746538,0.04008596947,NaN,NaN,0,-11.60519491,1.319681315,-35.65131159,0,17.84619257,25.01631429,-76.38750536
0.05336746538,0.04394967737,NaN,NaN,0,-0.3410806338,1.453974756,-41.67261671,0,9.387980741,31.18138627,-77.07528759
0.05336746538,0.04781338527,NaN,NaN,0,16.17230409,1.601812776,-41.74234943,0,-0.5751797298,27.88796403,-77.54208596
0.05336746538,0.05167709317,NaN,NaN,0,14.2888798,1.729669587,-35.09764459,0,4.104376534,35.11751664,-77.1229344
0.05336746538,0.05554080107,NaN,NaN,0,28.61753787,1.882077985,-32.49193934,0,-17.60923108,37.31196691,-77.2111897
0.05336746538,0.05940450897,0.4280069076,-1.95587113,1,53.04034396,2.002154287,-14.2901971,10.2189093,-37.0357359,37.92683481,-77.65643702
0.05336746538,0.06326821687,0.4784502425,-2.037139889,1,51.28797215,2.092571041,57.64310659,0,-2.236027228,92.86046587,-76.78284892
0.05336746538,0.06713192477,0.6175292947,-2.091940719,1,75.37258567,2.181182799,72.05322879,0,34.69033596,151.316481,-73.55369197
0.05336746538,0.07099563267,0.9037012224,-2.343389943,1,208.3320599,2.511603536,137.7144889,9.542996199,152.8326702,95.78346249,-68.91144385
0.05336746538,0.07485934057,2.012964316,-1.929931481,1,46.70087463,2.788666502,277.1285296,0,31.21172987,24.84521008,-43.79359533
0.05336746538,0.07872304847,1.204732768,-1.368640888,1,-218.0364388,1.823337304,1729.44432,0,-144.0654597,-1217.317878,-48.64446667
0.05336746538,0.08258675637,0.6139083495,9.455496907,1,406.843103,9.47540528,43.73586676,106.9887171,-167.2404782,201.9179643,86.28522353
0.05336746538,0.08645046427,2.130487322,-1.979810308,1,469.4638534,2.908371552,-1585.808802,0,-322.5365525,1655.802215,-42.90056738
0.05336746538,0.09031417218,1.181592523,-3.06914119,1,0.2253723729,3.288736617,-151.2739705,0,-573.9541317,419.927373,-68.94373071
0.05336746538,0.09417788008,-0.08623301815,-4.186765451,1,-6.731047632,4.18765341,-42.24680555,0,-334.8189501,278.8291657,-91.17992985
0.05336746538,0.09804158798,-0.138056902,-4.309684957,1,0.3695996423,4.311895655,35.77889298,0,-272.4908402,87.75724533,-91.8347916
0.05336746538,0.1019052959,-1.137630005,-4.387594622,1,36.20425968,4.532680068,34.37961404,0,-360.0590292,-25.96319251,-104.5357457
0.05336746538,0.1057690038,-1.389337134,-4.076537978,1,69.48186982,4.306787615,165.873938,0,-164.1505108,64.07197637,-108.8197774
0.05336746538,0.1096327117,-1.503401981,-3.994261579,1,179.9792157,4.267826505,215.4102422,0,17.0747433,167.9489512,-110.6258591
0.05336746538,0.1134964196,-0.6279781955,-3.893161413,1,434.7148381,3.943483537,199.814499,111.2564101,-48.73561739,-433.5003752,-99.16304897
0.05336746538,0.1173601275,-0.01209101705,-1.547317896,1,48.1553204,1.547365136,360.8185827,0,100.0981375,-188.8517627,-90.44771029
0.05336746538,0.1212238354,NaN,NaN,0,-33.31965268,1.770255656,-0.3455843935,0,11.02028489,114.6102386,-91.78591607
0.05723117328,0.01690372206,NaN,NaN,0,-23.80108019,0.985435642,9.034318748,0,9.007822595,10.84175021,-67.30478515
0.05723117328,0.02076742997,NaN,NaN,0,-27.76750011,0.9780233014,-0.5424957438,7.255837159,12.11958123,5.783688417,-68.92850781
0.05723117328,0.02463113787,NaN,NaN,0,-28.74719665,0.9868155859,-10.74100484,6.571464165,14.11775899,5.571953572,-71.09362369
0.05723117328,0.02849484577,NaN,NaN,0,-26.90016767,1.019308014,-19.21934841,2.689437619,16.38675028,8.467774371,-73.17093732
0.05723117328,0.03235855367,NaN,NaN,0,-20.89652538,1.077339406,-24.30899856,0,14.67485234,10.12693151,-74.98381629
0.05723117328,0.03622226157,NaN,NaN,0,-22.16013774,1.141360288,-32.65958648,0,24.32256477,10.78007582,-76.26119431
0.05723117328,0.04008596947,NaN,NaN,0,-26.07325732,1.242116057,-42.42318958,0,34.10098139,30.93182019,-76.6176829
0.05723117328,0.04394967737,NaN,NaN,0,-7.965502121,1.424525184,-56.81827691,0,13.53054728,46.84019502,-77.7568745
0.05723117328,0.04781338527,0.3089865757,-1.608895378,1,52.23846135,1.638296994,-41.62753386,3.250994834,-29.50873961,36.05529328,-79.12877294
0.05723117328,0.05167709317,0.3899064142,-1.69227033,1,72.35332547,1.736607579,-25.06349205,16.02763017,-39.5323219,60.38936312,-77.02523488
0.05723117328,0.05554080107,0.4357973466,-1.939060249,1,63.19623841,1.987428987,-6.968164382,16.67455362,-25.50485666,123.9801083,-77.33343224
0.05723117328,0.05940450897,0.5355349036,-2.198216206,1,125.7934009,2.262510137,80.07234576,25.89657476,38.28282682,127.6511357,-76.30817931
0.05723117328,0.06326821687,1.069739964,-2.122890796,1,147.1066944,2.377185083,148.5620236,0,81.87350855,129.6438321,-63.25613586
0.05723117328,0.06713192477,1.420247523,-2.12512184,1,95.50056085,2.556021491,79.2616674,14.14116535,21.64073998,113.8176185,-56.24466003
0.05723117328,0.07099563267,1.522339733,-2.256404897,1,73.14172963,2.721926032,76.42110054,0,-3.326770982,54.20967734,-55.99344867
0.05723117328,0.07485934057,1.68999213,-2.039303389,1,181.6221578,2.648552758,122.4545351,38.83883879,10.80208254,-78.40424228,-50.35110076
0.05723117328,0.07872304847,2.265810791,-1.480345252,1,115.1653692,2.706532949,80.91614508,0,-259.2597538,429.3928962,-33.1581992
0.05723117328,0.08258675637,1.133253518,-3.385715765,1,1527.970435,3.570340989,-124.6396461,0,-1916.649321,446.3908404,-71.49377765
0.05723117328,0.08645046427,0.7640691083,-3.686640254,1,275.4119435,3.764985785,-102.351593,0,-379.7670195,87.7987415,-78.29101992
0.05723117328,0.09031417218,0.7300559859,-4.120401115,1,236.7976715,4.184577289,-17.4380063,0,-270.2489111,186.017759,-79.95256155
0.05723117328,0.09417788008,0.6348232896,-4.472733901,1,17.30246287,4.517560089,99.44466878,0,-160.2302897,228.2560111,-81.92186078
0.05723117328,0.09804158798,0.1778246122,-4.618090516,1,-132.7690935,4.621512913,148.9448859,0,-182.027022,276.3263094,-87.79485296
0.05723117328,0.1019052959,-0.5814569486,-4.964898514,1,29.66306684,4.998830807,327.8109949,0,-51.25344879,245.2063997,-96.67968511
0.05723117328,0.1057690038,0.09440568289,-4.298930489,1,172.4874726,4.299966951,426.7853512,0,43.50742387,225.6215465,-88.7419713
0.05723117328,0.1096327117,0.2530842395,-4.187660332,1,-148.5122379,4.195301025,274.4053063,0,-242.7010498,461.7106349,-86.5414953
0.05723117328,0.1134964196,-1.417128188,-5.022623567,1,78.64633632,5.218716297,460.661701,0,-57.90016122,-114.9572173,-105.7563595
0.05723117328,0.1173601275,0.3332414001,-1.96363697,1,276.1890947,1.991712826,443.7224436,0,127.8686529,-391.7048832,-80.36831525
0.05723117328,0.1212238354,NaN,NaN,0,-64.25385121,1.800546534,70.77641421,0,-33.68754659,-16.63214283,-85.411779
0.06109488118,0.01690372206,NaN,NaN,0,-32.61991393,0.9485490008,27.07176626,0,-3.350187453,18.18598219,-62.84639386
0.06109488118,0.02076742997,NaN,NaN,0,-42.55649379,0.9031771986,1.957556198,12.02029098,9.751129144,0.9735610227,-66.27384646
0.06109488118,0.02463113787,NaN,NaN,0,-39.75455952,0.8942416593,-13.21378809,9.907208807,15.57996898,0.7055569478,-69.97971371
0.06109488118,0.02849484577,NaN,NaN,0,-38.51327101,0.921082971,-25.12090397,5.068327577,23.40548369,8.525686319,-72.95411191
0.06109488118,0.03235855367,NaN,NaN,0,-17.79207624,1.001343524,-22.8083556,0,3.96025703,8.90221971,-75.6738267
0.06109488118,0.03622226157,0.2165618629,-1.003140463,1,23.92401874,1.026250373,-14.68325837,0,-19.15684138,5.999165819,-77.81772315
0.06109488118,0.04008596947,0.266193068,-1.050115389,1,31.46768134,1.083328703,-37.21565288,0,-13.3252549,48.43862611,-75.7757468
0.06109488118,0.04394967737,0.2866588993,-1.334083577,1,29.2156908,1.364533736,-45.68895717,0,-14.24966187,169.0864855,-77.87306035
0.06109488118,0.04781338527,0.3240174322,-1.879944963,1,74.55683052,1.907663587,23.98606676,20.11992251,-13.6557532,226.998077,-80.22087862
0.06109488118,0.05167709317,0.5219628728,-2.118462685,1,132.2550698,2.181817909,80.62034818,30.35085852,8.722371065,157.7894035,-76.15872338
0.06109488118,0.05554080107,0.8687130841,-2.178103652,1,139.3607766,2.344951586,106.2939284,22.84267625,44.04514051,151.7227613,-68.25594952
0.06109488118,0.05940450897,1.230589764,-2.293986426,1,117.2886267,2.603214338,177.5076029,0,59.90989314,206.2567255,-61.78903993
0.06109488118,0.06326821687,1.553356405,-2.289181864,1,65.57681068,2.766454361,154.8223464,0,-31.16906128,176.3889525,-55.84059684
0.06109488118,0.06713192477,1.363531257,-2.377313492,1,35.37670693,2.740590617,55.45835015,0,-72.88886314,145.9569171,-60.16315428
0.06109488118,0.07099563267,1.408420391,-2.638841893,1,175.2087973,2.991176112,73.43049649,44.95004595,36.92693972,128.4597244,-61.90996858
0.06109488118,0.07485934057,2.18316178,-2.589930355,1,383.5808969,3.387319678,132.0034638,102.3910762,74.00997092,177.6767667,-49.87104483
0.06109488118,0.07872304847,3.176417842,-2.815310194,1,228.8162461,4.244478978,-19.63174636,0,-313.2172432,307.405736,-41.55108701
0.06109488118,0.08258675637,1.857060981,-3.85350766,1,-69.51713159,4.277639158,25.28441672,0,-215.7421365,464.2203542,-64.26991151
0.06109488118,0.08645046427,2.074259355,-4.511230443,1,92.03208197,4.965254473,175.798235,0,-98.27622268,479.8360784,-65.30707452
0.06109488118,0.09031417218,1.832935445,-5.028221077,1,-35.76633841,5.351883738,276.364763,0,-195.7088895,369.919896,-69.97170458
0.06109488118,0.09417788008,1.179906688,-4.87270015,1,-90.92668748,5.013520374,306.506683,0,6.068132321,169.7940001,-76.3880429
0.06109488118,0.09804158798,1.505066775,-4.500003204,1,-107.3915982,4.745024219,362.5121605,0,80.58707231,317.8742759,-71.50702211
0.06109488118,0.1019052959,1.07634183,-4.700232403,1,-136.5556396,4.821897591,343.644182,0,39.83657265,363.0234957,-77.10179641
0.06109488118,0.1057690038,1.131372552,-4.574879212,1,48.43693827,4.712698129,320.9718218,0,19.9929673,232.4421564,-76.10938936
0.06109488118,0.1096327117,1.340734996,-4.358179635,1,-95.47492355,4.559747807,313.0475955,0,-14.17353157,273.1527532,-72.90019367
0.06109488118,0.1134964196,0.7077229494,-4.420737195,1,-346.4567357,4.47702905,801.7624681,0,48.3375755,222.579224,-80.90460512
0.06109488118,0.1173601275,0.1888896419,-2.120384759,1,-107.0888718,2.128781535,394.3226435,0,-36.21788256,-322.4605041,-84.90937368
0.06109488118,0.1212238354,NaN,NaN,0,-106.8626819,1.658464516,119.4841348,0,88.81673618,-123.3335352,-84.67105715
0.06495858908,0.01690372206,NaN,NaN,0,-51.06958688,0.9704593624,78.6172103,0,-48.37693316,34.34884885,-55.11237767
0.06495858908,0.02076742997,NaN,NaN,0,-79.07652694,0.7978606076,-3.263811612,22.89309875,5.662628471,-23.00242948,-62.94074021
0.06495858908,0.02463113787,0.2714225027,-0.7197797442,1,-62.57853089,0.7692548701,-31.20439616,13.42128526,28.42275836,-24.50256952,-69.33898938
0.06495858908,0.02849484577,0.2309882815,-0.7364178896,1,-36.55052715,0.7717945933,-34.87023732,0,24.63920501,26.39908069,-72.58520124
0.06495858908,0.03235855367,0.2254006333,-0.9565064923,1,4.476882721,0.9827055079,-60.12205096,0,-2.787430658,79.31349394,-76.74016763
0.06495858908,0.03622226157,0.2375158308,-1.275156106,1,50.13504645,1.29708784,-20.504349,11.51518008,-22.8435103,89.48058281,-79.44876579
0.06495858908,0.04008596947,0.3308471572,-1.381456142,1,133.6194644,1.420521353,22.45941407,38.2176662,6.489880504,96.1989164,-76.53181201
0.06495858908,0.04394967737,0.7788574137,-1.560064004,1,194.4135516,1.743679605,-7.297375004,54.46482079,50.91266407,139.7807444,-63.46947008
0.06495858908,0.04781338527,1.278715995,-1.949723034,1,75.4785796,2.33163773,87.53181389,0,62.26336555,245.2819871,-56.74133685
0.06495858908,0.05167709317,1.311052055,-2.169564594,1,9.965044918,2.534929589,186.3716592,0,29.88850459,278.9275667,-58.85573751
0.06495858908,0.05554080107,1.432698469,-2.307332026,1,111.0407342,2.715953972,151.8728134,0,72.00522426,216.6671209,-58.16249178
0.06495858908,0.05940450897,2.018288171,-2.419910872,1,125.2074485,3.151103897,133.4122392,0,112.0633884,182.4212649,-50.17074163
0.06495858908,0.06326821687,2.349443676,-2.496688585,1,86.5147306,3.428314379,114.9748066,0,-39.88358882,146.9434516,-46.74033986
0.06495858908,0.06713192477,2.198457282,-2.543428378,1,72.61909697,3.361880774,133.0367356,0,-84.79887415,209.1286724,-49.16092457
0.06495858908,0.07099563267,2.302384575,-2.790685603,1,131.6795079,3.617858602,123.4587553,0,46.40041399,302.5526881,-50.47652639
0.06495858908,0.07485934057,2.886506083,-3.235395021,1,208.4007203,4.335861888,82.47271301,51.75630095,69.90728874,285.3655673,-48.26177502
0.06495858908,0.07872304847,3.377685428,-3.574604327,1,82.27976014,4.917982813,25.58716104,18.25389573,-46.54960445,210.717991,-46.62243037
0.06495858908,0.08258675637,3.024556968,-3.950686472,1,-49.33423229,4.975526952,208.3941541,0,28.51567002,427.6994559,-52.56314155
0.06495858908,0.08645046427,3.297248585,-4.421935954,1,-56.41431256,5.515919308,203.4148356,0,108.8391246,407.2827164,-53.28968034
0.06495858908,0.09031417218,3.227111129,-4.738372413,1,-199.8839623,5.732924155,323.2747675,0,-12.90090752,239.4274083,-55.74282784
0.06495858908,0.09417788008,2.475110002,-4.09797425,1,-248.5112644,4.787437987,360.8126176,0,139.685215,141.7027385,-58.86870449
0.06495858908,0.09804158798,2.806639062,-3.891795842,1,-229.7266247,4.798259861,153.3520417,26.21927161,145.2975038,201.3360727,-54.20205923
0.06495858908,0.1019052959,2.148900541,-4.28337053,1,-1038.260026,4.792184953,-190.4791968,145.2905956,889.6971859,-56.66115059,-63.35778973
0.06495858908,0.1057690038,2.232635642,-4.408829684,1,-101.5938729,4.941906625,256.4294855,0,197.1214403,150.3565011,-63.14230167
0.06495858908,0.1096327117,2.517991158,-3.873535502,1,-173.4173424,4.620016965,259.6883802,0,253.1317687,23.75542666,-56.97412477
0.06495858908,0.1134964196,2.540628901,-3.497253667,1,-616.7628974,4.322681856,274.6943347,156.3763439,123.1708633,-290.4941809,-54.00294482
0.06495858908,0.1173601275,0.6108957157,-1.689812169,2,-573.1504362,1.796846888,239.9948622,150.473355,-50.98290882,-396.3175716,-70.12421862
0.06495858908,0.1212238354,NaN,NaN,0,-367.4827189,1.046727642,99.7354014,0,118.1182416,-237.2900133,-82.91197624
0.06882229698,0.01690372206,0.8693643662,-0.8336021888,1,-336.6533154,1.20444469,201.3535064,0,22.2186135,28.37471897,-43.7969695
0.06882229698,0.02076742997,0.2619224453,-0.4994324349,1,-204.2554154,0.5639469163,-6.608098593,59.29956611,2.777025882,-95.9007293,-62.32567695
0.06882229698,0.02463113787,0.09091072095,-0.4886015461,1,-51.33619042,0.4969871527,-38.2730651,0,44.95668435,-0.8042968151,-79.45989733
0.06882229698,0.02849484577,0.2372738972,-0.644200811,1,23.34880843,0.6865082572,-58.19504471,0,36.44181292,73.7171482,-69.78009342
0.06882229698,0.03235855367,0.321924217,-0.998271728,1,29.75271315,1.04889544,-53.56138435,0,33.86285808,112.3174799,-72.12644601
0.06882229698,0.03622226157,0.4830658824,-1.285108289,1,37.78704043,1.372900565,11.60804535,0,66.44702443,152.1557401,-69.39900646
0.06882229698,0.04008596947,0.7246541969,-1.541306966,1,34.27125777,1.703159085,71.38951308,0,47.37830427,227.5661229,-64.81917084
0.06882229698,0.04394967737,0.7985359403,-1.88852909,1,115.9060057,2.050415025,61.13125705,0,113.2154937,161.9923298,-67.07966399
0.06882229698,0.04781338527,1.609912744,-1.93100469,1,185.9268592,2.514079982,78.42496163,0,207.7900746,118.0126247,-50.18143521
0.06882229698,0.05167709317,2.319743168,-2.041484257,1,85.61424799,3.090124,116.6704773,0,91.08932622,219.6598285,-41.3493121
0.06882229698,0.05554080107,2.29264374,-2.32892546,1,14.37932589,3.268043622,131.8595838,0,19.56086943,210.3559365,-45.44979241
0.06882229698,0.05940450897,2.450878169,-2.344771235,1,45.32183201,3.391866144,37.60257471,0.4404890333,25.25501176,153.7145068,-43.73249956
0.06882229698,0.06326821687,2.565332049,-2.77754805,1,69.37075236,3.780965709,-43.83824712,15.41568707,-8.631098976,122.00227,-47.27455845
0.06882229698,0.06713192477,2.685558447,-2.985530551,1,125.4959075,4.015671407,44.91186132,34.04051553,1.085121479,94.29120283,-48.02783702
0.06882229698,0.07099563267,3.054404171,-2.968335402,1,171.7158052,4.259154833,82.65769512,39.28276781,66.09280405,118.7623835,-44.1812627
0.06882229698,0.07485934057,3.60438145,-3.125028521,1,111.9938394,4.770468414,59.14602939,0,155.8907371,148.3696029,-40.92555844
0.06882229698,0.07872304847,4.089431925,-3.313069228,1,5.223903452,5.263067659,110.965089,0,178.6304291,221.6592375,-39.01279664
0.06882229698,0.08258675637,4.314740887,-3.552718377,1,-64.20079611,5.589167808,251.4922992,0,153.333928,396.3454348,-39.46773053
0.06882229698,0.08645046427,4.433816311,-3.872739432,1,-235.2244404,5.887005843,291.6322907,0,155.5888654,486.5369817,-41.1357534
0.06882229698,0.09031417218,4.007052287,-4.305773171,1,-425.9624967,5.881849253,413.3549857,16.26055387,86.30507295,283.9670766,-47.05803485
0.06882229698,0.09417788008,3.121479239,-3.372822346,1,-334.7272662,4.595602596,321.9350957,23.68654117,41.85464974,-2.81866107,-47.21636081
0.06882229698,0.09804158798,2.875478045,-3.051019516,1,-581.6032644,4.192504511,1043.004398,0,-194.8569649,-541.3942195,-46.69659154
0.06882229698,0.1019052959,0.1214637169,2.748831109,1,-223.5737879,2.751513384,271.3565653,0,178.9525931,367.0446944,87.46989396
0.06882229698,0.1057690038,2.703074782,-3.420730496,1,73.93563775,4.359817703,-440.0211674,0,525.0784221,972.8572682,-51.68406977
0.06882229698,0.1096327117,2.435879072,-2.710118465,1,-502.1109179,3.64393317,299.1976111,116.8114502,-30.12336991,-181.9156788,-48.05050869
0.06882229698,0.1134964196,0.646676959,-1.561849277,1,-668.5991201,1.690433156,137.9781651,188.9780045,-69.28655632,-536.8234953,-67.50821037
0.06882229698,0.1173601275,-0.4150956455,-0.1028819582,1,-301.3538208,0.4276553428,191.1025144,66.86340288,36.29230069,-271.347833,-166.0796894
0.06882229698,0.1212238354,-0.3774433305,0.2249237833,1,-122.1071407,0.4393793077,29.11770651,0,141.5973899,-140.5668296,149.2086919
0.07268600488,0.01690372206,1.442675122,0.5905323088,1,-694.7163362,1.558858529,-85.23663427,0,-69.20429041,174.1739795,22.26082914
0.07268600488,0.02076742997,-0.03310795851,0.08938888981,1,-280.6187259,0.09532318993,-8.519045723,79.49272736,-61.6007599,234.3213905,110.3236792
0.07268600488,0.02463113787,0.1204389908,-0.3477322032,1,13.60670023,0.3679989614,-38.1720886,0,70.26845862,162.4691748,-70.89618665
0.07268600488,0.02849484577,0.2909611554,-0.6858303447,1,45.15747978,0.7449977555,-34.47921004,0,40.76465552,118.9728378,-67.01108302
0.07268600488,0.03235855367,0.4524170238,-0.9406260929,1,43.4125425,1.04377134,46.145069,0,106.5185915,170.0136344,-64.31363906
0.07268600488,0.03622226157,0.8702512623,-1.164422299,1,91.06764154,1.453690665,163.912372,0,176.423435,264.9004022,-53.22676013
0.07268600488,0.04008596947,1.48592441,-1.330814343,1,37.72027053,1.994752658,243.7602039,0,161.7488759,348.8502023,-41.8480622
0.07268600488,0.04394967737,1.640941779,-1.570459356,1,-0.8098274056,2.271350372,318.6124555,0,143.6179934,456.934406,-43.74269923
0.07268600488,0.04781338527,2.037693449,-1.865249956,1,102.7476459,2.762490179,196.1688301,0,148.2010181,345.7534129,-42.47014967
0.07268600488,0.05167709317,2.610534115,-2.148410491,1,106.9463963,3.380910529,79.46017348,0,78.68508723,188.6977529,-39.45360726
0.07268600488,0.05554080107,2.754919279,-2.287312055,1,13.79361933,3.580694998,92.79998008,0,24.23911492,183.1361861,-39.70164977
0.07268600488,0.05940450897,2.757481491,-2.497443204,1,14.79218794,3.720339599,-20.55862131,0,-41.57284845,111.6337993,-42.16704734
0.07268600488,0.06326821687,2.651446629,-2.798064955,1,-10.3144064,3.854781021,-37.50669908,0,4.831530787,98.80591164,-46.54116291
0.07268600488,0.06713192477,2.736297261,-3.024115315,1,36.830396,4.078308,-26.33569345,0,74.24588258,77.37739317,-47.86039534
0.07268600488,0.07099563267,3.080612924,-3.198782027,1,138.6811957,4.440988904,1.956755881,25.36998308,107.7112944,12.74300495,-46.07809619
0.07268600488,0.07485934057,3.688285872,-3.065790231,1,205.2494819,4.796094495,87.66627448,0,204.262775,11.5296019,-39.73415845
0.07268600488,0.07872304847,4.662848667,-2.904612164,1,174.2725648,5.493535247,42.80087424,0,301.7796926,54.2938778,-31.91987381
0.07268600488,0.08258675637,5.527612739,-3.110195839,1,64.57083189,6.34254056,94.27254514,0,360.1555517,96.17106678,-29.36494729
0.07268600488,0.08645046427,6.30386735,-2.911947497,1,-263.2405397,6.943931292,243.6923945,0,365.14968,152.8274297,-24.79364714
0.07268600488,0.09031417218,5.92135989,-2.759120157,1,-754.2684511,6.532629409,260.3361946,204.2505746,82.43074351,190.7202252,-24.98366245
0.07268600488,0.09417788008,3.708082692,-2.642971726,1,-392.9888597,4.553589441,355.3919129,41.40334163,88.45092619,261.8033039,-35.47973854
0.07268600488,0.09804158798,4.744714271,-2.397521109,1,-78.41038979,5.316053139,283.1790129,0,313.266094,305.2185789,-26.80763332
0.07268600488,0.1019052959,4.615496531,-2.728126171,1,475.5591656,5.361481198,573.972613,0,-592.8960831,643.3941744,-30.58647041
0.07268600488,0.1057690038,4.291358695,-2.665745744,1,-490.9215036,5.051926347,415.1749147,73.70091744,65.32974365,239.6407633,-31.84810437
0.07268600488,0.1096327117,2.971134286,-2.049913484,2,-564.1944834,3.609679243,414.8701331,73.13736803,-287.7725213,30.76740003,-34.60346536
0.07268600488,0.1134964196,0.9996070479,-1.18168498,1,-402.3114841,1.547770539,450.1346759,0,-288.8078009,19.28758672,-49.77156113
0.07268600488,0.1173601275,0.3008512443,-0.3852461813,2,-151.0685011,0.4888006663,323.1701445,0,-185.6686368,22.4657439,-52.01256761
0.07268600488,0.1212238354,-0.3014468924,-0.01985101147,1,-116.4318664,0.302099804,73.52720281,0,-195.34022,-115.6150301,-176.2323734
0.07654971278,0.01690372206,1.21299229,1.583193644,1,-64.07197239,1.994455417,-299.6673514,0,23.36726957,340.3420208,52.54181984
0.07654971278,0.02076742997,1.134356749,0.3467890105,1,-75.79328815,1.186182048,-128.9226255,0,-90.32536039,350.6350312,16.99913846
0.07654971278,0.02463113787,0.5711583549,-0.2696770625,1,-87.4083879,0.6316229765,-65.89865955,0,-60.27983516,194.980899,-25.27471966
0.07654971278,0.02849484577,0.5637325945,-0.6611734008,1,54.04608203,0.86887554,18.18794475,0,97.60615651,143.6558471,-49.54827956
0.07654971278,0.03235855367,1.157098307,-0.754448388,1,167.3634581,1.381328658,187.6547171,0,240.5712595,263.7849635,-33.10505546
0.07654971278,0.03622226157,2.139873186,-0.9553184355,1,183.8649771,2.343435633,264.7312167,0,296.8207905,344.356355,-24.05774922
0.07654971278,0.04008596947,3.014327705,-1.062096664,1,150.4477977,3.195969467,281.1509126,0,277.9358516,378.255495,-19.4098805
0.07654971278,0.04394967737,3.795022476,-1.330502178,1,14.11954582,4.021496194,320.1176572,0,164.3137905,499.5539631,-19.32022661
0.07654971278,0.04781338527,3.703741996,-1.755386137,1,-97.88449465,4.098668718,87.42679433,11.93767594,-15.78750667,299.7035873,-25.35858242
0.07654971278,0.05167709317,3.355827067,-2.1506777,1,-66.3016868,3.985848701,-34.90670245,14.9524568,-22.98081581,103.0905254,-32.6549405
0.07654971278,0.05554080107,3.358780485,-2.288567116,1,-114.3274938,4.064350599,-19.25409957,31.64945719,-28.81505926,87.34598041,-34.26928365
0.07654971278,0.05940450897,2.802766054,-2.562549271,1,-155.689027,3.797651421,-92.12946772,36.30199188,11.62891709,19.28202281,-42.43645591
0.07654971278,0.06326821687,2.802174301,-2.719028573,1,-46.20953023,3.904522658,-74.87634087,0,66.91570534,-2.816346718,-44.137228
0.07654971278,0.06713192477,2.882768666,-2.84096804,1,-12.32435958,4.047400967,-32.30093489,0,92.3059368,63.1942451,-44.58157459
0.07654971278,0.07099563267,3.111199753,-3.087994054,1,107.2136545,4.38352269,-54.28887437,0,178.7491314,20.21800748,-44.78552334
0.07654971278,0.07485934057,3.987645341,-3.128840868,1,165.9664806,5.068625114,12.15820768,0,184.3130872,-57.09524785,-38.11892544
0.07654971278,0.07872304847,4.464577686,-2.820418931,1,79.21979508,5.280834864,32.47176057,0,195.882273,-153.4055176,-32.28193407
0.07654971278,0.08258675637,5.050559375,-2.41066536,1,-7.645729322,5.596378961,42.50222006,0,396.2039333,-313.5277362,-25.51545144
0.07654971278,0.08645046427,5.965853088,-1.444823176,1,-199.1111355,6.138315492,-77.26285168,0,380.0883684,-423.4726355,-13.61389364
0.07654971278,0.09031417218,5.74980254,-1.073011883,1,-332.9295443,5.849066912,-166.7660143,56.07292193,213.9475133,-149.2034897,-10.57078298
0.07654971278,0.09417788008,5.506141275,-1.512679641,1,-312.376693,5.71014811,109.0554959,71.79846724,156.8452485,229.32445,-15.36164986
0.07654971278,0.09804158798,5.148874469,-1.537695991,1,-323.420913,5.37358514,31.94553008,83.15226294,147.1322543,-2.558052611,-16.62809821
0.07654971278,0.1019052959,4.825013391,-1.379367876,1,-317.4016748,5.01830748,107.9117567,0,339.1985663,39.02512232,-15.95409735
0.07654971278,0.1057690038,5.23309129,-1.271538158,1,-424.4719577,5.385355489,156.9207928,88.19466028,251.7567632,224.9220177,-13.65708301
0.07654971278,0.1096327117,4.15769233,-1.642104746,1,-553.5696584,4.470225219,299.4925472,126.5686861,-164.0580449,261.1268214,-21.55182976
0.07654971278,0.1134964196,2.460387464,-1.1233042,1,-478.8770819,2.704684602,502.3918607,0,-359.0102393,138.6122981,-24.53934406
0.07654971278,0.1173601275,0.9203404671,-0.2365667759,1,-420.3160943,0.950258078,282.8294174,0,-356.2555157,12.79110681,-14.415389
0.07654971278,0.1212238354,-0.5400584014,-0.079955046,1,-377.1324124,0.545944948,-62.80224226,0,-378.8247697,-143.8703426,-171.5785961
0.08041342068,0.01690372206,1.599830163,0.9283719988,1,10.48977779,1.849684059,-541.2767334,0,-412.3349318,-77.92349125,30.1263404
0.08041342068,0.02076742997,0.823524015,0.0332412075,1,-60.73452312,0.8241946258,-308.5839834,0,-193.0773926,-5.432857964,2.311465717
0.08041342068,0.02463113787,0.619175059,-0.2429153996,1,7.231229647,0.6651207748,-33.80095141,0,16.77531535,108.7481653,-21.4211216
0.08041342068,0.02849484577,0.9162782926,-0.5175269408,1,168.2493022,1.052330767,120.6065452,0,240.0302743,227.9793444,-29.45837571
0.08041342068,0.03235855367,2.196648084,-0.6577725323,1,270.2723158,2.29301712,189.0257576,0,326.9025981,243.4985841,-16.67000033
0.08041342068,0.03622226157,3.223587725,-0.7279940308,1,194.363438,3.304768242,221.4362096,0,281.0943655,268.1439873,-12.7258291
0.08041342068,0.04008596947,4.033678156,-0.8382377419,1,183.646329,4.119854607,289.787955,0,226.406866,357.6395222,-11.73953596
0.08041342068,0.04394967737,4.807913494,-0.9901526668,1,-73.68490431,4.908811921,197.4320811,0,-55.7829556,381.1450975,-11.6369279
0.08041342068,0.04781338527,3.533452163,-1.548051175,1,-354.6949608,3.857686694,-229.2627009,66.22919557,-145.8441725,27.19525561,-23.65884873
0.08041342068,0.05167709317,2.87397649,-1.9810313,1,-217.1650019,3.49059105,-77.96779556,53.61764729,83.7579847,27.8543373,-34.57848631
0.08041342068,0.05554080107,3.018006417,-1.956916986,1,-155.0256419,3.596927414,-51.88711032,39.65490406,52.02710831,-85.54797732,-32.95993161
0.08041342068,0.05940450897,2.476020242,-1.850975542,1,-215.4738724,3.091405295,-145.6752872,44.4061176,42.90864347,-41.09566759,-36.78034717
0.08041342068,0.06326821687,2.351264778,-2.360982088,1,-82.07523858,3.332068799,-201.4458238,0,180.3331181,-2.445565442,-45.11815172
0.08041342068,0.06713192477,2.855659988,-2.619854412,1,-4.909975078,3.875362061,-160.4176478,0,159.6080744,-15.11480259,-42.53405432
0.08041342068,0.07099563267,2.948973047,-2.92238984,1,6.372266668,4.151723064,-77.08724639,0,164.189873,19.98269248,-44.74058916
0.08041342068,0.07485934057,3.514662274,-2.994904302,1,39.79900399,4.617607896,23.12268442,0,282.8503628,-98.14098918,-40.43488897
0.08041342068,0.07872304847,4.195595954,-2.453862426,1,-64.92692822,4.860500614,122.4892042,0,314.8907097,-251.5208483,-30.3219239
0.08041342068,0.08258675637,4.480449312,-1.549838707,1,-203.5520548,4.740930927,84.12188957,0,248.4767083,-376.5166148,-19.08108873
0.08041342068,0.08645046427,4.369171693,-0.6740897973,1,-138.1683507,4.420866243,-194.6604344,0,195.1335031,-428.5527942,-8.770622666
0.08041342068,0.09031417218,4.700546021,-0.6461469488,2,-54.25470975,4.744748547,-289.6210211,0,221.5324352,-249.2594281,-7.826945541
0.08041342068,0.09417788008,5.015483962,-0.8300352032,1,-191.5036528,5.083703159,0.4526179326,0,232.3227008,-16.81210083,-9.396966892
0.08041342068,0.09804158798,4.858258899,-0.5794411186,1,-211.9941947,4.892691646,69.95053168,0,255.4068319,-95.38820187,-6.801497911
0.08041342068,0.1019052959,5.183217712,-0.1912146321,1,-125.2435632,5.186743572,135.4132988,0,360.3619786,-0.8406934059,-2.112746551
0.08041342068,0.1057690038,5.766687779,-0.05299549243,1,-256.1340887,5.766931286,12.59142499,22.12448644,244.2248185,104.1459012,-0.5265297325
0.08041342068,0.1096327117,5.13720377,-0.5449543851,1,-560.9708695,5.16602728,64.65127164,161.6115484,-31.8347869,236.9104168,-6.055288618
0.08041342068,0.1134964196,3.47625988,-0.7185545126,1,-642.7009168,3.549746941,110.1102082,159.8301856,-313.4172127,4.714153974,-11.67875273
0.08041342068,0.1173601275,1.443042599,-0.1377348177,1,-626.2825742,1.449600919,200.7089799,58.41513451,-558.1313073,21.5637793,-5.452222319
0.08041342068,0.1212238354,-1.099969391,-0.02638978582,1,-640.7394353,1.100285909,-124.2956498,0,-675.6188692,-181.9320108,-178.6256587
0.08427712858,0.01690372206,-1.179416511,-0.0504775265,1,427.7501284,1.180496203,-481.2771772,0,141.9119354,-422.2314852,-177.5493091
0.08427712858,0.02076742997,-0.07891260219,-0.1645451799,1,277.1463123,0.1824892189,-161.8131711,0,250.8824777,-114.6243097,-115.6214516
0.08427712858,0.02463113787,0.8607324971,-0.2328015032,1,235.9197419,0.8916596724,30.67714864,0,278.994766,87.43286556,-15.13462086
0.08427712858,0.02849484577,1.91056665,-0.3838326918,1,228.6035462,1.94874125,140.7328648,0,280.6258201,219.1145706,-11.35950249
0.08427712858,0.03235855367,2.828246023,-0.535645519,1,247.9424987,2.878522484,166.5650255,0,300.9865262,227.7453166,-10.72430896
0.08427712858,0.03622226157,4.031468061,-0.6202154659,1,311.8616733,4.078897148,238.0079366,0,383.7272298,331.5028203,-8.746018019
0.08427712858,0.04008596947,5.515798364,-0.8968824397,1,235.1923368,5.588240304,181.571476,0,282.1882943,347.5050372,-9.235606222
0.08427712858,0.04394967737,6.030475692,-1.261334277,1,-351.5524392,6.160974049,-236.4012845,0,-319.509147,-223.0552299,-11.81367553
0.08427712858,0.04781338527,2.923012411,-0.9484476963,1,-508.2199558,3.073036705,-244.0287098,110.204194,-234.1426824,-314.7729547,-17.97700835
0.08427712858,0.05167709317,3.162203302,-0.9879991791,1,-241.4564195,3.312955192,-102.0595107,8.618090789,216.8062745,37.73575521,-17.35089895
0.08427712858,0.05554080107,2.827771451,-1.48857577,1,-282.3309715,3.19564535,-215.2141454,53.08059738,2.530921891,-66.07359463,-27.76290384
0.08427712858,0.05940450897,2.08113764,-1.564234703,2,-187.9180999,2.603452339,-218.2155731,0,-22.59831161,-162.159689,-36.92943219
0.08427712858,0.06326821687,2.014397529,-1.705159332,1,-66.37574872,2.639197937,-208.507028,0,98.32042818,-42.5825674,-40.24744739
0.08427712858,0.06713192477,2.20456255,-2.205318352,1,-3.788874208,3.118256736,-457.8779083,0,230.5572868,-257.7919781,-45.00981983
0.08427712858,0.07099563267,2.890564436,-2.478232921,1,-9.957744974,3.807492767,46.34221295,0,396.4346766,42.3157854,-40.60822144
0.08427712858,0.07485934057,3.697796524,-2.189761413,1,-126.2102506,4.297528846,156.79674,0,404.5627281,-134.456747,-30.63317199
0.08427712858,0.07872304847,3.966037103,-1.352914522,1,-251.980326,4.190444846,126.3939308,0,309.7059737,-268.4607517,-18.83579345
0.08427712858,0.08258675637,3.920831565,-0.6641582564,1,-271.3289272,3.976685348,45.97486909,60.96849999,165.7055468,-263.539303,-9.6141953
0.08427712858,0.08645046427,3.557939213,-0.1570421704,1,-188.0878787,3.561403331,-22.10061528,40.94179884,122.5793876,-192.0687809,-2.527310507
0.08427712858,0.09031417218,3.667725891,-0.007450912064,1,71.71993766,3.667733459,-89.79235496,0,416.151777,-162.7543301,-0.1163950743
0.08427712858,0.09417788008,5.442933012,0.1248615894,1,-180.237091,5.444364994,-107.4906127,0,538.1484255,-178.8355403,1.314142125
0.08427712858,0.09804158798,5.050590741,0.2682050482,1,-281.4175364,5.057707068,-33.44538533,32.49185315,256.0609659,-129.7281562,3.039762569
0.08427712858,0.1019052959,5.34496263,0.496870092,1,-98.70013908,5.368007582,10.93938109,0,262.6720269,-90.90513379,5.310977595
0.08427712858,0.1057690038,5.68413022,0.661702505,1,-204.5430311,5.722515755,-83.68433282,0,198.8169196,-59.21364882,6.640044531
0.08427712858,0.1096327117,5.322838608,0.4023225169,1,-621.7371532,5.338021567,-58.33131465,177.5589507,-97.80351406,74.37816269,4.322437044
0.08427712858,0.1134964196,2.904035259,0.148951849,1,-737.3672513,2.90785272,13.57708183,207.7010797,-179.8089992,110.782335,2.93620404
0.08427712858,0.1173601275,1.779137483,0.02674981235,1,-705.9408225,1.779338567,-0.5509725369,147.1546455,-491.6828103,93.57385492,0.8613926078
0.08427712858,0.1212238354,-1.723232633,-0.2147189905,1,-830.3174707,1.736558364,-174.8548633,0,-982.6405509,-49.86156203,-172.8974128
0.08814083648,0.01690372206,-1.891063394,-0.1760232859,1,423.4650832,1.899237994,117.0785238,0,428.8321262,61.28304908,-174.6821378
0.08814083648,0.02076742997,-0.2445496633,-0.06823457757,1,356.9851624,0.2538907155,55.92041406,0,410.8215985,30.15832232,-164.4097627
0.08814083648,0.02463113787,1.075517654,-0.07648608851,1,306.735166,1.078233901,10.77713258,0,353.5562951,75.04014078,-4.067775744
0.08814083648,0.02849484577,2.306623672,-0.3165280701,1,315.3065784,2.328240276,-60.84889377,0,369.1733259,36.55490215,-7.813651868
0.08814083648,0.03235855367,3.720148068,-0.4528259044,1,362.3278732,3.747606296,-102.0878948,0,444.5103621,-67.45835092,-6.940047238
0.08814083648,0.03622226157,5.424010936,-0.4503265123,1,273.8166296,5.442672928,72.24201677,0,336.4073451,124.9978644,-4.746075945
0.08814083648,0.04008596947,6.07787526,-0.6566590896,1,-364.3938109,6.113245361,26.24113196,75.36977322,-254.5202654,133.9149633,-6.166368592
0.08814083648,0.04394967737,3.03270773,-0.8663467453,1,-710.5638112,3.154024866,-310.3618368,113.1637534,-506.7822264,-353.7301363,-15.94292996
0.08814083648,0.04781338527,1.374405757,-0.4890966481,1,-135.0023006,1.458837454,197.3241645,0,29.59592613,27.56271922,-19.5886328
0.08814083648,0.05167709317,2.625448288,-0.2104381081,1,-16.41488275,2.633868431,-23.75297035,0,160.5217901,71.28454261,-4.582643618
0.08814083648,0.05554080107,1.931192753,-0.8562938378,2,-335.6528863,2.112520908,-331.8537066,0,-83.39715403,-72.5716679,-23.9125719
0.08814083648,0.05940450897,1.006361337,-1.21222817,2,-182.5396224,1.57551905,-558.7250709,0,40.17253807,-333.9797348,-50.30139565
0.08814083648,0.06326821687,1.381127925,-1.724644168,1,-273.7125929,2.209504888,-236.0211458,38.83087931,36.67584812,-106.0472601,-51.31158807
0.08814083648,0.06713192477,0.09052059339,-1.714409299,1,11.5584092,1.716797373,294.1553462,0,482.8872838,197.7619468,-86.97759667
0.08814083648,0.07099563267,3.291521655,-1.35220823,1,148.8102346,3.558452178,165.2069827,0,759.7617845,-34.14989612,-22.33362003
0.08814083648,0.07485934057,3.600977482,-0.9441525508,1,-271.6480436,3.722695645,111.3217166,0,363.5725911,-165.2358351,-14.69186853
0.08814083648,0.07872304847,3.646691256,-0.2836706319,1,-249.8786197,3.657707772,87.1285745,0,259.9379743,-193.1429733,-4.447995324
0.08814083648,0.08258675637,3.63984389,0.1387348427,1,-234.2332373,3.642486911,30.83180792,30.52693925,207.0553155,-178.787663,2.182806505
0.08814083648,0.08645046427,3.541683705,0.5262377741,1,-215.0158826,3.58056555,37.10150104,0,236.9987839,-104.1882241,8.451407465
0.08814083648,0.09031417218,3.724779399,0.68463707,1,-159.8626035,3.787176981,140.0283592,0,254.9835721,-227.3282979,10.41506076
0.08814083648,0.09417788008,3.909203343,1.945596592,1,-206.5140029,4.366602441,-205.9378673,0,336.7061944,-416.249249,26.45936657
0.08814083648,0.09804158798,4.227803998,1.497218817,1,-132.2010726,4.485085376,-300.8929326,0,381.9741102,-109.2183157,19.50090195
0.08814083648,0.1019052959,4.874253401,1.205021861,1,-80.76521817,5.020998298,-95.34259592,0,336.1591935,-97.4780366,13.88633194
0.08814083648,0.1057690038,5.214571718,1.505469536,1,-209.3217522,5.427540578,-27.22537263,0,293.4250827,-98.23236958,16.10365887
0.08814083648,0.1096327117,5.199204104,1.479372156,1,-422.2424278,5.405577239,-66.95805884,117.8066352,96.69416983,-48.89721502,15.88307724
0.08814083648,0.1134964196,3.956748342,1.435687711,1,-731.9488942,4.209163414,25.81189386,208.1520442,-147.193201,230.0914665,19.94306733
0.08814083648,0.1173601275,1.802455845,0.6900955569,1,-1035.208498,1.93004636,-229.8757519,255,-498.2812261,300.8603798,20.95004697
0.08814083648,0.1212238354,-1.968208019,-0.6149216744,1,-968.9709358,2.06203091,-263.6529483,0,-982.8659841,411.8728756,-162.6497767
0.09200454438,0.01690372206,-0.4902794921,-0.02974084039,1,191.3787059,0.4911807182,590.3408995,0,193.7176849,552.4478053,-176.5286349
0.09200454438,0.02076742997,0.2536704917,0.04346308327,1,212.1175369,0.2573669714,187.5381856,0,223.3669536,193.2729609,9.722468928
0.09200454438,0.02463113787,1.192305374,-0.05189833704,1,207.61725,1.193434348,-36.15222698,15.96074772,196.9245299,20.57317845,-2.492381491
0.09200454438,0.02849484577,1.816701763,-0.1757073138,1,103.4920362,1.825178993,-137.6340313,0,150.3738111,-94.61368534,-5.52433638
0.09200454438,0.03235855367,2.173168854,-0.2181163874,1,355.4064738,2.184087367,-210.3228027,0,415.0564239,-157.8664795,-5.731462612
0.09200454438,0.03622226157,4.793545348,-0.3783832241,1,485.4150624,4.808456183,-379.4912306,0,539.8761817,-313.6874036,-4.51334028
0.09200454438,0.04008596947,6.134594734,-0.4723631538,1,-213.4520335,6.152753815,-370.4558924,0,-130.4991897,-345.7132006,-4.403080823
0.09200454438,0.04394967737,3.464618289,-0.4739817578,1,-371.4067073,3.496889846,90.34591019,79.33949009,-234.9240905,48.96728362,-7.790066702
0.09200454438,0.04781338527,3.791909641,-0.3124882275,1,-37.68124782,3.804763805,224.9692678,0,6.942154973,181.0699349,-4.711053721
0.09200454438,0.05167709317,3.345851413,-0.3043675583,1,-300.0300261,3.359666842,-186.4751369,0,-353.9323771,-134.3373766,-5.19781293
0.09200454438,0.05554080107,1.265189937,-0.5139333039,2,-696.0705248,1.36558889,-152.5525018,125.5219243,-523.9659028,-49.18743877,-22.10750057
0.09200454438,0.05940450897,-1.368012971,-0.7037399692,1,-284.7976025,1.538411334,-22.97620303,72.28233457,136.6381597,-25.05302768,-152.777581
0.09200454438,0.06326821687,0.6927451268,-0.5059090601,1,446.8578005,0.8578110443,123.4970238,0,969.7089778,40.8047702,-36.14050979
0.09200454438,0.06713192477,4.105187282,-0.3842412558,1,64.52525983,4.12313036,397.2290232,0,635.3686453,296.7518447,-5.347246305
0.09200454438,0.07099563267,3.396930737,-0.1176945915,1,-374.7749756,3.398969028,67.33102924,86.91562432,215.4204957,-100.5871584,-1.984352194
0.09200454438,0.07485934057,3.489488119,0.2645455723,1,-266.5279907,3.499501635,54.76189801,0,307.8089828,-135.3566333,4.335422602
0.09200454438,0.07872304847,3.556428433,0.6168678798,1,-256.6837201,3.609530326,63.94905161,33.42028018,220.3676311,-136.973549,9.840137328
0.09200454438,0.08258675637,3.349173359,1.040851812,1,-273.4902474,3.507183298,51.72967027,49.77384161,206.7945427,-199.9825742,17.26413282
0.09200454438,0.08645046427,3.298735711,1.589410467,1,-269.4966181,3.661677611,53.74305818,0,264.6440434,-89.78273021,25.72588928
0.09200454438,0.09031417218,3.330424428,1.595393534,1,-291.8581349,3.692831894,-3.752875786,54.12085595,224.6294563,-167.9203818,25.59610329
0.09200454438,0.09417788008,3.038983735,2.223705757,1,-91.17056237,3.765672508,-41.63936614,0,126.2705872,-212.3133009,36.19393328
0.09200454438,0.09804158798,3.466040671,2.254827764,1,23.53104528,4.134934846,-137.0174317,0,380.478868,-107.004417,33.04595701
0.09200454438,0.1019052959,4.599960029,2.107744235,1,29.10940895,5.05986344,-73.40421152,0,419.515985,-163.8203785,24.61768927
0.09200454438,0.1057690038,5.19939815,2.604169423,1,-164.4277492,5.815104428,-29.48408629,0,235.6669964,-107.0255883,26.60444712
0.09200454438,0.1096327117,4.875207671,2.407341949,1,-348.5199897,5.437181724,-151.9683209,91.0635762,10.34042506,-101.2677018,26.27982356
0.09200454438,0.1134964196,3.892771094,2.40827704,1,-529.9533003,4.577495505,-99.55679041,139.5564309,-200.3830485,-20.34221112,31.74315815
0.09200454438,0.1173601275,2.05340135,2.101279953,1,-941.5609513,2.937998391,-306.5703366,236.0459606,-363.7461146,386.2052323,45.6602481
0.09200454438,0.1212238354,-1.150554129,-0.2684053984,1,-1046.309666,1.181446682,-413.2235179,0,-612.1777568,813.4144229,-166.8686806
0.09586825228,0.01690372206,2.524338353,-0.1669861544,1,-310.9350624,2.52985543,503.8545905,0,-360.7228449,430.2382403,-3.784628486
0.09586825228,0.02076742997,1.226793372,-0.0247701174,1,-178.9512408,1.227043412,213.1223443,0,-211.6097516,200.3919517,-1.15669876
0.09586825228,0.02463113787,1.015324761,-0.1177996359,1,19.66438819,1.022135571,-58.41942184,0,27.56820991,-29.78877193,-6.617960867
0.09586825228,0.02849484577,1.409286334,-0.1353905857,1,141.2209669,1.415774905,-54.27250512,0,190.6487038,-27.21137941,-5.487582526
0.09586825228,0.03235855367,2.29757223,-0.2223559211,1,159.2781122,2.308306805,75.04903612,0,186.6292056,102.0992356,-5.527792684
0.09586825228,0.03622226157,2.745771171,-0.2399046552,1,117.6579894,2.756231769,-123.2734526,0,144.5861744,-93.82049874,-4.993389916
0.09586825228,0.04008596947,3.310807077,-0.3361535317,1,79.13104419,3.327828526,-213.2856636,0,134.4467076,-187.6333297,-5.797499377
0.09586825228,0.04394967737,3.570973217,-0.3390177804,1,-88.12363576,3.587029799,-24.11571458,24.53820591,-7.014106151,-29.15457309,-5.423239836
0.09586825228,0.04781338527,2.943222632,-0.3166848542,1,-311.2583214,2.960210932,-230.1638734,0,-254.2737604,-209.5403509,-6.141283841
0.09586825228,0.05167709317,1.385922445,-0.4187010472,1,-268.9114839,1.447788517,-609.2601934,0,-194.7607521,-641.7038996,-16.81009239
0.09586825228,0.05554080107,1.151728551,-0.1913318504,1,-218.4106814,1.167512969,-542.880945,0,72.14392399,-758.9370194,-9.432168877
0.09586825228,0.05940450897,0.8207904186,0.4160765145,1,-57.0280814,0.9202263728,445.9347769,0,280.7027316,319.9335577,26.88144156
0.09586825228,0.06326821687,2.015942064,0.295500056,1,60.05403115,2.037484402,205.4891482,0,444.9193227,186.0554107,8.33912139
0.09586825228,0.06713192477,2.771859955,0.4911627996,1,-53.59065562,2.815039699,-116.2607986,0,350.4784256,-279.9984921,10.04828864
0.09586825228,0.07099563267,3.163029686,0.9281346761,1,-149.9915173,3.296390568,19.63004637,0,283.9879333,-183.2204206,16.35338586
0.09586825228,0.07485934057,3.289582967,1.274917751,1,-195.8512628,3.52799821,-16.88701797,0,248.007442,-180.3004495,21.18444403
0.09586825228,0.07872304847,3.364545928,1.559516443,1,-233.2214085,3.708404082,2.240751368,44.57432779,175.6225944,-183.978613,24.8684154
0.09586825228,0.08258675637,3.067037973,1.994414981,1,-195.928414,3.658471408,59.55934438,0,205.7353176,-207.1494369,33.03490149
0.09586825228,0.08645046427,3.402436939,2.590001268,1,-182.7776582,4.276059365,34.65371054,0,181.3402058,-142.8388157,37.27909733
0.09586825228,0.09031417218,3.061484077,2.680194257,1,-277.2847677,4.068921971,-40.40094423,65.8522255,154.4927414,-91.05808941,41.20071566
0.09586825228,0.09417788008,2.928004417,2.78572568,1,-134.0089801,4.041469712,-25.99324216,0,191.8525805,-76.76485537,43.57356111
0.09586825228,0.09804158798,3.284974853,2.87636094,1,-19.82541679,4.366292711,-93.78633972,0,286.3265313,-75.07714916,41.20575467
0.09586825228,0.1019052959,3.957686878,2.713438833,1,0.4402130169,4.798545168,-232.7438362,0,362.4659364,-278.0261998,34.43501489
0.09586825228,0.1057690038,4.68713821,3.051318766,1,-93.64004886,5.592835668,-303.7351231,0,161.7319467,-343.1959588,33.0640569
0.09586825228,0.1096327117,4.220774082,2.865903976,1,-241.740639,5.101797668,-239.3198267,0,-67.19694594,-150.7344891,34.17648952
0.09586825228,0.1134964196,3.493493622,2.709050897,1,-334.4621303,4.420797943,-132.3468999,64.62303043,-211.8090466,-147.0217492,37.79200676
0.09586825228,0.1173601275,2.11014182,2.922603307,1,-555.3390431,3.604761933,-241.1148167,58.42251148,-458.060774,185.0596576,54.17042916
0.09586825228,0.1212238354,-0.4219872577,1.062437213,1,-917.1721145,1.143173687,-320.7414191,0,-393.5527867,642.1502597,111.6623796
0.09973196018,0.01690372206,3.118782358,-0.2221062892,1,-339.4136984,3.126681084,174.2503918,0,-316.6469806,102.098754,-4.073482247
0.09973196018,0.02076742997,1.851368944,-0.08271986276,1,-292.9857458,1.853216,22.79240462,0,-293.8307884,-29.16442435,-2.55829554
0.09973196018,0.02463113787,0.851494679,-0.02136027863,1,-67.17672099,0.8517625549,-69.82960969,0,-23.27967964,-95.19045193,-1.436999223
0.09973196018,0.02849484577,1.501871834,0.01526702376,1,209.1236685,1.50194943,-70.18885745,0,310.0986444,-46.61578329,0.5824104821
0.09973196018,0.03235855367,2.857618031,-0.1124397515,1,258.0404484,2.85982928,-79.43025671,0,376.8123825,-4.47438164,-2.253275814
0.09973196018,0.03622226157,3.954757733,-0.2743405829,1,180.8366001,3.964261783,-39.07515983,0,266.3873789,-1.235902686,-3.968237182
0.09973196018,0.04008596947,4.585560852,-0.2586395883,1,-149.4239368,4.59284909,-48.25500229,40.10183996,-30.7036227,-77.69365512,-3.228235912
0.09973196018,0.04394967737,3.258797458,-0.1605982274,1,-386.6435383,3.262752314,-88.84081282,79.44646274,-258.4724905,-131.888337,-2.821335906
0.09973196018,0.04781338527,2.093020955,-0.09231652881,1,-689.0492556,2.095055861,-46.07322727,123.8398821,-539.3836425,-83.01376234,-2.525498599
0.09973196018,0.05167709317,-1.487508436,-0.01787079025,1,-851.1078247,1.487615781,218.3165504,140.6868681,-664.9683185,36.88426632,-179.3116869
0.09973196018,0.05554080107,-3.764654417,0.6086848206,1,278.6203569,3.813544295,241.2491396,0,518.1756431,81.0341214,170.8156637
0.09973196018,0.05940450897,1.591078564,0.6011532414,1,685.3177139,1.700857495,191.1837757,0,859.8853665,94.79626489,20.69794393
0.09973196018,0.06326821687,2.205558932,0.9810980075,1,-21.82884647,2.413926988,83.15171679,0,276.2679995,-65.87880491,23.98091646
0.09973196018,0.06713192477,2.57415713,1.176963646,1,-77.72775201,2.830464335,3.189919319,0,222.486724,-146.4014183,24.57096564
0.09973196018,0.07099563267,2.764865316,1.559075241,1,-113.5904159,3.174144896,-6.517356592,0,153.3077591,-214.2251678,29.4181432
0.09973196018,0.07485934057,2.727613343,1.979485957,1,-119.1093219,3.370198689,-43.72841022,0,142.2428266,-208.7114938,35.9691757
0.09973196018,0.07872304847,2.854246421,2.196521684,1,-117.6030222,3.601587169,-62.39051152,0,130.8843081,-221.118139,37.58053966
0.09973196018,0.08258675637,2.778928352,2.592763145,1,-120.6934714,3.800639882,-34.24820068,0,127.5505232,-241.2343062,43.01511064
0.09973196018,0.08645046427,2.880740066,2.996255535,1,-93.47639696,4.156466115,-130.3185184,0,104.7548812,-303.9580842,46.12603398
0.09973196018,0.09031417218,2.822505121,3.263655707,1,-139.5527922,4.314856166,-175.7201921,0,77.75112128,-301.6313947,49.14578911
0.09973196018,0.09417788008,2.641956462,3.482739644,1,-118.5750474,4.371431044,-212.0971997,0,116.2706171,-257.1455734,52.81656632
0.09973196018,0.09804158798,2.813601475,3.437709465,1,-124.5299383,4.442319172,-282.6920282,0,120.5279131,-288.8431762,50.70130867
0.09973196018,0.1019052959,2.626493805,3.506505883,1,-165.7970175,4.381101827,-273.9574359,0,136.3548183,-313.5936505,53.16552376
0.09973196018,0.1057690038,2.699845418,3.59085222,1,-35.2877635,4.49259223,-477.8298008,0,227.2427308,-367.8892724,53.06168038
0.09973196018,0.1096327117,3.368151729,3.081727795,1,-78.61140669,4.565248325,-395.630711,0,107.9942748,-212.21118,42.45730015
0.09973196018,0.1134964196,2.813372237,2.882172729,2,-269.5671815,4.027652292,-199.6868912,37.56438835,-126.7700104,-43.20688798,45.69208234
0.09973196018,0.1173601275,1.83682059,2.47713477,2,-278.0424332,3.083846064,-117.1303945,0,-426.4871429,174.6789303,53.44268973
0.09973196018,0.1212238354,0.09127574768,1.754706735,1,-385.0094864,1.757079107,193.857338,0,-518.5499372,567.8131615,87.02229111
0.1035956681,0.01690372206,3.592070731,-0.07902220698,1,-642.6788766,3.592939833,-288.0827746,0,-594.4213618,-314.4756042,-1.260250452
0.1035956681,0.02076742997,1.202173749,-0.02803511493,1,-426.926409,1.202500599,-197.1249265,0,-405.0037908,-230.9856427,-1.335915605
0.1035956681,0.02463113787,0.3777354452,0.05180570957,1,-34.9889228,0.3812714232,-62.06495718,0,-28.2111001,-135.2543257,7.809288938
0.1035956681,0.02849484577,0.9579873209,0.2547472263,1,170.7192208,0.9912799081,-118.1732523,0,242.2658732,-165.9870193,14.89142657
0.1035956681,0.03235855367,1.973389216,0.236544139,1,128.2860049,1.987515566,-252.9643993,0,294.1148911,-210.4900028,6.835258094
0.1035956681,0.03622226157,2.590021,0.09063856473,1,24.34673856,2.591606477,-280.0663682,0,195.8534062,-250.5617944,2.004265134
0.1035956681,0.04008596947,2.824178255,0.122547084,1,-90.5502165,2.826835793,-357.5331929,0,123.7098809,-374.501128,2.484626753
0.1035956681,0.04394967737,2.718140257,0.1561977094,1,-157.7519541,2.722624503,-174.2129813,0,59.47587994,-210.1971388,3.288880306
0.1035956681,0.04781338527,2.444468211,0.2615793575,1,-185.7072246,2.458424006,-112.2108628,32.68566208,96.10510939,-149.5557988,6.107903876
0.1035956681,0.05167709317,2.371943857,0.3004876335,1,-187.5250191,2.390901603,416.633865,0,175.2230337,294.3004857,7.220005352
0.1035956681,0.05554080107,2.396936933,0.7342398017,1,-181.1253355,2.5068735,898.5454801,0,65.63780191,694.0612594,17.03109435
0.1035956681,0.05940450897,1.925733761,1.090554933,1,-179.9818248,2.213088471,136.4516084,18.47211397,98.64612593,-48.0911706,29.52314583
0.1035956681,0.06326821687,2.08267955,1.447259195,1,-68.35243414,2.536161132,22.31610573,0,144.1342484,-122.7644552,34.7955329
0.1035956681,0.06713192477,2.218532555,1.651103842,1,-84.26342586,2.765507295,-8.290688992,0,143.1357595,-140.8297115,36.6578182
0.1035956681,0.07099563267,2.310145051,1.959351264,1,-99.01224684,3.029162843,-19.58986086,0,123.7802578,-183.5780003,40.30296861
0.1035956681,0.07485934057,2.314228915,2.284706112,1,-89.70650007,3.252005149,-50.88886259,0,79.09655313,-195.8914495,44.63219555
0.1035956681,0.07872304847,2.269151315,2.519598904,1,-126.6101651,3.390785503,-71.61495301,27.23316512,45.96874806,-244.7261636,47.99379329
0.1035956681,0.08258675637,2.002654035,2.953557264,1,-132.4212259,3.568490395,-72.27001429,32.13862662,-8.539822454,-288.7227434,55.86083942
0.1035956681,0.08645046427,1.724518999,3.355909024,1,-140.6450071,3.773074496,-196.4437788,0,-62.66152517,-342.9962239,62.80248471
0.1035956681,0.09031417218,1.21713698,3.519793104,1,-102.3780677,3.724294017,-206.4544031,0,-55.38012918,-293.7259347,70.92472322
0.1035956681,0.09417788008,1.114987407,3.693100729,1,-35.4923979,3.857744148,-224.8783653,0,-0.8476192196,-303.4039165,73.20036174
0.1035956681,0.09804158798,1.076729769,3.823192896,1,38.9326689,3.971920306,-295.3138979,0,109.2601323,-343.9108787,74.27113286
0.1035956681,0.1019052959,1.687561104,3.880865268,1,-5.932033328,4.231900011,-313.8511495,0,94.65431381,-376.606156,66.49859872
0.1035956681,0.1057690038,1.419526745,4.065659911,1,-50.81522861,4.306349578,-385.2971379,0,98.61632184,-309.2118194,70.7533319
0.1035956681,0.1096327117,1.872250566,3.586893821,1,33.69219898,4.046125241,-446.716867,0,260.1955101,-238.3982061,62.43679694
0.1035956681,0.1134964196,2.555023008,3.260777455,2,-114.2131168,4.142561066,-109.8987157,0,233.3323668,210.4768263,51.91908102
0.1035956681,0.1173601275,2.332492553,2.349056309,2,-86.55419602,3.310375666,-276.1441388,0,77.71865758,426.3679574,45.20271696
0.1035956681,0.1212238354,2.520885069,0.5464759188,1,381.4797366,2.579437431,-470.4968615,0,-283.9607105,462.5862993,12.23129132
0.107459376,0.01690372206,0.7906727894,-0.03565334787,1,-176.6024892,0.7914762291,-397.602644,0,-130.5625705,-417.0844885,-2.581856265
0.107459376,0.02076742997,0.1972747555,0.001982730396,1,-104.969728,0.197284719,-123.6357577,0,-76.6077102,-134.1128946,0.5758377874
0.107459376,0.02463113787,0.08911060693,0.004827248508,1,37.40315386,0.08924126061,-19.89721723,7.924755518,16.09074317,-94.88209361,3.100763251
0.107459376,0.02849484577,0.403959548,0.2917023897,1,128.9246134,0.4982706098,-41.51984166,0,124.1625802,-176.9978309,35.83334876
0.107459376,0.03235855367,1.066965596,0.5282746259,1,158.7690205,1.190583749,-180.5273678,0,229.6159193,-205.531508,26.34087259
0.107459376,0.03622226157,1.904565509,0.3883110838,1,-2.537818785,1.943747739,-250.8520223,0,181.181879,-261.4439765,11.52376824
0.107459376,0.04008596947,1.757194063,0.5691988428,1,-113.0335074,1.847083728,-127.3959516,0,79.12399047,-202.5557708,17.94842808
0.107459376,0.04394967737,1.77354904,0.678706671,1,-194.4515865,1.898978394,-121.054105,43.83853127,19.60321706,-231.6538659,20.9409877
0.107459376,0.04781338527,1.081631037,0.9965240126,1,-215.4364653,1.470709287,-113.349776,47.54218962,82.34803787,-295.8105298,42.65486703
0.107459376,0.05167709317,1.259334231,1.383681727,1,-11.52277108,1.870961739,-104.6121087,0,349.820029,-250.9951961,47.69364131
0.107459376,0.05554080107,2.388712825,1.562105504,1,-76.31479403,2.854141301,-99.44069014,0,250.5368811,-175.5356063,33.18279295
0.107459376,0.05940450897,1.932477486,1.677690256,1,-194.4730041,2.559123645,-15.35307459,54.66528819,46.62099549,-77.46413052,40.96304961
0.107459376,0.06326821687,1.817455851,1.802084482,1,-68.05033991,2.559424594,54.81980053,0,85.00865462,-42.98195579,44.75667924
0.107459376,0.06713192477,1.99799946,2.055567675,1,-40.28803235,2.866593851,64.72279059,0,82.32749261,-95.17436911,45.81365224
0.107459376,0.07099563267,1.979884046,2.419880401,1,-100.0299216,3.126621498,10.72274168,26.17667699,42.08735336,-138.3889373,50.71084985
0.107459376,0.07485934057,1.774126302,2.631691647,1,-106.2621709,3.173850195,-19.84093658,29.9578455,16.22242015,-134.6104287,56.01454902
0.107459376,0.07872304847,1.631996749,2.863316194,1,-99.86591964,3.295753786,-42.30230099,26.27790363,-1.065240074,-156.1082788,60.31827171
0.107459376,0.08258675637,1.384157782,3.071404703,1,-107.616293,3.368889968,-57.59487323,0,-108.6255413,-169.9855475,65.74083794
0.107459376,0.08645046427,0.7965014658,3.29756093,1,-45.64495946,3.392391881,-87.72197201,0,-82.26413646,-184.4780728,76.42072482
0.107459376,0.09031417218,0.889954398,3.445242014,1,5.702360396,3.558329856,-101.7159906,0,-56.34631046,-184.2884901,75.51630249
0.107459376,0.09417788008,0.6008280359,3.616596949,1,-25.53915212,3.666165274,-174.6561215,0,-115.809717,-243.0340201,80.56755515
0.107459376,0.09804158798,0.3438236556,3.709434241,1,-28.02730591,3.725334494,-235.6839875,0,-138.1497429,-307.7767039,84.70444351
0.107459376,0.1019052959,-0.04123154064,3.895142147,1,-42.17587611,3.895360367,-345.9256034,0,-42.55050371,-464.665905,90.60647467
0.107459376,0.1057690038,0.01646567249,4.168212082,1,55.9187062,4.168244604,-471.387505,0,141.3784935,-487.3639406,89.77366588
0.107459376,0.1096327117,0.7210672086,3.956870428,1,359.8520337,4.022034498,-298.7094107,0,464.6179023,-313.4038129,79.67222075
0.107459376,0.1134964196,3.201976678,4.22498696,1,182.6753742,5.301242256,-100.4977284,0,256.3263255,118.2127323,52.84272567
0.107459376,0.1173601275,2.417241544,3.111837092,1,-252.928032,3.940379014,-911.9287844,0,-560.0902171,392.8664712,52.16032403
0.107459376,0.1212238354,0.06071164595,-0.8163607775,1,-577.3360616,0.8186151862,-1314.629127,0,-642.4921237,718.753298,-85.74681992
0.1113230839,0.01690372206,NaN,NaN,0,-98.66762743,0.4552224807,-63.30852132,0,-24.55565055,-54.34554904,12.54311581
0.1113230839,0.02076742997,NaN,NaN,0,-98.86834654,0.2218402042,-10.00822035,26.90157252,-33.15403162,23.48339289,21.56739524
0.1113230839,0.02463113787,-0.06573828487,-0.03053921998,1,-46.89502903,0.07248562654,30.37441247,7.960632149,22.92598587,-9.690905046,-155.082417
0.1113230839,0.02849484577,0.1136988629,0.2363481212,1,55.70602383,0.2622744094,47.13003619,0,85.9995052,-92.84304037,64.30941052
0.1113230839,0.03235855367,0.4817704872,0.5102758618,1,60.10162346,0.7017722262,-21.71203271,0,68.52094634,-167.7193671,46.64587914
0.1113230839,0.03622226157,0.610658902,0.8004778125,1,106.2865022,1.006811314,-162.9646486,0,170.020796,-254.7706738,52.66114917
0.1113230839,0.04008596947,1.549341178,0.8649875267,1,49.7765964,1.774446818,-149.1943108,0,142.9710959,-196.4973517,29.17435092
0.1113230839,0.04394967737,1.355379683,0.9832429451,1,-156.2953818,1.674461339,-78.40865368,38.79158799,-21.18927577,-220.0198165,35.95853062
0.1113230839,0.04781338527,0.8635923047,1.412131695,1,-114.7482381,1.655266623,45.47738537,29.91447048,22.24678896,-139.1555471,58.55203555
0.1113230839,0.05167709317,0.9979811036,1.696610665,1,7.916860141,1.968363287,38.79785397,0,113.9651638,-112.6026973,59.53508658
0.1113230839,0.05554080107,1.334508843,1.997099201,1,-17.15848676,2.401940689,-100.4608315,0,164.4610529,-184.6962518,56.24821854
0.1113230839,0.05940450897,1.567115192,2.022071724,1,19.82940827,2.55824629,-80.26986259,0,185.6490341,-91.01996095,52.22414564
0.1113230839,0.06326821687,2.128417524,2.038634441,1,6.359724875,2.947234559,-9.393830944,0,131.787716,-35.99591725,43.76569911
0.1113230839,0.06713192477,2.100876551,2.124854415,1,-68.6009132,2.988091124,9.803285911,19.41189643,-12.03079353,-111.7940171,45.32510722
0.1113230839,0.07099563267,1.816880162,2.508450902,1,-59.85317333,3.097318106,32.51919659,9.06726362,-39.37860242,-131.338009,54.08404836
0.1113230839,0.07485934057,1.717473955,2.757950794,1,-49.92442429,3.249001288,-3.881979053,11.21170102,-31.42990679,-105.5679705,58.08801115
0.1113230839,0.07872304847,1.50255079,2.90133587,1,-89.43369454,3.267324396,-81.067252,0,-64.33677797,-130.6846232,62.62115603
0.1113230839,0.08258675637,1.123349765,2.949657823,1,-106.8671713,3.156326341,-67.34262947,0,-107.8833421,-148.375502,69.15112982
0.1113230839,0.08645046427,0.672817535,3.21442322,1,-123.5894602,3.284082836,-18.12981441,0,-138.141132,-103.6428369,78.17797751
0.1113230839,0.09031417218,0.1120992085,3.280055164,1,-116.6777235,3.281970157,-159.9884172,0,-186.5705701,-193.6085608,88.04262052
0.1113230839,0.09417788008,-0.498845293,3.344321635,1,-100.9002515,3.381321313,-200.4691899,0,-192.8959763,-230.9209749,98.48379564
0.1113230839,0.09804158798,-1.023043598,3.397711967,1,-101.3474745,3.548389045,-197.8671004,0,-143.3610911,-336.3600185,106.7569326
0.1113230839,0.1019052959,-1.444327711,3.879417816,1,-178.9617544,4.139560983,-138.5937132,0,-147.6067192,-396.930944,110.4205642
0.1113230839,0.1057690038,-2.28480879,4.395851566,1,106.6432858,4.954176238,-362.5110208,0,139.6360921,-391.5661984,117.4638217
0.1113230839,0.1096327117,-0.4927761326,3.991678536,1,751.8795416,4.021980339,-258.7899808,139.1777011,518.4746169,-38.66248395,97.03760587
0.1113230839,0.1134964196,2.623468609,3.545343217,1,370.8935419,4.410447378,-701.5864295,0,-158.7233815,30.71716612,53.49945039
0.1113230839,0.1173601275,0.3269873925,1.162271348,1,2.597878787,1.207392,-666.5049669,0,-625.02425,174.8141427,74.28685904
0.1113230839,0.1212238354,NaN,NaN,0,-203.3578846,0.3669477459,-197.6993088,0,147.2498794,251.371606,53.43664386
0.1151867918,0.01690372206,NaN,NaN,0,-61.07838831,0.4192911155,-15.45131192,0,16.17181441,-18.13783251,36.71956279
0.1151867918,0.02076742997,NaN,NaN,0,-64.99158101,0.3572762537,13.39686705,17.36033943,21.75172061,7.210692184,45.74218042
0.1151867918,0.02463113787,NaN,NaN,0,-66.88255261,0.3224472369,62.60388988,0,61.18827292,23.03984704,58.38584789
0.1151867918,0.02849484577,NaN,NaN,0,-20.81703972,0.4677147222,60.05619901,0,63.78932611,-14.02009823,60.91799497
0.1151867918,0.03235855367,NaN,NaN,0,-15.02912208,0.6532728929,10.94921753,0,31.39174377,-47.49573513,59.14338784
0.1151867918,0.03622226157,0.2905582433,0.6345617783,1,7.645798664,0.6979202987,16.46026032,0,14.73799885,-78.90687039,65.39752346
0.1151867918,0.04008596947,0.4215424557,0.9292751666,1,20.21981242,1.020416766,-69.89604059,0,65.17752282,-216.427672,65.59976761
0.1151867918,0.04394967737,0.6205086022,1.2007172,1,1.469332616,1.351574164,-30.20925909,0,75.69579869,-184.6095476,62.6709095
0.1151867918,0.04781338527,0.7196859832,1.525832781,1,32.99010548,1.687042854,32.7437797,0,58.54509385,-120.6591717,64.74826372
0.1151867918,0.05167709317,0.974173875,1.793421396,1,72.3554958,2.040925045,65.19191713,0,74.46284056,-125.8156829,61.48950216
0.1151867918,0.05554080107,1.286949149,2.263830354,1,3.319649265,2.604067201,34.6352239,0,73.41745769,-101.2310145,60.38250436
0.1151867918,0.05940450897,1.270663641,2.318368854,1,0.06726126361,2.643751167,-54.06990433,0,91.84806523,-59.98941179,61.27350495
0.1151867918,0.06326821687,1.642083122,2.286701602,1,3.081956781,2.815216013,-119.5764832,0,83.17545029,-108.1287334,54.31782788
0.1151867918,0.06713192477,1.603937067,2.274138093,1,-54.4569608,2.782861509,-79.89593153,0,43.06735689,-134.839671,54.8048939
0.1151867918,0.07099563267,1.59807702,2.498988162,1,-43.06716147,2.966275779,-21.11058291,8.764658046,-22.3346252,-132.1466598,57.40150659
0.1151867918,0.07485934057,1.351243667,2.70314906,1,-101.1227993,3.022064574,-57.02224042,0,-101.8500143,-176.4140782,63.44055947
0.1151867918,0.07872304847,0.8138493564,2.960283349,1,-119.8729662,3.07011861,-104.371433,0,-87.32637535,-198.6667226,74.62786163
0.1151867918,0.08258675637,0.5506859336,3.067478516,1,-54.67174554,3.116517197,-58.05617463,0,-71.59086493,-130.7982605,79.82244679
0.1151867918,0.08645046427,0.3260075108,3.241337521,1,-117.4469859,3.257690873,-74.43417229,0,-148.3409565,-102.3135972,84.25661502
0.1151867918,0.09031417218,-0.4762410395,3.17519647,1,-153.0129901,3.210713028,-110.5301043,0,-207.2484734,-115.6585509,98.53008739
0.1151867918,0.09417788008,-1.065937552,3.26115234,1,-126.4284273,3.430938276,-34.99882315,0,-195.5505827,-131.2559518,108.100455
0.1151867918,0.09804158798,-1.720273884,3.547105899,1,-119.0159152,3.942245869,19.69086055,0,-151.2956261,-175.7526158,115.8724375
0.1151867918,0.1019052959,-2.11034239,4.016288844,1,-51.98186689,4.536972678,102.6669236,0,-252.5946132,-91.07980086,117.7194958
0.1151867918,0.1057690038,-2.897068437,4.295686649,1,430.7679532,5.181305753,11.74886988,125.0842175,4.601439006,260.532394,123.9962523
0.1151867918,0.1096327117,-0.4282022295,3.055061976,1,659.4925357,3.084924768,-439.8333056,123.2078227,248.1853561,108.0820219,97.97868853
0.1151867918,0.1134964196,0.6099338049,2.178701869,2,396.4486422,2.262467918,-681.2969804,0,-151.6853019,-68.36931558,74.36025849
0.1151867918,0.1173601275,0.5174918221,0.686888515,1,30.3767322,0.8600079174,-222.5604425,0,-118.8534207,202.0101256,53.00616139
0.1151867918,0.1212238354,NaN,NaN,0,-108.3564647,0.6013492525,-57.92765797,0,-20.74547774,18.99498135,63.52501608
0.1190504997,0.01690372206,NaN,NaN,0,-42.86260016,0.5067887963,3.151151687,0,28.0327295,-6.872073836,51.63054199
0.1190504997,0.02076742997,NaN,NaN,0,-44.36368006,0.5053644961,17.11474072,7.565786718,31.57418325,-0.2142688378,55.54287905
0.1190504997,0.02463113787,NaN,NaN,0,-41.71976265,0.534674024,37.74231504,0,43.17926104,-0.1860666861,60.26850965
0.1190504997,0.02849484577,NaN,NaN,0,-26.6779518,0.6342353159,42.86218201,0,46.19322631,-15.46093487,62.63113695
0.1190504997,0.03235855367,NaN,NaN,0,-21.73874368,0.7691409674,38.28329251,0,41.87860262,-30.20987621,63.71817851
0.1190504997,0.03622226157,NaN,NaN,0,-27.3789289,0.9065480821,59.76646578,0,53.90903215,-30.57640399,65.95453036
0.1190504997,0.04008596947,NaN,NaN,0,-5.474296418,1.129243101,61.67409319,0,45.84979209,-52.76321353,66.8985655
0.1190504997,0.04394967737,NaN,NaN,0,-6.249475805,1.374412221,47.32602425,0,27.17313881,-74.8824165,67.5262687
0.1190504997,0.04781338527,0.52391291,1.510868706,1,28.01538731,1.599127569,36.31724782,0,33.67820444,-76.19656334,70.87536188
0.1190504997,0.05167709317,0.7637485808,1.70475283,1,73.31093064,1.868018765,58.44398065,0,69.89069472,-137.4993907,65.8670798
0.1190504997,0.05554080107,1.077202161,2.267936658,1,69.32278936,2.510757093,15.78954269,18.26667413,24.54422639,-158.1193368,64.59367844
0.1190504997,0.05940450897,1.126423311,2.376685941,1,22.19974309,2.630107515,-81.01362791,0,22.16927319,-101.7594114,64.6415251
0.1190504997,0.06326821687,1.24863108,2.348092305,1,12.35339069,2.659439235,-93.52691389,0,25.11776378,-125.8725139,61.99756027
0.1190504997,0.06713192477,1.271200907,2.501659892,1,-36.11156829,2.806110112,-48.59386519,0,29.9278355,-110.8302109,63.06291923
0.1190504997,0.07099563267,1.224738943,2.588555366,1,-79.73991938,2.863669736,-67.9742526,4.854761265,-38.19257241,-133.5799255,64.67947967
0.1190504997,0.07485934057,0.8155442065,2.755141048,1,-149.3260269,2.87331073,-102.8318075,20.60527655,-81.80921706,-216.3318536,73.51081692
0.1190504997,0.07872304847,0.3316998746,3.027086391,1,-27.59768095,3.045205547,-78.32681038,0,-81.5909081,-111.7522771,83.74663347
0.1190504997,0.08258675637,0.3936713923,2.884287288,1,-11.22482804,2.911029084,-27.30257194,0,-77.23529934,-44.89488296,82.22782328
0.1190504997,0.08645046427,-0.01008421847,3.095057942,1,-80.72923906,3.09507437,-28.73544431,0,-218.3355732,-76.9321029,90.18667861
0.1190504997,0.09031417218,-0.7618276855,3.070505099,1,-107.0631715,3.163602849,-21.42626862,0,-185.6921277,-16.81822744,103.9343612
0.1190504997,0.09417788008,-1.141205181,3.077253817,1,-65.21551228,3.282048189,34.26537732,0,-158.4538156,-18.14218016,110.3473906
0.1190504997,0.09804158798,-1.626020635,3.272992593,1,78.53058143,3.654644116,91.7482978,0,-145.3972492,84.7459706,116.418157
0.1190504997,0.1019052959,-1.399558453,3.104308764,1,240.8142958,3.405216111,46.42688799,55.50292208,-139.0397502,181.9764605,114.2679388
0.1190504997,0.1057690038,-1.232793519,2.749268638,1,205.6139506,3.013014754,130.2495325,0,-302.672979,311.8887881,114.1518365
0.1190504997,0.1096327117,-1.774566188,2.402507737,1,192.1413871,2.986825837,-297.0737717,0,56.26521147,45.02115514,126.4507166
0.1190504997,0.1134964196,-0.2730229818,1.427513767,1,272.3495795,1.453388146,-551.8324585,0,251.0215477,-81.60588953,100.8275005
0.1190504997,0.1173601275,0.2475869707,0.5856896271,1,42.35021372,0.6358707788,-203.0828864,0,45.95703449,2.491292161,67.08489438
0.1190504997,0.1212238354,NaN,NaN,0,-77.16403713,0.6368940356,-62.65432271,0,-15.70868749,-87.26568744,83.85553245
0.1229142076,0.01690372206,NaN,NaN,0,-31.58085439,0.6154015118,9.148746999,0,27.91706856,-3.622840904,58.48155913
0.1229142076,0.02076742997,NaN,NaN,0,-31.5882441,0.6330174521,16.6744355,0,29.6255542,-3.515433393,60.19539147
0.1229142076,0.02463113787,NaN,NaN,0,-28.95486612,0.6795808468,28.38844756,0,33.76136168,-8.108910076,62.46801119
0.1229142076,0.02849484577,NaN,NaN,0,-22.43626115,0.7665132285,35.36692149,0,35.92571548,-17.42769836,64.23338176
0.1229142076,0.03235855367,NaN,NaN,0,-17.86897194,0.8858605267,39.55530473,0,36.02040827,-27.30643086,65.57880435
0.1229142076,0.03622226157,NaN,NaN,0,-14.86641395,1.030820582,48.31420414,0,38.08767483,-34.75966878,66.96579324
0.1229142076,0.04008596947,NaN,NaN,0,-5.660115284,1.216280666,51.96883916,0,34.31099649,-46.69744581,67.98248399
0.1229142076,0.04394967737,NaN,NaN,0,0.7216054523,1.425743069,52.27494445,0,27.65333067,-56.46407263,68.86657905
0.1229142076,0.04781338527,NaN,NaN,0,12.37613438,1.647823125,62.39842499,0,27.66004714,-54.16167589,69.92541366
0.1229142076,0.05167709317,NaN,NaN,0,12.76429417,1.901665367,50.19592022,0,31.60356361,-90.37029971,69.41152954
0.1229142076,0.05554080107,NaN,NaN,0,21.58676664,2.216920213,12.75263731,0,-48.5672889,-126.5033671,70.58208808
0.1229142076,0.05940450897,0.5644820056,2.318251128,1,33.40552129,2.385985797,-34.3834038,0,-18.55982852,-97.84584731,76.31508774
0.1229142076,0.06326821687,0.7943878198,2.336019411,1,62.57191416,2.467395124,-47.34112331,0,47.03445605,-101.9632472,71.21886203
0.1229142076,0.06713192477,0.9879690041,2.529295059,1,14.44952934,2.715403515,-33.68055116,0,-7.993883516,-117.4072645,68.66386552
0.1229142076,0.07099563267,0.8193305496,2.659514975,1,-102.1971334,2.782862277,-33.4066863,0,-122.9442383,-145.9201692,72.87723357
0.1229142076,0.07485934057,0.1180885075,2.964014292,1,-83.20462756,2.966365726,-52.39160595,0,-108.2930954,-76.24286955,87.71850066
0.1229142076,0.07872304847,0.07943928432,2.751669291,1,82.10518004,2.752815738,-46.18372218,15.41507926,-42.33831537,-6.951730581,88.34635947
0.1229142076,0.08258675637,0.2717360568,2.812433336,1,11.35230922,2.825530349,-58.14865034,0,-53.2033794,-47.27762922,84.48123792
0.1229142076,0.08645046427,-0.08226102619,2.70966684,1,-42.60266272,2.710915208,-28.91447524,0,-189.2323209,-44.17541528,91.73887151
0.1229142076,0.09031417218,-0.624006601,2.871397151,1,-86.85357329,2.938418935,-4.959859815,0,-151.6171459,-54.45633713,102.2607692
0.1229142076,0.09417788008,-1.003642228,2.900906771,1,19.47750096,3.069618513,6.889969317,0,-126.7177466,55.93171509,109.0843586
0.1229142076,0.09804158798,-1.038351585,2.68191417,1,108.7862277,2.875906402,63.3111938,0,-166.8176177,154.4834601,111.1648133
0.1229142076,0.1019052959,-1.227858568,2.548643765,1,92.21110164,2.82899659,-37.83700691,0,-131.1435295,52.77536751,115.723344
0.1229142076,0.1057690038,-1.188775114,2.331814423,1,57.01771079,2.617354538,-21.8630554,0,-102.1042836,-17.05740167,117.0128014
0.1229142076,0.1096327117,-1.402059915,2.530076123,1,-49.12764315,2.892586592,37.31651886,0,-118.7711337,98.27294867,118.9933443
0.1229142076,0.1134964196,-1.837486945,2.096296584,1,94.14523498,2.787618632,-350.2214156,0,202.0791276,123.2232529,131.2358478
0.1229142076,0.1173601275,-0.2575355052,0.7008242169,1,134.1609278,0.7466452434,-326.5276292,0,260.8807216,15.25955752,110.1771272
0.1229142076,0.1212238354,NaN,NaN,0,-60.45350775,0.8358107349,-85.73067059,0,32.69473346,-124.505089,111.8567268
0.1267779155,0.01690372206,NaN,NaN,0,-22.97415977,0.7115126687,10.29730727,0,23.41048112,-3.15766894,61.82707848
0.1267779155,0.02076742997,NaN,NaN,0,-22.36952227,0.73491464,15.23870368,0,24.33365684,-5.308610731,62.72595747
0.1267779155,0.02463113787,NaN,NaN,0,-20.07519658,0.7856826236,23.7701182,0,26.314916,-11.30644186,64.07318534
0.1267779155,0.02849484577,NaN,NaN,0,-16.24325475,0.867375066,30.66175166,0,27.72786565,-18.83451764,65.4138575
0.1267779155,0.03235855367,NaN,NaN,0,-12.43446896,0.9780521885,36.25680078,0,28.18964015,-26.8284801,66.63445643
0.1267779155,0.03622226157,NaN,NaN,0,-8.557639677,1.115298064,41.96620689,0,28.11026241,-34.45839444,67.78062811
0.1267779155,0.04008596947,NaN,NaN,0,-3.021356223,1.279971733,45.61211485,0,25.65318836,-42.80282831,68.77273185
0.1267779155,0.04394967737,NaN,NaN,0,2.419878514,1.465401376,47.40648941,0,21.46914024,-50.11475231,69.66677023
0.1267779155,0.04781338527,NaN,NaN,0,8.631580832,1.665381871,48.84833606,0,17.07675961,-55.57301932,70.50651791
0.1267779155,0.05167709317,NaN,NaN,0,12.81315489,1.878819048,42.72748682,0,8.400991592,-67.77791624,71.10179546
0.1267779155,0.05554080107,NaN,NaN,0,20.00170428,2.09623515,32.48998138,0,-18.18956016,-70.61427884,72.28916086
0.1267779155,0.05940450897,NaN,NaN,0,32.59514535,2.261293029,40.74602522,0,-23.77976979,-34.61635566,74.20466911
0.1267779155,0.06326821687,NaN,NaN,0,23.62550754,2.384634991,4.444311084,6.581488289,-5.012917629,-57.42322591,73.63803412
0.1267779155,0.06713192477,NaN,NaN,0,7.165938514,2.510883501,-27.107585,0,-43.37215631,-84.13428399,74.11039115
0.1267779155,0.07099563267,0.5318723544,2.508394613,1,-16.44793326,2.56416297,-15.26424541,0,-79.03121836,-78.22486329,78.02848737
0.1267779155,0.07485934057,0.3185381672,2.658206537,1,10.3481027,2.677224039,31.52606419,0,-115.2919439,21.72240863,83.16671664
0.1267779155,0.07872304847,0.1264000059,2.546273074,1,-3.990144503,2.549408467,12.69842404,0,-81.99024861,18.74017805,87.15810261
0.1267779155,0.08258675637,-0.01366495694,2.634862964,1,-0.7557478262,2.634898398,-19.65457992,0,-107.6588173,-15.06072818,90.29714537
0.1267779155,0.08645046427,-0.2924822059,2.528523773,1,-93.51216509,2.545383726,29.72941301,0,-159.5425645,-18.2593616,96.59825641
0.1267779155,0.09031417218,-0.991394515,2.820277572,1,10.5699133,2.989452904,46.12917624,0,-167.4136375,50.30280676,109.3677854
0.1267779155,0.09417788008,-0.8984805423,2.512398084,1,150.2524181,2.66822252,4.336536982,33.38090085,-96.71089518,162.7692523,109.6780002
0.1267779155,0.09804158798,-0.7845257098,2.208139838,1,52.45937165,2.343365557,19.43737249,0,-167.2093632,89.59442889,109.5595182
0.1267779155,0.1019052959,-1.341840991,2.241331711,1,13.52086129,2.612298812,7.10368013,0,-168.4614267,26.17140165,120.9081234
0.1267779155,0.1057690038,-1.383170797,2.134467731,1,66.782076,2.543445291,-30.53616706,11.84302471,-43.18999747,-2.608052009,122.9439125
0.1267779155,0.1096327117,-1.250688091,2.133425632,1,111.2409292,2.472999318,-42.51731498,25.94209591,-50.91203626,32.52172477,120.3803107
0.1267779155,0.1134964196,-1.150077576,1.844538801,1,100.9217607,2.17370693,-95.44403144,6.3637298,-24.40817275,178.4192531,121.9437101
0.1267779155,0.1173601275,-0.9550619369,1.075297896,1,-19.92844941,1.438196394,-225.1317902,0,124.9981007,-4.771960261,131.610957
0.1267779155,0.1212238354,NaN,NaN,0,8.961159656,1.240977846,-106.0254687,0,100.2307398,-63.49372826,126.8429177
0.1306416234,0.01690372206,NaN,NaN,0,-15.5178486,0.7857395245,9.685790158,0,17.434972,-3.722874197,63.6054287
0.1306416234,0.02076742997,NaN,NaN,0,-14.7314083,0.8106306496,13.5766978,0,18.0927564,-6.618642783,64.18487228
0.1306416234,0.02463113787,NaN,NaN,0,-12.73314319,0.8617161596,20.79156991,0,19.43677982,-12.97372901,65.13850431
0.1306416234,0.02849484577,NaN,NaN,0,-10.02709229,0.93994658,27.25316616,0,20.48119097,-19.77545023,66.22703079
0.1306416234,0.03235855367,NaN,NaN,0,-7.0680095,1.044320089,32.84393984,0,20.90002427,-26.71457744,67.31961404
0.1306416234,0.03622226157,NaN,NaN,0,-3.908319571,1.172901582,37.6817078,0,20.51054631,-33.44260059,68.36982682
0.1306416234,0.04008596947,NaN,NaN,0,-0.2875484434,1.323434138,41.10692393,0,18.72235431,-39.94072068,69.34511357
0.1306416234,0.04394967737,NaN,NaN,0,3.347683993,1.491062872,42.8905623,0,15.49328233,-45.61908898,70.26144187
0.1306416234,0.04781338527,NaN,NaN,0,6.917155543,1.669931833,42.86094301,0,10.77685946,-50.23773285,71.14707553
0.1306416234,0.05167709317,NaN,NaN,0,9.85504027,1.853603323,39.37570963,0,3.113203312,-54.55406708,72.02780607
0.1306416234,0.05554080107,NaN,NaN,0,13.01175026,2.030771887,33.73377618,0,-8.812173544,-53.55947637,73.11835763
0.1306416234,0.05940450897,NaN,NaN,0,15.35674104,2.181230211,29.02581249,0,-15.36566564,-43.98947031,74.35665373
0.1306416234,0.06326821687,NaN,NaN,0,10.23729141,2.302173822,13.26619307,0,-18.00245974,-47.19275113,75.15849444
0.1306416234,0.06713192477,NaN,NaN,0,0.6821459932,2.399842659,0.2979075408,0,-34.73669404,-49.48394587,76.55080077
0.1306416234,0.07099563267,NaN,NaN,0,-9.807409541,2.460731361,4.04770735,0,-50.84362035,-33.36382379,79.27060887
0.1306416234,0.07485934057,NaN,NaN,0,1.670118528,2.49964214,4.113575096,0,-68.24013073,-4.32086951,82.55649359
0.1306416234,0.07872304847,NaN,NaN,0,-2.187328037,2.458522494,1.322224421,0,-46.00958822,21.8172389,85.31259913
0.1306416234,0.08258675637,0.1376062466,2.399391102,1,8.283238251,2.403333755,18.53504007,0,-70.10285911,17.43635651,86.71765466
0.1306416234,0.08645046427,-0.03794409794,2.454544665,1,-16.02411357,2.45483793,12.35040155,0,-84.66357894,68.16994282,90.88564838
0.1306416234,0.09031417218,-0.2514215865,2.183720699,1,55.52629934,2.198146698,55.32874515,0,-138.3612806,186.7651817,96.56780187
0.1306416234,0.09417788008,-0.3579942696,1.946712666,1,44.55041899,1.979355981,74.42586471,0,-139.1908462,165.1527946,100.4200903
0.1306416234,0.09804158798,-0.6170845527,1.833178344,1,-30.92556246,1.934253392,77.91403657,0,-160.936535,104.1052776,108.604264
0.1306416234,0.1019052959,-1.099293371,1.845517361,1,9.09944991,2.148110855,119.0960955,0,-190.2078982,100.0118085,120.7803936
0.1306416234,0.1057690038,-1.316834695,1.906914454,1,26.00472902,2.317407247,37.49887801,0,-114.3619739,22.47520917,124.6273222
0.1306416234,0.1096327117,-1.440679956,1.903564429,1,34.91535135,2.387282194,-51.32005645,0,-86.69468743,24.99423334,127.1196302
0.1306416234,0.1134964196,-1.516894925,1.61205833,1,73.28618812,2.213527111,-142.2739332,0,3.03001419,24.09121968,133.2579538
0.1306416234,0.1173601275,NaN,NaN,0,51.59194571,1.703659787,-87.19622775,0,90.95528497,37.99144531,132.2650927
0.1306416234,0.1212238354,NaN,NaN,0,28.63819173,1.48547409,-68.47880118,0,64.37214094,0.06072025682,130.5708385
0.1345053313,0.01690372206,NaN,NaN,0,-8.611528389,0.8355747358,8.494359469,0,11.03812784,-4.703304932,64.55740272
0.1345053313,0.02076742997,NaN,NaN,0,-7.825838273,0.8606381608,11.94289353,0,11.64489779,-7.821523286,65.00478462
0.1345053313,0.02463113787,NaN,NaN,0,-6.098875584,0.9110800751,18.56629748,0,12.85825591,-14.19438115,65.78266198
0.1345053313,0.02849484577,NaN,NaN,0,-4.063961739,0.9868466816,24.71540322,0,13.86009413,-20.57897683,66.73604207
0.1345053313,0.03235855367,NaN,NaN,0,-1.90215717,1.086848195,30.18408463,0,14.41871964,-26.81177886,67.74772227
0.1345053313,0.03622226157,NaN,NaN,0,0.2799193356,1.209007187,34.80976054,0,14.30954424,-32.65670977,68.75291429
0.1345053313,0.04008596947,NaN,NaN,0,2.431798027,1.350254202,38.24331076,0,13.23240022,-37.89836486,69.72299737
0.1345053313,0.04394967737,NaN,NaN,0,4.341250359,1.505968848,40.18789283,0,11.00477532,-42.18315006,70.66329709
0.1345053313,0.04781338527,NaN,NaN,0,5.834317076,1.670232402,40.32916406,0,7.424192596,-45.20475602,71.59897717
0.1345053313,0.05167709317,NaN,NaN,0,6.678100389,1.835783323,38.18063249,0,2.087135737,-46.64114285,72.57031009
0.1345053313,0.05554080107,NaN,NaN,0,6.833515439,1.993169181,34.04360123,0,-4.806671687,-45.08008927,73.64950937
0.1345053313,0.05940450897,NaN,NaN,0,5.582777155,2.131462987,28.35725547,0,-10.86825947,-40.58929806,74.83157523
0.1345053313,0.06326821687,NaN,NaN,0,1.284771061,2.245029641,19.29674119,0,-16.89456166,-37.87436245,76.06420937
0.1345053313,0.06713192477,NaN,NaN,0,-4.867236409,2.331766315,10.98531474,0,-26.72853977,-33.24492458,77.68329653
0.1345053313,0.07099563267,NaN,NaN,0,-10.01900658,2.386836707,6.86388855,0,-36.48140113,-21.60532011,79.89922695
0.1345053313,0.07485934057,NaN,NaN,0,-9.216442461,2.409138588,2.071231484,0,-43.271819,-4.946374715,82.42127521
0.1345053313,0.07872304847,NaN,NaN,0,-10.2946183,2.386732996,-4.884972631,0,-39.50708381,9.632629479,84.81233295
0.1345053313,0.08258675637,NaN,NaN,0,-11.14568941,2.335366746,-15.78861529,0,-39.88799469,13.62244165,86.92397626
0.1345053313,0.08645046427,NaN,NaN,0,10.04577546,2.263397559,-23.26332218,0,-56.9779748,44.24938581,89.52852325
0.1345053313,0.09031417218,NaN,NaN,0,20.34107907,2.071909912,-29.48796146,0,-18.12648837,89.78746887,91.54918604
0.1345053313,0.09417788008,0.02718141636,1.802475506,1,10.73166254,1.802680443,-6.443841957,0,-17.26475227,88.11226593,89.13604241
0.1345053313,0.09804158798,-0.08125624754,1.705815416,1,-47.53651985,1.707749634,19.38317659,0,-87.68422702,105.1063159,92.72721389
0.1345053313,0.1019052959,-0.4952720516,1.471266335,1,-92.46230944,1.552391392,90.72072695,0,-184.523483,120.1441788,108.6047652
0.1345053313,0.1057690038,-1.151448442,1.592131793,1,-34.98593198,1.964870774,166.5207386,0,-186.8557166,116.7515443,125.8748965
0.1345053313,0.1096327117,-1.352403382,1.663559964,1,48.61307975,2.143927858,142.2462327,0,-166.4409875,147.1747436,129.1096412
0.1345053313,0.1134964196,-1.60670106,1.573089466,1,161.900649,2.248577054,88.10724396,23.82699243,-108.2660204,200.9971505,135.6056156
0.1345053313,0.1173601275,NaN,NaN,0,118.3491412,1.67866097,-14.98430493,32.41489133,36.48514265,99.38540189,133.0154409
0.1345053313,0.1212238354,NaN,NaN,0,47.09818716,1.515458533,-18.16039196,0,23.66711535,31.63012863,131.7170972
0.1383690392,0.01690372206,NaN,NaN,0,-5.236534607,0.8605045273,7.814289419,0,7.814289419,-5.236534607,64.97918138
0.1383690392,0.02076742997,NaN,NaN,0,-4.480886875,0.8854783229,11.11586301,0,8.423096775,-8.386952837,65.37718915
0.1383690392,0.02463113787,NaN,NaN,0,-2.90446466,0.9354027951,17.52133715,0,9.623157439,-14.69728157,66.08597998
0.1383690392,0.02849484577,NaN,NaN,0,-1.18268787,1.009853756,23.51994839,0,10.63717598,-20.87241331,66.98114464
0.1383690392,0.03235855367,NaN,NaN,0,0.5625268765,1.107595146,28.90242666,0,11.28611227,-26.76165966,67.95553983
0.1383690392,0.03622226157,NaN,NaN,0,2.209278681,1.226418453,33.4578611,0,11.36558818,-32.14617267,68.94205029
0.1383690392,0.04008596947,NaN,NaN,0,3.643892783,1.363018874,36.89655912,0,10.64260508,-36.78498555,69.91146432
0.1383690392,0.04394967737,NaN,NaN,0,4.692190444,1.512776564,38.92760613,0,8.928238029,-40.37131847,70.86560064
0.1383690392,0.04781338527,NaN,NaN,0,5.187143087,1.669775368,39.2522827,0,6.041618794,-42.59190354,71.82691751
0.1383690392,0.05167709317,NaN,NaN,0,4.975383793,1.826824007,37.59825306,0,1.831963703,-43.10146099,72.8313907
0.1383690392,0.05554080107,NaN,NaN,0,3.908845667,1.975547535,34.08889124,0,-3.480801187,-41.34428934,73.92302474
0.1383690392,0.05940450897,NaN,NaN,0,1.487191059,2.107469733,28.88766536,0,-9.037248866,-37.58847183,75.12800059
0.1383690392,0.06326821687,NaN,NaN,0,-2.731128031,2.216487617,21.63206419,0,-15.06160756,-33.41661328,76.48709275
0.1383690392,0.06713192477,NaN,NaN,0,-7.724533051,2.298581265,14.21604757,0,-22.4938253,-27.28274401,78.14632804
0.1383690392,0.07099563267,NaN,NaN,0,-11.73659414,2.349962363,8.093872266,0,-29.52996914,-17.1235857,80.17096477
0.1383690392,0.07485934057,NaN,NaN,0,-12.90406508,2.36773949,1.542683022,0,-34.17685872,-4.141690625,82.41055455
0.1383690392,0.07872304847,NaN,NaN,0,-13.51405328,2.347691721,-6.69849067,0,-33.97389338,8.48345255,84.64130188
0.1383690392,0.08258675637,NaN,NaN,0,-11.48986911,2.291985728,-17.34204895,0,-34.09134496,19.37055225,86.76758384
0.1383690392,0.08645046427,NaN,NaN,0,-1.579541415,2.196008247,-26.42745075,0,-36.64247004,39.11735268,88.87436923
0.1383690392,0.09031417218,NaN,NaN,0,-1.743477103,2.035176813,-36.48011102,0,-20.40914385,55.9289901,90.519197
0.1383690392,0.09417788008,NaN,NaN,0,-24.56008595,1.839032725,-64.22579549,0,-5.890356154,28.18127411,91.32270532
0.1383690392,0.09804158798,NaN,NaN,0,-24.14901272,1.683568995,-59.32091273,0,-38.5166029,30.93508706,94.63663887
0.1383690392,0.1019052959,NaN,NaN,0,-15.96483338,1.516754773,8.213975335,0,-6.360824522,100.8517658,100.813901
0.1383690392,0.1057690038,-0.2223533378,1.320133967,1,65.4975465,1.338728762,186.4826093,0,-75.29872081,294.4518341,99.56072893
0.1383690392,0.1096327117,-0.3224418435,1.07265833,1,129.9628025,1.120073496,169.2677576,0,-175.910027,363.8789321,106.7308147
0.1383690392,0.1134964196,-0.3998799923,0.5682132347,1,195.7289589,0.69481673,295.7603628,0,-324.4326359,328.9354471,125.1359623
0.1383690392,0.1173601275,NaN,NaN,0,6.67787886,1.250589709,145.0090014,0,-139.765306,23.46107692,130.9547649
0.1383690392,0.1212238354,NaN,NaN,0,-0.2630279049,1.382993798,48.58936001,0,-48.58936001,0.2630279049,131.3724309
