PIVlab, ASCII chart output - 19-Sep-2021
FRAME: 383, filenames: A: 72_12_75_60 383.jpg & B: 72_12_75_60 384.jpg, conversion factor xy (px -> m): 0.00024148, conversion factor uv (px/frame -> m/s): 1
x [m],y [m],u [m/s],v [m/s],Vector type [-],vorticity [1/s],magnitude [m/s],divergence [1/s],dcev [1],simple shear [1/s],simple strain [1/s],vector direction [degrees]
0.03791263377,0.01690372206,NaN,NaN,0,-5.546528719,1.325423894,-5.92949699,0,5.92949699,5.546528719,-73.5336244
0.03791263377,0.02076742997,NaN,NaN,0,-5.236383397,1.34690587,-8.817721895,0,5.911971887,8.232481455,-73.77076411
0.03791263377,0.02463113787,NaN,NaN,0,-4.473295396,1.389433018,-14.34305483,0,5.88323567,13.4595917,-74.20042992
0.03791263377,0.02849484577,NaN,NaN,0,-3.283657362,1.451780762,-19.30740806,0,5.705093515,18.16787943,-74.74923765
0.03791263377,0.03235855367,NaN,NaN,0,-1.74334697,1.531605743,-23.38283541,0,5.357371709,22.13718687,-75.33852721
0.03791263377,0.03622226157,NaN,NaN,0,0.01945036043,1.625466966,-26.33361624,0,4.816549338,25.13531486,-75.90517256
0.03791263377,0.04008596947,NaN,NaN,0,1.886875818,1.729021586,-28.02735542,0,4.090886919,26.94213072,-76.40750196
0.03791263377,0.04394967737,NaN,NaN,0,3.681077448,1.837317474,-28.46081502,0,3.347708941,27.44399242,-76.81956635
0.03791263377,0.04781338527,NaN,NaN,0,5.181544647,1.945506598,-27.74819494,0,2.824138042,26.81122494,-77.12512526
0.03791263377,0.05167709317,NaN,NaN,0,6.257359251,2.049697527,-26.00329861,0,2.475270855,25.48637377,-77.32133064
0.03791263377,0.05554080107,NaN,NaN,0,7.074090176,2.146994644,-23.20310517,0,1.671452778,23.69420431,-77.43032704
0.03791263377,0.05940450897,NaN,NaN,0,7.870934315,2.23390351,-18.85869051,0,-0.5140097847,21.14482822,-77.49582845
0.03791263377,0.06326821687,NaN,NaN,0,8.919476593,2.304045605,-11.75326389,0,-5.302408976,16.94684001,-77.57687297
0.03791263377,0.06713192477,NaN,NaN,0,8.177884349,2.345210778,-1.808002434,0,-11.27976946,10.05233178,-77.74905173
0.03791263377,0.07099563267,NaN,NaN,0,5.924469519,2.346318308,9.865396556,0,-18.07884171,-0.004751750993,-78.10342318
0.03791263377,0.07485934057,NaN,NaN,0,4.864241385,2.298289879,23.90056726,0,-26.95803274,-13.88237373,-78.69142459
0.03791263377,0.07872304847,NaN,NaN,0,1.037637865,2.186527227,37.6985806,0,-30.98612648,-32.00737961,-79.50382188
0.03791263377,0.08258675637,NaN,NaN,0,-25.51997309,2.012419131,32.09543441,0,-2.31249801,-42.01867044,-80.41855136
0.03791263377,0.08645046427,NaN,NaN,0,-43.28198201,1.886134567,-1.181210526,0,33.62162208,-25.23977579,-81.1314109
0.03791263377,0.09031417218,NaN,NaN,0,4.740931161,1.914666729,-0.9480609334,0,-5.003298078,8.57306123,-81.05691085
0.03791263377,0.09417788008,NaN,NaN,0,-52.07306075,1.922336898,-0.364786607,0,26.41616907,43.52883584,-81.33030099
0.03791263377,0.09804158798,NaN,NaN,0,-87.32889159,2.070520758,-36.38133359,0,10.45597384,95.64933648,-84.49833272
0.03791263377,0.1019052959,NaN,NaN,0,-49.44216559,2.410510615,-51.96476401,0,-86.3376659,110.5105886,-90.17221292
0.03791263377,0.1057690038,-0.3261030138,-2.688740019,1,127.7649903,2.708443476,49.67499549,0,-81.96464876,107.4438119,-96.91532506
0.03791263377,0.1096327117,0.1697139226,-2.633701559,1,310.0102628,2.639164018,182.0825258,0,-74.85442308,-171.2008291,-86.31299695
0.03791263377,0.1134964196,0.582470462,-1.323756329,1,180.6697803,1.446237414,-38.19559454,0,-66.14054161,-271.4432768,-66.2498645
0.03791263377,0.1173601275,NaN,NaN,0,80.52630181,1.837491112,-82.24010643,0,-54.83606649,61.66008519,-70.53789372
0.03791263377,0.1212238354,NaN,NaN,0,56.09962671,1.999548881,-20.11938077,0,-20.11938077,56.09962671,-70.06572892
0.04177634167,0.01690372206,NaN,NaN,0,-8.598588836,1.30396537,-6.138506227,0,8.779284938,5.665189905,-73.28867546
0.04177634167,0.02076742997,NaN,NaN,0,-8.26463438,1.325920297,-9.219918036,0,8.689975443,8.390032636,-73.55757091
0.04177634167,0.02463113787,NaN,NaN,0,-7.344989203,1.369722179,-15.11436101,0,8.477785381,13.76808772,-74.04125704
0.04177634167,0.02849484577,NaN,NaN,0,-5.751454436,1.434450351,-20.44372972,0,7.991797882,18.65946397,-74.65162291
0.04177634167,0.03235855367,NaN,NaN,0,-3.637116702,1.517726211,-24.78052729,0,7.221755068,22.83532094,-75.29534147
0.04177634167,0.03622226157,NaN,NaN,0,-1.212085467,1.61591492,-27.87380086,0,6.128297087,26.04348403,-75.90476158
0.04177634167,0.04008596947,NaN,NaN,0,1.395169802,1.724390617,-29.57010982,0,4.67333232,27.96461007,-76.44196215
0.04177634167,0.04394967737,NaN,NaN,0,3.929818628,1.837497773,-29.85823773,0,3.173095112,28.32727856,-76.88378304
0.04177634167,0.04781338527,NaN,NaN,0,6.045709818,1.949544919,-28.92966555,0,2.209921757,27.35411428,-77.20680855
0.04177634167,0.05167709317,NaN,NaN,0,7.510931829,2.056608246,-27.04083222,0,1.935732842,25.97145556,-77.39314965
0.04177634167,0.05554080107,NaN,NaN,0,8.785075738,2.157388484,-24.42779797,0,1.361998491,24.77093937,-77.46605808
0.04177634167,0.05940450897,NaN,NaN,0,10.42913089,2.250674134,-20.77006808,0,-0.7209678731,23.64307474,-77.47534611
0.04177634167,0.06326821687,NaN,NaN,0,14.1147892,2.333038591,-13.258876,0,-7.518625768,20.97758276,-77.48139689
0.04177634167,0.06713192477,NaN,NaN,0,14.38159268,2.38533577,-1.833667071,0,-15.14994345,14.91737997,-77.56678954
0.04177634167,0.07099563267,NaN,NaN,0,11.550437,2.395637362,9.604094363,0,-22.81787709,5.916256213,-77.88623472
0.04177634167,0.07485934057,NaN,NaN,0,13.68181713,2.362377593,25.52113767,0,-37.86033039,-8.251576747,-78.52351934
0.04177634167,0.07872304847,NaN,NaN,0,17.91640397,2.249360202,55.70067927,0,-57.83560736,-41.52015555,-79.51552344
0.04177634167,0.08258675637,NaN,NaN,0,-39.73366628,1.965053531,57.06729584,0,-4.154898467,-71.51049323,-80.75212258
0.04177634167,0.08645046427,NaN,NaN,0,-93.20681454,1.731694014,-28.66031741,0,92.32057277,-36.24303052,-82.04222095
0.04177634167,0.09031417218,NaN,NaN,0,68.29357046,1.935587111,0.9813299893,11.04346679,-33.7634196,9.709639291,-80.71279457
0.04177634167,0.09417788008,0.37315592,-1.748742054,1,158.7110599,1.788111885,-5.701519511,0.8261463655,-158.5464503,-15.57244439,-77.95457477
0.04177634167,0.09804158798,0.3130077194,-1.872076637,1,153.7195903,1.898063425,-91.78500894,0,-222.9016204,97.9380262,-80.50805254
0.04177634167,0.1019052959,0.1058567638,-2.481776444,1,7.446475441,2.484033006,-92.89243238,0,-94.30090467,223.3401725,-87.55760772
0.04177634167,0.1057690038,-0.02257242501,-3.09390705,1,45.74950249,3.093989391,-43.15362243,0,-23.78122494,188.5997868,-90.41800924
0.04177634167,0.1096327117,0.1907357714,-3.377203922,1,119.0718332,3.382585767,190.662181,0,-117.2948328,-144.0808325,-86.76751604
0.04177634167,0.1134964196,-0.01570661475,-1.800557825,1,166.4431333,1.800626329,152.4373912,0,-67.64475359,-205.5614498,-90.49978951
0.04177634167,0.1173601275,NaN,NaN,0,187.695525,2.074549285,13.3873626,34.77492352,10.80426895,71.99189701,-73.9815946
0.04177634167,0.1212238354,NaN,NaN,0,88.64867196,2.161722078,32.58742792,0,3.891841159,49.66307458,-69.66438413
0.04564004958,0.01690372206,NaN,NaN,0,-14.88558427,1.260634699,-6.360566521,0,14.55541438,5.96198709,-72.74831043
0.04564004958,0.02076742997,NaN,NaN,0,-14.62049088,1.283202851,-9.906317159,0,14.42312241,8.698985382,-73.0907423
0.04564004958,0.02463113787,NaN,NaN,0,-13.47970536,1.329242812,-16.67160723,0,13.9352653,14.3423968,-73.69868318
0.04564004958,0.02849484577,NaN,NaN,0,-10.9872422,1.398756566,-22.85750467,0,12.80974529,19.58168564,-74.44953783
0.04564004958,0.03235855367,NaN,NaN,0,-7.616759606,1.489117865,-27.7331553,0,11.18473326,24.18973674,-75.20969803
0.04564004958,0.03622226157,NaN,NaN,0,-3.825120073,1.596237531,-31.11052543,0,9.000826366,27.93911492,-75.90345684
0.04564004958,0.04008596947,NaN,NaN,0,0.4250674548,1.715255349,-32.79235144,0,5.852052937,30.27424077,-76.50947587
0.04564004958,0.04394967737,NaN,NaN,0,4.680659572,1.83882667,-32.72656619,0,2.378075304,30.29219183,-77.0197945
0.04564004958,0.04781338527,NaN,NaN,0,8.149895819,1.958619717,-31.3056398,0,0.3173693814,28.07225556,-77.39532985
0.04564004958,0.05167709317,NaN,NaN,0,9.90110461,2.069824901,-28.93179796,0,0.7502181642,26.14516361,-77.56379002
0.04564004958,0.05554080107,NaN,NaN,0,11.4768094,2.175281988,-26.57441161,0,1.211116868,25.89779765,-77.56064543
0.04564004958,0.05940450897,NaN,NaN,0,13.04196035,2.278366239,-25.96337343,0,1.690529544,28.25048303,-77.45786237
0.04564004958,0.06326821687,NaN,NaN,0,26.28442802,2.392115422,-17.38011092,2.843890068,-12.45665416,29.70143035,-77.30997811
0.04564004958,0.06713192477,NaN,NaN,0,28.54767363,2.467568963,0.1891981211,2.919427773,-23.84791493,24.78443146,-77.16416766
0.04564004958,0.07099563267,NaN,NaN,0,18.21469647,2.488813932,7.328671495,0,-26.18322063,19.46913458,-77.38274027
0.04564004958,0.07485934057,NaN,NaN,0,28.3517547,2.506790368,15.38375819,0,-51.78537291,18.98451445,-78.0885023
0.04564004958,0.07872304847,NaN,NaN,0,104.6857683,2.484294458,103.9385032,0,-166.3470152,-52.88837236,-79.49103443
0.04564004958,0.08258675637,0.2791618421,-1.846879882,1,-15.23476696,1.867858836,197.0658335,0,-91.68157578,-138.32767,-81.40462464
0.04564004958,0.08645046427,0.0400154119,-1.146761316,1,314.9434076,1.147459258,109.7431155,0,-299.4696008,223.3203081,-88.00151582
0.04564004958,0.09031417218,0.3389481114,-2.285708978,1,233.0185751,2.310703649,-303.7314093,0,-189.651558,208.5746105,-81.56507016
0.04564004958,0.09417788008,0.2075728985,-3.126162132,1,80.4508597,3.133045832,-157.9865149,0,-110.6457034,160.4713283,-86.20121457
0.04564004958,0.09804158798,0.2222840553,-3.516137063,1,63.22560381,3.523156262,69.73217207,0,11.62318244,-13.74728801,-86.38267452
0.04564004958,0.1019052959,0.4967667453,-2.803621882,1,144.3484792,2.847292198,117.0386583,0,-140.8351636,-27.57647238,-79.95218976
0.04564004958,0.1057690038,0.2358584806,-2.95738644,1,-102.1081481,2.966776664,-40.48456855,12.73592894,64.042098,151.9035338,-85.44017881
0.04564004958,0.1096327117,0.3496906468,-3.546953314,1,162.4044792,3.564149458,115.024557,0,-125.8188625,-73.7016385,-84.36946084
0.04564004958,0.1134964196,0.377214617,-2.228203547,1,891.7055458,2.259907502,710.404391,0,-738.3783961,417.6812987,-80.39144573
0.04564004958,0.1173601275,NaN,NaN,0,241.0519594,2.59314545,164.0557348,29.29650782,-79.98716297,158.6248703,-68.69671089
0.04564004958,0.1212238354,NaN,NaN,0,34.49623217,2.422986886,125.715984,0,-4.773500439,17.66614095,-65.63698755
0.04950375748,0.01690372206,NaN,NaN,0,-21.66915873,1.194983607,-6.056778516,0,20.23235014,6.541688324,-71.79091904
0.04950375748,0.02076742997,NaN,NaN,0,-21.93458198,1.217278921,-10.45381526,0,20.42929205,9.182163402,-72.27300743
0.04950375748,0.02463113787,NaN,NaN,0,-20.96609918,1.265572266,-18.80824607,0,20.03040811,15.32082847,-73.11445973
0.04950375748,0.02849484577,NaN,NaN,0,-17.10104938,1.342489728,-26.58152643,0,18.1271847,21.13514505,-74.13387218
0.04950375748,0.03235855367,NaN,NaN,0,-12.01755945,1.443996161,-32.18406379,0,15.70660633,26.40282547,-75.08912133
0.04950375748,0.03622226157,NaN,NaN,0,-6.896702674,1.564867105,-36.04279414,0,12.83822218,31.24899813,-75.8980232
0.04950375748,0.04008596947,NaN,NaN,0,-0.5504394817,1.701731889,-37.76220432,0,7.35597776,34.90104627,-76.59490485
0.04950375748,0.04394967737,NaN,NaN,0,6.217856386,1.844061668,-36.95003578,0,0.1697837855,34.49499243,-77.23112741
0.04950375748,0.04781338527,NaN,NaN,0,11.97210928,1.976380157,-34.63452949,0,-4.0687377,28.49755252,-77.75426468
0.04950375748,0.05167709317,NaN,NaN,0,12.46678139,2.088841731,-30.80630823,0,-0.4633464338,24.63914565,-77.8930313
0.04950375748,0.05554080107,NaN,NaN,0,14.17909692,2.195567867,-26.97467708,0,1.041721271,24.42460461,-77.75728293
0.04950375748,0.05940450897,NaN,NaN,0,3.977473062,2.295405533,-39.1289031,0,18.72862334,33.75962938,-77.49742995
0.04950375748,0.06326821687,NaN,NaN,0,49.43328891,2.489522615,-30.48739237,6.193525944,-20.1506055,44.79322415,-77.15851788
0.04950375748,0.06713192477,NaN,NaN,0,55.30997735,2.604296329,12.64189898,6.360463518,-41.60184147,35.04978094,-76.45257106
0.04950375748,0.07099563267,0.6062717054,-2.513833923,1,18.6509735,2.585909196,30.83156562,0,-20.52377053,54.88526653,-76.44067495
0.04950375748,0.07485934057,0.6028210033,-2.624771756,1,41.80751895,2.693106001,-21.57477885,0,-41.73370744,171.2873731,-77.06540854
0.04950375748,0.07872304847,0.6065568915,-3.258996943,1,140.5011563,3.314961891,116.1172578,0,-156.0504689,15.20610417,-79.45687609
0.04950375748,0.08258675637,0.5427430017,-2.234880535,1,338.3392133,2.299839336,71.23445594,58.6464192,-100.2144853,286.0368918,-76.34991252
0.04950375748,0.08645046427,1.526601285,-4.088930811,1,376.9500506,4.364615294,-100.0269399,0,-531.7312547,238.6136713,-69.52689508
0.04950375748,0.09031417218,-0.05528635942,-3.54328894,1,-115.143626,3.543720233,209.0977709,0,-180.9048334,-205.4903651,-90.89392033
0.04950375748,0.09417788008,0.3827565132,-2.487083355,2,-172.6488933,2.516363679,273.5306772,0,323.9551858,-107.4079595,-81.2509503
0.04950375748,0.09804158798,0.5293169582,-2.07145332,2,-614.4914491,2.138011997,-33.40427107,0,632.2867916,250.4058438,-75.66597822
0.04950375748,0.1019052959,0.4515125183,-3.583642738,2,528.3168258,3.611974367,-65.37968349,0,-559.7371738,33.10025391,-82.81899285
0.04950375748,0.1057690038,0.4079179115,-2.451951032,1,330.6735497,2.485650998,18.64757575,0,-356.8445396,253.440684,-80.55451666
0.04950375748,0.1096327117,0.3503954579,-4.490814725,1,715.0488484,4.504463772,-592.1857401,48.71776291,303.3948764,869.3054345,-85.53854038
0.04950375748,0.1134964196,4.342886977,-8.09872603,1,552.1756293,9.189669776,421.5938085,58.11564892,-172.0195629,96.41074803,-61.79786704
0.04950375748,0.1173601275,NaN,NaN,0,-674.1461059,3.710912883,733.0425107,0,-112.0576649,-799.1671642,-60.64418258
0.04950375748,0.1212238354,NaN,NaN,0,-277.0216013,2.539766481,285.8392,0,10.965154,-260.6239329,-59.07500974
0.05336746538,0.01690372206,NaN,NaN,0,-28.87147357,1.10769875,-4.136431284,0,25.02818036,7.261391992,-70.17140596
0.05336746538,0.02076742997,NaN,NaN,0,-30.8417813,1.125986474,-10.19353598,2.169028837,26.67208541,9.316768145,-70.90689036
0.05336746538,0.02463113787,NaN,NaN,0,-31.34905998,1.173853459,-21.52603538,0,27.62989038,16.62360861,-72.15961615
0.05336746538,0.02849484577,NaN,NaN,0,-24.43329671,1.262090139,-32.4762912,0,23.96197908,23.23524061,-73.71331418
0.05336746538,0.03235855367,NaN,NaN,0,-16.45572614,1.379858705,-38.3787793,0,20.67628517,29.03742197,-74.97100635
0.05336746538,0.03622226157,NaN,NaN,0,-11.19369169,1.517772694,-43.11438302,0,19.28947825,35.75300588,-75.88053869
0.05336746538,0.04008596947,NaN,NaN,0,-1.947979093,1.682975143,-45.26363592,0,10.56385214,43.58595374,-76.63282772
0.05336746538,0.04394967737,NaN,NaN,0,8.769096177,1.859523427,-42.67684313,0,-4.986180222,44.2891791,-77.466327
0.05336746538,0.04781338527,NaN,NaN,0,21.05390351,2.014262491,-39.47613415,0,-16.29875753,26.78381643,-78.43832037
0.05336746538,0.05167709317,NaN,NaN,0,13.81481475,2.113753402,-32.68422838,0,0.4234125294,19.48926187,-78.48618954
0.05336746538,0.05554080107,NaN,NaN,0,28.79532382,2.222822084,-11.38908539,4.012427734,-15.30950869,13.40184577,-78.09048761
0.05336746538,0.05940450897,0.4740191544,-2.167002458,1,43.01226615,2.218241153,-39.50005368,2.348261857,-11.42387201,71.16032154,-77.66123149
0.05336746538,0.06326821687,0.5807646463,-2.60253462,1,69.63136721,2.66654721,-23.96342356,12.1532728,-2.742639722,134.7810868,-77.42035634
0.05336746538,0.06713192477,0.7324576592,-2.780344877,1,35.87628327,2.875206402,105.0202823,0,40.2344758,99.20636522,-75.24125216
0.05336746538,0.07099563267,0.8748343875,-2.580071343,1,59.8593564,2.724353747,170.7107911,0,34.19303376,169.4806617,-71.26955276
0.05336746538,0.07485934057,1.095848622,-2.775592016,1,52.1755137,2.984090355,53.39428991,0,-30.00260212,314.3719273,-68.45509154
0.05336746538,0.07872304847,0.9605040412,-3.588412702,1,102.9925926,3.714737371,32.88696961,16.31055099,42.90491396,231.0725663,-75.01502118
0.05336746538,0.08258675637,1.659553971,-3.541323272,1,112.6136879,3.910893747,94.42281655,0,-212.2666612,371.1589932,-64.89101924
0.05336746538,0.08645046427,0.5754740611,-4.657640455,1,-1976.504475,4.693057106,-153.2735234,203.7297015,1638.31434,-412.488822,-82.95652531
0.05336746538,0.09031417218,0.3528860737,-2.539791075,2,-325.9219684,2.564189401,459.0709126,0,396.8249718,-433.9084521,-82.08979826
0.05336746538,0.09417788008,0.8494225553,-1.207429028,2,-87.39831545,1.476280304,654.7360018,0,270.5976386,-339.3456031,-54.87373313
0.05336746538,0.09804158798,1.060714746,1.301049876,1,-448.9257309,1.67864426,-611.8133641,0,325.3723699,889.3652546,50.8104649
0.05336746538,0.1019052959,0.3720484582,-7.007544717,1,372.7200908,7.017414269,-736.3801026,0,-314.1200882,1053.301097,-86.96087407
0.05336746538,0.1057690038,1.287128039,-5.613755513,1,580.9759431,5.759422675,360.6436911,62.15237245,-309.6428693,-123.3682341,-77.08636209
0.05336746538,0.1096327117,1.420400199,-5.137464018,1,218.2524669,5.330203867,277.6837133,0,64.24944656,125.6346207,-74.54500346
0.05336746538,0.1134964196,2.378632914,-5.026282233,1,-677.8197447,5.560702081,356.291793,57.17918296,487.9025465,-910.1737123,-64.67466039
0.05336746538,0.1173601275,0.6866156203,-0.2442112389,1,-577.874634,0.728752454,423.4609879,57.05285237,246.1501411,-594.1518242,-19.57914401
0.05336746538,0.1212238354,NaN,NaN,0,-64.36949221,1.549604204,-220.8825992,0,276.7720654,219.2709292,-44.93665618
0.05723117328,0.01690372206,NaN,NaN,0,-35.86192595,1.003855362,2.198349436,0,26.42166026,7.568390718,-67.4178015
0.05723117328,0.02076742997,NaN,NaN,0,-42.17283296,1.006646248,-7.507317836,4.768298838,32.64015555,7.049364395,-68.60306276
0.05723117328,0.02463113787,NaN,NaN,0,-49.15506273,1.043125486,-24.62606825,2.768106462,39.85508891,18.62159721,-70.47348323
0.05723117328,0.02849484577,NaN,NaN,0,-32.82735132,1.152988785,-43.4188237,0,29.41455607,26.14478683,-73.30021242
0.05723117328,0.03235855367,NaN,NaN,0,-18.17835671,1.296074329,-45.7403792,0,23.74707704,30.75861591,-74.99896045
0.05723117328,0.03622226157,NaN,NaN,0,-19.47435886,1.443708973,-52.7723227,0,33.07955352,39.13964966,-75.85391638
0.05723117328,0.04008596947,NaN,NaN,0,-4.816881375,1.653211393,-57.50111321,0,20.59613277,59.40058373,-76.42501881
0.05723117328,0.04394967737,NaN,NaN,0,9.752603907,1.897279038,-49.01756667,0,-14.37959928,72.29195381,-77.4023799
0.05723117328,0.04781338527,0.3701605737,-2.075731147,1,27.54946093,2.108477803,5.036846686,0,-34.45339183,67.80505451,-79.88885631
0.05723117328,0.05167709317,0.3871269169,-2.094121625,1,37.83075217,2.129603867,68.49659987,0,-11.12223912,130.6942252,-79.52633712
0.05723117328,0.05554080107,0.4733544666,-2.316044603,1,59.08385048,2.363921965,48.11942048,6.376160834,0.9922020831,140.5634381,-78.44893848
0.05723117328,0.05940450897,0.6192432358,-2.451298306,1,106.1073185,2.528304881,84.98272527,10.83504264,25.40368074,186.1404322,-75.82264144
0.05723117328,0.06326821687,0.9814745535,-2.706888435,1,121.0796394,2.879329314,117.3826166,0,80.76942367,133.8689025,-70.0701634
0.05723117328,0.06713192477,1.399129055,-2.514996499,1,134.2881005,2.877980108,194.4337838,0,108.7938249,170.1339815,-60.91217741
0.05723117328,0.07099563267,1.920672109,-2.613001096,1,152.3093584,3.242954838,211.1144909,0,9.357414298,321.7045002,-53.68245787
0.05723117328,0.07485934057,2.023762242,-2.942283992,1,105.1232163,3.571085087,39.62398345,0,-181.2813217,266.9074914,-55.47902264
0.05723117328,0.07872304847,1.626419436,-3.491158182,1,109.5552563,3.851418652,137.1197491,0,-27.28897623,278.9108287,-65.02068735
0.05723117328,0.08258675637,2.341615119,-3.490123306,1,-91.47174368,4.202870692,2047.421381,0,-500.1254096,-1412.682678,-56.14130506
0.05723117328,0.08645046427,-0.6593391592,9.877673204,1,-744.1633295,9.89965434,685.6101866,46.15087513,148.962776,-23.3764915,93.81885416
0.05723117328,0.09031417218,0.04193403784,-0.7508058769,1,329.3572274,0.7519760158,-1031.982821,0,255.7470573,1810.251904,-86.80323527
0.05723117328,0.09417788008,1.601332888,-1.103891559,2,482.6805131,1.944953365,612.6071617,0,-78.98479061,180.1173645,-34.58074652
0.05723117328,0.09804158798,1.60169639,0.9202083696,1,624.0038712,1.847218117,160.4265263,0,-604.6779333,1489.072774,29.87827641
0.05723117328,0.1019052959,1.676002668,-6.237392564,1,-386.6810047,6.458641571,-11.04542925,41.68038466,314.9842232,1752.351421,-74.95974014
0.05723117328,0.1057690038,1.324680969,-5.893041974,1,0.252869314,6.040092994,1044.748946,0,59.97348053,746.7048954,-77.33121685
0.05723117328,0.1096327117,1.908699691,-5.085837412,1,54.3996458,5.43220735,668.6341932,0,172.8867026,73.78426416,-69.4290357
0.05723117328,0.1134964196,2.202849029,-3.594715603,2,-201.7676549,4.215984359,779.167177,0,7.914551032,-524.0436789,-58.49994815
0.05723117328,0.1173601275,1.159707922,-0.05061133138,1,-168.9900738,1.160811773,435.6375567,0,-64.94344772,-271.9913846,-2.498885069
0.05723117328,0.1212238354,NaN,NaN,0,80.34437152,1.558237669,-139.3313715,0,-8.242486262,279.9719308,-33.52624321
0.06109488118,0.01690372206,NaN,NaN,0,-41.21539829,0.9017599717,20.14709726,0,16.92271789,6.486115933,-62.7083173
0.06109488118,0.02076742997,NaN,NaN,0,-55.19262828,0.8572996963,1.24947313,7.898039245,35.25172121,-5.966788175,-64.68729893
0.06109488118,0.02463113787,NaN,NaN,0,-90.27100667,0.843495104,-26.05209608,9.499927861,69.73575364,24.66862902,-66.49357394
0.06109488118,0.02849484577,NaN,NaN,0,-39.54268914,1.012544431,-70.83255613,0,30.09407926,31.96369358,-73.52211824
0.06109488118,0.03235855367,NaN,NaN,0,-3.955990523,1.20848178,-48.3915911,0,11.81791338,28.71260518,-75.63006377
0.06109488118,0.03622226157,0.3175795255,-1.268866619,1,5.364652968,1.30800583,-40.72571778,0,19.61236741,54.65409071,-75.94833596
0.06109488118,0.04008596947,0.3964268841,-1.539192357,1,56.3049819,1.589423602,-27.83320166,8.882720213,-10.78204866,137.7025036,-75.55707274
0.06109488118,0.04394967737,0.4934668423,-1.908448231,1,73.83747333,1.971213884,102.2506047,0,0.8878733062,276.6324938,-75.50257285
0.06109488118,0.04781338527,0.6851437963,-2.21295304,1,86.18366894,2.316588694,208.6057377,0,94.48791498,299.6864764,-72.79715535
0.06109488118,0.05167709317,1.191529069,-2.260357601,1,110.3771363,2.555182577,201.3304866,0,19.70204838,249.5927725,-62.20440937
0.06109488118,0.05554080107,1.18773177,-2.399424415,1,92.37323473,2.677301679,90.25233306,3.425443992,-6.955087249,146.7939107,-63.66427
0.06109488118,0.05940450897,1.52155984,-2.478817741,1,102.8510016,2.908553204,54.43467932,16.15543247,-8.693946999,147.3136218,-58.45736491
0.06109488118,0.06326821687,1.551527126,-2.758281519,1,129.8146868,3.164704308,100.6477256,14.15800974,30.5186486,204.1828738,-60.64234474
0.06109488118,0.06713192477,2.141041015,-2.878847311,1,288.6338886,3.58773166,169.0612054,41.58708297,69.04434242,265.8890168,-53.36127672
0.06109488118,0.07099563267,2.933491333,-3.132395899,1,148.7748524,4.291535327,85.43819065,8.566137587,-112.7587528,345.1183236,-46.87809463
0.06109488118,0.07485934057,2.280196703,-3.882175492,1,119.4529808,4.502286481,-37.91754869,0,-214.0684825,216.9523771,-59.57214361
0.06109488118,0.07872304847,2.567924671,-4.117138845,1,387.0410575,4.852326183,-19.11719795,70.07560179,87.06367721,301.3175267,-58.04755701
0.06109488118,0.08258675637,4.111998913,-5.12024167,1,558.1696517,6.566993971,835.3932134,0,-411.6195077,82.15905207,-51.23250935
0.06109488118,0.08645046427,3.134151621,-1.206862065,2,2055.828973,3.358485138,1123.200567,0,-2250.488729,528.9417728,-21.06010772
0.06109488118,0.09031417218,3.359890477,-2.824199271,2,775.0211285,4.389187344,535.5718022,0,-573.6272941,1097.383847,-40.04916326
0.06109488118,0.09417788008,3.91227857,-3.3775397,2,1178.397368,5.168529581,133.3746468,216.6147776,-123.9678267,294.3646761,-40.80462739
0.06109488118,0.09804158798,7.433898225,-3.446217719,1,1042.432352,8.193854977,717.8261344,134.6982998,-217.4042473,955.6742214,-24.87156675
0.06109488118,0.1019052959,7.099946177,-4.296515233,1,-178.1396523,8.298751645,289.0448199,0,378.6941957,790.3236036,-31.18012772
0.06109488118,0.1057690038,8.208782399,-5.383012516,1,-574.8703369,9.816360437,448.8979459,60.47659512,-152.684124,548.0641917,-33.25536417
0.06109488118,0.1096327117,4.288888259,-4.67966464,2,-763.0736042,6.347741617,379.4149062,82.68212114,-490.7548254,77.40421894,-47.49490466
0.06109488118,0.1134964196,3.36435559,-4.216131438,1,-332.7883965,5.393945943,778.9672754,0,-435.9010869,-473.0577992,-51.41110673
0.06109488118,0.1173601275,1.318896629,0.1577945322,1,870.4868007,1.328302462,910.225448,0,-1316.694233,190.8816997,6.822513374
0.06109488118,0.1212238354,NaN,NaN,0,438.6700521,2.180619908,-282.7666603,0,-272.2787049,542.6538358,-41.21557531
0.06495858908,0.01690372206,NaN,NaN,0,-46.91386751,0.8553927005,67.04631989,0,-25.22745465,7.803894581,-55.18305636
0.06495858908,0.02076742997,NaN,NaN,0,-53.18444529,0.6836247368,21.82545451,8.541943145,15.63508763,-65.48650738,-59.29944934
0.06495858908,0.02463113787,0.3433121656,-0.3649127249,1,-67.15329151,0.5010234923,-20.39719984,11.05703856,23.70177018,43.6580467,-46.74695546
0.06495858908,0.02849484577,0.181141431,-0.8353036906,1,-31.64094116,0.8547189442,-104.3021462,0,9.932627037,109.4943207,-77.76446283
0.06495858908,0.03235855367,0.2594375808,-1.190959823,1,33.96727452,1.218890134,-14.88899506,3.414513695,24.39868129,116.999054,-77.71073117
0.06495858908,0.03622226157,0.4066504356,-1.344880588,1,65.55597451,1.405015435,13.53936146,0,77.59750798,188.3122683,-73.17630152
0.06495858908,0.04008596947,0.8125408221,-1.866231284,1,215.6190975,2.035446338,61.07070996,23.1630937,165.1148794,265.1697214,-66.4721111
0.06495858908,0.04394967737,1.87769531,-2.133459551,1,195.1305585,2.842074829,233.544187,0,198.6653583,279.4624309,-48.64842551
0.06495858908,0.04781338527,2.334053217,-2.043645966,1,19.47811028,3.102304507,192.2190852,0,45.65811947,272.712781,-41.20468072
0.06495858908,0.05167709317,2.129362676,-2.444463679,1,-100.45878,3.241849485,35.42260407,0,-144.0786773,205.2527974,-48.94100586
0.06495858908,0.05554080107,1.389231911,-2.699820226,1,-60.44678186,3.036279723,47.0803092,0,-128.6521235,160.3941876,-62.77125323
0.06495858908,0.05940450897,1.398739741,-2.882275406,1,147.877076,3.203745367,75.42860832,21.64523502,51.41827884,176.5540314,-64.11315971
0.06495858908,0.06326821687,2.159250949,-3.090539322,1,287.557397,3.770119091,163.8266846,34.35532548,147.4935871,288.357568,-55.05935629
0.06495858908,0.06713192477,3.079649665,-3.363426364,1,284.3210761,4.560359522,61.90541107,49.17947404,84.48676427,199.8431757,-47.52188642
0.06495858908,0.07099563267,3.584216715,-3.623490553,1,74.54911444,5.096694345,-82.82875708,0,-168.7977356,141.6931694,-45.31219399
0.06495858908,0.07485934057,2.715500523,-4.230913505,1,-42.31363097,5.027382239,-1.556014891,0,-182.2006599,264.1712682,-57.30669101
0.06495858908,0.07872304847,2.716759076,-4.650183156,1,481.655017,5.385627471,-225.7551412,47.80518492,339.1287001,552.3036344,-59.70540613
0.06495858908,0.08258675637,5.886769056,-7.237105343,1,459.6373673,9.328973345,-94.43542488,59.06339408,318.7074905,451.8008384,-50.87458122
0.06495858908,0.08645046427,5.724056252,-6.760680522,1,761.3042474,8.858420915,785.4361649,0,-641.1014175,455.3087502,-49.74645695
0.06495858908,0.09031417218,6.35119768,-5.961589442,1,90.44954221,8.710812858,685.0409547,0,-729.7482745,523.3231726,-43.18761897
0.06495858908,0.09417788008,3.25399269,-6.13585025,1,602.7146772,6.945295293,189.6524257,102.2772564,-158.4742477,-331.6491946,-62.06188997
0.06495858908,0.09804158798,8.067612937,-3.947432253,1,427.5863316,8.981570013,-197.518467,54.11268078,243.3687069,-728.0712614,-26.07221244
0.06495858908,0.1019052959,5.846366973,-4.085949226,2,-433.4521588,7.132670458,-565.9193816,0,-314.7828408,-484.5453435,-34.94919475
0.06495858908,0.1057690038,5.176651457,-4.261837767,2,-519.0547662,6.705295032,-670.181261,0,-43.26818228,-683.7102422,-39.46397101
0.06495858908,0.1096327117,3.673715354,-4.033677195,2,-423.3535298,5.455890048,-281.5476293,58.34158695,-40.41278313,-351.0986551,-47.67396767
0.06495858908,0.1134964196,3.38479389,-3.99311292,1,24.12837924,5.234670999,-1000.267209,0,426.3065395,156.0217474,-49.71345767
0.06495858908,0.1173601275,5.414064308,-8.501239969,1,-1018.250043,10.07884782,-190.8470752,125.5475775,738.2942212,-290.6399499,-57.50873964
0.06495858908,0.1212238354,NaN,NaN,0,-876.6298396,4.280041266,1035.537535,0,-733.7082195,-1497.623715,-57.44503462
0.06882229698,0.01690372206,0.702674847,-0.7175895162,1,-135.7762057,1.004333936,52.27954998,0,-125.5390093,-55.64767146,-45.60165995
0.06882229698,0.02076742997,0.1978520165,-0.5090898871,1,-46.49743915,0.5461848895,-25.80803598,5.485706474,-25.03283554,-102.1929461,-68.7619487
0.06882229698,0.02463113787,0.4263027596,-0.4224605354,1,28.87745452,0.6001724309,-53.55803491,0,-0.5594801775,24.40865493,-44.74063237
0.06882229698,0.02849484577,0.3072643977,-0.8103304026,1,23.37019442,0.8666295468,-51.50515938,0,46.03040777,151.7147453,-69.23406949
0.06882229698,0.03235855367,0.6944464146,-1.207642886,1,82.18250003,1.393074716,63.45785375,0,122.3388781,170.0940848,-60.09925284
0.06882229698,0.03622226157,1.097475262,-1.222341651,1,119.5913741,1.642732803,172.5375176,0,129.5160186,308.8529511,-48.08102755
0.06882229698,0.04008596947,1.656924616,-1.734325904,1,139.0958878,2.398600743,125.5063423,0,217.5820336,299.5487812,-46.30748149
0.06882229698,0.04394967737,2.475574565,-1.894790797,1,71.50708209,3.117483214,22.98164382,0,141.9096994,120.6793056,-37.43023932
0.06882229698,0.04781338527,2.481504721,-2.111801131,1,-29.06622843,3.258461247,-83.09414438,0,-62.59340407,55.14129143,-40.39832718
0.06882229698,0.05167709317,2.121428519,-2.428892143,1,-55.27528931,3.224899378,-100.9051113,0,-72.10289545,41.74252546,-48.86558056
0.06882229698,0.05554080107,1.989352622,-2.662949932,1,33.3767053,3.323977466,85.95315413,0,63.34868043,195.3336316,-53.23848701
0.06882229698,0.05940450897,2.495147156,-2.851506358,1,151.724548,3.789043129,138.0895593,0,187.1422625,302.8269701,-48.81317475
0.06882229698,0.06326821687,3.298634995,-3.299447168,1,96.36018678,4.665548676,92.97408062,0,73.73909567,299.8847434,-45.00705267
0.06882229698,0.06713192477,3.152361097,-3.65094872,1,11.919273,4.823567875,21.3806148,0,-47.56088231,221.4914662,-49.19148746
0.06882229698,0.07099563267,3.160926228,-4.072617046,1,60.2485246,5.155352967,-43.48951804,6.425240008,-23.36575846,156.2433321,-52.18348496
0.06882229698,0.07485934057,3.294865332,-4.422658111,1,100.8799017,5.5150741,110.9167001,0,72.18867748,264.9660929,-53.31401395
0.06882229698,0.07872304847,3.829612664,-4.667818902,1,243.2893006,6.037753428,41.22178846,0,325.5655944,362.699361,-50.63356284
0.06882229698,0.08258675637,5.492754484,-5.664753548,2,128.1219499,7.890486967,-455.2219644,0,932.6246161,51.42322218,-45.8831757
0.06882229698,0.08645046427,7.928027552,-6.625347912,1,-63.57286446,10.33193379,-141.8885316,0,719.9118227,-56.87938602,-39.88505866
0.06882229698,0.09031417218,8.028656503,-5.993204055,1,-965.2509076,10.01887319,-159.3593092,172.5029061,-216.096942,-238.7640048,-36.74047768
0.06882229698,0.09417788008,3.363644532,-6.318551362,1,-974.1773159,7.158086047,292.1189814,171.7964822,-105.3469987,-182.8711813,-61.97165134
0.06882229698,0.09804158798,3.857689879,-4.157980811,2,-225.4170778,5.671911109,-599.0137733,0,141.9772266,-1241.023929,-47.14546746
0.06882229698,0.1019052959,3.04125732,-3.838011651,2,-181.4958073,4.896894885,-744.0866543,0,-46.25142411,-902.8120792,-51.60654001
0.06882229698,0.1057690038,2.977741102,-3.544712133,2,-333.8323808,4.629462839,-348.1377872,0,24.09636061,-513.2429701,-49.96800736
0.06882229698,0.1096327117,1.844527811,-3.200093452,2,-562.8309258,3.693627072,-280.4325174,84.29144987,-181.3514618,-508.834781,-60.04093298
0.06882229698,0.1134964196,0.1024377315,-2.662232503,1,-463.8191641,2.66420258,645.1255458,0,-153.7110599,-1980.503047,-87.79645255
0.06882229698,0.1173601275,-0.541428594,6.944568485,1,-736.9867238,6.965642566,-142.9344219,49.18112057,672.9385727,-603.0216302,94.45800879
0.06882229698,0.1212238354,-0.145025616,-0.8845899212,1,-299.393478,0.8963993295,-2307.4535,0,504.5865144,1745.212285,-99.31062611
0.07268600488,0.01690372206,0.4753784778,-0.6627071053,1,-179.9701984,0.8155767313,172.8736439,0,-141.436845,91.17640419,-54.34706004
0.07268600488,0.02076742997,-0.1455329886,-0.5048799699,1,-50.47481158,0.5254366135,140.2660672,0,-12.85580457,92.62823645,-106.0797666
0.07268600488,0.02463113787,0.2306874759,-0.478648442,1,107.7458911,0.531338915,19.91043126,13.52172441,77.01315558,82.77006806,-64.26798029
0.07268600488,0.02849484577,0.5683219996,-0.7477512453,1,114.3900558,0.939213405,20.64212972,0,126.6029486,164.8452839,-52.76365779
0.07268600488,0.03235855367,1.161814051,-1.035807308,1,186.3436413,1.556505274,69.59086257,0,253.2031974,214.2144805,-41.71837997
0.07268600488,0.03622226157,2.266602593,-1.306534661,1,163.8144925,2.616203381,170.431409,0,170.842175,306.874548,-29.9603803
0.07268600488,0.04008596947,2.454829661,-1.562983742,1,-12.58016609,2.910172992,136.5790293,0,55.58462375,280.2000678,-32.48480281
0.07268600488,0.04394967737,2.432759255,-1.861444402,1,-57.13679676,3.063216097,19.51369695,9.983995958,-2.075262839,177.4452623,-37.42168692
0.07268600488,0.04781338527,2.226051558,-2.173185179,1,-104.3857109,3.110954735,148.881439,0,-33.30159458,316.6053582,-44.31149998
0.07268600488,0.05167709317,1.900775726,-2.509480633,1,75.32350365,3.148085356,19.8504815,13.37377408,-10.62132221,126.1815241,-52.85833232
0.07268600488,0.05554080107,2.476041888,-2.584017269,1,193.0546296,3.578816658,16.83655561,28.26595984,117.9255802,77.90511343,-46.22243529
0.07268600488,0.05940450897,3.102312419,-2.745431703,1,156.7254618,4.142672758,92.92545455,0,154.1419313,246.6439439,-41.5076397
0.07268600488,0.06326821687,3.677142691,-3.17794061,1,102.0393368,4.860111613,-20.15025885,0,134.9671989,199.2784942,-40.83494881
0.07268600488,0.06713192477,4.018036444,-3.59324031,1,47.33585864,5.3903611,-12.63853037,3.577530995,41.36697167,186.2924262,-41.80555547
0.07268600488,0.07099563267,4.019864517,-3.946551719,1,-51.96460408,5.633345472,139.9226435,0,90.72669499,333.6556389,-44.47273715
0.07268600488,0.07485934057,4.16780184,-4.341768015,1,-64.86443782,6.018431828,197.7806106,0,131.5174824,297.6173168,-46.1711684
0.07268600488,0.07872304847,4.277392412,-4.33229159,1,-130.4650274,6.088089706,218.5243655,0,171.5672092,163.3892506,-45.36533844
0.07268600488,0.08258675637,4.326608665,-4.128742036,1,-207.255193,5.980472668,-18.95783568,0,382.9109838,-173.9299658,-43.65944602
0.07268600488,0.08645046427,4.956075079,-3.733524546,1,-439.458181,6.204988777,-290.8317848,0,565.3364393,-565.6104989,-36.99154959
0.07268600488,0.09031417218,4.812965486,-3.067077347,1,-627.8831819,5.707153425,-301.8457763,86.30175727,296.6001673,-548.9091884,-32.50745244
0.07268600488,0.09417788008,3.676094278,-2.778943689,1,-1035.247513,4.608274858,168.2694621,189.924206,37.57355446,28.72750309,-37.08745975
0.07268600488,0.09804158798,0.9582447288,-2.527927977,1,-736.5072288,2.703452019,-675.0242585,0,-348.6842663,-471.9911189,-69.24012044
0.07268600488,0.1019052959,-0.5167686755,-3.563404434,1,-109.0807253,3.600680634,-527.2012266,0,339.5026707,-436.3616256,-98.25156883
0.07268600488,0.1057690038,1.84852782,-2.878905662,2,-71.94802391,3.421279426,302.149284,0,367.2565106,42.38522206,-57.29572663
0.07268600488,0.1096327117,0.6242170578,-2.559751976,2,-706.35166,2.634763199,-152.9671312,120.8624452,-231.4113966,-174.6975198,-76.29541982
0.07268600488,0.1134964196,-1.774714711,-2.794945787,1,32.30605025,3.310790579,21.27409719,0,461.4401148,149.1172206,-122.414439
0.07268600488,0.1173601275,2.531908016,-3.053700462,1,1233.140599,3.966817958,478.5460232,160.4931273,-739.9601362,-115.1187396,-50.33692806
0.07268600488,0.1212238354,0.1307905414,-0.5011985531,1,-691.5724146,0.5179827751,638.5898031,0,-551.3359712,-682.6808387,-75.37451373
0.07654971278,0.01690372206,1.722887104,-0.5687078939,1,-199.48225,1.814323191,280.8462989,0,-124.1444539,174.7477704,-18.26754272
0.07654971278,0.02076742997,1.097687578,-0.3637410325,1,-167.6219717,1.156384692,148.607181,7.787365108,-65.27785184,141.4883598,-18.33366172
0.07654971278,0.02463113787,0.823030216,-0.5412028483,1,-16.9417918,0.9850275425,100.8868546,0,-2.147123898,204.2596586,-33.32785929
0.07654971278,0.02849484577,1.023933583,-0.7631433524,1,97.4571221,1.277038668,85.32044802,0,153.0683239,190.9480611,-36.69736612
0.07654971278,0.03235855367,1.790987361,-0.9493170914,1,217.853275,2.027027051,73.63775768,0,278.4866465,185.4591989,-27.92593212
0.07654971278,0.03622226157,2.941646059,-1.195188738,1,146.3246096,3.175178366,128.1524213,0,235.7565371,263.162621,-22.1118729
0.07654971278,0.04008596947,3.267237306,-1.470957067,1,-1.404673662,3.583092841,137.2230811,0,77.73559735,263.2316687,-24.2379569
0.07654971278,0.04394967737,3.236566452,-1.682049113,1,100.2455094,3.647554197,62.27622484,0,161.8789723,157.0545601,-27.46097685
0.07654971278,0.04781338527,4.280009737,-1.837152869,1,-120.626597,4.657640391,319.3583152,0,-21.95998912,598.6001108,-23.23096176
0.07654971278,0.05167709317,2.685653533,-2.760957845,1,-253.5026317,3.851703924,253.3772996,0,-244.6206812,542.2381019,-45.79211534
0.07654971278,0.05554080107,2.355406757,-2.953226634,1,169.9374599,3.777497656,67.58509435,18.44943413,120.3253187,93.60427651,-51.42516677
0.07654971278,0.05940450897,3.807144123,-2.861488365,1,249.1123709,4.762610843,-8.599853192,33.10437481,174.141006,48.08064614,-36.92889701
0.07654971278,0.06326821687,3.990734173,-3.172223527,1,12.85606245,5.09793697,-86.49182343,0,-8.672282613,123.8041958,-38.48109119
0.07654971278,0.06713192477,3.823309027,-3.674010756,1,74.33617694,5.30245669,60.85376098,0,184.4722607,151.2011755,-43.85918827
0.07654971278,0.07099563267,4.990694379,-3.521299546,1,65.94940688,6.107911335,125.5866014,0,292.6773908,122.9686443,-35.2057638
0.07654971278,0.07485934057,5.208938218,-3.663895734,1,-156.0471304,6.368451092,147.0892403,0,237.4510433,141.7976956,-35.12202804
0.07654971278,0.07872304847,5.30521532,-3.500854563,1,-258.2076962,6.356201087,239.7098529,0,138.7768623,167.4031688,-33.42039088
0.07654971278,0.08258675637,4.747492362,-3.384523828,1,-290.5003394,5.830410386,251.0128546,17.2928358,112.8910056,54.89565742,-35.48536283
0.07654971278,0.08645046427,4.618984734,-2.743114999,1,-219.6630407,5.372122473,173.7566667,0,218.1348357,-75.55136011,-30.70515905
0.07654971278,0.09031417218,4.741587824,-2.421270435,1,-235.5815449,5.324021564,183.184203,18.92727498,107.6729442,35.75305996,-27.05092383
0.07654971278,0.09417788008,4.124783263,-2.173484127,1,-965.3565151,4.662388895,240.5334237,156.2878286,-410.4282123,302.2036476,-27.78622288
0.07654971278,0.09804158798,-0.5740424964,-2.659546167,1,-914.721687,2.720792274,464.2970073,133.2245672,-329.2779816,446.5245234,-102.1799988
0.07654971278,0.1019052959,-0.6816680853,-2.10481644,1,261.9806529,2.212447429,465.1161515,0,1001.821999,255.0091546,-107.9451197
0.07654971278,0.1057690038,4.308921795,-1.847754103,1,-45.77435639,4.688390156,39.74979417,0,371.9365375,-151.7122561,-23.21064691
0.07654971278,0.1096327117,0.5785273107,-1.365063004,1,-723.1053287,1.482595985,111.076545,127.8833446,-195.2202472,-107.2552485,-67.03228492
0.07654971278,0.1134964196,0.7607800121,-1.004183827,1,-296.0431213,1.259829903,359.2658068,0,369.6048318,181.6782134,-52.85205581
0.07654971278,0.1173601275,0.8627482729,-0.6789164164,1,-494.3006181,1.097844289,-233.1512617,70.46026114,215.7701135,-404.3408488,-38.20001934
0.07654971278,0.1212238354,-0.3153804987,-0.3427572669,1,-335.0358444,0.4657761297,14.28301626,0,-274.8077576,-159.7255569,-132.6180223
0.08041342068,0.01690372206,2.235660883,-0.3716238672,1,-388.3952438,2.266337107,48.49477283,0,-264.0088566,-87.21511429,-9.437727099
0.08041342068,0.02076742997,0.9753114445,-0.1094521856,1,-141.34713,0.9814337444,22.63773773,22.18698853,-72.43104228,35.54303515,-6.403102616
0.08041342068,0.02463113787,1.40968447,-0.4214861668,1,51.6335224,1.471346626,18.69168764,0,119.2984925,128.2842425,-16.64631079
0.08041342068,0.02849484577,1.635742821,-0.5328858056,1,47.68228294,1.720355155,37.00138353,0,147.2611648,135.3658341,-18.04436802
0.08041342068,0.03235855367,2.162889009,-0.8015376717,1,243.9537561,2.30663207,22.86836957,0,310.6396157,133.6712618,-20.33403036
0.08041342068,0.03622226157,3.778529613,-0.9609958156,1,221.4514931,3.898820205,7.814430011,0,254.5629675,125.7506696,-14.26953557
0.08041342068,0.04008596947,4.002069841,-1.257208852,1,-107.3631682,4.194894172,87.02375219,10.98588668,-21.61663141,258.4432553,-17.43957199
0.08041342068,0.04394967737,3.280189342,-1.623310704,1,188.7855794,3.659887944,168.5402444,0,269.5060373,306.9454729,-26.33003613
0.08041342068,0.04781338527,5.772774782,-1.791966227,1,166.406806,6.044507559,-42.02955828,0,272.190505,178.4458733,-17.24522032
0.08041342068,0.05167709317,4.974801238,-2.475163371,1,-478.9949716,5.556534988,77.61096352,78.50008472,-213.0719022,332.2207552,-26.45218921
0.08041342068,0.05554080107,3.098830534,-2.77570409,1,-352.7800935,4.160202384,71.55126838,61.93218316,-92.37430529,216.4731417,-41.85164098
0.08041342068,0.05940450897,3.254854671,-3.035099158,1,17.00573213,4.450382661,-172.2284386,0,169.9846626,-46.59374526,-42.9990403
0.08041342068,0.06326821687,3.821306799,-3.261119847,1,95.05408483,5.023672791,-19.05134096,0,314.5265944,15.26996339,-40.47758594
0.08041342068,0.06713192477,4.837354777,-3.167706653,1,-50.53681131,5.782245816,74.26501457,0,350.4825149,24.9396422,-33.21849308
0.08041342068,0.07099563267,4.980209384,-3.070541016,1,-142.7148665,5.850701466,-58.0694754,0,258.3089569,-147.69857,-31.65584896
0.08041342068,0.07485934057,5.283976577,-2.821406012,1,-125.3072416,5.990053451,-9.450617198,0,350.5180621,-79.87048553,-28.10021326
0.08041342068,0.07872304847,5.85035821,-2.798459215,1,-220.9902122,6.485218976,56.4194851,0,279.1139702,-8.608801013,-25.56364589
0.08041342068,0.08258675637,5.5085498,-2.570155709,1,-298.9954513,6.078636464,169.8903829,33.83186473,165.743527,-25.89506518,-25.01261536
0.08041342068,0.08645046427,5.335511698,-2.042001432,1,-117.6747574,5.71292,225.9348132,0,156.5817666,11.29295492,-20.94279549
0.08041342068,0.09031417218,5.658875119,-1.740842265,1,-192.87414,5.920591136,335.3720717,0,306.1228901,-28.82176679,-17.09949094
0.08041342068,0.09417788008,5.773071788,-0.6348628211,1,-448.8463498,5.807874712,355.493743,43.4838618,143.0566586,-26.2374323,-6.275581692
0.08041342068,0.09804158798,4.477393073,-0.2659445074,1,-845.2094778,4.485284296,755.4955681,69.53812474,-62.59378242,773.6156642,-3.399213789
0.08041342068,0.1019052959,2.265585159,-0.7048735796,2,-774.1956051,2.372703706,457.2418492,116.1888916,-18.16644219,715.8142618,-17.28207166
0.08041342068,0.1057690038,1.415937571,-1.264992781,1,-435.9022716,1.898706386,-146.2091982,76.35367911,14.90674871,-194.0169953,-41.77747016
0.08041342068,0.1096327117,0.6389814313,-0.5201582163,1,-327.041106,0.823930725,275.7720617,31.75305245,42.18453152,6.104613924,-39.14706332
0.08041342068,0.1134964196,0.3153349738,-0.2230765323,1,-211.1634306,0.3862632327,-134.1143091,27.94491834,63.59618855,-188.4568358,-35.27662629
0.08041342068,0.1173601275,0.06882471237,-0.3101945663,1,-178.7545632,0.3177381154,-126.4427187,23.35474995,-14.45153447,-114.6876152,-77.49010027
0.08041342068,0.1212238354,-0.431156952,-0.2684948185,1,-172.3693466,0.5079230107,70.10413288,0,-86.4398995,48.51878074,-148.0881965
0.08427712858,0.01690372206,1.573283015,-0.08811522708,1,-118.4029134,1.575748628,-148.9431496,0,-11.42156185,-144.1010791,-3.205629008
0.08427712858,0.02076742997,1.322481089,-0.09746939996,1,-29.30681403,1.326068066,-22.75226631,0.851204592,-17.89673789,26.85032959,-4.215187914
0.08427712858,0.02463113787,1.390902278,-0.2797651687,1,27.09959179,1.418759211,-62.85138858,0,67.99793728,9.858621314,-11.37268742
0.08427712858,0.02849484577,1.689910164,-0.3783996396,1,107.3013248,1.731757099,-35.6078623,0,152.7878225,70.9988613,-12.62130929
0.08427712858,0.03235855367,2.395810771,-0.6916624089,1,193.2278679,2.493653172,-37.01287664,0,264.3099354,141.2759721,-16.10324869
0.08427712858,0.03622226157,3.457702589,-1.067255673,1,273.9200711,3.618665758,-157.6272879,0,297.0884518,-41.67776546,-17.15338268
0.08427712858,0.04008596947,4.602020912,-1.139657495,1,148.2130152,4.741035297,-133.4768625,0,270.0385262,-55.07725851,-13.90906186
0.08427712858,0.04394967737,5.073704374,-1.370168842,1,-65.38226006,5.255457995,67.19295306,0,118.4560493,141.9341261,-15.11240285
0.08427712858,0.04781338527,4.807082531,-1.428435556,1,-205.5662831,5.014825082,-273.2023539,0,-2.674301629,-179.1631697,-16.54943718
0.08427712858,0.05167709317,4.269123582,-1.733508781,2,-353.3724031,4.607653291,-215.7382035,52.05653887,6.857185185,-81.49949025,-22.0999707
0.08427712858,0.05554080107,3.468248946,-1.947094733,2,-397.8568038,3.977427391,-11.95505364,73.15841369,59.46567993,127.0082675,-29.3101026
0.08427712858,0.05940450897,2.961679123,-2.270422463,1,-171.6664395,3.731804039,-13.43472138,0,303.1140287,84.17905654,-37.47376461
0.08427712858,0.06326821687,3.976124035,-2.324245858,1,-71.53782481,4.60561409,-16.42702705,0,393.7484452,-54.17140359,-30.30844855
0.08427712858,0.06713192477,4.206606843,-2.124589217,1,-267.0238879,4.712687181,-51.10069911,0,323.8456577,-142.3045984,-26.79651871
0.08427712858,0.07099563267,4.195666756,-1.971860631,1,-221.4088653,4.635930745,20.7541413,0,391.5099034,-56.66979329,-25.17237531
0.08427712858,0.07485934057,4.863827568,-1.825445749,1,-111.3042664,5.195100653,39.74854849,0,446.2869088,-64.62335524,-20.57164263
0.08427712858,0.07872304847,5.489941838,-1.568598082,1,-246.240347,5.709637583,-65.16360621,0,360.1259336,-126.3839649,-15.94581342
0.08427712858,0.08258675637,5.303848208,-1.588908166,1,-291.5486214,5.536735047,-182.4718622,0,303.3563717,-152.7414009,-16.67697923
0.08427712858,0.08645046427,5.535563536,-1.6834679,1,-188.0245749,5.78589041,-58.17332441,0,349.0513572,-341.7394029,-16.91549266
0.08427712858,0.09031417218,5.926008659,-0.4932916678,1,-319.5797692,5.94650446,119.4927077,15.96964506,283.699711,-345.5849198,-4.758433732
0.08427712858,0.09417788008,5.396933471,0.1134562035,1,-296.0203829,5.398125897,15.21597179,48.16149523,142.796583,-206.7324696,1.204314318
0.08427712858,0.09804158798,5.333996653,0.3642522788,1,-417.7498537,5.346419364,237.1101278,63.90853987,17.54998547,55.21148937,3.906595457
0.08427712858,0.1019052959,3.850678079,0.8162594097,1,-592.2468195,3.936242001,282.525827,96.81341014,-13.28795424,404.2255052,11.96828537
0.08427712858,0.1057690038,2.994387163,-0.1059597292,1,-601.2896158,2.996261328,232.5777373,102.9449366,36.27236146,427.9192124,-2.026629439
0.08427712858,0.1096327117,1.667616449,0.06151700886,1,-652.8111566,1.66875072,399.241516,84.30919946,-247.8593708,356.9591237,2.11263656
0.08427712858,0.1134964196,-0.4855406689,0.05740708413,1,-393.1991924,0.4889226058,164.4800457,65.61965139,-56.24610655,191.8150612,173.2570339
0.08427712858,0.1173601275,-0.06890890333,-0.04409750638,1,-157.9546316,0.08181092242,61.10835293,0,320.6181856,78.74893787,-147.3832296
0.08427712858,0.1212238354,0.1429437898,-0.01075098329,1,-18.7819908,0.1433475172,89.39262562,0,128.4448839,72.13121562,-4.301190036
0.08814083648,0.01690372206,1.103423581,0.04172082611,1,-34.49943448,1.104212039,-155.8235992,0,-23.62008195,-100.3909355,2.165341701
0.08814083648,0.02076742997,0.9911451639,-0.06536698428,1,-0.02291114238,0.9932983331,-134.4360721,0,26.29620028,-55.44776858,-3.773247908
0.08814083648,0.02463113787,1.204935896,-0.2634669062,1,81.36758017,1.233403958,-73.90427684,0,120.8573704,1.611856448,-12.33396742
0.08814083648,0.02849484577,1.772483303,-0.3571392651,1,158.0372558,1.808105504,-15.19555953,0,194.1620547,52.98516901,-11.39204596
0.08814083648,0.03235855367,2.565731155,-0.5268973257,1,109.2181722,2.619274165,63.34905158,0,210.6791471,196.4700608,-11.6048932
0.08814083648,0.03622226157,3.008473104,-0.87147996,1,-2.445034605,3.132153849,134.2090616,0,185.6422788,201.4018576,-16.15498997
0.08814083648,0.04008596947,3.273551794,-0.7865106625,1,72.58028839,3.366710616,-164.7849619,0,206.8720446,-154.0353874,-13.50993565
0.08814083648,0.04394967737,4.08819529,-0.9130131759,1,14.61393312,4.188906038,-217.2896897,0,179.866281,-159.9509316,-12.58923119
0.08814083648,0.04781338527,4.024966534,-1.008050875,2,-140.1317023,4.149279717,-206.949407,0,72.36424042,-162.8652544,-14.06048064
0.08814083648,0.05167709317,3.826361612,-1.083341465,2,-211.2025813,3.976766515,-103.7633454,30.20078334,86.55444499,-103.584056,-15.80818303
0.08814083648,0.05554080107,3.543362545,-1.008743597,1,-227.1805625,3.684152788,16.11291387,31.60159276,150.0081927,46.48390732,-15.89087961
0.08814083648,0.05940450897,3.528190117,-1.200686112,1,-232.8009019,3.726898529,38.28923284,0,234.1396521,155.9601398,-18.79406547
0.08814083648,0.06326821687,3.548535085,-1.46338961,1,-163.7840476,3.838438536,-23.68497099,0,309.2150942,-105.4527441,-22.41088852
0.08814083648,0.06713192477,4.090093201,-0.884759321,1,-120.9428514,4.18469371,64.07384907,0,455.5713337,-132.8840219,-12.2060204
0.08814083648,0.07099563267,4.841441795,-0.7024019274,1,-198.0057669,4.892129099,70.24211875,0,482.130348,13.89139457,-8.2549408
0.08814083648,0.07485934057,5.18786759,-0.6670365828,1,-286.196243,5.23057434,-44.99118886,0,355.7751445,-108.8585691,-7.326678661
0.08814083648,0.07872304847,5.110274347,-0.4556370258,1,-417.0113622,5.130546657,-106.9794711,68.43630058,164.7966638,-209.3215751,-5.09507447
0.08814083648,0.08258675637,4.213383667,-0.271616587,1,-497.3634532,4.222129498,-156.2735691,82.93434129,155.7463726,-282.7686687,-3.688479597
0.08814083648,0.08645046427,3.790365733,0.03310308974,1,-332.2658474,3.790510283,-180.9692698,0,480.2939077,-403.9856151,0.5003789198
0.08814083648,0.09031417218,4.785320853,0.5900534285,1,-96.38387592,4.821561854,-87.87345897,0,418.0288555,-353.8083313,7.029367641
0.08814083648,0.09417788008,5.033107982,1.060597757,1,-118.0492269,5.14364108,14.48964312,0,330.6733649,-199.2618912,11.89951548
0.08814083648,0.09804158798,5.606838415,1.41592692,1,-266.0513523,5.782861407,17.65270834,22.42878247,236.5159221,-104.369095,14.17290095
0.08814083648,0.1019052959,4.918991707,1.532054362,1,-411.8365819,5.152054928,73.80057797,75.34939127,-12.35013282,130.1108525,17.29956526
0.08814083648,0.1057690038,3.967904854,1.198360468,1,-468.5574553,4.144916976,79.05938531,83.1244644,117.0112398,205.2586678,16.80502016
0.08814083648,0.1096327117,3.560719817,1.044457198,1,-502.6376519,3.710743383,278.650383,76.15360857,-86.42076535,309.5918266,16.34786611
0.08814083648,0.1134964196,1.691955193,1.078811768,1,-659.6656043,2.006625826,596.1817519,48.82301009,-104.2449866,468.2181937,32.52209322
0.08814083648,0.1173601275,0.6091924318,1.538871009,1,-540.6098791,1.655064772,52.96587201,95.98714747,152.6325158,254.4471867,68.40288729
0.08814083648,0.1212238354,0.1929239895,0.3003468204,1,-114.7277129,0.3569704164,-260.0956502,0,-100.7484323,381.0108827,57.28585066
0.09200454438,0.01690372206,0.5833448927,-0.04608058676,1,23.97497624,0.5851621009,-161.1092585,0,-21.13806332,-187.1467059,-4.516628103
0.09200454438,0.02076742997,0.5888253942,0.004219958782,1,58.22030234,0.5888405156,-72.73553902,0,78.4982601,-51.74338085,0.4106169518
0.09200454438,0.02463113787,1.111585483,-0.1271881541,1,130.8029168,1.118838287,-21.40608557,0,191.9680624,41.49823689,-6.52742408
0.09200454438,0.02849484577,1.835918177,-0.2388239689,1,269.467897,1.851386626,99.75163586,0,322.732783,144.3871748,-7.41165687
0.09200454438,0.03235855367,3.399675928,-0.2996468387,1,350.7723505,3.41285579,250.8713959,0,404.5867625,277.1977301,-5.037023258
0.09200454438,0.03622226157,4.754405149,-0.3405412344,1,-68.20742564,4.76658543,246.1649502,0,60.57648676,329.2836913,-4.096897536
0.09200454438,0.04008596947,3.37019221,-0.6207933755,1,-188.1357162,3.426890711,-92.08849551,23.22359586,-106.4642829,9.146074011,-10.43695732
0.09200454438,0.04394967737,3.616156805,-0.7316820405,1,-53.95976496,3.689437444,-134.8596013,0,56.03924221,-138.3226147,-11.4386204
0.09200454438,0.04781338527,3.378226702,-0.6074133031,2,-135.7965233,3.432399536,-190.5627259,0,97.44915853,-229.0282203,-10.19300757
0.09200454438,0.05167709317,3.467993789,-0.5830626061,2,-77.6087772,3.51666645,-97.23998615,0,163.5050418,-127.6940854,-9.543699815
0.09200454438,0.05554080107,3.710104778,-0.4897475592,1,-81.58562949,3.742289425,24.83172827,0,144.7912796,-5.388478207,-7.519778705
0.09200454438,0.05940450897,3.712201959,-0.4663005555,1,-175.2738325,3.741374025,58.77483839,22.04938819,114.9868855,60.57822973,-7.159591616
0.09200454438,0.06326821687,3.477173625,-0.4967153366,1,-184.9134269,3.512472426,130.2692722,0,244.0645018,-17.04873558,-8.129718792
0.09200454438,0.06713192477,3.940744434,0.102893195,1,-92.01572338,3.942087481,126.8378235,0,362.1087216,-171.503049,1.495658186
0.09200454438,0.07099563267,4.520734076,0.6559866495,1,-279.442546,4.56808002,-51.15552952,0,364.5039991,-194.0366665,8.256347974
0.09200454438,0.07485934057,4.269397043,0.6549441728,1,-345.374675,4.319340572,-190.4664092,12.68660875,279.9227579,-196.510224,8.72143365
0.09200454438,0.07872304847,4.267846987,0.6793381844,1,-367.0479746,4.321575901,-87.72237119,55.41678103,195.7410813,-160.0811681,9.044229525
0.09200454438,0.08258675637,3.607517245,0.934517428,1,-452.0968252,3.726594088,67.22539562,74.82824301,195.2507367,-133.7958722,14.52307241
0.09200454438,0.08645046427,3.275468725,1.456025645,1,-258.4556863,3.584509178,48.10646854,0,416.8429162,-96.76251568,23.96631251
0.09200454438,0.09031417218,4.219479237,1.494248867,1,-59.9627922,4.476246721,-9.820954128,0,424.2653708,-111.0614183,19.50063831
0.09200454438,0.09417788008,4.683027477,1.847189226,1,-83.40913287,5.034168689,48.44168548,0,285.1507366,-161.6612989,21.52642748
0.09200454438,0.09804158798,4.998949865,2.306025428,1,-64.21868347,5.50520236,-260.0306904,0,52.70249375,-392.6931861,24.76396917
0.09200454438,0.1019052959,4.638532283,2.359758359,1,-221.0660915,5.204271444,-246.4790677,0,-13.43424259,-207.7808101,26.9637847
0.09200454438,0.1057690038,4.092909071,2.156506664,1,-299.737792,4.626275571,-45.7779859,50.46683416,119.0513168,132.8330518,27.78422983
0.09200454438,0.1096327117,3.940412522,1.669657482,1,-298.9504449,4.279556864,143.0727856,35.83145527,178.3618101,130.9384707,22.96366408
0.09200454438,0.1134964196,3.62698981,2.203390113,1,-599.8298131,4.24381704,488.7170191,59.98276552,-130.4446368,239.0265263,31.27860919
0.09200454438,0.1173601275,1.11884536,2.634388612,1,-531.1541193,2.862135269,-7.067175969,87.21673626,-249.6670398,552.0147461,66.98869054
0.09200454438,0.1212238354,0.610124929,0.04326087327,1,-106.7954145,0.611656711,-437.2165848,0,-156.5373448,904.0482338,4.055766261
0.09586825228,0.01690372206,-0.2421357398,-0.1325827813,1,200.8720703,0.2760578026,-142.1687912,0,188.5625024,-217.5181221,-151.296844
0.09586825228,0.02076742997,0.5101949778,0.01298112135,1,195.444742,0.5103600933,-51.49664181,0,199.1766628,-78.78652356,1.45748795
0.09586825228,0.02463113787,1.2825661,-0.02714264955,1,268.2848364,1.282853275,1.723728572,0,302.5578448,44.25293362,-1.212356354
0.09586825228,0.02849484577,2.715764355,-0.1513393042,1,395.7204162,2.719977871,40.87050604,0,464.455869,116.4019683,-3.189578761
0.09586825228,0.03235855367,4.606036009,-0.3189741569,1,289.442786,4.617067492,-42.93376156,0,361.7643642,14.66822124,-3.961484716
0.09586825228,0.03622226157,5.231838566,-0.3738965402,1,-270.1663021,5.245181923,-284.4688771,0,-157.6480013,-245.1331024,-4.087728218
0.09586825228,0.04008596947,2.953086505,-0.4709561004,1,-354.3469407,2.99040458,-92.24952544,49.54099636,-214.8315839,-62.71504571,-9.061184041
0.09586825228,0.04394967737,3.032699004,-0.4880091429,1,-172.5291192,3.071712254,-21.54670043,31.34384932,30.36080868,-115.782191,-9.141430532
0.09586825228,0.04781338527,2.40378968,-0.1068576911,2,-194.446638,2.406163626,-361.7010882,0,174.9273206,-448.7317475,-2.545341864
0.09586825228,0.05167709317,2.957282063,-0.1517480972,2,53.65520058,2.961172856,-149.6446254,0,260.7308593,-142.5965633,-2.937462946
0.09586825228,0.05554080107,3.618485584,-0.1340893443,1,79.81262877,3.62096919,-11.10243772,0,187.302141,-29.87834326,-2.122224772
0.09586825228,0.05940450897,3.98933551,-0.07920348263,2,-24.37039037,3.990121677,162.617303,0,119.4864271,77.68719046,-1.137389711
0.09586825228,0.06326821687,3.985986167,0.1940558026,2,-135.9870106,3.990707127,262.9327204,0,117.3997635,17.30122034,2.787216546
0.09586825228,0.06713192477,3.917519816,0.869844885,2,-179.3372263,4.012928062,194.1240281,0,155.552976,-217.8024594,12.51884115
0.09586825228,0.07099563267,3.89409077,1.785619427,1,-190.7939767,4.283967748,62.10691304,22.75705218,132.6071502,-165.4167991,24.63362968
0.09586825228,0.07485934057,3.692702915,1.748930049,1,-173.5909574,4.08592843,-66.36113966,0,240.5585156,-49.07103057,25.34307089
0.09586825228,0.07872304847,4.152833854,1.718815496,1,-202.8818386,4.494480585,31.18393385,0,271.0732968,-93.20829907,22.48416367
0.09586825228,0.08258675637,3.956174791,2.229545302,1,-362.7279569,4.541166285,142.8712453,46.56821043,220.2583685,-96.13340086,29.40390628
0.09586825228,0.08645046427,3.60237298,2.642259635,1,-202.0492465,4.467507926,67.39833747,0,295.7654108,7.501390959,36.25920997
0.09586825228,0.09031417218,4.318266675,2.460969608,1,-107.295026,4.97029159,-69.30921544,0,364.3764393,-28.50535466,29.67870959
0.09586825228,0.09417788008,4.595660468,2.484605436,1,-354.1009488,5.224304672,-92.1347203,63.28149062,34.88358278,61.42073116,28.39750224
0.09586825228,0.09804158798,3.084904016,1.867676197,1,-201.6881576,3.606223394,-109.3945743,2.550665981,-168.8875371,-70.48835713,31.1917361
0.09586825228,0.1019052959,3.163864228,2.334283177,1,159.6423501,3.93178265,218.7379676,0,155.9498775,-26.8196895,36.41972038
0.09586825228,0.1057690038,4.3042602,2.816439256,1,84.31723988,5.143829891,10.58488462,0,292.4076788,-132.896239,33.19823196
0.09586825228,0.1096327117,4.619419273,2.888652328,1,-191.1801804,5.448242532,73.75261001,0,242.8102427,54.09798622,32.0188963
0.09586825228,0.1134964196,4.503743679,2.892378982,1,-466.9179184,5.352528683,11.23948841,86.71238919,-26.05635865,79.10110562,32.70925045
0.09586825228,0.1173601275,2.714710664,2.626454862,2,-613.8692924,3.777289919,-85.85500399,112.9037793,-35.01996726,634.7534173,44.05334803
0.09586825228,0.1212238354,1.99662512,0.108158531,1,-231.8356981,1.999552484,-383.7953378,0,-139.8722894,919.769215,3.100720453
0.09973196018,0.01690372206,-0.8063802757,-0.0936411612,1,216.8380283,0.811799123,5.566403805,0,244.8063804,-52.55402081,-173.3761777
0.09973196018,0.02076742997,0.08544929881,0.01863901067,1,270.9775539,0.08745853524,-55.43787468,0,271.404584,-81.0282928,12.30515301
0.09973196018,0.02463113787,1.289225876,0.005232739442,1,281.7828859,1.289236495,-53.35335637,0,328.543733,-55.45256591,0.2325521421
0.09973196018,0.02849484577,2.443573078,0.02674974314,1,213.9281451,2.443719488,-164.4363765,0,304.0303324,-157.8494073,0.6271906417
0.09973196018,0.03235855367,3.290466137,-0.02021738543,1,-57.14747888,3.290528246,-357.5795156,0,125.6321381,-375.0360293,-0.352034099
0.09973196018,0.03622226157,2.708177797,0.0941966131,1,-151.5100279,2.709815489,-395.5016128,0,17.18005824,-379.5766502,1.992075073
0.09973196018,0.04008596947,2.771454372,-0.08174678926,1,-2.074030328,2.772659711,245.5904724,0,99.74711937,256.4534147,-1.689505865
0.09973196018,0.04394967737,3.085558083,0.05222537698,1,-453.2059079,3.086000028,27.29524851,75.47953784,-200.1828794,-206.0263667,0.969681305
0.09973196018,0.04781338527,0.2469509521,0.8197397788,1,-230.1070307,0.8561297084,-340.0935561,0,36.84736857,-382.7447812,73.23479388
0.09973196018,0.05167709317,2.338859199,0.2170172526,2,372.5114871,2.348905882,-162.0237069,0,482.8368322,69.4066401,5.301162064
0.09973196018,0.05554080107,3.551767011,-0.07443948144,1,227.740947,3.552546993,-35.50245753,0,368.0103854,-2.503822785,-1.200654148
0.09973196018,0.05940450897,4.640668329,0.08952016682,1,35.21269999,4.641531687,65.53540679,0,225.7150747,-78.55846371,1.105119199
0.09973196018,0.06326821687,4.559915716,0.4822971444,1,-224.6561771,4.58535079,76.60411623,39.1201495,19.82432729,-261.7472764,6.037662227
0.09973196018,0.06713192477,3.849257892,1.396811116,1,-152.5082243,4.094858681,145.5028395,4.411541378,39.05739569,-222.8523859,19.94472216
0.09973196018,0.07099563267,4.121574853,1.905514139,1,-39.32595201,4.540744807,126.3422295,0,32.63366611,-95.79817813,24.81236156
0.09973196018,0.07485934057,3.823400855,2.255096764,1,-129.20628,4.438902512,104.1328005,0,105.0398837,-52.46502269,30.53271469
0.09973196018,0.07872304847,4.028202957,2.510562385,1,-173.143232,4.746508459,67.57250158,0,164.0063534,-173.6231477,31.93306917
0.09973196018,0.08258675637,3.788098624,3.187006299,1,-219.1598172,4.950424258,90.66636806,32.20572728,99.23782239,-134.2144217,40.0746009
0.09973196018,0.08645046427,3.564859398,3.379436069,1,-136.1660535,4.912108577,4.627944213,0,150.0008688,-28.92617996,43.47047834
0.09973196018,0.09031417218,3.841552309,3.316649634,1,-90.80279052,5.07520334,-76.98823555,0,349.4916516,-69.39857402,40.80607304
0.09973196018,0.09417788008,4.564357594,3.350111834,1,-174.785571,5.661855663,-197.5405239,0,294.4588133,31.22733648,36.27763593
0.09973196018,0.09804158798,4.303934761,2.432757444,1,-89.78808195,4.943901618,10.33031472,0,300.9041595,270.3448232,29.47688446
0.09973196018,0.1019052959,5.380048451,2.345491724,1,-168.5671892,5.86909301,228.189135,0,-8.361567741,91.59757413,23.55532782
0.09973196018,0.1057690038,3.620333725,2.960507337,1,-125.4735579,4.676688997,79.47174904,0,-119.2805992,-179.6001089,39.27438835
0.09973196018,0.1096327117,4.434389881,3.346469708,1,38.73598051,5.555418357,-19.97653269,0,53.32733309,-264.8819685,37.04050206
0.09973196018,0.1134964196,3.976039477,3.906750404,1,-393.5991421,5.574189506,16.88652936,71.46021654,84.37250934,-377.6628656,44.49638779
0.09973196018,0.1173601275,3.239628497,4.870893322,1,-486.1575979,5.849854234,-588.0424845,0,150.9697219,319.9375886,56.37214293
0.09973196018,0.1212238354,2.680971433,0.398580622,1,-236.5348145,2.710438034,-674.6569266,0,-52.64701726,1640.379725,8.456237096
0.1035956681,0.01690372206,-0.4236821669,-0.02452123843,1,84.71940883,0.4243911753,135.9121495,0,125.7580629,115.6454626,-176.6876163
0.1035956681,0.02076742997,-0.01707043165,0.01463104061,1,162.972975,0.02248259296,22.66161038,0,169.8301246,-23.42076642,139.4001719
0.1035956681,0.02463113787,0.8621717984,0.1535276049,1,188.1997342,0.875734512,-107.9913541,0,196.8233307,-155.1373063,10.09687065
0.1035956681,0.02849484577,1.470546226,0.1967892286,1,102.665775,1.483655015,-194.7288127,0,133.7008875,-255.2161203,7.622066555
0.1035956681,0.03235855367,1.77542354,0.3872328933,1,30.48340084,1.81716209,-250.2822411,0,167.9312702,-271.2681572,12.30394199
0.1035956681,0.03622226157,2.237162558,0.2778726785,1,371.5570532,2.254353463,-144.3572012,0,435.2880754,-24.06295919,7.080311479
0.1035956681,0.04008596947,4.892837438,-0.07754891989,1,-42.32947769,4.893451954,118.3320449,0,69.49809791,63.53358238,-0.9080321742
0.1035956681,0.04394967737,2.342134171,0.4895979312,2,-813.8293414,2.392759622,-39.37219943,110.8111681,-553.2211935,-298.7409396,11.80704614
0.1035956681,0.04781338527,-0.3890465142,0.9245761306,1,-30.04418663,1.003094318,50.28644569,0,96.63892057,105.9534698,112.820562
0.1035956681,0.05167709317,2.59943677,0.2745168102,1,400.5514479,2.613891926,18.38537111,0,598.666669,152.1183942,6.028448454
0.1035956681,0.05554080107,3.471640418,0.4078707926,1,35.26507249,3.495517956,56.43508962,0,311.4437072,-42.51784558,6.700761429
0.1035956681,0.05940450897,3.939018222,0.6568420477,1,-203.4093555,3.993407821,-87.5633778,19.32616163,151.3885124,-276.7045565,9.467120016
0.1035956681,0.06326821687,3.270647076,1.138657059,1,-196.3684036,3.463188155,-55.48260334,27.97673492,113.454667,-302.1773487,19.19526974
0.1035956681,0.06713192477,3.618663763,1.609998484,1,7.199906676,3.960659357,75.03311604,0,184.7030545,-164.3724852,23.98500794
0.1035956681,0.07099563267,4.012104063,2.063650372,1,-14.64451807,4.511721608,73.8898991,0,85.47501571,-196.3143568,27.2193027
0.1035956681,0.07485934057,3.892332116,2.653988803,1,-109.5114242,4.711040847,91.28105773,8.464564384,39.88428493,-156.6188005,34.28814306
0.1035956681,0.07872304847,3.743085135,3.021463013,1,-110.437516,4.810397599,8.71927752,13.36845464,83.41314287,-199.8244313,38.91088294
0.1035956681,0.08258675637,3.787917832,3.459740778,1,-81.35046713,5.130119662,-3.490324166,14.62641258,20.63328907,-191.5123072,42.40739374
0.1035956681,0.08645046427,3.508491694,3.747925034,1,-108.1458569,5.133853916,-16.80930195,7.459361246,99.02326533,-198.6030509,46.88985073
0.1035956681,0.09031417218,3.752670803,4.162138722,1,-94.32826997,5.604100008,-134.5802645,0,209.3947316,-276.8538657,47.96152252
0.1035956681,0.09417788008,3.953074891,4.297628671,1,-132.4707447,5.839213413,-436.0878984,0,240.3153261,-232.9302463,47.39131284
0.1035956681,0.09804158798,4.169350764,3.377196897,1,-882.6528046,5.365533028,193.9796486,0,998.1770065,541.9246285,39.00766156
0.1035956681,0.1019052959,4.399426663,2.953270903,1,-686.3771634,5.298751172,381.7424255,0,621.1658933,520.6840512,33.87288543
0.1035956681,0.1057690038,3.917393464,2.84036704,1,-639.6709017,4.838766008,-30.46637817,90.90366133,411.7506101,-28.33323285,35.9445735
0.1035956681,0.1096327117,3.518809231,2.945029052,1,1.419325857,4.588596139,4.404829251,0,-210.4372399,-487.0284873,39.92728033
0.1035956681,0.1134964196,3.109809299,4.739121827,1,-418.5797251,5.66834981,8.850959306,77.11983023,-57.64094662,-545.8233907,56.72713514
0.1035956681,0.1173601275,1.67883166,5.088128721,1,361.9218283,5.357940801,-813.9187825,0,315.6880465,200.773493,71.73965711
0.1035956681,0.1212238354,5.727895926,0.8186472658,1,962.9211203,5.78610189,-1379.257006,0,1133.02628,830.7865921,8.133792313
0.107459376,0.01690372206,0.1655648576,0.06492021073,1,-52.33577225,0.1778380045,77.5438519,0,9.34664465,87.78643607,21.41081458
0.107459376,0.02076742997,0.08251614161,0.04513303405,1,-9.036573359,0.09405266816,21.82665642,0,36.73243868,28.65129584,28.67689809
0.107459376,0.02463113787,0.2725735912,0.03855179751,1,85.50213022,0.2752864031,-84.07961796,0,75.63871166,-110.3567903,8.050305841
0.107459376,0.02849484577,0.7051172855,0.1466603525,1,115.3815,0.720208057,-79.12736395,0,144.1552396,-201.3646676,11.74966868
0.107459376,0.03235855367,1.275347743,0.5108410334,1,148.7107585,1.373852403,-107.0636221,0,201.2986734,-157.2160456,21.8285896
0.107459376,0.03622226157,2.057451493,0.3404346674,1,205.0942153,2.085426193,-154.7387361,0,363.9918406,-113.1934797,9.395277729
0.107459376,0.04008596947,3.474130033,0.3503222981,1,-163.8160065,3.491748158,-317.507718,0,91.79611695,-503.5219013,5.758094582
0.107459376,0.04394967737,1.779187676,1.059139137,1,-455.8992327,2.070575886,25.90077172,73.81364382,-223.1152664,-222.2763751,30.76507006
0.107459376,0.04781338527,0.8506163481,1.309206301,1,61.67283158,1.561271696,299.4233204,0,253.6844106,319.265022,56.98744779
0.107459376,0.05167709317,2.997635944,0.9824765976,1,146.6255302,3.154533487,-13.89575719,0,566.4001176,68.0390623,18.14658136
0.107459376,0.05554080107,3.605539177,0.9926340916,1,-183.3681168,3.739683836,-17.2480737,0,244.3477496,-140.9320857,15.39266093
0.107459376,0.05940450897,3.233243433,1.460355492,1,-232.3310922,3.547745941,-53.88492766,35.43270431,121.6816709,-231.623234,24.30721389
0.107459376,0.06326821687,3.178022134,1.67936299,1,-113.1291327,3.594451938,31.53680397,0,183.225848,-129.5198685,27.85332725
0.107459376,0.06713192477,3.504076666,2.08263143,1,-60.24621945,4.076261394,33.41034401,0,182.0308851,-125.2413445,30.72493304
0.107459376,0.07099563267,3.648562509,2.292346772,1,-44.81760584,4.308928185,37.27592946,0,62.12694634,-156.7570395,32.14063917
0.107459376,0.07485934057,3.570954902,2.832318145,1,-62.93630455,4.557822395,27.85760947,8.904061444,-29.91078777,-222.4713388,38.41984297
0.107459376,0.07872304847,3.289828465,3.259544708,1,-95.63269048,4.63115569,-67.46490053,9.722268196,-43.1690768,-261.2485968,44.73507097
0.107459376,0.08258675637,3.034665417,3.581041744,1,-102.5020993,4.693938023,-105.6974268,0,-41.72709468,-343.89668,49.72121455
0.107459376,0.08645046427,2.732568988,4.179877044,1,-167.2309287,4.993826727,-123.3890579,19.94413818,-35.36575487,-358.6824275,56.82559393
0.107459376,0.09031417218,2.25189101,4.490146595,1,-135.0826667,5.023189182,-235.0681077,0,-59.83426397,-393.0953947,63.36539406
0.107459376,0.09417788008,1.979466903,4.790448321,1,605.7338983,5.183308243,413.5809629,0,661.2777514,-934.7579862,67.54903787
0.107459376,0.09804158798,7.147253931,9.699734445,1,606.7905713,12.04857199,142.7703297,0,1175.770128,-531.9721477,53.61533739
0.107459376,0.1019052959,8.866760759,7.397456162,1,-610.9331031,11.54737217,-816.3581912,0,-360.699542,-123.5414528,39.83792862
0.107459376,0.1057690038,3.393149203,7.022892939,1,-914.7342219,7.799646578,-923.6021902,0,-715.0700699,336.7255742,64.21223462
0.107459376,0.1096327117,2.56967304,2.527917821,1,-168.7509319,3.604661988,-517.8190001,0,-217.3585749,-72.24170258,44.53069119
0.107459376,0.1134964196,1.901334852,5.301312414,1,103.9575961,5.631961251,-36.98394259,0,-543.7058603,-597.1561214,70.26944461
0.107459376,0.1173601275,0.8706141973,4.692259494,1,204.5640499,4.772344104,-787.4280858,0,-551.2499083,311.3856057,79.48872287
0.107459376,0.1212238354,0.5618419617,1.055817273,1,-177.9253879,1.196000211,-1675.680984,0,18.09330764,206.6777833,61.98079814
0.1113230839,0.01690372206,NaN,NaN,0,-51.03692453,0.3032847161,11.84885564,0,31.80972485,23.40897853,44.82578243
0.1113230839,0.02076742997,NaN,NaN,0,-58.30799082,0.2614015522,15.83955027,8.660030832,31.34439417,41.30300893,47.09397368
0.1113230839,0.02463113787,0.1109263115,0.1154182367,1,-22.10098585,0.1600812792,22.70022013,0,76.1540669,-7.450459593,46.13691527
0.1113230839,0.02849484577,0.3868069476,0.3079625535,1,32.16662843,0.4944295188,30.84390226,0,134.3567748,-92.09473876,38.52561237
0.1113230839,0.03235855367,0.7543241,0.5904172353,1,79.5097132,0.957913023,-8.25869698,0,131.4647736,-159.3684989,38.05065229
0.1113230839,0.03622226157,1.201950739,0.8918066889,1,60.01879974,1.496664542,-139.4175566,0,190.0763773,-222.1475233,36.57416193
0.1113230839,0.04008596947,1.720618811,0.9100616612,1,-57.65865518,1.946468937,-261.8467076,0,156.3838878,-390.5315111,27.87504957
0.1113230839,0.04394967737,1.5833962,1.389007181,1,-25.70625807,2.106296388,0.4845372501,0,98.37368488,-195.2836584,41.25830299
0.1113230839,0.04781338527,2.001384522,1.666452785,1,91.65097023,2.604343467,130.3651345,0,225.4626722,-0.9584624525,39.78245653
0.1113230839,0.05167709317,2.808630686,1.8964032,1,-52.22225029,3.388915966,-101.5622118,0,274.5718653,-203.5334761,34.02744242
0.1113230839,0.05554080107,2.860478487,2.060439965,1,-179.5717487,3.525301409,-158.3831977,0,186.6290616,-191.5743087,35.76569799
0.1113230839,0.05940450897,2.835898082,2.024643957,1,-114.4771461,3.484465681,-73.97117149,0,122.653398,-131.7514644,35.52433046
0.1113230839,0.06326821687,2.892069135,2.283686139,1,-66.21254862,3.685008313,-24.16531238,0,176.9759732,-159.1243992,38.29594361
0.1113230839,0.06713192477,3.2638556,2.546086447,1,-27.27244814,4.139481801,-134.6363669,0,197.6773638,-184.6315397,37.95727671
0.1113230839,0.07099563267,3.550463954,2.476852883,1,-84.51089619,4.329040828,-86.73581764,0,52.558665,-147.6884858,34.90016197
0.1113230839,0.07485934057,3.140401512,2.781589753,1,-167.4363609,4.195159498,-16.00824721,23.06162671,-111.4231657,-209.4271669,41.53270388
0.1113230839,0.07872304847,2.473032198,3.224167091,1,-145.5355709,4.063390417,-8.385864729,9.277551776,-136.4691797,-244.6790614,52.51071934
0.1113230839,0.08258675637,2.050817529,3.694557643,1,-102.8178396,4.225589748,-42.60111363,0,-111.2573264,-310.0246568,60.96571765
0.1113230839,0.08645046427,1.645908288,4.257413548,1,-40.60680271,4.56449167,-122.5165666,0,-147.0851846,-318.7837137,68.86358938
0.1113230839,0.09031417218,1.325630515,4.45287657,1,107.373839,4.646009687,-152.1242852,0,-31.4129154,-218.0765657,73.42162325
0.1113230839,0.09417788008,1.939399109,4.512233895,1,239.0022814,4.911366778,-104.260358,34.62353991,107.8039845,-394.8338595,66.74152766
0.1113230839,0.09804158798,2.665588625,5.575567704,2,563.9740692,6.17999336,-897.0159282,0,-867.172488,-743.7606562,64.44829189
0.1113230839,0.1019052959,0.7679289826,3.92010029,1,413.3107299,3.994609018,-1330.861314,0,-676.1967981,-822.6042843,78.91638489
0.1113230839,0.1057690038,1.649873646,3.611811001,1,560.4515292,3.970801148,-546.2465983,0,-438.5328796,-245.272249,65.44910067
0.1113230839,0.1096327117,1.238987032,2.757223319,2,-144.2530812,3.02280818,-500.5580917,0,-112.0282808,-144.6637998,65.80273611
0.1113230839,0.1134964196,0.6596773232,2.236739414,1,258.7858233,2.331990004,-334.0279731,0,-620.9882723,-181.4960079,73.5677302
0.1113230839,0.1173601275,-0.1604574314,2.167884359,1,321.2240108,2.173814431,-249.2952655,0,-478.4772731,-78.2851419,94.23306721
0.1113230839,0.1212238354,NaN,NaN,0,-3.027101738,1.57686707,-257.6142931,0,113.0530604,48.76399745,88.10671324
0.1151867918,0.01690372206,NaN,NaN,0,-43.08097241,0.4891979282,23.92507992,0,43.86129488,20.55619286,51.90920351
0.1151867918,0.02076742997,NaN,NaN,0,-45.32652609,0.4952581512,33.27762546,0,53.01431778,24.6938615,52.23643535
0.1151867918,0.02463113787,NaN,NaN,0,-44.47870851,0.5336323117,62.41847956,0,87.2261547,23.60354586,51.59593283
0.1151867918,0.02849484577,NaN,NaN,0,-16.05918035,0.7160108308,56.22242303,0,92.71896356,-19.71488832,49.13593983
0.1151867918,0.03235855367,NaN,NaN,0,-11.52342483,0.9488599127,22.59578594,0,61.21861335,-55.42406874,48.5844695
0.1151867918,0.03622226157,0.6604696371,0.8429391571,1,23.07974183,1.070871871,-3.416625642,0,61.25529119,-123.9588518,51.9201716
0.1151867918,0.04008596947,0.9535311549,1.177320162,1,0.2199152796,1.515026214,-24.75477853,0,94.52615382,-204.7913273,50.99541259
0.1151867918,0.04394967737,1.026540773,1.538547793,1,34.90628481,1.849571645,-7.445195997,0,67.86410691,-175.3915018,56.28822351
0.1151867918,0.04781338527,1.350605929,1.826215631,1,101.22537,2.271387221,-63.76271611,0,103.8353053,-246.6351871,53.51465141
0.1151867918,0.05167709317,1.818835324,2.245113604,1,103.3642317,2.889411191,-152.1025065,0,130.2972376,-302.5567954,50.98800796
0.1151867918,0.05554080107,2.253405594,2.407527056,1,33.63505863,3.297578399,-179.2598133,0,126.7176263,-213.2802538,46.89388983
0.1151867918,0.05940450897,2.43839126,2.376558649,1,-54.59242501,3.404964456,-134.2395892,0,110.6107986,-188.9656071,44.26425965
0.1151867918,0.06326821687,2.469844227,2.618972403,1,-87.96645591,3.59988152,-67.20930806,6.549503031,44.51790046,-216.0852484,46.67857697
0.1151867918,0.06713192477,2.270518733,2.951771796,1,-34.20122449,3.72400484,-176.2594374,0,104.8512983,-228.7921653,52.43232206
0.1151867918,0.07099563267,2.742815475,2.821943519,1,-21.74038411,3.935276605,-169.7433165,0,132.8822171,-194.8396688,45.81466195
0.1151867918,0.07485934057,2.699938311,3.04873677,1,-128.8760257,4.07240258,-61.35671089,20.8366593,17.38831067,-183.6824892,48.47214088
0.1151867918,0.07872304847,2.31205951,3.294574595,1,-173.7751513,4.0249026,-13.12364149,27.29489777,-92.21697226,-142.4546558,54.93967186
0.1151867918,0.08258675637,1.672222442,3.548434032,1,-151.0466342,3.922717422,-8.805760042,0,-181.417914,-131.4602401,64.76753967
0.1151867918,0.08645046427,1.027513609,3.768475679,1,-43.53171838,3.906045719,-55.4288185,0,-176.6400457,-160.3749204,74.74845438
0.1151867918,0.09031417218,0.8215430572,3.953915115,1,-47.43360446,4.038363249,-77.94115102,0,-205.2772634,-211.248523,78.2621191
0.1151867918,0.09417788008,0.05111263216,4.283536425,1,67.28569751,4.283841361,-205.9039422,0,-70.84978136,-261.8830886,89.31635947
0.1151867918,0.09804158798,0.8077724783,4.170202185,2,315.3792359,4.24771499,-490.877919,0,-187.1899181,-207.3111653,79.03750734
0.1151867918,0.1019052959,0.5463987121,3.187917318,1,17.33614826,3.234403868,-275.1085103,0,-139.7110561,-14.45392027,80.27419186
0.1151867918,0.1057690038,0.3349515799,3.163108986,1,14.35326202,3.180794086,-387.9286829,0,-135.9138468,-249.3332468,83.95529597
0.1151867918,0.1096327117,0.07672412029,2.652425037,1,-41.4250948,2.653534467,-403.0843132,0,-68.68954578,-76.7173288,88.3431227
0.1151867918,0.1134964196,-0.09049922688,1.90212229,1,-30.53413321,1.904273961,-279.8225442,0,-91.57264698,-8.068638785,92.72396603
0.1151867918,0.1173601275,-0.395060811,1.602447326,1,88.87205531,1.650427362,-72.26751693,0,-128.8842283,30.69191681,103.8492892
0.1151867918,0.1212238354,NaN,NaN,0,70.06753213,1.524152659,-82.90956015,0,7.560611196,-32.1136845,99.25374654
0.1190504997,0.01690372206,NaN,NaN,0,-35.94303998,0.6722632485,25.72576373,0,43.69626865,14.48873348,54.85691152
0.1190504997,0.02076742997,NaN,NaN,0,-35.24335199,0.6986362433,31.76961384,0,49.82050797,12.47047659,54.87724103
0.1190504997,0.02463113787,NaN,NaN,0,-30.43635302,0.7656637553,43.63488719,0,63.02548183,3.046907426,54.6224251
0.1190504997,0.02849484577,NaN,NaN,0,-19.41893171,0.8994359508,45.41363916,0,67.09202667,-18.56217683,54.06405168
0.1190504997,0.03235855367,NaN,NaN,0,-14.65190717,1.073871395,42.44060596,0,61.74338184,-38.0666014,54.24499027
0.1190504997,0.03622226157,NaN,NaN,0,-15.42637071,1.258564909,59.53535103,0,68.80372471,-44.75881602,55.66830743
0.1190504997,0.04008596947,NaN,NaN,0,-2.624604504,1.522914671,41.16247183,0,45.88861683,-82.30460433,56.80774917
0.1190504997,0.04394967737,NaN,NaN,0,-8.921806882,1.751679446,28.60967756,0,0.7374362582,-75.46221483,59.95735384
0.1190504997,0.04781338527,0.8020976913,1.676536813,1,27.86570354,1.858530708,1.385459637,4.037615343,17.42533478,-123.9133211,64.43236617
0.1190504997,0.05167709317,1.051959949,2.000464467,1,96.00820042,2.2601942,-12.27412592,15.69210289,44.19925068,-204.7180226,62.26200961
0.1190504997,0.05554080107,1.343818328,2.420083817,1,81.03694344,2.768149811,-69.73107512,0,57.47447501,-241.1924038,60.95756707
0.1190504997,0.05940450897,1.587127611,2.662940958,1,44.55180683,3.100036871,-150.4234496,0,72.86995572,-247.6055312,59.20482291
0.1190504997,0.06326821687,1.797501719,2.795566993,1,-9.407562297,3.323583495,-110.8703201,0,38.32458053,-219.678706,57.25967642
0.1190504997,0.06713192477,1.698854523,3.083344778,1,37.82527289,3.520386585,-79.5035768,0,51.29121397,-151.6369944,61.14621149
0.1190504997,0.07099563267,2.141821794,3.074269449,1,9.124553969,3.746803069,-111.0262593,0,118.9356174,-179.190741,55.13534599
0.1190504997,0.07485934057,2.193641619,3.346712425,1,-146.2663352,4.001568143,-141.3349999,0,76.41149653,-261.6894975,56.75669592
0.1190504997,0.07872304847,1.871923102,3.539284072,1,-153.7607382,4.00382665,-41.18679068,27.21458182,-23.47081243,-100.8443711,62.12569033
0.1190504997,0.08258675637,1.508870676,3.577211889,1,-152.9694084,3.882413633,-32.56404665,16.23916094,-121.3311993,-85.32108343,67.1299461
0.1190504997,0.08645046427,0.8121056767,3.743121852,1,-168.9858275,3.830205847,-51.93137175,0,-167.6298337,-120.7261398,77.75885497
0.1190504997,0.09031417218,0.2082860872,3.843014778,1,-54.22933516,3.848655048,-78.59374764,0,-121.7930331,-139.5188766,86.89768327
0.1190504997,0.09417788008,0.1320066619,3.978518754,1,65.98822981,3.980708132,9.766526342,0,-128.1813742,63.91851987,88.09963171
0.1190504997,0.09804158798,-0.0320100562,3.633787293,1,12.4640901,3.633928279,-160.7033063,0,-137.4379086,11.46369114,90.50470584
0.1190504997,0.1019052959,-0.350855668,3.313315766,1,-125.6408092,3.331840492,-186.4264392,0,-76.31810431,-30.47145436,96.04467357
0.1190504997,0.1057690038,-0.8123203059,3.031222786,1,-87.33148857,3.138180342,-299.9690565,0,19.0109268,-128.7774606,105.0018801
0.1190504997,0.1096327117,-0.6148263622,2.651881444,1,-160.1043346,2.722220904,-613.1325903,0,253.1937193,-346.4668934,103.0531422
0.1190504997,0.1134964196,-0.4526501148,2.000904426,1,-38.9829982,2.051465488,-217.050529,0,115.006591,125.9732689,102.747049
0.1190504997,0.1173601275,-0.3210934061,1.326537686,1,71.22868666,1.364845489,-133.2365205,0,-55.6140106,39.24201032,103.6069432
0.1190504997,0.1212238354,NaN,NaN,0,24.48765551,1.390970498,-45.2617017,0,-61.35698587,-49.38213646,106.3824361
0.1229142076,0.01690372206,NaN,NaN,0,-29.04014487,0.8299767445,23.07005906,0,37.87165379,8.852069349,56.57670429
0.1229142076,0.02076742997,NaN,NaN,0,-27.32918171,0.8622995311,27.24943656,0,41.48427081,4.843146394,56.63582377
0.1229142076,0.02463113787,NaN,NaN,0,-22.60441987,0.9323584816,34.9378162,0,47.96323796,-5.324215916,56.70198888
0.1229142076,0.02849484577,NaN,NaN,0,-16.52828631,1.046113643,39.35664047,0,50.88027947,-19.51412503,56.83960464
0.1229142076,0.03235855367,NaN,NaN,0,-12.23890142,1.195422137,42.21764771,0,49.85916262,-33.521344,57.3700368
0.1229142076,0.03622226157,NaN,NaN,0,-9.50014897,1.371133108,47.81494014,0,48.31904494,-44.84521836,58.4437808
0.1229142076,0.04008596947,NaN,NaN,0,-4.914339476,1.579213172,45.97280901,0,38.0313363,-59.49288745,59.79184541
0.1229142076,0.04394967737,NaN,NaN,0,-4.855145267,1.788367578,48.8494207,0,26.23980799,-60.14329498,61.78466565
0.1229142076,0.04781338527,NaN,NaN,0,-4.490857482,1.989679981,70.87676544,0,39.41192161,-50.5275127,63.84047275
0.1229142076,0.05167709317,NaN,NaN,0,12.73812626,2.267827149,54.24499012,0,32.52772563,-83.08719912,64.38472386
0.1229142076,0.05554080107,NaN,NaN,0,3.261963574,2.544210802,10.45419026,0,-23.94611097,-103.6933489,65.57370221
0.1229142076,0.05940450897,0.9005235421,2.485971704,1,34.08660658,2.644049539,-14.56439457,5.717881404,2.306219822,-140.5850237,70.08748219
0.1229142076,0.06326821687,1.192699343,2.803395461,1,60.44400002,3.046564923,-24.94645206,0,62.99585416,-158.9701846,66.95276396
0.1229142076,0.06713192477,1.377459082,3.003800258,1,55.5914342,3.304574029,-13.88300329,0,55.39066539,-128.4946518,65.36512942
0.1229142076,0.07099563267,1.621501758,3.246221392,1,-82.44077126,3.628666598,-17.98900833,14.41430604,21.69867796,-252.2972513,63.45767152
0.1229142076,0.07485934057,1.142769376,3.909098868,1,-54.24301666,4.072711113,-68.45401349,0,90.94114024,-211.2586541,73.70447115
0.1229142076,0.07872304847,1.763292588,3.797976811,1,-0.05853939457,4.187341472,-146.9308247,0,19.20578318,-85.22221625,65.09589874
0.1229142076,0.08258675637,1.216748733,3.67067483,1,-170.5394681,3.867083033,-138.1365566,0,-192.5514298,-131.8571047,71.66076587
0.1229142076,0.08645046427,0.3604154173,3.773714843,1,-162.5409528,3.790886834,-124.4492092,0,-157.8583055,-130.1934042,84.54441127
0.1229142076,0.09031417218,-0.02118041222,3.692868722,1,66.00250873,3.692929461,-141.9119596,0,-72.3708188,-79.69373375,90.32861578
0.1229142076,0.09417788008,0.3358101274,3.533321792,1,133.8447178,3.549243768,-49.24975159,19.32811081,-68.53579262,-22.89059717,84.57086436
0.1229142076,0.09804158798,0.231154198,3.591024648,1,88.04876617,3.598456654,645.1167522,0,-250.4423882,685.1911969,86.3169529
0.1229142076,0.1019052959,-0.2916313929,3.378485843,1,-156.4868352,3.391049315,188.1365672,0,-245.3949746,192.5467431,94.93355076
0.1229142076,0.1057690038,-1.321599725,3.573985017,2,-510.5170155,3.810511086,146.4348844,62.83325236,-353.7451595,-78.9450286,110.2935485
0.1229142076,0.1096327117,-3.630887986,4.249287993,1,1110.724286,5.589257198,-352.000662,106.8512399,-883.1696698,-73.2808515,130.5128865
0.1229142076,0.1134964196,-0.442395156,2.497093083,1,296.493863,2.535978576,368.3102953,0,447.0043304,1180.204952,100.0465084
0.1229142076,0.1173601275,-0.7582281425,1.112364194,1,15.176497,1.346203557,-219.3283715,0,-58.7552481,123.4652928,124.279774
0.1229142076,0.1212238354,NaN,NaN,0,72.25689663,1.322165614,-21.85676179,0,4.072590681,-53.05699789,117.5128292
0.1267779155,0.01690372206,NaN,NaN,0,-22.09424853,0.9558653121,19.24982153,0,30.18838628,4.209483543,57.73280458
0.1267779155,0.02076742997,NaN,NaN,0,-20.22093289,0.9887844887,22.77475455,0,32.48956074,-0.1802418749,57.86550353
0.1267779155,0.02463113787,NaN,NaN,0,-16.12385844,1.056191531,29.51030057,0,36.46291973,-9.672792455,58.1270569
0.1267779155,0.02849484577,NaN,NaN,0,-11.85089224,1.158867478,34.85745883,0,38.60669063,-20.64876338,58.55678077
0.1267779155,0.03235855367,NaN,NaN,0,-8.275263235,1.293152576,39.25840427,0,38.49394423,-31.65943121,59.2548868
0.1267779155,0.03622226157,NaN,NaN,0,-5.420984272,1.454189362,43.53395279,0,36.58195613,-41.60782599,60.26404575
0.1267779155,0.04008596947,NaN,NaN,0,-2.677459161,1.638706719,46.06440339,0,31.67787544,-50.67843212,61.51755148
0.1267779155,0.04394967737,NaN,NaN,0,-1.093577229,1.836446872,49.93843078,0,26.77853778,-55.09056493,63.01390241
0.1267779155,0.04781338527,NaN,NaN,0,0.9965399507,2.045481034,56.30339753,0,26.74616363,-57.69002936,64.49630762
0.1267779155,0.05167709317,NaN,NaN,0,5.971906088,2.279956609,52.50279733,0,20.64713365,-68.83024569,65.63691922
0.1267779155,0.05554080107,NaN,NaN,0,4.835780672,2.515243046,47.25112658,0,7.3684285,-72.64021598,66.98055514
0.1267779155,0.05940450897,NaN,NaN,0,4.536909155,2.725411761,73.71818459,0,22.20737538,-53.22382574,68.75264617
0.1267779155,0.06326821687,NaN,NaN,0,21.85434855,3.008616538,47.64870459,0,19.83443293,-92.7392993,68.82222425
0.1267779155,0.06713192477,NaN,NaN,0,-3.882564937,3.289658945,42.29982031,0,6.629428834,-131.4211923,69.5616096
0.1267779155,0.07099563267,1.097514637,3.476633862,1,-12.04623907,3.645753884,26.05978037,0,2.771397881,-187.489627,72.47997265
0.1267779155,0.07485934057,1.112913575,3.907661599,1,37.12981935,4.063052522,-9.173771595,0,-68.85143932,-44.65314252,74.10289027
0.1267779155,0.07872304847,0.9749515636,3.613715787,1,-39.50279303,3.742922968,-180.7831361,0,-128.0097513,-73.24459796,74.90153391
0.1267779155,0.08258675637,0.4656940342,3.492164099,1,-105.9903505,3.523078346,-73.50012128,0,-190.7998297,-111.6754827,82.40419348
0.1267779155,0.08645046427,-0.1717590007,3.761214233,1,-132.632924,3.76513395,-20.29087425,0,-155.5947692,27.27572358,92.61464331
0.1267779155,0.09031417218,-0.6479335811,3.308380659,1,35.6118253,3.371231305,-42.95535383,0,-29.13192886,103.1826749,101.0809059
0.1267779155,0.09417788008,-0.1467225736,3.196579577,1,800.7296995,3.199945078,-181.3390325,67.99988744,688.9907986,72.93078785,92.62802405
0.1267779155,0.09804158798,5.107911277,2.325956346,1,327.9466071,5.61256007,-58.95988311,60.02229156,-0.09676652544,-0.2652566011,24.48278748
0.1267779155,0.1019052959,1.119993446,2.969800685,2,-623.5980929,3.173972499,235.2496169,0,-841.1789139,-104.0584086,69.33716225
0.1267779155,0.1057690038,-0.5515592168,3.636943444,1,-176.3018174,3.678528943,-916.8844528,0,-697.9835682,1159.29296,98.62345874
0.1267779155,0.1096327117,-2.257989906,-5.051942387,1,1395.693784,5.533591988,194.1905407,255,178.4209923,467.1176261,-114.0824849
0.1267779155,0.1134964196,5.53036048,2.582432908,1,380.6404338,6.103592939,698.5384094,0,24.80159377,-878.4000036,25.03048708
0.1267779155,0.1173601275,-0.691480341,1.040887018,1,-791.3179294,1.249636286,-205.6497207,0,-816.4964015,185.5235835,123.5968173
0.1267779155,0.1212238354,NaN,NaN,0,24.9029196,1.269629244,-9.309524524,0,-19.87361176,-24.92483759,122.4782334
0.1306416234,0.01690372206,NaN,NaN,0,-15.061844,1.049105909,15.46749076,0,22.16376812,0.3937833792,58.52232153
0.1306416234,0.02076742997,NaN,NaN,0,-13.31290846,1.081110628,18.84954405,0,23.84620059,-3.860889479,58.70805971
0.1306416234,0.02463113787,NaN,NaN,0,-9.819188749,1.145244724,25.47117269,0,26.79218961,-12.53794865,59.07813567
0.1306416234,0.02849484577,NaN,NaN,0,-6.476160969,1.24083045,31.30448999,0,28.58961908,-21.74870481,59.64258929
0.1306416234,0.03235855367,NaN,NaN,0,-3.590275009,1.365373273,36.42455776,0,28.92796755,-30.85979148,60.42266669
0.1306416234,0.03622226157,NaN,NaN,0,-1.231065722,1.515356239,40.99806335,0,27.8369599,-39.24822228,61.41657217
0.1306416234,0.04008596947,NaN,NaN,0,0.7190643314,1.68696048,44.81242097,0,25.31967155,-46.5224501,62.58454889
0.1306416234,0.04394967737,NaN,NaN,0,2.161755562,1.8750998,48.5365015,0,22.45030405,-51.85050326,63.87685799
0.1306416234,0.04781338527,NaN,NaN,0,3.598688426,2.077186638,51.89559658,0,20.14706148,-56.31179413,65.18309651
0.1306416234,0.05167709317,NaN,NaN,0,5.317177472,2.293127271,52.21167508,0,15.94621685,-61.90353831,66.41894138
0.1306416234,0.05554080107,NaN,NaN,0,5.572343872,2.514289453,52.32933417,0,10.56531594,-64.81344362,67.70173772
0.1306416234,0.05940450897,NaN,NaN,0,6.428567388,2.735689302,56.98185399,0,10.2627537,-64.48621171,69.01515572
0.1306416234,0.06326821687,NaN,NaN,0,10.42547347,2.97533798,48.84804139,0,3.398649827,-78.01721868,69.98243808
0.1306416234,0.06713192477,NaN,NaN,0,8.520447799,3.214934391,42.26480241,0,-13.87760016,-89.18439864,71.255395
0.1306416234,0.07099563267,NaN,NaN,0,23.95232996,3.450869871,36.67349402,0,-49.39996535,-81.14149647,73.19353311
0.1306416234,0.07485934057,NaN,NaN,0,46.63319173,3.622316242,-14.7117469,0,-102.5329555,-54.19179233,75.04464339
0.1306416234,0.07872304847,NaN,NaN,0,-24.26621458,3.543336607,-53.75578259,0,-87.93523155,-13.21895361,77.25334351
0.1306416234,0.08258675637,0.501284289,3.342995775,1,-34.28049364,3.380370792,39.70856145,0,-67.79782094,-19.55709972,81.47200142
0.1306416234,0.08645046427,0.3874028348,3.68499698,1,7.977461258,3.705304805,87.54071045,0,-82.9737944,61.73079039,83.99855373
0.1306416234,0.09031417218,0.2115203641,3.442717767,1,-57.81495669,3.449209545,43.27919138,0,-63.94644732,194.274473,86.48417038
0.1306416234,0.09417788008,-0.08304766381,3.101595317,1,-15.29380028,3.102706952,-104.7929778,0,-38.84973533,184.8657961,91.53377327
0.1306416234,0.09804158798,0.002325557758,2.323560874,1,20.40954648,2.323562038,-704.9289155,0,56.79628449,-559.0125507,89.942655
0.1306416234,0.1019052959,0.2152531153,2.537817106,2,-92.79644108,2.546929439,-227.9543033,0,-7.451722117,-29.90575009,85.15187808
0.1306416234,0.1057690038,-0.3850040624,1.558359114,2,237.2500152,1.605213773,-332.3336305,0,-571.3952317,441.978427,103.8774499
0.1306416234,0.1096327117,-1.075786398,-0.4538985084,2,-823.0461257,1.167621612,168.1083,93.83305896,628.330641,280.9851997,-157.1240235
0.1306416234,0.1134964196,-1.137327819,1.122235745,1,249.6617649,1.597788357,-656.8673782,0,-187.5978756,-1037.067041,135.3826842
0.1306416234,0.1173601275,NaN,NaN,0,69.57081676,1.315017125,-26.299675,10.34851738,32.47766428,5.43168067,129.4737995
0.1306416234,0.1212238354,NaN,NaN,0,44.53992679,1.2455449,-7.829535958,0,3.573110721,0.1663465215,126.6239228
0.1345053313,0.01690372206,NaN,NaN,0,-7.94309694,1.110480287,12.02159732,0,14.29199555,-2.885734543,59.02107133
0.1345053313,0.02076742997,NaN,NaN,0,-6.374187172,1.141492398,15.45318506,0,15.71476491,-6.887577614,59.23729593
0.1345053313,0.02463113787,NaN,NaN,0,-3.363827127,1.203137335,22.22035614,0,18.27001904,-14.86940788,59.66343697
0.1345053313,0.02849484577,NaN,NaN,0,-0.6442878789,1.294309491,28.46477069,0,20.03162852,-22.94831571,60.29128572
0.1345053313,0.03235855367,NaN,NaN,0,1.62138989,1.412867231,34.13727344,0,20.79134699,-30.78280762,61.11056214
0.1345053313,0.03622226157,NaN,NaN,0,3.367932062,1.555862509,39.2213219,0,20.51824437,-38.00282154,62.09959756
0.1345053313,0.04008596947,NaN,NaN,0,4.623026647,1.719861311,43.65071562,0,19.3135468,-44.31264275,63.22134003
0.1345053313,0.04394967737,NaN,NaN,0,5.42284672,1.901070969,47.49955769,0,17.55594541,-49.47720386,64.42999456
0.1345053313,0.04781338527,NaN,NaN,0,5.919280718,2.096281702,50.53081219,0,15.44556139,-53.80310559,65.66975718
0.1345053313,0.05167709317,NaN,NaN,0,6.125771504,2.302485755,52.11897226,0,12.42535633,-57.65866978,66.90744144
0.1345053313,0.05554080107,NaN,NaN,0,5.707849954,2.514672754,52.87268101,0,8.683864717,-60.22380849,68.16402243
0.1345053313,0.05940450897,NaN,NaN,0,5.179543058,2.728903679,53.03185581,0,4.879673644,-61.89035881,69.43276767
0.1345053313,0.06326821687,NaN,NaN,0,4.898530129,2.94412798,48.49680456,0,-2.624987151,-65.65896506,70.67682772
0.1345053313,0.06713192477,NaN,NaN,0,3.586552701,3.148361805,41.23785393,0,-16.13851397,-66.15768705,72.10391276
0.1345053313,0.07099563267,NaN,NaN,0,5.259024493,3.324694481,29.55542424,0,-36.51780869,-57.22588386,73.83332151
0.1345053313,0.07485934057,NaN,NaN,0,3.279825893,3.437240963,6.441632577,0,-57.50817961,-38.7210167,75.73964219
0.1345053313,0.07872304847,NaN,NaN,0,-21.73981325,3.443026967,-7.478868751,0,-56.71773012,-15.58915059,77.99429743
0.1345053313,0.08258675637,NaN,NaN,0,-38.60747548,3.406310661,11.97937718,0,-41.93646773,1.086254405,80.81791843
0.1345053313,0.08645046427,NaN,NaN,0,13.52038915,3.433770807,-5.992445138,0,-84.34587964,14.18831601,83.2267114
0.1345053313,0.09031417218,NaN,NaN,0,2.551752742,3.295760794,-27.86182145,0,-65.27053888,50.88088668,85.30253513
0.1345053313,0.09417788008,0.1626554069,3.105566324,1,13.67152029,3.109822982,-67.64155021,0,-25.44615287,144.1100415,87.00184775
0.1345053313,0.09804158798,0.224410648,2.466544073,1,-36.30277133,2.476731678,47.33198157,0,26.21974026,-2.874045948,84.80143869
0.1345053313,0.1019052959,0.1236975201,3.29954775,1,-12.02290076,3.301865598,-269.6559393,0,-79.16784335,236.0680201,87.85303051
0.1345053313,0.1057690038,-0.1279237505,0.5125744155,1,-7.589968764,0.5282963348,-310.601654,0,-159.7418637,399.5437107,104.0131114
0.1345053313,0.1096327117,-0.522823803,0.5557534936,1,-300.3116407,0.763024688,162.3774273,45.11674131,70.84720128,63.91890632,133.2512645
0.1345053313,0.1134964196,-1.014507318,0.8929893809,1,39.25110171,1.351538062,167.0068579,0,-103.7705682,78.53836405,138.6451277
0.1345053313,0.1173601275,NaN,NaN,0,71.01699507,1.18396908,42.6024753,10.4805818,7.439903748,37.48295507,130.7027977
0.1345053313,0.1212238354,NaN,NaN,0,36.234841,1.157237995,19.99038701,0,-4.795923365,12.12240113,127.9312915
0.1383690392,0.01690372206,NaN,NaN,0,-4.41000655,1.140900631,10.37142002,0,10.37142002,-4.41000655,59.26335136
0.1383690392,0.02076742997,NaN,NaN,0,-2.953571825,1.171340315,13.84155776,0,11.70194945,-8.267629443,59.49304302
0.1383690392,0.02463113787,NaN,NaN,0,-0.1972136171,1.231686408,20.68654944,0,14.12106201,-15.90953621,59.94282695
0.1383690392,0.02849484577,NaN,NaN,0,2.224405554,1.320717858,27.09927351,0,15.8925701,-23.49003223,60.59626441
0.1383690392,0.03235855367,NaN,NaN,0,4.184511812,1.436408692,32.99751421,0,16.85522611,-30.76123095,61.43139583
0.1383690392,0.03622226157,NaN,NaN,0,5.622004246,1.576037494,38.31504602,0,16.96749699,-37.45180266,62.41887487
0.1383690392,0.04008596947,NaN,NaN,0,6.543232278,1.736400502,42.98029515,0,16.29935706,-43.3373623,63.52185806
0.1383690392,0.04394967737,NaN,NaN,0,6.973801232,1.914023093,46.94902022,0,15.02789212,-48.27374506,64.70013091
0.1383690392,0.04781338527,NaN,NaN,0,6.96778316,2.105459996,50.03130607,0,13.21591541,-52.34257078,65.91580248
0.1383690392,0.05167709317,NaN,NaN,0,6.525275619,2.307058785,51.93896777,0,10.65928463,-55.6259797,67.14795429
0.1383690392,0.05554080107,NaN,NaN,0,5.498055601,2.514338034,52.74946182,0,7.320798728,-57.79386172,68.4000026
0.1383690392,0.05940450897,NaN,NaN,0,3.926305486,2.722532968,52.06790052,0,2.953982586,-58.90063313,69.67896584
0.1383690392,0.06326821687,NaN,NaN,0,1.923705991,2.925795536,48.01890282,0,-4.160912805,-59.42115998,71.00772457
0.1383690392,0.06713192477,NaN,NaN,0,-0.730857488,3.112538629,40.67082648,0,-15.13459401,-56.52505867,72.48303794
0.1383690392,0.07099563267,NaN,NaN,0,-3.161627972,3.265913314,29.36140703,0,-29.64555843,-47.39064464,74.17028394
0.1383690392,0.07485934057,NaN,NaN,0,-8.417537056,3.363752265,13.66396256,0,-42.87978645,-32.61499917,76.0646895
0.1383690392,0.07872304847,NaN,NaN,0,-21.30256244,3.392338305,2.377503536,0,-45.55386797,-14.54468074,78.21801736
0.1383690392,0.08258675637,NaN,NaN,0,-26.98798992,3.375534783,0.3142492652,0,-43.82643445,3.936940021,80.59219568
0.1383690392,0.08645046427,NaN,NaN,0,-5.879983452,3.333318208,-15.69575942,0,-59.16291604,22.98761989,82.77758491
0.1383690392,0.09031417218,NaN,NaN,0,0.1774486151,3.194832032,-38.21515737,0,-53.66623224,54.03152866,84.60361979
0.1383690392,0.09417788008,NaN,NaN,0,23.79311159,2.958091698,-66.78105258,0,-56.49777682,92.53291809,85.88236255
0.1383690392,0.09804158798,NaN,NaN,0,-41.94107032,2.571030916,-99.99366414,0,9.09049085,73.94997015,86.11723004
0.1383690392,0.1019052959,NaN,NaN,0,236.413085,2.279991575,-216.2530955,0,-292.1771271,196.4698642,87.85141933
0.1383690392,0.1057690038,-0.04135793519,0.9704886358,1,-155.6472621,0.9713694823,-145.5992814,0,81.38629845,190.4089915,92.44021632
0.1383690392,0.1096327117,-0.2014434655,0.9801508419,1,-128.8981455,1.000637368,31.30591579,0,90.78582607,135.0525905,101.6138762
0.1383690392,0.1134964196,-0.1886128049,0.5696417892,1,41.61490843,0.6000554626,186.4888398,0,-125.7619223,241.0251103,108.3201069
0.1383690392,0.1173601275,NaN,NaN,0,-22.52919788,0.9323649137,98.68148073,0,-88.85475485,28.42193082,124.3856671
0.1383690392,0.1212238354,NaN,NaN,0,-5.367737765,1.044307156,42.46450919,0,-42.46450919,5.367737765,126.3493211
