PIVlab, ASCII chart output - 19-Sep-2021
FRAME: 719, filenames: A: 72_12_75_60 719.jpg & B: 72_12_75_60 720.jpg, conversion factor xy (px -> m): 0.00024148, conversion factor uv (px/frame -> m/s): 1
x [m],y [m],u [m/s],v [m/s],Vector type [-],vorticity [1/s],magnitude [m/s],divergence [1/s],dcev [1],simple shear [1/s],simple strain [1/s],vector direction [degrees]
0.03791263377,0.01690372206,NaN,NaN,0,-0.4823970179,0.6500871541,-3.612783498,0,3.612783498,0.4823970179,-63.53070676
0.03791263377,0.02076742997,NaN,NaN,0,0.1563999497,0.6598672876,-4.606530705,0,4.457621572,1.639260621,-63.36683282
0.03791263377,0.02463113787,NaN,NaN,0,1.433449978,0.6796552316,-6.683308862,0,6.006141499,3.999439036,-63.09213103
0.03791263377,0.02849484577,NaN,NaN,0,2.606193508,0.7096847025,-8.834907735,0,7.341793732,6.501986035,-62.78619474
0.03791263377,0.03235855367,NaN,NaN,0,3.694340032,0.7499286647,-10.99346517,0,8.387849039,9.057983212,-62.52235345
0.03791263377,0.03622226157,NaN,NaN,0,4.638764384,0.7999532864,-13.06295693,0,9.1477698,11.58974867,-62.35033652
0.03791263377,0.04008596947,NaN,NaN,0,5.312040181,0.8590183231,-15.01053641,0,9.676832351,14.07906798,-62.30163614
0.03791263377,0.04394967737,NaN,NaN,0,5.58963702,0.9263874068,-16.92609155,0,10.04197623,16.57207854,-62.40345136
0.03791263377,0.04781338527,NaN,NaN,0,5.512044196,1.001709383,-18.96977618,0,10.22575436,19.11141859,-62.6840009
0.03791263377,0.05167709317,NaN,NaN,0,5.30879505,1.085044633,-21.20504322,0,10.13711949,21.64716885,-63.15703257
0.03791263377,0.05554080107,NaN,NaN,0,4.999758283,1.17642544,-23.68197009,0,10.01905276,24.09405144,-63.8020687
0.03791263377,0.05940450897,NaN,NaN,0,4.335258556,1.276340055,-26.27115124,0,10.15171464,26.92274558,-64.57467197
0.03791263377,0.06326821687,NaN,NaN,0,3.075763768,1.386141234,-28.73477859,0,10.03045549,30.84469213,-65.47680241
0.03791263377,0.06713192477,NaN,NaN,0,1.694962495,1.506918728,-31.40268366,0,8.523452787,35.06837807,-66.59396269
0.03791263377,0.07099563267,NaN,NaN,0,2.091305887,1.637711567,-34.23772987,0,4.889732079,37.04679009,-67.95027983
0.03791263377,0.07485934057,NaN,NaN,0,6.048036384,1.772415203,-36.47458761,0,0.9385613163,33.65440792,-69.33165731
0.03791263377,0.07872304847,NaN,NaN,0,11.90287843,1.9005335,-37.47455779,0,2.525566014,25.41104399,-70.26322395
0.03791263377,0.08258675637,NaN,NaN,0,15.29810189,2.019704897,-40.6579917,0,16.43691507,18.10836047,-70.28486219
0.03791263377,0.08645046427,NaN,NaN,0,19.01274041,2.156005835,-57.34039401,0,45.13823353,15.0581113,-69.23378725
0.03791263377,0.09031417218,NaN,NaN,0,79.46746277,2.370725193,-76.06162018,0,47.21800996,-6.725094704,-66.92436911
0.03791263377,0.09417788008,NaN,NaN,0,309.0542741,2.605412645,-38.29967721,0,-41.61447821,-160.4222543,-61.23180161
0.03791263377,0.09804158798,NaN,NaN,0,364.8051311,2.602454377,434.6715711,0,-154.1969449,-122.2864202,-41.05339811
0.03791263377,0.1019052959,NaN,NaN,0,259.1337378,2.071831944,385.941781,0,-94.11756716,-607.1429007,-3.650499701
0.03791263377,0.1057690038,2.600079463,2.127795696,2,46.96364478,3.359751142,142.2714893,0,546.3821398,-777.7295974,39.29545127
0.03791263377,0.1096327117,4.360142989,3.422701633,2,1383.603513,5.543079772,898.4842411,0,-551.9728941,-739.5958018,38.13182739
0.03791263377,0.1134964196,5.813257256,8.456858499,1,1965.380617,10.26218376,-834.0472284,0,-2149.793427,-941.4454565,55.49530929
0.03791263377,0.1173601275,NaN,NaN,0,404.9790289,5.294599612,-1163.609437,0,-1165.338198,442.3037392,46.45427381
0.03791263377,0.1212238354,NaN,NaN,0,210.5241211,3.652407647,-610.2304417,0,-610.2304417,210.5241211,38.06836135
0.04177634167,0.01690372206,NaN,NaN,0,-1.373123672,0.640312501,-4.333138663,0,4.666626548,-0.4439992544,-63.69958533
0.04177634167,0.02076742997,NaN,NaN,0,-0.7909190946,0.6498714539,-5.25904144,0,5.628198943,0.747994384,-63.49019516
0.04177634167,0.02463113787,NaN,NaN,0,0.4217238946,0.6694316982,-7.262568636,0,7.335041774,3.202989961,-63.14568579
0.04177634167,0.02849484577,NaN,NaN,0,1.558140438,0.6994878734,-9.399556691,0,8.764040733,5.876928336,-62.77180025
0.04177634167,0.03235855367,NaN,NaN,0,2.700288045,0.7401596418,-11.55019286,0,9.811757743,8.614552933,-62.45528931
0.04177634167,0.03622226157,NaN,NaN,0,3.772588999,0.7909180247,-13.53330474,0,10.51595195,11.28375928,-62.24012816
0.04177634167,0.04008596947,NaN,NaN,0,4.558581023,0.8507192079,-15.26649897,0,10.98988913,13.85143853,-62.14497049
0.04177634167,0.04394967737,NaN,NaN,0,4.788285904,0.9184540925,-16.9069153,0,11.37988277,16.41679578,-62.19269794
0.04177634167,0.04781338527,NaN,NaN,0,4.495962145,0.9937540313,-18.79157623,0,11.63990573,19.10162593,-62.42904954
0.04177634167,0.05167709317,NaN,NaN,0,4.18841262,1.077119251,-20.93548386,0,11.39272139,21.76393605,-62.89244997
0.04177634167,0.05554080107,NaN,NaN,0,3.948849731,1.168087109,-23.39930615,0,11.17469567,23.88264956,-63.55705504
0.04177634167,0.05940450897,NaN,NaN,0,3.390871087,1.266746286,-25.92910489,0,11.9450182,26.2970933,-64.30504639
0.04177634167,0.06326821687,NaN,NaN,0,1.774506588,1.375640897,-27.97865708,0,12.8387627,31.09479654,-65.09008122
0.04177634167,0.06713192477,NaN,NaN,0,-0.8133390737,1.497671716,-30.92222267,0,11.3813277,37.62697182,-66.14485765
0.04177634167,0.07099563267,NaN,NaN,0,-1.199228476,1.634753314,-35.32680473,0,4.937329391,41.92669792,-67.70286043
0.04177634167,0.07485934057,NaN,NaN,0,4.517277621,1.779748385,-39.32004363,0,-4.966966934,36.8968212,-69.6079239
0.04177634167,0.07872304847,NaN,NaN,0,13.01083439,1.909920851,-38.61766835,0,-8.447115713,21.14378931,-71.10483216
0.04177634167,0.08258675637,NaN,NaN,0,11.07634496,2.003342978,-35.10806461,0,5.549287555,5.906884786,-71.4365752
0.04177634167,0.08645046427,NaN,NaN,0,-23.41831025,2.080674836,-71.06508601,0,57.45074236,18.0275523,-70.8444246
0.04177634167,0.09031417218,NaN,NaN,0,-16.59117464,2.371570035,-172.0991642,0,65.05682296,85.63448406,-71.07264228
0.04177634167,0.09417788008,0.8699979319,-2.961277639,1,304.9952417,3.086431865,-140.9597002,33.59857709,160.0304871,-19.70596567,-73.627665
0.04177634167,0.09804158798,2.565987668,-2.711829645,1,306.0236103,3.733404979,78.41747789,42.51527996,-106.6550181,-477.2492371,-46.58285203
0.04177634167,0.1019052959,1.640299937,-0.8143437628,2,282.2155066,1.83132183,555.4143234,0,-591.1209654,-946.8806439,-26.40257266
0.04177634167,0.1057690038,1.372467207,3.092599289,1,1201.693344,3.383465175,-284.9869674,167.9437282,-418.3027801,-413.825503,66.06879072
0.04177634167,0.1096327117,4.667092248,-0.316549295,1,1195.391551,4.677815036,-952.348134,0,-933.7782203,-283.1319076,-3.880189663
0.04177634167,0.1134964196,2.383264699,0.5069432673,1,1286.737287,2.436584105,-603.4624799,0,-1911.247165,-893.490298,12.00838884
0.04177634167,0.1173601275,NaN,NaN,0,692.6813889,2.393270868,-337.1840893,0,-765.1473764,-378.4806532,19.63067643
0.04177634167,0.1212238354,NaN,NaN,0,389.1217844,2.206354259,-254.9758451,0,-467.2287275,-183.7839469,17.58272911
0.04564004958,0.01690372206,NaN,NaN,0,-2.994987081,0.6210008844,-5.795809169,0,6.657555284,-2.459364288,-64.095501
0.04564004958,0.02076742997,NaN,NaN,0,-2.620606237,0.6298998927,-6.548030128,0,7.952187002,-1.175806461,-63.77270462
0.04564004958,0.02463113787,NaN,NaN,0,-1.656948624,0.6487404583,-8.379335008,0,10.0849588,1.516630633,-63.25981448
0.04564004958,0.02849484577,NaN,NaN,0,-0.6795437503,0.6787011746,-10.53378796,0,11.75146974,4.604953991,-62.73314234
0.04564004958,0.03235855367,NaN,NaN,0,0.6027054592,0.7203229467,-12.75831531,0,12.7525665,7.755670416,-62.31436166
0.04564004958,0.03622226157,NaN,NaN,0,2.065471192,0.7728532954,-14.62187227,0,13.24164248,10.71099491,-62.024741
0.04564004958,0.04008596947,NaN,NaN,0,3.270210964,0.8345027572,-15.84810651,0,13.47808751,13.39326396,-61.84098464
0.04564004958,0.04394967737,NaN,NaN,0,3.395878625,0.902996332,-16.73199772,0,13.96084477,16.05353688,-61.76134007
0.04564004958,0.04781338527,NaN,NaN,0,2.316678319,0.9778313507,-18.31871895,0,14.73969195,19.14976391,-61.87941571
0.04564004958,0.05167709317,NaN,NaN,0,1.792962444,1.061766023,-20.23547844,0,13.82624579,22.53483128,-62.32463092
0.04564004958,0.05554080107,NaN,NaN,0,1.961533316,1.152284349,-22.94764542,0,12.59681395,23.47853777,-63.10587278
0.04564004958,0.05940450897,NaN,NaN,0,2.050755453,1.247196861,-25.90440652,0,15.0690138,23.45108012,-63.86378799
0.04564004958,0.06326821687,NaN,NaN,0,-0.2939423601,1.352550184,-25.80104376,0,19.73692236,30.13790729,-64.26105765
0.04564004958,0.06713192477,NaN,NaN,0,-7.230719475,1.474582203,-28.06432162,0,20.93288849,43.33443835,-64.94274589
0.04564004958,0.07099563267,NaN,NaN,0,-11.29176488,1.625634505,-36.12495767,0,9.144831268,56.83847362,-66.80346995
0.04564004958,0.07485934057,NaN,NaN,0,1.486836955,1.80352696,-47.56615876,0,-18.5740115,50.15734473,-70.02086346
0.04564004958,0.07872304847,NaN,NaN,0,26.89116465,1.957912204,-45.58388583,0,-39.24067759,13.3445288,-72.94316291
0.04564004958,0.08258675637,0.5685104743,-1.922667659,1,37.53332472,2.004957627,13.7000597,0,-41.36196242,-29.86059085,-73.52766418
0.04564004958,0.08645046427,0.5595024804,-1.703486346,1,-7.163831835,1.793016664,68.14755335,0,14.0513055,53.37100366,-71.81746498
0.04564004958,0.09031417218,0.5951216607,-1.865575387,1,-1.869860153,1.958198488,-78.2885438,0,20.92720076,216.8817889,-72.30723038
0.04564004958,0.09417788008,0.6331344779,-2.843938293,1,-54.28853249,2.913562129,-127.5755804,0,9.361249339,244.6284685,-77.44915058
0.04564004958,0.09804158798,0.4215357618,-3.303663112,1,54.7859385,3.330447771,-297.3598433,0,-74.97840699,-125.9461172,-82.72855253
0.04564004958,0.1019052959,0.5551166778,-3.50623086,1,326.5430366,3.549902727,-289.7542512,0,-461.5075772,-75.52143701,-81.00343911
0.04564004958,0.1057690038,-0.09992779981,-4.131396128,1,880.7427468,4.132604449,-351.2705342,0,-1131.410683,-15.43832172,-91.38556674
0.04564004958,0.1096327117,-0.4133910084,-4.803788433,1,662.4797964,4.821542848,-628.3127972,0,-628.9894849,-688.4045122,-94.91848278
0.04564004958,0.1134964196,0.02946898139,-3.899219294,1,997.6637539,3.899330651,-30.80361833,114.8777503,-662.2612644,-809.5428524,-89.56698611
0.04564004958,0.1173601275,NaN,NaN,0,644.8276499,2.000181391,84.71360639,82.72603261,-346.9938336,-651.0071574,-63.81869242
0.04564004958,0.1212238354,NaN,NaN,0,427.4745347,1.58408426,-9.279764684,0,-273.3709543,-391.4817087,-41.83715545
0.04950375748,0.01690372206,NaN,NaN,0,-3.994453513,0.5928691606,-7.156591763,0,8.350630123,-5.107954101,-64.86607545
0.04950375748,0.02076742997,NaN,NaN,0,-4.123928098,0.6000558465,-7.592046118,0,10.35367703,-3.674375354,-64.29910714
0.04950375748,0.02463113787,NaN,NaN,0,-3.749368402,0.6169873361,-9.172953305,0,13.30113669,-0.5656149598,-63.43937136
0.04950375748,0.02849484577,NaN,NaN,0,-3.222072275,0.6463012876,-11.59794483,0,15.40431292,3.270586579,-62.62939068
0.04950375748,0.03235855367,NaN,NaN,0,-1.67539365,0.6896139077,-14.32740816,0,16.20539604,7.092179831,-62.07553179
0.04950375748,0.03622226157,NaN,NaN,0,0.6163793448,0.745698934,-16.34776253,0,16.21996395,10.41128598,-61.72216737
0.04950375748,0.04008596947,NaN,NaN,0,3.060913018,0.8114792935,-16.7720571,0,15.71997366,12.95708554,-61.4359147
0.04950375748,0.04394967737,NaN,NaN,0,3.208339311,0.8812837996,-15.85425013,0,16.24571686,15.25432388,-61.10535063
0.04950375748,0.04781338527,NaN,NaN,0,-0.4180899365,0.9530217304,-17.51582342,0,19.53177148,18.90906154,-60.92212093
0.04950375748,0.05167709317,NaN,NaN,0,-1.29477448,1.04018835,-18.74006554,0,16.57575589,25.74708737,-61.28972104
0.04950375748,0.05554080107,NaN,NaN,0,0.0535656356,1.132387011,-22.25139057,0,10.31730053,24.04559014,-62.53822514
0.04950375748,0.05940450897,NaN,NaN,0,3.144559769,1.217383737,-28.93983201,0,15.99730069,13.8907821,-63.68063145
0.04950375748,0.06326821687,NaN,NaN,0,2.229687994,1.313374919,-21.25678984,0,30.10702444,22.67131416,-63.00456698
0.04950375748,0.06713192477,NaN,NaN,0,-16.52383158,1.425383269,-19.40906236,0,43.46847263,48.73440069,-62.20379611
0.04950375748,0.07099563267,0.7002726792,-1.433559582,1,-34.8558211,1.595454449,-12.25187685,3.055652266,25.91499125,113.2260822,-63.96517419
0.04950375748,0.07485934057,0.6301514191,-1.745721146,1,-63.50588485,1.855972287,37.00617313,7.798714613,10.10332256,199.7914764,-70.15198314
0.04950375748,0.07872304847,0.4939407774,-2.062514444,1,0.2610241392,2.120835525,73.40715719,0,-14.44902259,192.0030535,-76.53218323
0.04950375748,0.08258675637,0.5753331374,-2.203941047,1,115.0756731,2.277798138,129.6730146,0,55.30787346,83.3409844,-75.36958507
0.04950375748,0.08645046427,1.152253032,-1.883501013,1,170.4286611,2.2079998,153.0222549,11.21075226,18.35754732,140.4225452,-58.54331855
0.04950375748,0.09031417218,1.304747902,-2.155259449,1,175.6035301,2.519426598,17.86141422,17.70248543,-131.6035507,233.1604179,-58.81018557
0.04950375748,0.09417788008,1.3222561,-2.715353475,1,-90.52110745,3.020183055,380.478813,0,-6.352369444,654.2939539,-64.03598234
0.04950375748,0.09804158798,0.9304570843,-3.213201172,1,-206.0884546,3.345207342,250.7727057,0,-76.87152948,546.8063864,-73.85039809
0.04950375748,0.1019052959,0.2289813743,-3.859141145,1,-44.91262442,3.865928459,-235.186555,0,-207.3957298,144.9075623,-86.60434749
0.04950375748,0.1057690038,-0.04438869744,-4.681773816,2,84.0452129,4.68198424,-159.6432738,0,-252.09627,214.936858,-90.5432148
0.04950375748,0.1096327117,-0.4203188226,-5.30640936,2,27.24904702,5.323029984,-151.5725737,0,-239.2733311,165.415241,-94.52892264
0.04950375748,0.1134964196,-0.8635885991,-5.90652214,1,-1614.63784,5.969320653,286.0649615,0,1740.55172,-303.6106544,-98.3182378
0.04950375748,0.1173601275,NaN,NaN,0,257.9028356,3.02879804,345.987288,0,109.2161743,-654.3888053,-88.74805583
0.04950375748,0.1212238354,NaN,NaN,0,253.6608419,2.115423364,156.7645068,0,-0.7036296847,-353.995584,-74.7940805
0.05336746538,0.01690372206,NaN,NaN,0,-3.623143215,0.5578193427,-8.171722281,0,9.281960202,-9.100320381,-66.3339515
0.05336746538,0.02076742997,NaN,NaN,0,-5.042240088,0.5606671943,-8.00276869,0,12.89979845,-7.335966478,-65.23708492
0.05336746538,0.02463113787,NaN,NaN,0,-5.994524609,0.5729911635,-9.122487264,0,17.36159801,-3.375301697,-63.6559365
0.05336746538,0.02849484577,NaN,NaN,0,-6.783983299,0.6000067075,-12.3576299,0,20.35924922,1.950827453,-62.31571817
0.05336746538,0.03235855367,NaN,NaN,0,-4.698587129,0.6461998369,-16.60560998,0,20.4447408,6.931176345,-61.66313802
0.05336746538,0.03622226157,NaN,NaN,0,-0.9854731809,0.7088961806,-19.66971258,0,19.71284362,10.88488366,-61.37621861
0.05336746538,0.04008596947,NaN,NaN,0,5.148722451,0.7844896536,-19.03810922,0,16.93612633,12.76946832,-61.10427376
0.05336746538,0.04394967737,NaN,NaN,0,6.794655539,0.8577989584,-12.39712226,0,15.77027754,13.09761157,-60.30564317
0.05336746538,0.04781338527,NaN,NaN,0,-5.902602896,0.9133111116,-17.15025906,0,30.56592124,15.48507099,-59.30156205
0.05336746538,0.05167709317,NaN,NaN,0,-6.607536064,1.014742191,-14.95756972,0,22.62770576,37.49886652,-59.15851911
0.05336746538,0.05554080107,NaN,NaN,0,-3.597056062,1.120312777,-18.37801931,0,-3.900668414,33.06595333,-61.87218287
0.05336746538,0.05940450897,0.4912533809,-1.07001093,1,15.80911869,1.177392575,-8.401091733,2.058626651,0.9309753059,23.34079336,-65.3396422
0.05336746538,0.06326821687,0.5928391995,-1.110643065,1,0.07451175514,1.258962404,78.56142316,0,63.74285648,87.36081093,-61.90758632
0.05336746538,0.06713192477,0.7378250507,-1.104009194,1,13.87280569,1.327863738,119.51254,0,99.38904437,158.017824,-56.24462954
0.05336746538,0.07099563267,1.030449904,-1.259416236,1,62.56419036,1.627254209,119.0018294,0,142.7611872,198.3483575,-50.71009066
0.05336746538,0.07485934057,1.531142334,-1.410581002,1,28.64331393,2.081858691,70.81442917,0,118.7055169,244.0187917,-42.65314708
0.05336746538,0.07872304847,1.599762746,-1.9286273,1,-47.10827501,2.50576218,54.03012889,0,10.97511155,246.3355506,-50.32488478
0.05336746538,0.08258675637,1.391534345,-2.153592979,1,32.31287702,2.564045739,-9.059565483,4.613297624,-8.106925403,84.740851,-57.13165968
0.05336746538,0.08645046427,1.693287473,-2.29104471,1,125.6591493,2.848878433,107.9960797,0,-80.76384244,340.6588113,-53.5322762
0.05336746538,0.09031417218,1.564996697,-3.052533813,1,484.0150792,3.430331958,273.7029376,44.38715176,276.3702281,332.6334186,-62.85634139
0.05336746538,0.09417788008,4.631194192,-2.518734875,1,265.6253828,5.271810412,537.6163027,0,236.0045939,473.3963456,-28.54013056
0.05336746538,0.09804158798,3.503148401,-2.804406657,1,-667.6508234,4.487398513,241.9274223,61.46946889,-477.5934046,659.9929918,-38.67863145
0.05336746538,0.1019052959,0.2063050206,-4.134018119,1,-659.1125619,4.139162665,87.77816059,94.88094034,-218.1374864,767.3693828,-87.14306792
0.05336746538,0.1057690038,0.1137104584,-5.430148631,1,26.61300886,5.431339082,135.4016059,0,-173.1592853,575.2730912,-88.80036851
0.05336746538,0.1096327117,-0.3599069856,-5.833553051,1,-275.3093344,5.84464492,2151.062946,0,235.9603687,-1600.359812,-93.53044647
0.05336746538,0.1134964196,-0.03832245121,9.064253116,1,-828.3315915,9.064334127,705.2425141,0,841.4898964,-191.3324368,90.24223746
0.05336746538,0.1173601275,-0.3090671391,-2.36944933,1,-94.69916421,2.389521421,-1441.031958,0,212.8475963,1432.801309,-97.43161081
0.05336746538,0.1212238354,NaN,NaN,0,145.0028626,2.081829483,144.1580414,0,231.4415982,-26.68828207,-78.41240019
0.05723117328,0.01690372206,NaN,NaN,0,-0.1026982373,0.5208642935,-8.093807186,0,8.325489837,-16.11903977,-69.18635748
0.05723117328,0.02076742997,NaN,NaN,0,-5.012660185,0.5124214948,-6.89266957,0,16.01666282,-13.42601801,-66.90951408
0.05723117328,0.02463113787,NaN,NaN,0,-8.402506649,0.5146862165,-6.956597166,0,22.88620766,-7.550452802,-63.75560652
0.05723117328,0.02849484577,NaN,NaN,0,-13.22074918,0.5348286988,-12.10447751,0,28.22634516,0.9768485847,-61.2893513
0.05723117328,0.03235855367,NaN,NaN,0,-9.349498386,0.5864062198,-20.06768927,0,25.50147431,7.796814438,-60.85728983
0.05723117328,0.03622226157,NaN,NaN,0,-5.008407391,0.659239056,-26.68736858,0,25.25054342,13.42760399,-61.02726652
0.05723117328,0.04008596947,NaN,NaN,0,11.72479443,0.7598990696,-27.31354494,0,16.54141048,14.1382925,-61.39792472
0.05723117328,0.04394967737,NaN,NaN,0,24.72416329,0.8524442183,2.45412935,3.789579028,-0.6666542802,8.881583099,-59.81967945
0.05723117328,0.04781338527,0.4567328503,-0.6919990741,1,41.64679412,0.8291366685,14.43042697,6.018926842,-0.6923050762,30.5956921,-56.57441244
0.05723117328,0.05167709317,0.5867795517,-0.7993511564,1,-2.54986909,0.991600985,27.38547007,0,34.18397258,108.6447595,-53.71873164
0.05723117328,0.05554080107,0.5789577859,-1.005961233,1,-11.11703362,1.160667963,59.10101287,0,13.88630461,149.5113788,-60.07841383
0.05723117328,0.05940450897,0.5974792059,-1.148670401,1,66.11688115,1.294768355,130.6143701,0,104.2592794,109.4730271,-62.51887058
0.05723117328,0.06326821687,1.237241503,-0.9242772587,1,116.4143556,1.544362324,133.6226166,0,178.5130192,77.15633851,-36.76145087
0.05723117328,0.06713192477,1.736992434,-0.9305011968,1,60.77364673,1.970526628,137.9069734,0,117.5989472,189.5217843,-28.1778093
0.05723117328,0.07099563267,1.926421104,-1.123701812,1,-15.36655389,2.230202688,130.8297017,0,43.72858096,251.7616965,-30.25546447
0.05723117328,0.07485934057,1.846575022,-1.3977471,1,-60.39146742,2.315930972,15.54837679,8.859215085,-9.99560235,200.4472903,-37.1235479
0.05723117328,0.07872304847,1.654466026,-1.838097204,1,-147.5825122,2.473026317,-68.97670184,11.77382834,-105.7574216,180.1011999,-48.00971286
0.05723117328,0.08258675637,0.8677435182,-2.360111357,1,176.3585631,2.514578381,-73.02825962,11.44423027,142.314195,145.1460885,-69.81300966
0.05723117328,0.08645046427,2.885724479,-2.681059157,1,-324.9638626,3.938969913,-31.66511705,0,1044.405142,122.9602219,-42.89444306
0.05723117328,0.09031417218,3.647454472,-2.957538501,1,963.4544123,4.695844771,457.2503749,118.5252332,-357.0966756,495.7471758,-39.03686802
0.05723117328,0.09417788008,5.228513657,-2.829799551,1,461.7988714,5.945176243,256.4552065,43.1108175,-263.0882905,132.5680774,-28.42333651
0.05723117328,0.09804158798,4.415214114,-2.478874822,2,-307.2110865,5.063490501,332.2561716,0,-131.6140026,157.6939879,-29.31156729
0.05723117328,0.1019052959,3.533021694,-2.155342262,2,-1202.593626,4.138567694,469.5038009,124.1997905,759.0395546,1239.427631,-31.38554338
0.05723117328,0.1057690038,2.701450744,-5.453635608,1,-677.4893468,6.08604777,444.9472372,72.1094792,204.9938801,749.2327416,-63.64854988
0.05723117328,0.1096327117,1.707437226,-3.331012569,2,-625.1704502,3.743125248,1258.49553,0,216.3815464,-294.1104369,-62.86086521
0.05723117328,0.1134964196,1.122009827,0.5451803348,2,1178.130693,1.247448455,558.2824427,0,-1611.150595,172.3297692,25.91494171
0.05723117328,0.1173601275,0.03437480802,-1.839804176,1,-163.1428202,1.840125276,458.2616922,0,133.8215121,1041.268351,-88.9296131
0.05723117328,0.1212238354,NaN,NaN,0,149.1120552,1.983100723,313.2075224,0,355.245973,244.6634815,-59.42549175
0.06109488118,0.01690372206,NaN,NaN,0,11.04849897,0.4957880794,-4.458471339,0,2.398636778,-30.58933929,-74.75569808
0.06109488118,0.02076742997,NaN,NaN,0,-4.447497863,0.455529894,-2.511197092,0,22.01085321,-24.70492112,-69.92801579
0.06109488118,0.02463113787,NaN,NaN,0,-9.382092622,0.4397957873,0.2932456816,0,29.94022467,-14.37734009,-63.21082915
0.06109488118,0.02849484577,NaN,NaN,0,-28.34700839,0.4397281327,-9.035993719,0,44.15844945,1.71020525,-57.57676025
0.06109488118,0.03235855367,NaN,NaN,0,-14.47024984,0.5056641307,-24.87330102,0,28.08426785,9.851628836,-59.14868212
0.06109488118,0.03622226157,0.2883692784,-0.5053461282,1,0.9496943507,0.5818346415,-36.62950623,0,16.87329848,23.95944664,-60.28931325
0.06109488118,0.04008596947,0.3281734727,-0.6682111439,1,-1.470622077,0.7444487632,-0.9156918998,0,48.15094789,86.54165401,-63.84331043
0.06109488118,0.04394967737,0.468728422,-0.8432557666,1,32.36181504,0.9647728341,75.27945024,0,48.40448956,147.9298993,-60.93226178
0.06109488118,0.04781338527,0.6402308819,-0.948911258,1,86.98769018,1.144695662,100.7515765,0,62.37014524,71.26224732,-55.99244122
0.06109488118,0.05167709317,1.045803471,-0.7293176124,1,86.95991458,1.274993756,67.71698353,0,92.64652769,52.83098235,-34.89097049
0.06109488118,0.05554080107,1.334177712,-0.8913960976,1,20.30841517,1.604561364,50.29942542,0,76.251028,100.3348415,-33.74783414
0.06109488118,0.05940450897,1.418880954,-0.9226398448,1,-39.016398,1.692479674,99.06421297,0,57.92305543,93.71077279,-33.03429084
0.06109488118,0.06326821687,1.407227514,-0.8707119685,1,41.98799709,1.654819811,89.5885552,0,109.1707317,79.70504079,-31.74685439
0.06109488118,0.06713192477,2.002914129,-0.8844528321,1,114.1366747,2.189502642,44.35725646,0,170.9376185,85.86606918,-23.82543814
0.06109488118,0.07099563267,2.508671312,-1.031089896,1,39.78111669,2.712301261,69.67829275,0,54.11117021,155.4542562,-22.34317009
0.06109488118,0.07485934057,2.365686499,-1.2158661,1,-87.10403455,2.659850181,70.83047411,5.338151837,-37.01403479,261.3048809,-27.20131016
0.06109488118,0.07872304847,2.029115347,-1.767027366,1,-113.5046347,2.690668097,69.28401904,9.322133852,-66.50636697,346.0296739,-41.05053208
0.06109488118,0.08258675637,1.67017657,-2.285130473,1,86.03637427,2.830425949,894.6889428,0,-81.6598159,-339.0545544,-53.83734398
0.06109488118,0.08645046427,2.046025091,2.999797131,1,-253.4564429,3.631115737,-558.2686368,0,1179.231472,960.9008145,55.70388146
0.06109488118,0.09031417218,5.247100862,-8.154757484,1,646.6559115,9.697016917,-745.748308,0,411.457575,1407.438339,-57.24113172
0.06109488118,0.09417788008,6.134266528,-5.31948713,2,710.0320596,8.119493159,1224.933683,0,-671.4494741,-335.4344457,-40.93103581
0.06109488118,0.09804158798,5.396172703,-2.125950817,2,303.6689653,5.799857474,1109.753378,0,-129.0050451,-1158.701395,-21.50314219
0.06109488118,0.1019052959,6.809116896,3.445159499,1,80.70481112,7.631067873,-485.3899305,0,-253.7250402,-512.6848512,26.83771105
0.06109488118,0.1057690038,4.727673077,-2.020491216,2,-699.4719222,5.141330322,-348.7223824,88.64421867,-191.6206928,1211.230287,-23.14067207
0.06109488118,0.1096327117,3.366195319,-2.582041954,2,-260.1370208,4.242429914,368.229209,0,-242.7797118,288.5709657,-37.49002943
0.06109488118,0.1134964196,2.784549724,-1.712715032,2,809.5328021,3.269114551,181.5977144,114.7050986,-261.2295474,-170.3895724,-31.59475458
0.06109488118,0.1173601275,5.484678937,-1.222065893,1,5.236006954,5.619176816,107.6772267,0,-59.82878291,-13.90471094,-12.56114071
0.06109488118,0.1212238354,NaN,NaN,0,-870.9361519,2.858051809,22.89935151,0,-635.9374666,33.71385718,-25.77873513
0.06495858908,0.01690372206,NaN,NaN,0,42.36115109,0.5226587316,12.2635962,0,-18.47497464,-65.97806293,-84.54742614
0.06495858908,0.02076742997,NaN,NaN,0,-11.08195368,0.381372983,7.545823849,0,43.04967253,-46.95970407,-75.45027486
0.06495858908,0.02463113787,0.1731778952,-0.3097003629,1,-8.096301686,0.3548308022,9.71370506,0,42.47033244,-36.92725734,-60.78700226
0.06495858908,0.02849484577,0.2286197859,-0.1889352885,1,-16.11194379,0.2965864962,4.356332652,0,30.179962,14.20545835,-39.5709076
0.06495858908,0.03235855367,0.2275326083,-0.3477545076,1,-9.361855912,0.4155770511,-10.65829005,0,20.16956071,73.78806737,-56.80364149
0.06495858908,0.03622226157,0.2703776003,-0.5152113469,1,37.85048899,0.5818477281,53.06417964,0,83.03928133,86.11209993,-62.3099745
0.06495858908,0.04008596947,0.694615369,-0.4754420183,1,102.4992531,0.8417455813,66.4649256,0,161.6463609,107.7976926,-34.39039314
0.06495858908,0.04394967737,1.290959096,-0.6749090855,1,5.463105891,1.456735275,34.94228883,0,104.9822649,115.6088575,-27.60041756
0.06495858908,0.04781338527,1.121344021,-0.787114077,1,-80.76664305,1.370022256,42.58123493,10.1593174,19.05974841,69.10256147,-35.06647868
0.06495858908,0.05167709317,1.05254168,-0.7773797444,1,16.2081346,1.308496563,-2.47776682,2.291353342,-5.95358803,-1.778635191,-36.44860511
0.06495858908,0.05554080107,1.160964593,-0.7898153174,1,35.7273958,1.40415349,-9.036329297,0,39.26889507,-9.878803702,-34.22782892
0.06495858908,0.05940450897,1.342305441,-0.7741246694,1,72.52048614,1.549533124,32.87792489,0,116.5150034,0.4964601513,-29.97259729
0.06495858908,0.06326821687,1.891342508,-0.6647027963,1,91.00300738,2.004745941,95.78545559,0,141.3727073,79.45768715,-19.36376819
0.06495858908,0.06713192477,2.240137326,-0.7110389415,1,107.1522048,2.350274796,71.60230418,0,127.0593421,176.0697962,-17.60988797
0.06495858908,0.07099563267,2.796267512,-1.06833467,1,124.1537824,2.993401237,29.77116013,8.80661052,106.120274,157.4140989,-20.90972637
0.06495858908,0.07485934057,3.129849017,-1.204213973,1,64.45546981,3.353518475,56.35689879,0,55.33860439,208.5875981,-21.04430245
0.06495858908,0.07872304847,3.259116823,-1.656509626,1,-58.19004504,3.655935804,-7.284180822,7.749670634,28.3491446,459.5799109,-26.94284126
0.06495858908,0.08258675637,3.014552494,-3.008040452,1,106.7585916,4.258618802,907.184321,0,199.2326513,-260.3309777,-44.93804788
0.06495858908,0.08645046427,4.441377605,2.854428457,1,1055.293538,5.279545137,380.3842561,147.4895469,-229.7966157,602.5117414,32.72844484
0.06495858908,0.09031417218,6.204031474,-3.866276172,2,-250.2157586,7.310136659,-1269.066102,0,1343.440555,1583.600147,-31.93065342
0.06495858908,0.09417788008,8.665278889,-8.167440667,1,-465.6741623,11.90773468,-37.23585439,71.17072681,-46.25330516,36.35269041,-43.30593527
0.06495858908,0.09804158798,4.226093274,-4.150600814,2,-1068.008684,5.92345773,322.2235914,0,-1258.390424,-899.3902747,-44.48365284
0.06495858908,0.1019052959,-0.3232477257,-3.447481521,1,1096.98388,3.462602768,-677.6981277,90.94729209,-629.0820301,-848.2995372,-95.35658837
0.06495858908,0.1057690038,6.033929348,-3.4914468,1,792.4715059,6.971262736,-299.5690546,95.76532026,389.9079838,-347.0707105,-30.05520564
0.06495858908,0.1096327117,4.24512125,-3.263948998,1,-524.7414749,5.354849903,-49.73072192,0,-735.3471913,-23.72311035,-37.55562567
0.06495858908,0.1134964196,1.165314814,-3.591932614,1,-564.1459453,3.776233378,338.2208549,20.28415238,-431.901616,34.69028038,-72.02561117
0.06495858908,0.1173601275,0.3966844182,-2.091195519,1,-470.527657,2.128487074,628.0632577,0,486.6114157,-94.69111808,-79.2590302
0.06495858908,0.1212238354,NaN,NaN,0,-66.94375708,1.464829752,93.43354891,0,496.9831711,-575.2374424,-33.07546346
0.06882229698,0.01690372206,-0.07717683955,-0.7133960407,1,30.69483729,0.7175584822,171.1603908,0,11.35347148,-84.90598108,-96.17437803
0.06882229698,0.02076742997,0.004054351848,-0.2187132087,1,-8.067878932,0.2187507838,62.32616101,0,52.13214873,-71.27032287,-88.93801271
0.06882229698,0.02463113787,0.09307462781,-0.1972182504,1,14.31216671,0.2180777949,5.611725097,0,64.22163655,-1.219140248,-64.73563243
0.06882229698,0.02849484577,0.307486028,-0.1923207403,1,47.97879288,0.3626774387,-0.5636754701,0,58.17597778,31.217741,-32.02440284
0.06882229698,0.03235855367,0.5032256539,-0.3200123603,1,53.9122817,0.5963589267,61.39485352,0,80.31622488,97.22289682,-32.45318605
0.06882229698,0.03622226157,0.8261057693,-0.3307498342,1,20.02332183,0.8898574015,184.5135293,0,108.9325119,215.4867911,-21.81979415
0.06882229698,0.04008596947,1.001473328,-0.4396839964,1,-4.229036536,1.093741671,172.1918913,0,62.28422911,205.3188706,-23.70325893
0.06882229698,0.04394967737,1.050414076,-0.4587428058,1,-65.17385817,1.146217559,120.8222791,0,83.36134092,152.7934444,-23.59212961
0.06882229698,0.04781338527,1.071744448,-0.5632112407,1,-74.64744832,1.21072006,43.45173996,0,69.1977354,135.6432924,-27.72232547
0.06882229698,0.05167709317,1.029357977,-0.8149440352,1,-16.1176997,1.312901986,46.55011813,0,65.12521257,127.9490091,-38.36870475
0.06882229698,0.05554080107,1.261095163,-0.8777127789,1,39.3591313,1.536470219,84.71591605,0,94.83109891,68.5950922,-34.83762743
0.06882229698,0.05940450897,1.547829829,-0.7526578807,1,68.85879188,1.721124942,54.74860894,0,144.2061413,2.56696811,-25.93210508
0.06882229698,0.06326821687,2.084315829,-0.676098161,1,159.1219418,2.191228239,28.31834698,0,206.3345023,42.52221255,-17.97172244
0.06882229698,0.06713192477,2.95984678,-0.8075374683,1,160.200446,3.068030267,105.809947,0,136.8159636,215.7219681,-15.26064144
0.06882229698,0.07099563267,3.231900477,-1.100766105,1,15.22860298,3.414215387,34.82519556,0,95.93608044,149.6251618,-18.80853786
0.06882229698,0.07485934057,3.389354645,-1.251091005,1,23.83770603,3.612887158,38.39018935,0,117.1546956,124.291898,-20.26029684
0.06882229698,0.07872304847,3.776653933,-1.432665216,1,20.19028421,4.039262872,42.99444643,0,181.7075606,218.1491762,-20.77412883
0.06882229698,0.08258675637,4.169428943,-1.927837718,1,55.97531167,4.593549388,96.27267828,0,479.0015142,234.1585242,-24.81461859
0.06882229698,0.08645046427,5.843648122,-1.965415848,1,848.8608313,6.165312873,18.57166768,124.7083785,-255.4051003,36.55886492,-18.58952729
0.06882229698,0.09031417218,6.46236854,-1.997334994,1,-266.6320944,6.76398952,-217.8711866,0,340.9664193,230.8044501,-17.17489707
0.06882229698,0.09417788008,6.13085424,-3.69896745,2,-1254.504266,7.160288675,-427.0345905,170.9174898,401.3861227,-203.3646653,-31.10410917
0.06882229698,0.09804158798,3.166169229,-2.861530251,1,-922.3001193,4.267667157,257.4409362,119.4631152,-428.1504614,134.4729305,-42.10674209
0.06882229698,0.1019052959,0.9131076624,-3.223854995,1,-210.4144548,3.350672564,425.5069324,0,-32.07885594,610.3937934,-74.18603652
0.06882229698,0.1057690038,2.229245908,-3.575879076,1,241.3774119,4.213840112,-305.2262112,0,320.0738056,-260.7337358,-58.06009163
0.06882229698,0.1096327117,3.082391167,-3.395760924,1,86.96572111,4.586101564,302.9729682,0,429.6684467,-311.4931266,-47.76942857
0.06882229698,0.1134964196,4.225369424,-1.201761571,2,150.9614581,4.392946351,1270.125084,0,1004.167769,-249.606992,-15.87658633
0.06882229698,0.1173601275,7.545473087,2.476039904,1,-809.8584157,7.941343571,675.8477681,67.02723384,-99.44938912,122.5832316,18.16720109
0.06882229698,0.1212238354,0.7120696744,0.9358909895,1,-1939.07044,1.175982638,-536.9491459,0,-1598.155245,260.2896488,52.73442383
0.07268600488,0.01690372206,0.3829258116,-0.5950231896,1,-151.5758803,0.7075908234,294.6168043,0,-14.93508636,57.29235821,-57.23678592
0.07268600488,0.02076742997,0.0612509428,-0.136547021,1,-48.65864703,0.1496554941,127.48432,0,-1.235458966,3.727956411,-65.84041072
0.07268600488,0.02463113787,0.19014956,-0.11686475,1,14.74515237,0.2231910056,30.13608286,0,59.22710577,33.49796322,-31.57462806
0.07268600488,0.02849484577,0.347058141,-0.1495363447,1,70.33394751,0.3779027277,13.1537835,0,97.95923618,46.50843585,-23.30967727
0.07268600488,0.03235855367,0.8403852635,-0.2457373838,1,153.4581308,0.875576526,112.8918005,0,226.6958289,118.6261527,-16.29946833
0.07268600488,0.03622226157,1.815861999,-0.1716922067,1,142.7539326,1.823960803,242.9593171,0,197.0288493,235.897915,-5.401335697
0.07268600488,0.04008596947,2.153206682,-0.2184541884,1,16.20752135,2.164259977,281.4783196,0,121.5534957,263.1850777,-5.79313707
0.07268600488,0.04394967737,2.348130329,-0.1010124632,1,-132.4716257,2.350302014,382.8231391,0,44.50126689,386.1577897,-2.463245586
0.07268600488,0.04781338527,1.813314912,-0.2313383042,1,-151.6988726,1.828012139,260.5526464,0,-9.124618255,354.3662597,-7.27038156
0.07268600488,0.05167709317,1.726755337,-0.4634808624,1,-81.51131901,1.787875416,120.33932,0,65.98184152,209.4116677,-15.02470709
0.07268600488,0.05554080107,1.753313547,-0.5754878379,1,-88.21889696,1.845344045,100.576417,0,46.03163762,105.6295055,-18.17132075
0.07268600488,0.05940450897,1.563756089,-0.4830045202,1,16.00894447,1.636650993,-22.88316687,0,90.5560964,-47.00522444,-17.16458957
0.07268600488,0.06326821687,2.165049737,-0.4822872534,1,203.5839471,2.218116624,-95.34315328,0,293.0081056,-12.93908993,-12.55818628
0.07268600488,0.06713192477,3.482442727,-0.8013897508,1,88.00617819,3.57346231,-11.94002534,0,259.8151664,59.03254967,-12.95945113
0.07268600488,0.07099563267,3.508929815,-0.7565045522,1,-44.06447023,3.58955256,78.52385441,0,115.4886989,89.46532125,-12.16641146
0.07268600488,0.07485934057,3.758405083,-0.8436643827,1,10.69536863,3.85193177,67.30299167,0,185.7919709,138.723892,-12.6516972
0.07268600488,0.07872304847,4.268099501,-1.032454049,1,-21.42155799,4.391199689,45.08287826,0,159.3297727,182.237757,-13.59863174
0.07268600488,0.08258675637,4.291242142,-1.373590771,1,-76.44528057,4.505719779,27.58574553,0,176.4234334,125.8536548,-17.74943481
0.07268600488,0.08645046427,4.65438588,-1.412132547,1,110.7830744,4.863890032,-195.7780848,0,397.2159087,-158.2229106,-16.87770572
0.07268600488,0.09031417218,6.254001826,-1.518692994,1,84.65102643,6.43575693,-173.6193854,0,323.0439818,-81.10945681,-13.64924238
0.07268600488,0.09417788008,6.229600304,-1.769563889,1,-388.8295648,6.476054069,62.04212084,44.0883085,255.8827005,249.0795215,-15.8575882
0.07268600488,0.09804158798,5.740333977,-2.241350877,1,-508.3003613,6.162393035,456.2877709,25.37971457,-151.7987654,712.2286948,-21.328484
0.07268600488,0.1019052959,3.679170093,-2.758444858,1,-414.1216685,4.59840305,353.507779,31.11572104,-75.85029528,598.3596337,-36.86060043
0.07268600488,0.1057690038,3.847225429,-3.187386922,1,-140.0818439,4.996056334,272.647807,0,278.0404494,60.77902438,-39.64140079
0.07268600488,0.1096327117,4.212201847,-1.939845769,2,-162.2593089,4.637418032,597.935375,0,488.6486817,-150.5669301,-24.72749362
0.07268600488,0.1134964196,5.108298628,-0.2953926521,1,-233.9017619,5.116832193,65.28551877,33.91426642,44.80535873,-605.9513567,-3.309502174
0.07268600488,0.1173601275,3.48158858,0.6536174499,2,-309.2598026,3.542410875,-727.0539515,0,-971.8340277,-937.5172123,10.63268449
0.07268600488,0.1212238354,0.1585262744,0.5177759113,1,-773.3787363,0.5415002068,-44.95120642,0,-946.7628432,25.36546457,72.9771024
0.07654971278,0.01690372206,1.282497372,-0.1854559255,1,-318.4303757,1.295836953,364.318438,0,-80.91508775,286.6872779,-8.228237389
0.07654971278,0.02076742997,0.5110202608,-0.03548386227,1,-148.6556113,0.512250731,124.9892439,0,-95.5552353,83.55160056,-3.972088014
0.07654971278,0.02463113787,0.3389379944,-0.02535297563,1,-14.90434156,0.3398848885,16.23272888,0,21.88808778,29.19976292,-4.277827636
0.07654971278,0.02849484577,0.5380034162,-0.08558469415,1,129.515923,0.544768222,24.63127525,0,144.5227548,27.65694705,-9.038780816
0.07654971278,0.03235855367,1.397743399,-0.03704328767,1,264.4319763,1.398234177,65.67062945,0,288.991543,74.84904472,-1.518109366
0.07654971278,0.03622226157,2.67627024,-0.1210474097,1,220.6832279,2.679006322,110.8466863,0,221.41805,109.7116717,-2.589716827
0.07654971278,0.04008596947,3.105893599,-0.03265792284,1,141.3690863,3.10606529,199.2588411,0,206.809803,109.6878445,-0.6024328045
0.07654971278,0.04394967737,4.021531765,0.2250287576,1,4.511570679,4.027822697,278.2780068,0,83.93142089,273.0208922,3.202701742
0.07654971278,0.04781338527,3.447611484,-0.01234596774,1,-256.4798449,3.44763359,159.6056767,10.77404484,-188.1998091,281.2769612,-0.2051764896
0.07654971278,0.05167709317,2.303419473,-0.2450735456,1,-236.6627646,2.31642015,58.06366674,29.83905925,-123.0427061,147.7862775,-6.073167738
0.07654971278,0.05554080107,2.057814615,-0.3590079278,1,-183.055347,2.088896283,20.75499123,24.98458794,-82.39380173,77.58017597,-9.896265375
0.07654971278,0.05940450897,1.2778015,-0.4646294608,1,-61.78166714,1.359653341,49.47686752,0,-39.64156537,42.12160283,-19.9820915
0.07654971278,0.06326821687,1.66594487,-0.3305893336,1,244.8158934,1.698429162,41.29086342,6.475377283,237.6214663,-41.76710733,-11.22393772
0.07654971278,0.06713192477,3.141798538,-0.143717723,1,225.0161,3.145083916,47.71919152,0,348.2717284,87.50220196,-2.619099405
0.07654971278,0.07099563267,3.880961582,-0.4842992653,1,77.42849371,3.911062334,49.82760415,0,192.6705491,161.3399563,-7.113082827
0.07654971278,0.07485934057,4.185382344,-0.574568879,1,53.04935429,4.224636642,66.92620495,0,147.2745069,131.629752,-7.816699467
0.07654971278,0.07872304847,4.654954467,-0.7342948714,1,-5.244758401,4.712514196,63.57170471,0,154.5551199,160.9543228,-8.964244756
0.07654971278,0.08258675637,4.762273967,-0.9508268699,1,-135.0159782,4.856266578,139.2489392,0,88.67117343,171.4532815,-11.2910987
0.07654971278,0.08645046427,4.475891679,-0.8587230429,1,-18.1668868,4.557522527,51.17987168,0,203.4543752,83.64282758,-10.86052304
0.07654971278,0.09031417218,5.4781707,-1.076254249,1,242.8004388,5.582891493,-142.5256261,0,496.6565239,-52.12942029,-11.11490359
0.07654971278,0.09417788008,7.332937388,-1.207987577,1,127.084611,7.431769959,-16.59556024,0,443.0425534,88.9657244,-9.35457411
0.07654971278,0.09804158798,7.680975529,-1.484112219,1,-651.8548069,7.823041234,100.6143843,98.84045662,-57.85000341,284.0872707,-10.93588349
0.07654971278,0.1019052959,4.590845305,-1.916873218,1,-950.7623753,4.974963673,513.505777,121.7399129,-126.8205697,636.7719406,-22.66261194
0.07654971278,0.1057690038,3.517509791,-1.960376669,1,-387.1939346,4.026903501,392.6162698,0,444.1461844,124.4721278,-29.13177477
0.07654971278,0.1096327117,4.810892162,-0.8808425782,1,-408.9415069,4.890865674,128.0033572,59.31981956,51.48300535,-347.0475649,-10.37555683
0.07654971278,0.1134964196,2.136394554,-0.1249186675,1,-477.2224949,2.140043543,-349.6674444,0,-479.5878871,-555.9173046,-3.346372653
0.07654971278,0.1173601275,1.11405633,-0.08395336384,1,-100.0193242,1.117215142,-295.7419722,0,-288.2083845,-396.9152812,-4.309565634
0.07654971278,0.1212238354,0.6363960889,0.2659854456,1,-86.66065467,0.6897450538,233.5831732,0,-160.5941862,52.44173165,22.68277242
0.08041342068,0.01690372206,2.898221739,0.3226665049,1,-616.9594193,2.916128071,224.7402266,0,-434.4812903,356.2456044,6.352725952
0.08041342068,0.02076742997,0.866991851,0.06861732132,1,-346.4963713,0.8697029416,65.79061674,21.93751143,-308.9709588,142.7571118,4.525192428
0.08041342068,0.02463113787,0.3656874376,0.02529044998,1,-47.51668828,0.3665609211,1.958214386,4.982398451,-34.76367571,43.41363889,3.956199468
0.08041342068,0.02849484577,0.5490845586,-0.09155432988,1,132.9781377,0.5566651128,-9.090190442,3.761263075,130.4022284,36.4973245,-9.466407303
0.08041342068,0.03235855367,1.383312239,-0.1508463917,1,280.3305145,1.391512624,24.32632408,12.05392192,268.0935809,44.33268604,-6.223356833
0.08041342068,0.03622226157,2.668035069,-0.1688530687,1,249.7960457,2.673372867,20.83907749,0,258.4137476,-27.10347465,-3.621272729
0.08041342068,0.04008596947,3.346886432,0.03438962581,1,225.1881931,3.347063106,34.92643451,0,243.3133651,-62.05183553,0.5886997123
0.08041342068,0.04394967737,4.478188241,0.2058426395,1,45.09893942,4.482916585,-76.45580093,0,-1.133345818,-75.96046941,2.631782801
0.08041342068,0.04781338527,3.516756643,0.03247580949,1,-246.5024625,3.516906591,-18.04987624,0,-259.7699831,41.5635288,0.5290880543
0.08041342068,0.05167709317,2.522099392,-0.02448614457,1,-199.643378,2.522218253,50.9230976,16.99422833,-158.4335703,107.6139358,-0.5562463825
0.08041342068,0.05554080107,2.133251909,-0.18656103,1,-91.5534293,2.141394108,-31.22673953,8.712402616,-64.88530396,65.3063057,-4.998018812
0.08041342068,0.05940450897,1.917665823,-0.3974616341,1,4.138312624,1.958422314,57.74159217,0,3.615317132,141.475507,-11.70951504
0.08041342068,0.06326821687,2.16320967,-0.5100844183,1,280.8451299,2.222535082,29.38073206,15.96766857,259.3698459,10.6692688,-13.26797063
0.08041342068,0.06713192477,4.004898693,-0.3251660056,1,291.2944753,4.01807746,-77.07628784,12.88873434,268.1706737,-128.5401953,-4.6417809
0.08041342068,0.07099563267,4.324819586,-0.3112429123,1,45.74780821,4.336004682,-45.63671861,0,89.01098395,-5.664776033,-4.116290517
0.08041342068,0.07485934057,4.525567303,-0.479605916,1,82.19082292,4.550909936,51.81827471,0,127.6549837,78.6813522,-6.049453235
0.08041342068,0.07872304847,5.135602487,-0.4150339971,1,69.688932,5.152345691,73.21568754,0,180.3655464,80.90856726,-4.620320476
0.08041342068,0.08258675637,5.491704767,-0.5093289561,1,-62.00339397,5.515273088,95.67991763,0,72.27821859,132.1264433,-5.298747406
0.08041342068,0.08645046427,5.175301408,-0.5558527261,1,-49.54244344,5.205066466,178.1983271,0,52.18415948,185.5845678,-6.130346661
0.08041342068,0.09031417218,5.501911586,-0.5378672327,1,61.290587,5.528140036,40.59153077,0,283.9518861,38.76477891,-5.583497002
0.08041342068,0.09417788008,6.509217479,-0.5487946905,1,91.40211832,6.532311061,-183.2099384,0,355.0077188,-336.3212563,-4.819232554
0.08041342068,0.09804158798,7.226708801,0.05371017566,1,-58.38447934,7.22690839,-132.5065743,0,476.1929061,-384.5495136,0.4258245084
0.08041342068,0.1019052959,8.123507198,0.4250256056,1,-558.3270345,8.134618366,163.1097449,76.2445165,200.7418133,170.6262842,2.995010459
0.08041342068,0.1057690038,5.845103956,0.02466846341,1,-1024.153587,5.845156011,127.5978372,153.2939151,-207.2097326,279.2463479,0.2418075812
0.08041342068,0.1096327117,3.365879011,-0.1608999435,1,-749.5358777,3.369722586,-200.3335321,97.6309072,-346.747896,-115.1303262,-2.736840834
0.08041342068,0.1134964196,1.609383678,-0.3045318364,1,-345.3520271,1.637942448,-175.6908799,0,-317.3574217,-198.3141829,-10.71497365
0.08041342068,0.1173601275,0.8053632774,-0.07349010887,1,-55.03438467,0.808709345,-19.49445134,5.891785771,-34.44979174,-158.3895727,-5.21385094
0.08041342068,0.1212238354,1.263642959,0.2321183413,1,132.1134142,1.284784983,120.3781032,0,105.1093228,-37.81628316,10.40861728
0.08427712858,0.01690372206,3.527256917,0.519586263,1,-551.4481252,3.565320637,-100.4570095,0,-592.7735431,111.8172632,8.37975048
0.08427712858,0.02076742997,1.316787767,0.1095033706,1,-396.7412733,1.321333043,1.926229717,15.89977412,-383.083551,130.2137028,4.753748516
0.08427712858,0.02463113787,0.5142415824,0.0239209398,1,-100.0031798,0.5147976461,19.5112574,9.892128603,-74.15366841,72.5796133,2.663303909
0.08427712858,0.02849484577,0.6438965766,-0.09553725543,1,129.5604469,0.6509455957,32.7898141,0,167.7653878,60.80543216,-8.439608829
0.08427712858,0.03235855367,1.663021759,-0.08432322504,1,230.5901238,1.665158183,79.06224887,0,289.1618643,77.04705286,-2.902686519
0.08427712858,0.03622226157,2.652066439,-0.0877511267,1,144.9392632,2.653517789,52.10011886,0,201.3776035,20.60299863,-1.895101695
0.08427712858,0.04008596947,3.001088973,0.03737244724,1,94.82618398,3.001321662,13.79296754,0,107.2008321,-20.92804192,0.7134652918
0.08427712858,0.04394967737,3.432639817,0.04640071185,1,103.9448613,3.432953414,-168.7697033,0,35.13718389,-142.6341254,0.7744485842
0.08427712858,0.04781338527,3.538461369,-0.06360779183,1,-50.69797442,3.539033034,99.54449228,0,-83.02837584,133.7736838,-1.029844657
0.08427712858,0.05167709317,2.915960261,-0.08585088601,1,-175.9960793,2.917223787,316.4745437,0,-173.1434778,366.2615086,-1.686399154
0.08427712858,0.05554080107,2.189488104,-0.2559700812,1,-103.9296647,2.204399882,58.47506321,0,-120.8394183,157.0330511,-6.668102666
0.08427712858,0.05940450897,2.04751818,-0.4666501626,1,-39.09184139,2.100022159,62.26047811,0,-56.36095644,103.0486228,-12.83898877
0.08427712858,0.06326821687,1.820686375,-0.4135635582,1,16.18115057,1.86706553,-11.38001378,0,61.42262683,-71.8371784,-12.79741935
0.08427712858,0.06713192477,2.347356508,-0.233061338,1,240.1954081,2.358898082,-216.8724304,0,241.7409248,-241.8278797,-5.670127221
0.08427712858,0.07099563267,3.682747592,-0.3171429914,1,309.6732384,3.69637789,-99.93304037,0,296.5419145,-57.00865058,-4.921932612
0.08427712858,0.07485934057,4.689594783,-0.398908642,1,193.9767237,4.706530286,30.11168664,0,211.772887,27.40179504,-4.862018027
0.08427712858,0.07872304847,5.250445568,-0.3066727618,1,105.0468658,5.259394152,-9.161540869,0,141.5702296,-0.5963746081,-3.34278562
0.08427712858,0.08258675637,5.642451203,-0.4320019425,1,73.11970809,5.658964681,-53.49325035,0,90.19412721,-12.33889661,-4.378184672
0.08427712858,0.08645046427,5.881442524,-0.4656811635,1,-10.56229402,5.899849583,87.00010758,0,47.39973117,31.08337696,-4.527123562
0.08427712858,0.09031417218,5.7847803,-0.2159560287,1,-123.6384349,5.788809906,54.2220701,16.83596758,-20.21869206,-17.2607217,-2.137959451
0.08427712858,0.09417788008,5.325620606,-0.1894925361,1,-72.82470675,5.328990736,-31.79385386,7.106055736,46.53947352,-238.1486555,-2.037798979
0.08427712858,0.09804158798,5.683221837,0.5813386489,1,9.735958,5.712877127,-92.19034319,0,133.8264555,-404.1807041,5.840490549
0.08427712858,0.1019052959,5.880303837,1.015947086,1,-158.1182386,5.967421696,-282.7859689,0,4.435566592,-441.8862746,9.802291979
0.08427712858,0.1057690038,5.089436883,1.196055757,1,-475.9348781,5.228089246,-192.0401704,64.6645008,-116.3127597,-103.9034463,13.22495755
0.08427712858,0.1096327117,3.59203196,0.6754125289,1,-816.3891321,3.654979574,-129.0766529,113.8818027,-321.9186173,184.8216742,10.64903041
0.08427712858,0.1134964196,0.6913482384,-0.01675568949,1,-613.7915426,0.6915512561,24.96212272,89.04197998,-205.4390051,200.9156513,-1.388363101
0.08427712858,0.1173601275,0.4267644211,-0.004420509485,1,-35.4209434,0.4267873147,42.93879987,0,103.7601175,-3.235812263,-0.5934596856
0.08427712858,0.1212238354,0.9553908452,0.1616495242,1,211.496789,0.9689696774,-165.7057632,0,62.14005813,-251.669836,9.603338302
0.08814083648,0.01690372206,2.942114441,0.1629971613,1,-290.4188559,2.946626115,-136.8311834,0,-519.4624961,-115.292086,3.171022862
0.08814083648,0.02076742997,1.377541952,0.121386771,1,-278.2776798,1.382879813,-14.22680776,0,-296.4590333,-4.435242027,5.035804303
0.08814083648,0.02463113787,0.7214996622,0.1251654114,1,-85.26680215,0.7322760018,23.84413248,11.36261832,-35.55824807,40.75233842,9.841695054
0.08814083648,0.02849484577,0.910709251,0.05605840212,1,119.8718424,0.9124329479,44.66635253,0,207.5269547,57.53163837,3.522378217
0.08814083648,0.03235855367,1.986472981,0.07545770489,1,229.4562209,1.987905624,59.21051028,0,298.0757458,60.98347287,2.175378381
0.08814083648,0.03622226157,2.948938678,0.04920819253,1,144.9577895,2.949349212,87.93891609,0,200.0076276,86.19345636,0.9559914308
0.08814083648,0.04008596947,3.319318589,0.08220165145,1,41.21599226,3.320336279,137.05261,0,43.1786197,165.3203576,1.41861804
0.08814083648,0.04394967737,3.275014807,-0.06001012723,1,163.6382559,3.275564563,69.92013529,13.16622546,120.7805882,115.1205163,-1.049748623
0.08814083648,0.04781338527,4.418229924,-0.09243941792,1,231.9255184,4.419196839,232.0293502,0,255.941917,219.9824764,-1.19858314
0.08814083648,0.05167709317,5.159992072,-0.01346452573,1,-339.9344107,5.160009639,37.1401968,51.77189087,-35.95259931,78.41038718,-0.1495077388
0.08814083648,0.05554080107,2.965912313,-0.2518953785,1,-443.5485914,2.97658985,1.884116971,58.40982873,-230.3170933,118.5388787,-4.85448951
0.08814083648,0.05940450897,2.556371902,-0.4641844503,1,-212.705421,2.598173302,153.749928,19.17121697,-78.26625575,175.332613,-10.29160196
0.08814083648,0.06326821687,1.841682747,-0.3352845691,1,-97.68914474,1.871953814,105.9031484,0,13.89470963,68.37705344,-10.31789057
0.08814083648,0.06713192477,2.232614681,-0.3191945806,1,208.6993602,2.255316717,23.54142033,0,277.04129,30.450313,-8.136380309
0.08814083648,0.07099563267,3.718442735,-0.3619785122,1,269.5234371,3.736019917,-17.59214399,0,381.4491467,6.129151975,-5.560042061
0.08814083648,0.07485934057,4.747782597,-0.4108467392,1,127.3168272,4.76552564,31.71662133,0,229.7127549,8.925011074,-4.945738214
0.08814083648,0.07872304847,5.097900752,-0.2739183876,1,30.64434783,5.105254485,14.21028228,0,96.06450196,22.62490618,-3.075636572
0.08814083648,0.08258675637,5.237348581,-0.4433583881,1,25.53386037,5.256080937,-13.68430445,0,112.5823643,1.323559818,-4.838735472
0.08814083648,0.08645046427,5.6315415,-0.3319043914,1,-27.64739113,5.641313694,57.03644729,0,133.0826025,-21.92263568,-3.372921642
0.08814083648,0.09031417218,5.64471944,-0.1382835554,1,-69.04701645,5.646413011,51.54178274,5.808995406,26.2634956,-11.68712419,-1.403343383
0.08814083648,0.09417788008,5.466238473,-0.08760636414,1,-106.6717145,5.466940453,178.1901297,0,19.74915592,4.408057116,-0.9181899491
0.08814083648,0.09804158798,5.308876063,0.5331596114,1,-56.86307566,5.335580964,161.8720563,0,19.94176826,-133.360508,5.734869831
0.08814083648,0.1019052959,5.323585326,1.053086027,1,-139.9145409,5.426744042,46.67664384,20.15011416,-17.24324968,-181.3384377,11.18951613
0.08814083648,0.1057690038,4.701664266,1.414143283,1,-310.4680757,4.909729942,10.54668823,42.63219878,-140.4779794,-169.7215106,16.73997575
0.08814083648,0.1096327117,3.58126149,1.749589691,1,-493.7594131,3.985786992,17.57649271,75.01213862,-80.70296999,54.0492795,26.037362
0.08814083648,0.1134964196,2.482109418,1.273223089,1,-722.8645125,2.789617214,47.83358618,110.9351492,44.11303003,380.4997371,27.15601364
0.08814083648,0.1173601275,0.9587640243,0.4642648556,1,857.9689538,1.065255984,-453.6392925,0,-1590.706503,-34.82514543,25.83778161
0.08814083648,0.1212238354,-0.3489744411,-0.3449524399,1,-270.1132532,0.490688645,100.9744013,0,-406.8211834,519.8555985,-135.3320827
0.09200454438,0.01690372206,2.553126249,-0.3653714592,1,-233.668803,2.579137443,0.2173825887,0,-443.6304262,-209.2329182,-8.144158159
0.09200454438,0.02076742997,1.244683058,0.03925593175,1,-213.7746821,1.245301948,14.82856478,0,-249.330402,-135.6361564,1.806446934
0.09200454438,0.02463113787,0.7638234774,0.2159802729,1,-42.09559065,0.7937718708,22.46286473,5.207272755,-11.2012169,-30.30524508,15.78888834
0.09200454438,0.02849484577,1.038759761,0.2431364945,1,149.0328227,1.066835131,27.1654974,0,203.8905241,36.27014466,13.17373043
0.09200454438,0.03235855367,2.127416201,0.1808025754,1,282.2633644,2.135085306,31.3274197,0,309.4230053,61.91749788,4.857719531
0.09200454438,0.03622226157,3.324863062,0.1249453678,1,257.3568365,3.327209902,24.06240738,0,271.1390147,59.22218458,2.152111255
0.09200454438,0.04008596947,4.169369797,0.0449554664,1,122.4610094,4.169612152,65.32483709,7.77173003,90.47428583,128.5113334,0.6177573124
0.09200454438,0.04394967737,4.147582845,-0.1191887973,1,171.0137323,4.149295052,214.2997767,0,117.7071718,218.3815836,-1.646051787
0.09200454438,0.04781338527,5.284903035,0.02918455709,1,-128.544197,5.284983616,249.606907,0,-74.67222088,-63.00338052,0.3163984164
0.09200454438,0.05167709317,3.362413966,1.08864604,1,-496.253292,3.534257755,-211.3693343,63.07586017,-184.4750961,-350.7974691,17.94035533
0.09200454438,0.05554080107,2.654767384,0.5678941429,1,-118.5522479,2.71482847,-291.5480924,0,107.3151218,-23.4474583,12.07443897
0.09200454438,0.05940450897,3.318996993,0.0527835024,1,-148.8646137,3.319416686,-133.8885199,0,107.2690221,8.547268584,0.9111237506
0.09200454438,0.06326821687,2.494054168,0.01756386152,1,-215.5158118,2.494116012,7.359159977,33.07333718,18.02878166,12.99923089,0.4034870272
0.09200454438,0.06713192477,2.555964794,0.03099191586,1,25.88514514,2.556152681,43.53630302,0,270.3079939,18.23899846,0.6946961735
0.09200454438,0.07099563267,3.638457939,0.115305257,1,164.856748,3.640284532,4.623990139,0,428.008304,13.49438201,1.815135529
0.09200454438,0.07485934057,4.846622179,-0.003280687293,1,98.37383342,4.84662329,77.50066187,0,355.6739577,121.2963257,-0.03878361055
0.09200454438,0.07872304847,5.392765977,-0.05390839542,1,-9.135541227,5.393035416,97.77804923,0,202.7502596,121.6906393,-0.5727340429
0.09200454438,0.08258675637,5.594692897,-0.09567195036,1,-53.85886364,5.595510855,139.8732642,0,215.4513221,85.71777838,-0.9796900111
0.09200454438,0.08645046427,6.017112035,0.1553325828,1,-79.60884511,6.019116667,197.6867032,0,168.6616854,133.5079644,1.478770069
0.09200454438,0.09031417218,5.938767059,0.1522959497,1,-84.17045544,5.940719505,102.0072664,0,87.79770373,64.83359779,1.468992302
0.09200454438,0.09417788008,6.031126663,0.2989607798,1,-151.8472269,6.038531806,168.3684121,0,114.2188835,-19.48072141,2.837808401
0.09200454438,0.09804158798,5.793382131,0.8780901312,1,-212.162688,5.859549368,209.0028914,0,38.46512085,-99.23789026,8.618596488
0.09200454438,0.1019052959,5.360010001,1.489913123,1,-274.9793474,5.563231824,125.0749184,36.32194634,-66.38969532,-127.2106396,15.5342472
0.09200454438,0.1057690038,4.474431864,1.852847835,1,-303.5243174,4.842890212,31.03057154,44.75782894,-82.43575428,-171.2178562,22.4942886
0.09200454438,0.1096327117,3.868773022,2.271341971,1,-359.8504015,4.48624554,182.5280732,37.65458067,-190.9492022,-100.561046,30.41703355
0.09200454438,0.1134964196,2.346303084,2.946621501,1,-848.019049,3.766658523,-1329.132008,0,-531.3017088,1708.553421,51.47078033
0.09200454438,0.1173601275,-1.460519487,-9.465387219,1,-139.5757634,9.577404261,-209.7899756,0,400.411614,647.720885,-98.7716233
0.09200454438,0.1212238354,3.35409662,-0.3665499857,1,1075.921623,3.374066246,2468.856945,0,1416.304099,-2241.042181,-6.236777051
0.09586825228,0.01690372206,2.134539465,-0.648233221,1,-281.0111552,2.230799192,56.51066407,0,-352.454309,-270.762045,-16.89288674
0.09586825228,0.02076742997,0.9107767058,-0.01599014509,1,-170.2608221,0.9109170613,23.36986469,0,-203.3027357,-207.6945665,-1.005815923
0.09586825228,0.02463113787,0.6911989953,0.2445322474,1,31.56514211,0.7331794263,-0.2292591192,0,31.85304139,-73.7344745,19.48275112
0.09586825228,0.02849484577,1.155806042,0.2680125363,1,210.0299385,1.186473062,-0.04897933342,0,218.4561566,16.55103939,13.05522563
0.09586825228,0.03235855367,2.346744106,0.1803946239,1,275.2890527,2.353667376,8.332990276,6.317081432,272.0918639,51.18147595,4.395691965
0.09586825228,0.03622226157,3.270726014,0.1024585037,1,224.6746475,3.272330424,-46.13071118,0,220.8820226,11.27019357,1.794256289
0.09586825228,0.04008596947,4.068244932,-0.04138570529,1,212.5807886,4.068455432,-152.3427723,0,221.2105917,-56.98628597,-0.5828421082
0.09586825228,0.04394967737,4.946769198,-0.265971106,1,128.2498905,4.953914222,36.63998764,0,148.9363096,-4.018331091,-3.077637561
0.09586825228,0.04781338527,5.139211443,0.115706162,1,-271.478248,5.140513805,162.575816,0,-235.5024803,-214.5558142,1.289761086
0.09586825228,0.05167709317,2.987943752,1.191155353,1,-364.1695037,3.216622288,13.34144508,0,-513.3165835,-117.3837581,21.73488956
0.09586825228,0.05554080107,1.748861516,0.6207901622,1,-93.48175723,1.85577397,-136.0976913,0,-143.5583754,36.20163054,19.54324242
0.09586825228,0.05940450897,2.072089919,0.5254411017,1,-50.8747391,2.137672796,-276.316669,0,95.25700386,-262.4112078,14.22914736
0.09586825228,0.06326821687,1.920341623,0.567063522,1,-73.09254351,2.002316904,-37.88739931,0,176.4146612,-63.70270728,16.45150396
0.09586825228,0.06713192477,2.471296402,0.6251839111,1,124.9973672,2.54914904,115.0970212,0,358.5032643,92.3989514,14.19672688
0.09586825228,0.07099563267,3.788446833,0.6547622336,1,278.3502214,3.844612202,135.5696248,0,509.6440486,146.4136451,9.805636843
0.09586825228,0.07485934057,5.515876088,0.5832857838,1,116.6657697,5.546630628,48.21669178,0,441.7141287,76.69083662,6.036406806
0.09586825228,0.07872304847,5.945863658,0.5447464552,1,-111.3787925,5.970765724,43.87934428,0,264.8816972,40.28390676,5.234694827
0.09586825228,0.08258675637,6.108966474,0.5971775042,1,-60.16931988,6.138085398,71.00526581,0,310.0115236,49.6284004,5.583167632
0.09586825228,0.08645046427,6.911180954,0.627340419,1,-121.4135871,6.939594958,89.85638018,0,168.0986201,108.2393238,5.186627786
0.09586825228,0.09031417218,6.289343805,0.5261511798,1,-300.4156911,6.311313695,162.0723572,37.20865446,75.32519336,81.04787042,4.782090108
0.09586825228,0.09417788008,6.04149702,0.9403953686,1,-330.1271088,6.114248088,151.0591138,34.97613209,186.1286872,-101.3826084,8.847434555
0.09586825228,0.09804158798,5.732975966,1.501512256,1,-272.7584504,5.926343939,69.82022938,38.47014421,84.81373096,-167.9358765,14.67656664
0.09586825228,0.1019052959,5.315333522,1.859015513,1,-323.1447792,5.631048671,54.78611432,47.33669162,-83.96529715,-143.6897215,19.27706947
0.09586825228,0.1057690038,4.160021547,2.268364912,1,-303.603428,4.738275915,65.28122383,44.63715154,-63.23987855,-75.29852227,28.60262799
0.09586825228,0.1096327117,3.897958141,2.402174589,1,-104.6254116,4.578702919,13.05491153,14.03741549,49.77172616,-46.10107877,31.64406857
0.09586825228,0.1134964196,3.948082929,2.496926379,1,-164.4627004,4.671402376,184.9085432,0,-158.3248999,146.488516,32.31090598
0.09586825228,0.1173601275,2.650801139,2.550618352,1,-2076.984329,3.678641143,391.039807,255,1192.64013,786.1888186,43.89658174
0.09586825228,0.1212238354,0.5312352616,0.9701860207,1,-935.6836591,1.106106603,-510.1787646,0,-161.4830688,307.9122361,61.29664092
0.09973196018,0.01690372206,1.725321496,-0.6414069369,1,-329.6159073,1.840689307,-9.133674901,0,-287.8299637,-295.3864559,-20.39316206
0.09973196018,0.02076742997,0.5325062511,-0.08840837107,1,-157.4145818,0.539795283,30.44397444,0,-165.4028549,-191.7517998,-9.426444801
0.09973196018,0.02463113787,0.4780492154,0.2170926317,1,87.19030803,0.5250335828,-9.061902267,9.597270342,60.33964631,-103.2981438,24.42384051
0.09973196018,0.02849484577,1.102518901,0.27569294,1,233.0270023,1.136465805,-54.7046085,0,253.3745444,-42.11487318,14.03933533
0.09973196018,0.03235855367,2.357362714,0.1684495719,1,251.3144778,2.363373484,-98.59721494,0,289.0093142,-55.78829373,4.087225361
0.09973196018,0.03622226157,3.190172205,0.1102917729,1,112.9557664,3.192078159,-118.9261278,0,146.6965603,-95.59334237,1.980061517
0.09973196018,0.04008596947,3.36058346,0.07829850456,1,106.1174365,3.361495478,-155.2079002,0,174.3000329,-116.5004479,1.334697502
0.09973196018,0.04394967737,4.273623397,-0.03926251623,1,151.4617829,4.273803749,-160.8280488,0,294.6081813,-184.0922066,-0.5263714127
0.09973196018,0.04781338527,5.084067505,0.1681844149,1,-203.9772348,5.086848572,-144.8911861,7.134273786,-135.9031526,-287.6679747,1.894692461
0.09973196018,0.05167709317,2.960424859,0.5123852901,1,-278.5605997,3.004439054,-0.3981908374,0,-450.0838509,-53.77393971,9.819377014
0.09973196018,0.05554080107,2.268798185,0.3744127175,1,-220.1862937,2.299484743,89.06696592,0,-225.7363962,61.88877729,9.370885164
0.09973196018,0.05940450897,1.237509839,0.6173938722,1,-70.13458417,1.382969918,72.74438716,0,26.84494672,-84.40364725,26.51461662
0.09973196018,0.06326821687,2.10153967,0.9815868196,1,170.881468,2.31947875,86.23276752,0,377.8553512,4.498684291,25.03633013
0.09973196018,0.06713192477,3.357668623,0.9331904953,1,254.2254724,3.484936596,171.1756419,0,425.5410431,164.0917148,15.5321071
0.09973196018,0.07099563267,4.727958927,1.008957045,1,144.2236409,4.834417228,124.5874145,0,366.0529668,41.91534449,12.04635151
0.09973196018,0.07485934057,5.329228384,1.252611225,1,-25.71377252,5.474459795,42.93836804,0,281.9415448,-58.23263053,13.22702246
0.09973196018,0.07872304847,5.717948195,1.399852231,1,-110.8205703,5.886808798,-8.177552445,0,300.1614266,-29.39744691,13.75642124
0.09973196018,0.08258675637,6.060786146,1.334598699,1,-74.66875104,6.205987624,-34.13318314,0,350.1936624,-1.540386419,12.41847074
0.09973196018,0.08645046427,6.782495972,1.273923185,1,-129.1770049,6.901096426,-52.15972353,0,340.7164066,-121.8985033,10.6376501
0.09973196018,0.09031417218,6.878112604,1.604048974,1,-335.866577,7.062676978,106.5620311,39.26808279,191.0746267,-157.3552263,13.12735475
0.09973196018,0.09417788008,6.223062169,2.293622378,1,-422.8848459,6.632285155,84.3435123,63.49245902,44.02062764,-85.33691809,20.2322788
0.09973196018,0.09804158798,5.41429193,2.259644593,1,-317.080103,5.866902998,-84.61624725,47.08168213,4.802423319,-115.780715,22.65312581
0.09973196018,0.1019052959,5.016512431,2.414032778,1,-313.6897387,5.567131328,13.97090299,47.38300357,60.41904471,-121.1060232,25.69766661
0.09973196018,0.1057690038,4.435727949,2.78154238,1,-313.5225902,5.235710119,158.139353,41.63709467,-16.58004149,40.67326961,32.09087325
0.09973196018,0.1096327117,3.741092285,2.867887412,1,-230.1875208,4.713867806,47.35959637,34.56279219,20.80227469,-1.503773826,37.47344645
0.09973196018,0.1134964196,3.626724519,2.970336169,1,-203.4613808,4.687859607,-19.60716331,30.75186131,34.41541586,-97.14905564,39.31793753
0.09973196018,0.1173601275,3.087948055,3.167486634,1,-251.5767443,4.423617837,-154.9545921,30.36360216,-21.25099289,-65.50652127,45.72848324
0.09973196018,0.1212238354,2.572597836,2.624734952,1,-351.9826235,3.675254167,-48.55415508,0,85.21803765,232.3944554,45.57474413
0.1035956681,0.01690372206,0.9579626298,-0.4867845403,1,-208.5050477,1.074547155,-98.80931617,0,-138.5358056,-326.5335916,-26.93720232
0.1035956681,0.02076742997,0.2875303864,-0.04685449921,1,-99.2652178,0.2913229603,9.213141957,8.470846038,-82.13825531,-153.2146839,-9.25528041
0.1035956681,0.02463113787,0.2570725975,0.1407891335,1,82.37418215,0.2931004956,1.314873163,10.57587373,45.53234508,-100.5261576,28.707887
0.1035956681,0.02849484577,0.7817238462,0.3466294958,1,188.0963275,0.8551281653,-61.29103886,0,198.364305,-109.2365182,23.91330323
0.1035956681,0.03235855367,1.750243596,0.3260364608,1,182.78377,1.780351769,-165.0252644,0,246.897158,-135.5700304,10.55214781
0.1035956681,0.03622226157,2.441885443,0.2328230757,1,135.1812124,2.452959661,-194.3466759,0,193.0526183,-167.4335313,5.446437172
0.1035956681,0.04008596947,3.018443241,0.2220519311,1,115.1199943,3.026599851,-116.1777862,0,188.2706007,-130.2269043,4.207387997
0.1035956681,0.04394967737,3.614098082,0.2871047644,1,-0.2918512106,3.62548398,-147.026189,0,116.6272386,-187.5759935,4.542051054
0.1035956681,0.04781338527,3.467929196,0.3787245312,1,-142.7216042,3.488547718,-213.7229507,0,-73.51099924,-276.1849312,6.232441254
0.1035956681,0.05167709317,2.778638464,0.528439612,1,-172.1911734,2.828441291,30.04726556,18.17797005,-121.7800098,-27.05375297,10.76788383
0.1035956681,0.05554080107,2.332110413,0.5993461877,1,-175.1869677,2.407894274,67.04825679,24.76082569,-19.34029449,-29.15520345,14.41295278
0.1035956681,0.05940450897,2.027041944,0.9001416813,1,-63.04001287,2.21791661,302.6535011,0,47.19798624,104.0349766,23.94440985
0.1035956681,0.06326821687,2.27090145,1.36675015,1,172.4191808,2.650471537,225.3341501,0,277.8295538,125.1828024,31.04178228
0.1035956681,0.06713192477,3.766671536,1.287097235,1,193.9183397,3.980506721,129.1642054,0,365.3535991,91.61069289,18.86564605
0.1035956681,0.07099563267,4.431764858,1.511845953,1,104.4719848,4.68254396,25.12900884,0,332.960666,-100.3667175,18.83648871
0.1035956681,0.07485934057,5.456783525,1.771976064,1,36.16314351,5.737280332,36.09914549,0,318.1389965,-124.5793806,17.99011867
0.1035956681,0.07872304847,5.800684836,2.132660844,1,-98.05806871,6.180306371,33.08774622,0,231.1816664,-87.71478742,20.18629136
0.1035956681,0.08258675637,5.971134221,2.238721768,1,-173.9227675,6.377014901,2.854854777,0,287.2817439,-77.43342529,20.55222952
0.1035956681,0.08645046427,6.238670808,2.442871306,1,-253.0009092,6.699898034,-60.12915114,0,284.5663165,-143.8249978,21.38378072
0.1035956681,0.09031417218,6.093093735,2.562098071,1,-252.2485635,6.609851571,-81.08538101,20.07056729,200.2228867,-159.1219298,22.80637125
0.1035956681,0.09417788008,6.03765879,2.744381736,1,-308.0032727,6.632115407,-46.49572704,46.864311,14.40108409,-93.87877199,24.44388696
0.1035956681,0.09804158798,4.958700639,2.745172317,1,-295.7224799,5.667864067,37.88514153,45.19215768,1.636046062,-107.0742743,28.9692289
0.1035956681,0.1019052959,4.901394712,3.304462576,1,-141.8266511,5.91127254,54.03203694,0,133.9261596,-119.5038213,33.98738497
0.1035956681,0.1057690038,4.928175448,3.415664183,1,-172.966666,5.996138345,49.24166997,24.7608867,-40.88569788,31.7809118,34.72540396
0.1035956681,0.1096327117,4.075131644,3.371925845,1,-409.8346927,5.289289349,18.14624904,62.79716837,39.41216567,18.05601083,39.60570701
0.1035956681,0.1134964196,3.496971004,3.416012837,1,-286.3892218,4.888552946,-111.1321965,0,-302.7153144,-128.8881797,44.32903803
0.1035956681,0.1173601275,1.799003794,3.440529777,1,-198.4464288,3.88248114,-447.8056192,0,-385.3012508,-251.9804721,62.39557575
0.1035956681,0.1212238354,1.241540482,2.659401669,2,-52.16905115,2.934934413,-618.8141492,0,-236.3948495,-214.472968,64.97450239
0.107459376,0.01690372206,0.08192074277,-0.3710662236,1,-80.985574,0.3800015137,-20.59670745,0,26.22243481,-201.1649294,-77.55044061
0.107459376,0.02076742997,-0.023873644,-0.02223479075,1,-8.679344303,0.03262417505,27.73580157,0,11.99353098,-87.64889361,-137.0356332
0.107459376,0.02463113787,0.09472579202,0.07474653476,1,71.05068237,0.1206649085,8.584881079,7.672417475,49.95325681,-78.79237552,38.2763792
0.107459376,0.02849484577,0.4436502318,0.3153654059,1,167.4519492,0.5443168814,-21.70051572,18.06724802,117.5655871,-110.0660055,35.40682957
0.107459376,0.03235855367,1.195950299,0.4161649756,1,177.4289362,1.266290016,-140.9208173,0,171.6422057,-145.7153244,19.18679714
0.107459376,0.03622226157,1.79235916,0.3338899811,1,132.8880534,1.823193319,-196.6139065,0,180.9548775,-182.3183395,10.55240136
0.107459376,0.04008596947,2.408547711,0.3609310805,1,103.7257009,2.435441093,-206.2510742,0,203.8697933,-226.5913058,8.52259763
0.107459376,0.04394967737,2.980818301,0.4124786948,1,42.05754316,3.009221896,-211.3193144,0,160.5092297,-230.6434708,7.878424414
0.107459376,0.04781338527,3.191206551,0.435593976,1,-46.33935392,3.22079825,-106.4241561,0,44.05466151,-182.6930186,7.772735519
0.107459376,0.05167709317,2.971990917,0.7071593013,1,-138.7148666,3.054963877,41.35449577,18.01728831,-62.12864873,-98.65732138,13.38414916
0.107459376,0.05554080107,2.415205874,0.9765587401,1,-83.38799529,2.605165328,75.34752661,0,41.16027048,-11.6574975,22.01533916
0.107459376,0.05940450897,2.808835323,1.0433213,1,107.7154254,2.99634364,185.8270858,0,161.6188362,79.11535163,20.37714522
0.107459376,0.06326821687,3.455834789,1.388861711,1,173.1166414,3.72447727,232.9320706,0,189.7065985,90.00072703,21.89464793
0.107459376,0.06713192477,4.210678342,1.595566262,1,63.67602838,4.502848409,91.79742126,0,190.3358261,-38.364814,20.75336674
0.107459376,0.07099563267,4.437262397,1.891770567,1,27.28191821,4.82370122,42.81062075,0,173.7395561,-150.4020429,23.09036104
0.107459376,0.07485934057,4.9873666,2.342083557,1,18.4101496,5.509916605,-7.746804741,0,258.4282901,-209.6688572,25.15490247
0.107459376,0.07872304847,5.506885264,2.671938397,1,-43.23071342,6.120869228,-34.95470368,0,246.4732342,-235.4032565,25.88264183
0.107459376,0.08258675637,5.772636334,3.116558214,1,-136.8260224,6.560203148,-28.59910747,0,263.023826,-204.3338013,28.36393268
0.107459376,0.08645046427,5.994476715,3.350925922,1,-169.6949205,6.867492674,-77.3852749,0,215.6055819,-138.3909934,29.20528823
0.107459376,0.09031417218,5.950021719,3.35226649,1,-255.0284993,6.82938131,-94.07806125,24.83542691,173.8161989,-142.8324498,29.39708771
0.107459376,0.09417788008,5.680696108,3.539298638,1,-415.0855486,6.693051854,-210.7952766,44.90207639,207.2395084,-225.3627827,31.92454074
0.107459376,0.09804158798,5.146965331,3.408551079,1,-329.1168882,6.173287016,49.20435474,48.11021805,91.74192313,64.69143309,33.51431066
0.107459376,0.1019052959,4.763548581,3.479461091,1,-168.8893378,5.89898674,32.46063344,23.43827849,65.83035837,62.66126509,36.14568804
0.107459376,0.1057690038,4.748775538,3.29186466,1,-114.0104374,5.778169438,-907.3333382,0,-114.4181501,-1198.293469,34.72980958
0.107459376,0.1096327117,3.880967242,4.603646048,1,-362.1652369,6.021251006,-654.5753994,0,-168.2629672,-555.031709,49.86843014
0.107459376,0.1134964196,2.699355896,2.907256917,1,-332.8269696,3.967198638,-469.1584019,0,-572.2073465,89.40138606,47.1236344
0.107459376,0.1173601275,0.3841790053,2.445534183,1,-174.6854609,2.475526398,-260.8199685,0,-691.4090174,-3.472191877,81.07213586
0.107459376,0.1212238354,-0.6469801827,1.912940279,1,-111.0309886,2.019387003,-288.5720064,0,-422.7356493,-12.88144307,108.686176
0.1113230839,0.01690372206,NaN,NaN,0,-75.26631993,0.1244786685,38.13736327,0,51.92255623,-16.51664515,-35.65788496
0.1113230839,0.02076742997,NaN,NaN,0,-39.49130726,0.06504752466,40.9980851,0,9.641976563,6.87569365,30.50545727
0.1113230839,0.02463113787,-0.01418865343,0.05927484371,1,9.280180544,0.06094936409,26.59541121,0,46.77291755,-4.686382197,103.4616291
0.1113230839,0.02849484577,0.2726164973,0.1538831647,1,86.76818704,0.3130491702,12.73128549,3.209297612,83.26379812,-50.52488889,29.4433177
0.1113230839,0.03235855367,0.642765271,0.3036782244,1,92.38273007,0.7108921561,-68.33919908,0,90.1324732,-136.8371513,25.2886673
0.1113230839,0.03622226157,0.9778019301,0.4185392439,1,69.73769744,1.063612577,-156.2538749,0,112.289895,-235.2715532,23.17290659
0.1113230839,0.04008596947,1.346066718,0.6089794523,1,72.48427773,1.477413816,-226.194526,0,167.8757781,-310.6285065,24.34266259
0.1113230839,0.04394967737,1.906482977,0.7447674815,1,47.93097959,2.046791622,-274.625655,0,212.1296131,-305.4253825,21.33809961
0.1113230839,0.04781338527,2.350864885,0.7279806028,1,12.62147194,2.461000094,-205.886272,0,155.8058843,-226.4827839,17.20592391
0.1113230839,0.05167709317,2.557237084,0.8243463872,1,-19.0486125,2.686821257,-82.70769272,0,77.88463305,-173.9629616,17.86715281
0.1113230839,0.05554080107,2.578190082,1.080564306,1,45.33481166,2.795475508,32.75552827,0,82.3831892,-40.76512481,22.73940541
0.1113230839,0.05940450897,3.050702132,1.108408715,1,80.63245128,3.24582091,69.52293042,0,162.7682906,-21.1372854,19.96755372
0.1113230839,0.06326821687,3.518619451,1.430848898,1,91.38585348,3.798422227,68.29467934,0,147.3530508,-104.6130553,22.12914943
0.1113230839,0.06713192477,3.973119523,1.776473696,1,40.15929145,4.352187673,-19.03397246,0,88.58842752,-186.4551658,24.0905237
0.1113230839,0.07099563267,4.01606303,2.077715486,1,52.58498701,4.521688169,37.53160977,0,113.9993946,-201.3224594,27.35484487
0.1113230839,0.07485934057,4.616752914,2.69933605,1,35.00293922,5.347973689,-1.565117845,0,156.5326627,-305.4899537,30.31409214
0.1113230839,0.07872304847,4.756100649,3.251992275,1,-73.3986445,5.761592413,-66.60385303,0,191.0049953,-347.2380945,34.36243779
0.1113230839,0.08258675637,5.071149501,3.783624786,1,-27.83723607,6.327114175,-181.9413802,0,195.7779043,-357.826215,36.72691082
0.1113230839,0.08645046427,5.404974336,3.931559901,1,-91.46465758,6.683630063,-297.9358909,0,119.0524627,-410.6265874,36.03201481
0.1113230839,0.09031417218,5.177740722,4.21902872,1,-318.7982874,6.679012077,-185.2607283,39.33373263,46.39081961,-500.3218317,39.17451502
0.1113230839,0.09417788008,4.35247145,5.148863975,1,-255.3599427,6.742018092,-303.8069488,0,312.564053,-343.2041069,49.79127586
0.1113230839,0.09804158798,5.398760695,4.371247831,1,-82.18261578,6.94654048,-291.2658289,0,319.3761398,-48.61988393,38.99626696
0.1113230839,0.1019052959,5.268917943,4.21135092,1,-1304.171062,6.745144392,-226.9637785,137.5611919,-923.2520243,20.76688719,38.63471277
0.1113230839,0.1057690038,-3.207351484,3.414088901,1,-1076.440478,4.684346973,-158.1198162,149.2569119,-442.1408928,-134.7631478,133.2116679
0.1113230839,0.1096327117,-0.598436897,4.121107576,1,723.9386609,4.164331204,-250.293377,38.56518691,631.5086037,-11.41095092,98.26231917
0.1113230839,0.1134964196,2.029700821,2.491116984,1,-468.1926964,3.213308147,-490.3412892,0,824.4031083,202.5285537,50.82769949
0.1113230839,0.1173601275,0.7778560855,1.44406089,1,-18.833909,1.640235332,-165.4653549,0,-486.6102042,102.684076,61.69048375
0.1113230839,0.1212238354,NaN,NaN,0,-64.3609258,1.457091948,99.45776976,0,-298.5255531,93.76115944,86.97818127
0.1151867918,0.01690372206,NaN,NaN,0,-44.94518562,0.2046000283,29.4390731,0,42.6881677,4.98203583,36.03239305
0.1151867918,0.02076742997,NaN,NaN,0,-32.41544224,0.2324704652,37.10419314,0,36.01793981,11.41563712,46.1337824
0.1151867918,0.02463113787,NaN,NaN,0,-19.9190675,0.2835545254,54.5306482,0,55.25562452,19.79106435,50.75797845
0.1151867918,0.02849484577,NaN,NaN,0,-6.292460917,0.4238871543,32.42385177,0,64.22461784,-16.19864409,45.40130449
0.1151867918,0.03235855367,NaN,NaN,0,-31.11116607,0.57324486,-6.919205277,2.28763072,26.45048313,-57.77029891,45.30120718
0.1151867918,0.03622226157,0.2796192703,0.498299243,1,-38.5885319,0.5713922224,-32.28875213,0.5868476755,20.78478073,-115.6349424,60.70115632
0.1151867918,0.04008596947,0.3344203188,0.729495974,1,31.35882404,0.802496932,-41.20379146,0,87.71106086,-183.1904591,65.37202188
0.1151867918,0.04394967737,0.7396705253,1.046894252,1,114.9676748,1.281834647,-131.6460947,0,192.0530746,-198.7631631,54.75734366
0.1151867918,0.04781338527,1.520658814,0.9888167212,1,92.93581599,1.813880298,-215.0045457,0,228.1598747,-224.0080202,33.03415648
0.1151867918,0.05167709317,1.980290482,1.081681048,1,79.24523806,2.256453918,-185.1539558,0,144.2707059,-219.0297381,28.64440075
0.1151867918,0.05554080107,2.384259133,1.119702849,1,112.5750122,2.634089232,-101.2366001,0,150.2535623,-173.444218,25.15582815
0.1151867918,0.05940450897,2.995783322,1.360670191,1,64.65564041,3.29031018,-47.7610906,0,176.3698418,-173.3916446,24.42731741
0.1151867918,0.06326821687,3.315511193,1.605102613,1,22.53833776,3.683608132,-38.47119585,0,86.41011887,-147.6958362,25.8325151
0.1151867918,0.06713192477,3.416728335,1.782682297,1,28.46950359,3.853827797,-76.09755425,0,98.0698772,-211.7069997,27.55335763
0.1151867918,0.07099563267,3.804422398,2.129057899,1,33.84953711,4.359646467,47.16411117,0,65.60600392,-219.1491399,29.23255912
0.1151867918,0.07485934057,3.800995495,2.811638909,1,41.53157779,4.727883259,132.4688247,0,-14.74423603,-272.44246,36.49074731
0.1151867918,0.07872304847,3.907920862,3.693516829,1,24.69387344,5.377165799,48.78816334,0,-54.16387637,-253.7458064,43.38435957
0.1151867918,0.08258675637,3.687132011,3.980541799,1,-43.96968446,5.425832238,-131.419178,0,-124.5530427,-253.2673523,47.19140051
0.1151867918,0.08645046427,3.256798269,4.164302583,1,-59.99718263,5.286601079,-350.5209485,0,-39.90712066,-553.1006335,51.97191474
0.1151867918,0.09031417218,3.301130965,4.763250528,1,9.164254968,5.795344791,-132.8790446,0,-28.82513272,-539.0403085,55.27642895
0.1151867918,0.09417788008,3.180834381,5.733591067,1,118.3700164,6.556811259,-287.5625964,0,19.48079052,-338.4997512,60.97972415
0.1151867918,0.09804158798,3.833746217,4.960056815,2,48.28394204,6.268953156,-439.0348714,0,155.1552573,-236.5428354,52.298708
0.1151867918,0.1019052959,3.966864022,4.951220988,2,-115.9633753,6.344336013,-173.2443551,0,59.90714471,-375.784553,51.29867477
0.1151867918,0.1057690038,3.617161316,5.742612978,1,-390.4313525,6.786859348,717.1953409,0,106.4953284,899.5843051,57.79396412
0.1151867918,0.1096327117,2.869818163,4.246523306,1,-289.6222873,5.125311354,129.191747,16.60993532,-235.7356883,-429.5607821,55.94900832
0.1151867918,0.1134964196,1.587331556,7.901469539,1,-559.387035,8.059332624,-724.8743541,0,-146.724232,209.0316718,78.64100674
0.1151867918,0.1173601275,0.1416104819,0.6381832152,1,-91.27300151,0.6537058549,-966.1966075,0,-293.7898121,817.9116011,77.48898976
0.1151867918,0.1212238354,NaN,NaN,0,56.89185708,1.013100566,96.21267576,0,-78.65807874,-95.32009682,84.3602187
0.1190504997,0.01690372206,NaN,NaN,0,-31.21206139,0.3543841474,24.68842215,0,36.06574034,8.434356267,48.64845408
0.1190504997,0.02076742997,NaN,NaN,0,-25.87046305,0.3843949134,29.56322548,0,35.92173597,7.89949532,50.69195489
0.1190504997,0.02463113787,NaN,NaN,0,-18.65230587,0.4436457266,36.65152502,0,42.41078139,3.286034908,52.02733974
0.1190504997,0.02849484577,NaN,NaN,0,-13.72368081,0.5423987088,33.19729953,0,44.74444924,-12.44583204,51.81585363
0.1190504997,0.03235855367,NaN,NaN,0,-18.65232226,0.6565595206,31.69286466,0,37.01862333,-25.66132144,53.25128411
0.1190504997,0.03622226157,NaN,NaN,0,-20.20422183,0.7647747454,64.00134453,0,42.5270679,-13.80692137,57.91169356
0.1190504997,0.04008596947,NaN,NaN,0,8.5815588,0.9554878328,78.41785198,0,49.29293372,-23.72821572,59.9079378
0.1190504997,0.04394967737,NaN,NaN,0,22.78993364,1.218099895,42.72952476,0,22.65234363,-66.94202467,58.86214807
0.1190504997,0.04781338527,0.654648565,1.250446867,1,21.9371658,1.411446815,-96.57620454,0,72.7157543,-105.1127845,62.3665173
0.1190504997,0.05167709317,0.9955893522,1.075585801,1,91.21936882,1.465633984,-142.057105,0,131.9483996,-135.7668652,47.21187559
0.1190504997,0.05554080107,1.516903635,1.226143218,1,122.8817275,1.950493227,-115.2451713,0,187.867232,-235.454558,38.94929463
0.1190504997,0.05940450897,2.196232562,1.540039758,1,142.7324481,2.682379526,-231.289803,0,189.1820798,-348.1432498,35.03886398
0.1190504997,0.06326821687,2.799324419,1.677630804,1,38.89580831,3.263535248,-223.1144295,0,133.1912773,-353.9083363,30.93419188
0.1190504997,0.06713192477,2.861126794,2.045389209,1,-8.379781042,3.517053248,-165.3716423,0,151.3095032,-300.6775213,35.56057443
0.1190504997,0.07099563267,3.351563116,2.200413197,1,154.9353366,4.009338294,-86.2046606,0,159.4799636,-199.1825423,33.28623705
0.1190504997,0.07485934057,4.075935674,2.481902743,1,134.5126658,4.772116181,55.20804604,18.53415776,24.05032187,-138.1025732,31.3379069
0.1190504997,0.07872304847,3.964204184,2.947308964,1,37.04865568,4.939791994,62.0496502,0,-164.1551999,-194.2770469,36.63008732
0.1190504997,0.08258675637,3.584833115,3.472274228,1,-190.2172076,4.990763145,64.24510079,0,-340.506063,-210.5875458,44.08622583
0.1190504997,0.08645046427,1.91364449,4.009182032,1,-74.5268155,4.442474063,-16.1041028,0,-185.1182021,-171.3887698,64.48413633
0.1190504997,0.09031417218,2.581640609,4.072248823,1,99.70879629,4.821626148,-33.7253211,0,-94.55702971,-229.8071366,57.62696004
0.1190504997,0.09417788008,1.933549412,4.766784892,1,208.8837828,5.14401123,-90.70986919,16.36148865,-155.3380263,-274.9677302,67.92106534
0.1190504997,0.09804158798,2.788525771,4.784167376,2,214.1949523,5.537520515,-190.2953155,0,100.0320113,-222.4091164,59.76356942
0.1190504997,0.1019052959,3.147630613,4.890863238,2,91.63631131,5.816194777,-80.39467778,5.384195154,-26.70204534,-222.7193777,57.23573574
0.1190504997,0.1057690038,3.039412808,5.334068443,1,-559.3239941,6.139243958,-142.1686375,0,-710.5975037,3.171951824,60.32501818
0.1190504997,0.1096327117,-1.758975111,4.329309655,1,-624.4567887,4.672998558,-552.6975282,38.1042222,-152.718275,-229.5512242,112.1116414
0.1190504997,0.1134964196,0.03663537416,4.085525516,2,830.2443107,4.085689769,-665.3954357,58.25045648,-321.9498702,283.8778169,89.48623597
0.1190504997,0.1173601275,0.2049261344,0.661595089,1,-45.22890172,0.6926057914,-362.6317959,0,56.52004976,453.7303737,72.7898655
0.1190504997,0.1212238354,NaN,NaN,0,-47.28146922,0.9347925235,48.68708695,0,-17.24983883,-90.94327287,85.07453312
0.1229142076,0.01690372206,NaN,NaN,0,-22.99249302,0.4803420688,20.48516868,0,29.41535985,6.999336843,52.3464996
0.1229142076,0.02076742997,NaN,NaN,0,-19.98862298,0.508584831,23.87227807,0,30.40590206,4.39843652,53.03276568
0.1229142076,0.02463113787,NaN,NaN,0,-15.09601211,0.5646757286,29.31492689,0,33.72131583,-2.100587997,53.7770793
0.1229142076,0.02849484577,NaN,NaN,0,-11.2976342,0.6490256698,32.02095667,0,35.32377441,-11.20939753,54.40090699
0.1229142076,0.03235855367,NaN,NaN,0,-9.570220334,0.7546541219,36.49201986,0,34.35249306,-18.62223345,55.58543671
0.1229142076,0.03622226157,NaN,NaN,0,-4.949367005,0.8791211798,48.35709269,0,35.80370887,-20.02952687,57.40688099
0.1229142076,0.04008596947,NaN,NaN,0,8.521171584,1.041257612,53.15700752,0,36.14179025,-25.96078035,58.39219639
0.1229142076,0.04394967737,NaN,NaN,0,21.64046683,1.229774972,43.45912201,0,29.00165732,-33.72515989,58.30500422
0.1229142076,0.04781338527,NaN,NaN,0,39.72872807,1.397823615,38.30154113,0,27.75549233,-11.56855418,57.96820001
0.1229142076,0.05167709317,NaN,NaN,0,5.00188609,1.535457594,6.650187023,0,69.50331761,-41.43251136,53.79954424
0.1229142076,0.05554080107,NaN,NaN,0,-51.96011567,1.71418523,-36.17861441,5.376139387,13.17960766,-114.1068331,53.09889923
0.1229142076,0.05940450897,0.7570232585,1.540138,1,-10.02373677,1.716132068,-85.16388991,0,24.72618248,-240.1044084,63.82452199
0.1229142076,0.06326821687,1.086063773,1.969432762,1,76.37306057,2.249044224,-109.7829416,0,145.9592852,-332.2472346,61.12501326
0.1229142076,0.06713192477,1.616050499,2.399675046,1,190.4264484,2.893105519,-182.4560862,0,227.7484953,-228.3146898,56.04187953
0.1229142076,0.07099563267,2.701769607,2.146617011,1,235.4204197,3.450727981,-276.4848821,0,247.1897578,-272.646505,38.46793536
0.1229142076,0.07485934057,3.480715255,2.384844679,1,78.50496402,4.219343886,-225.9655515,0,101.442184,-425.1283536,34.417358
0.1229142076,0.07872304847,3.397032825,2.916123902,1,-65.07551847,4.477009116,-149.4934006,0,-27.84240236,-412.2008588,40.64386862
0.1229142076,0.08258675637,3.12170755,3.39986956,1,-100.8483798,4.615644165,-101.472609,0,-122.9398233,-313.9332523,47.44233178
0.1229142076,0.08645046427,2.532380576,3.737009769,1,-67.52409549,4.514221239,64.98470897,0,-149.5702205,-93.61800552,55.87651283
0.1229142076,0.09031417218,2.282918527,4.012664121,1,-103.6919639,4.616621097,-43.06649778,0.8769977668,-94.15364063,-195.5973392,60.36322347
0.1229142076,0.09417788008,1.767962951,4.326344386,1,45.10735471,4.673644053,24.70318093,0,-56.4285219,-106.3368589,67.77259395
0.1229142076,0.09804158798,2.239176843,4.518964559,2,173.4828282,5.043307805,-131.5284746,10.02971447,92.51991501,-174.9198911,63.64128026
0.1229142076,0.1019052959,2.795719852,4.493996144,2,300.7195058,5.292641196,26.85171645,44.342762,-83.06799028,-138.5779128,58.1142122
0.1229142076,0.1057690038,3.080118724,5.158136324,1,-13.57449798,6.007786755,281.7541915,0,-749.4962231,-125.9337146,59.1569736
0.1229142076,0.1096327117,-0.152562522,6.069183128,1,-67.74195621,6.071100326,410.0521976,0,-700.1369525,852.2203398,91.4399546
0.1229142076,0.1134964196,0.1132589176,3.44972778,2,274.1907303,3.451586496,-646.9346476,0,-106.9546672,656.9609406,88.11958267
0.1229142076,0.1173601275,0.4935887764,1.031311443,1,-108.0710309,1.143342981,-488.0001639,0,62.26965022,113.8822334,64.42408225
0.1229142076,0.1212238354,NaN,NaN,0,-206.1858122,1.126033453,-85.33079202,0,-82.28993675,-133.4289224,93.24318417
0.1267779155,0.01690372206,NaN,NaN,0,-16.56256739,0.5790743566,16.6437169,0,22.98866445,4.416306676,54.00559064
0.1267779155,0.02076742997,NaN,NaN,0,-14.38980703,0.6054940816,19.49724918,0,24.17091331,1.424043953,54.36881401
0.1267779155,0.02463113787,NaN,NaN,0,-10.44548539,0.6578651045,24.71494779,0,26.74480547,-4.877425889,54.91691339
0.1267779155,0.02849484577,NaN,NaN,0,-6.800623546,0.7352740615,29.07958039,0,28.4768395,-11.66893663,55.57070286
0.1267779155,0.03235855367,NaN,NaN,0,-3.381557868,0.8351270773,33.89716542,0,29.26386562,-17.58868795,56.42344818
0.1267779155,0.03622226157,NaN,NaN,0,1.455802557,0.9563634152,39.77799887,0,30.19348427,-21.72817231,57.3675125
0.1267779155,0.04008596947,NaN,NaN,0,8.812027717,1.101143379,42.3939634,0,30.4688611,-26.36021892,57.96108777
0.1267779155,0.04394967737,NaN,NaN,0,15.522034,1.262012477,39.64841464,0,29.45700305,-30.42928037,58.06836132
0.1267779155,0.04781338527,NaN,NaN,0,18.48429367,1.422860471,35.46247146,0,31.65233998,-30.21434952,57.81292241
0.1267779155,0.05167709317,NaN,NaN,0,5.073842948,1.580114817,27.24578818,0,41.07549102,-43.57693112,56.9736914
0.1267779155,0.05554080107,NaN,NaN,0,-11.9479229,1.749433594,30.44665275,0,32.21090851,-60.0112216,57.64455159
0.1267779155,0.05940450897,NaN,NaN,0,-4.84212073,1.919878803,88.63131521,0,45.01191997,-32.66863288,60.7021945
0.1267779155,0.06326821687,NaN,NaN,0,45.4654649,2.231611641,64.11408888,0,41.11914292,-69.25194564,60.71950699
0.1267779155,0.06713192477,NaN,NaN,0,48.11392951,2.533269832,-20.43644787,6.439425415,-12.28541826,-97.92544042,59.8067188
0.1267779155,0.07099563267,1.229879837,2.245886482,1,10.59447591,2.560587921,-145.7364896,0,63.49769526,-244.3295443,61.29425116
0.1267779155,0.07485934057,1.560299009,2.570525461,1,43.5838861,3.007014158,-177.6397327,0,102.4162293,-396.4141299,58.74241124
0.1267779155,0.07872304847,1.793981636,3.091166849,1,54.14255454,3.574028903,-182.275443,0,54.43894496,-393.5734765,59.87094522
0.1267779155,0.08258675637,1.979826206,3.386919343,1,37.38307174,3.923128145,-248.7450805,0,-35.04537944,-404.298486,59.6915473
0.1267779155,0.08645046427,1.803013796,3.692179771,1,-16.90129801,4.108898905,-150.3034915,0,-66.00169516,-337.2179253,63.97220918
0.1267779155,0.09031417218,1.659513257,4.109102117,1,-22.76901918,4.431557792,-84.40640369,0,-25.07959565,-260.9984676,68.00805283
0.1267779155,0.09417788008,1.618140725,4.374479923,1,15.82688351,4.664167021,6.882900495,0,-30.06565578,-86.87372406,69.70032875
0.1267779155,0.09804158798,1.6044988,4.471350328,1,296.5529537,4.750514726,-183.3612286,35.86333958,-12.41850859,66.77659005,70.25998939
0.1267779155,0.1019052959,2.715953226,3.408020457,2,563.5650491,4.357867065,-252.8984766,77.40334348,-36.36194049,259.7356354,51.4476127
0.1267779155,0.1057690038,3.641457615,2.49068186,2,782.8761867,4.411769451,135.810238,56.33995962,-678.7989508,529.7583274,34.37132237
0.1267779155,0.1096327117,3.118077264,1.885920111,1,-262.3619328,3.644050012,9.5838623,0,-660.6073148,-22.04616135,31.16698809
0.1267779155,0.1134964196,0.07537404176,2.612891032,2,-608.8814668,2.613977963,-306.5346955,13.06544162,-519.2145607,-159.9971203,88.34764745
0.1267779155,0.1173601275,-1.24055627,1.319741724,1,-262.7403348,1.811269742,-381.9202025,0,45.24547534,-70.59930583,133.2285083
0.1267779155,0.1212238354,NaN,NaN,0,37.4349046,1.604174229,-96.58213912,0,208.7502196,-143.3228877,118.4803629
0.1306416234,0.01690372206,NaN,NaN,0,-10.76985818,0.6516782388,13.13954045,0,16.91526413,1.634731621,54.890866
0.1306416234,0.02076742997,NaN,NaN,0,-8.956028096,0.6766950714,15.81490651,0,18.1508055,-1.297994051,55.15086601
0.1306416234,0.02463113787,NaN,NaN,0,-5.495498874,0.7262551921,20.96803471,0,20.61015323,-7.164222888,55.59817215
0.1306416234,0.02849484577,NaN,NaN,0,-2.077816724,0.7993923615,25.6852517,0,22.5749125,-13.00023513,56.16759992
0.1306416234,0.03235855367,NaN,NaN,0,1.388809849,0.8945303254,30.23906256,0,24.03264566,-18.33540943,56.82202582
0.1306416234,0.03622226157,NaN,NaN,0,5.342107385,1.010236198,34.46377395,0,25.2375015,-22.93425551,57.46666615
0.1306416234,0.04008596947,NaN,NaN,0,9.749102726,1.145023058,36.99243258,0,26.08316682,-27.32264263,57.94658339
0.1306416234,0.04394967737,NaN,NaN,0,13.15134779,1.294301918,37.27810168,0,26.70515381,-31.41739316,58.21559104
0.1306416234,0.04781338527,NaN,NaN,0,13.61256966,1.451743068,36.65414191,0,28.32137353,-35.28263242,58.35477395
0.1306416234,0.05167709317,NaN,NaN,0,8.757114927,1.615926682,36.42384148,0,30.93539798,-42.649642,58.52321496
0.1306416234,0.05554080107,NaN,NaN,0,3.936701861,1.79254188,42.08812202,0,29.5766154,-49.6924893,59.30522649
0.1306416234,0.05940450897,NaN,NaN,0,8.126513353,1.987376282,57.45759583,0,31.00264444,-48.97776922,60.67819058
0.1306416234,0.06326821687,NaN,NaN,0,21.60890666,2.224772271,49.63123877,0,26.39886844,-62.57966571,61.36384941
0.1306416234,0.06713192477,NaN,NaN,0,18.90129826,2.456738389,29.03696599,0,14.34546825,-74.07117893,61.85817272
0.1306416234,0.07099563267,NaN,NaN,0,-3.86106739,2.637143475,44.42447607,0,30.77927065,-70.96883779,63.06264242
0.1306416234,0.07485934057,NaN,NaN,0,-8.001467691,2.901355982,16.79960096,0,2.165730133,-129.7563722,64.20047253
0.1306416234,0.07872304847,NaN,NaN,0,-54.19154163,3.143934796,-32.72572867,0,-117.7160832,-164.1723925,68.1103795
0.1306416234,0.08258675637,0.5985379628,3.120027181,1,-23.72237303,3.176919468,-66.62692176,0,-111.7383274,-229.6907775,79.14045893
0.1306416234,0.08645046427,0.6487402264,3.547300176,1,103.5203674,3.606133999,-14.46846428,15.66798125,-12.97598804,-243.1890535,79.63611784
0.1306416234,0.09031417218,0.9483749966,4.003736729,1,210.683495,4.114525845,-22.78346157,32.27380363,-0.9985062577,-178.5221608,76.67382154
0.1306416234,0.09417788008,1.458901774,4.149029019,1,300.5952507,4.398049134,-182.6526095,34.48711467,-83.09618521,-7.031763451,70.62705777
0.1306416234,0.09804158798,1.788727855,3.325189079,2,430.9670664,3.775768762,-298.6897787,46.33310051,-78.13634083,211.953255,61.72274016
0.1306416234,0.1019052959,2.822136636,2.176053495,2,622.5392909,3.563658795,-698.5915706,0,377.2654286,288.6824754,37.63459342
0.1306416234,0.1057690038,5.651681248,-0.4893494528,1,-467.2861219,5.672826793,-130.3272881,49.2353761,-315.084057,-739.6968018,-4.948599407
0.1306416234,0.1096327117,-0.2007132053,4.5304793,1,-1172.885099,4.534923205,7.948021243,141.8086715,-727.0941912,-1101.22588,92.53670832
0.1306416234,0.1134964196,-1.689283745,3.796174513,1,-171.8414384,4.155071661,-516.489634,0,-100.9797077,81.17476206,113.9888887
0.1306416234,0.1173601275,NaN,NaN,0,4.57361961,2.551203261,-241.7711743,0,176.2517887,278.4628141,119.4623809
0.1306416234,0.1212238354,NaN,NaN,0,27.3444773,2.042460939,-136.8393588,0,109.4087367,88.40350104,119.0135512
0.1345053313,0.01690372206,NaN,NaN,0,-5.242961827,0.6993660628,9.908356484,0,11.15433968,-1.16247631,55.37227869
0.1345053313,0.02076742997,NaN,NaN,0,-3.632596809,0.7234593199,12.53100392,0,12.44324283,-3.962731097,55.59055479
0.1345053313,0.02463113787,NaN,NaN,0,-0.5026652859,0.771192099,17.65703282,0,14.97008947,-9.48123648,55.98156052
0.1345053313,0.02849484577,NaN,NaN,0,2.596045674,0.8416568859,22.45432913,0,17.18001159,-14.83237159,56.484865
0.1345053313,0.03235855367,NaN,NaN,0,5.672506605,0.9335087973,26.91005916,0,19.05430302,-19.81845911,57.04137805
0.1345053313,0.03622226157,NaN,NaN,0,8.774714408,1.045128378,30.8456018,0,20.64070924,-24.35079767,57.58335539
0.1345053313,0.04008596947,NaN,NaN,0,11.69092801,1.174462363,33.83389128,0,21.92115089,-28.57870294,58.04933417
0.1345053313,0.04394967737,NaN,NaN,0,13.72168479,1.318459972,35.81741758,0,22.95907181,-32.63501721,58.43688519
0.1345053313,0.04781338527,NaN,NaN,0,14.05752225,1.47400526,37.45215303,0,23.99260237,-36.849145,58.81537716
0.1345053313,0.05167709317,NaN,NaN,0,12.40534524,1.640212759,39.70731381,0,24.76811196,-42.04651516,59.31028062
0.1345053313,0.05554080107,NaN,NaN,0,10.81110206,1.819060481,44.02439802,0,24.15751068,-47.13132436,60.09694202
0.1345053313,0.05940450897,NaN,NaN,0,11.80256562,2.013046119,49.47970732,0,23.02317395,-50.97028901,61.12000159
0.1345053313,0.06326821687,NaN,NaN,0,13.94235014,2.223909924,47.91630439,0,19.12821814,-58.01776904,62.07707717
0.1345053313,0.06713192477,NaN,NaN,0,9.743424269,2.434665888,42.52859699,0,12.48915219,-64.81077182,63.13952052
0.1345053313,0.07099563267,NaN,NaN,0,-1.453642249,2.633239376,43.20560478,0,7.623255154,-70.11047781,64.65222641
0.1345053313,0.07485934057,NaN,NaN,0,-10.81409412,2.841509767,35.64522776,0,-13.53954996,-84.96428986,66.70174249
0.1345053313,0.07872304847,NaN,NaN,0,-23.37574311,3.027492899,34.5383614,0,-51.40368547,-78.57651997,70.04508128
0.1345053313,0.08258675637,NaN,NaN,0,-11.03566849,3.159181894,90.36770657,0,-47.38603579,-12.21388505,74.67521267
0.1345053313,0.08645046427,NaN,NaN,0,66.15081971,3.34112062,59.55757845,0,-54.04173597,-3.690808426,76.01395866
0.1345053313,0.09031417218,NaN,NaN,0,136.4505516,3.407286713,-53.40222228,7.285147435,-116.3260216,37.20079437,75.00249921
0.1345053313,0.09417788008,0.8852557148,2.892008291,1,236.7630304,3.024465181,-172.7344612,13.43839124,-136.4327039,30.93032029,72.98043346
0.1345053313,0.09804158798,1.269374208,2.504323472,1,177.2751273,2.807658621,-162.8460824,0,-113.3654045,-51.12583747,63.1207759
0.1345053313,0.1019052959,1.132184216,2.460353898,1,-27.00330194,2.708354187,-199.5610949,0,-229.0811557,-348.2324551,65.28947032
0.1345053313,0.1057690038,0.2799386658,3.078746181,1,-291.2773159,3.091446862,-579.8871529,0,-288.014212,-877.0038333,84.80459931
0.1345053313,0.1096327117,-1.106029037,3.608325963,1,343.5228957,3.774031861,2.989430332,0,-831.7829253,52.69974084,107.0414217
0.1345053313,0.1134964196,-1.606555468,2.886680061,1,505.620092,3.303625622,23.89386477,5.598643682,-503.7466207,444.5441785,119.0977262
0.1345053313,0.1173601275,NaN,NaN,0,230.1642057,2.26712411,-62.95025405,32.80327843,-60.78005091,237.168114,118.9903757
0.1345053313,0.1212238354,NaN,NaN,0,86.36541752,1.972159547,-37.29062856,0,-10.43528847,95.19644233,118.8666413
0.1383690392,0.01690372206,NaN,NaN,0,-2.535846928,0.722993997,8.326038178,0,8.326038178,-2.535846928,55.58778444
0.1383690392,0.02076742997,NaN,NaN,0,-1.014121921,0.7466315122,10.92867923,0,9.638815496,-5.259674581,55.78964755
0.1383690392,0.02463113787,NaN,NaN,0,1.958608192,0.7934662158,16.02933511,0,12.20973089,-10.61104876,56.15511076
0.1383690392,0.02849484577,NaN,NaN,0,4.877866463,0.8626229684,20.83268147,0,14.53503302,-15.76184702,56.62659074
0.1383690392,0.03235855367,NaN,NaN,0,7.713761927,0.9528141559,25.27423584,0,16.58054017,-20.58226505,57.14441496
0.1383690392,0.03622226157,NaN,NaN,0,10.41503268,1.062389692,29.22613765,0,18.32816449,-25.02031827,57.65540824
0.1383690392,0.04008596947,NaN,NaN,0,12.77648732,1.189305737,32.51699262,0,19.74337847,-29.16947478,58.12810924
0.1383690392,0.04394967737,NaN,NaN,0,14.37172155,1.33114289,35.21087262,0,20.83259974,-33.18947945,58.57487669
0.1383690392,0.04781338527,NaN,NaN,0,14.77480788,1.485755095,37.72840062,0,21.6375336,-37.3337534,59.05495727
0.1383690392,0.05167709317,NaN,NaN,0,13.99999418,1.6522675,40.61531943,0,21.98258436,-41.86949255,59.65547011
0.1383690392,0.05554080107,NaN,NaN,0,13.01862259,1.831122934,44.32567141,0,21.34331433,-46.31278152,60.45193571
0.1383690392,0.05940450897,NaN,NaN,0,12.59328411,2.022525187,47.90364984,0,19.54133538,-50.3711746,61.4218996
0.1383690392,0.06326821687,NaN,NaN,0,11.620917,2.224086009,48.18333689,0,15.59526497,-55.55268717,62.49375974
0.1383690392,0.06713192477,NaN,NaN,0,6.945702789,2.426836649,46.41143848,0,9.497655347,-60.58773585,63.76893806
0.1383690392,0.07099563267,NaN,NaN,0,-1.706321501,2.62356377,45.48717158,0,1.587637484,-64.43495851,65.43418358
0.1383690392,0.07485934057,NaN,NaN,0,-9.366535325,2.813900055,41.34912108,0,-13.60248776,-68.10201229,67.60241357
0.1383690392,0.07872304847,NaN,NaN,0,-12.70596583,2.982330921,40.82160372,0,-31.72877534,-57.00014867,70.36853737
0.1383690392,0.08258675637,NaN,NaN,0,-0.3667807263,3.112683699,52.41786302,0,-35.18899112,-18.48137942,73.18390681
0.1383690392,0.08645046427,NaN,NaN,0,39.28831888,3.201853059,20.92385162,0,-43.09918896,8.629468295,74.33400882
0.1383690392,0.09031417218,NaN,NaN,0,74.37214766,3.154017496,-47.5839517,0,-62.35806982,49.68052764,73.68959569
0.1383690392,0.09417788008,NaN,NaN,0,57.71950342,2.856288824,-100.0761945,0,-37.9909298,113.4086101,71.40059084
0.1383690392,0.09804158798,NaN,NaN,0,51.60579025,2.40318662,-249.3160415,0,-104.7644737,90.20911176,66.40287703
0.1383690392,0.1019052959,NaN,NaN,0,154.1029516,1.563559886,-457.0874036,0,-397.2172984,236.2830066,63.17338004
0.1383690392,0.1057690038,0.0226800347,-0.4767417726,1,830.7831735,0.4772809463,-248.5125808,0,-1009.670631,115.3458727,-87.27632157
0.1383690392,0.1096327117,0.01445348528,-0.0105590864,1,949.3101286,0.01789965202,338.273914,0,-923.9603891,241.7298291,-36.15023599
0.1383690392,0.1134964196,0.1206240234,-0.1037236291,1,696.8262784,0.1590872285,590.3749992,0,-851.1187357,303.6778309,-40.69197275
0.1383690392,0.1173601275,NaN,NaN,0,114.4343663,1.241817017,330.001952,0,-344.1411874,-62.33006632,117.931553
0.1383690392,0.1212238354,NaN,NaN,0,33.58668156,1.606937542,129.4575599,0,-129.4575599,-33.58668156,118.5053439
