PIVlab, ASCII chart output - 19-Sep-2021
FRAME: 432, filenames: A: 72_12_75_60 432.jpg & B: 72_12_75_60 433.jpg, conversion factor xy (px -> m): 0.00024148, conversion factor uv (px/frame -> m/s): 1
x [m],y [m],u [m/s],v [m/s],Vector type [-],vorticity [1/s],magnitude [m/s],divergence [1/s],dcev [1],simple shear [1/s],simple strain [1/s],vector direction [degrees]
0.03791263377,0.01690372206,NaN,NaN,0,-2.16955315,0.5906196907,-1.36231457,0,1.36231457,2.16955315,-53.03908213
0.03791263377,0.02076742997,NaN,NaN,0,-2.266251328,0.5951579954,-2.410026362,0,1.229233934,2.86958399,-53.55399645
0.03791263377,0.02463113787,NaN,NaN,0,-2.296187882,0.6047080278,-4.381247172,0,1.058332307,4.323365906,-54.50471297
0.03791263377,0.02849484577,NaN,NaN,0,-1.998578249,0.6198291115,-6.213063805,0,1.049716772,5.692956878,-55.75705428
0.03791263377,0.03235855367,NaN,NaN,0,-1.4469062,0.6407204748,-7.755879282,0,1.149733457,6.97260874,-57.1610994
0.03791263377,0.03622226157,NaN,NaN,0,-0.8001403903,0.6670406969,-8.952052664,0,1.306573247,8.128112005,-58.5902402
0.03791263377,0.04008596947,NaN,NaN,0,-0.2008538953,0.6980640454,-9.83617952,0,1.470769907,9.133153869,-59.96456606
0.03791263377,0.04394967737,NaN,NaN,0,0.3069002312,0.7329391396,-10.49863618,0,1.589853758,9.947985875,-61.24975953
0.03791263377,0.04781338527,NaN,NaN,0,0.7981153454,0.7708387902,-10.99021393,0,1.615725725,10.50669007,-62.43289234
0.03791263377,0.05167709317,NaN,NaN,0,1.347792875,0.8108666023,-11.23699702,0,1.543120616,10.76637604,-63.49544706
0.03791263377,0.05554080107,NaN,NaN,0,1.695771438,0.8518797384,-11.09962705,0,1.522803185,10.91492577,-64.41350692
0.03791263377,0.05940450897,NaN,NaN,0,1.303714935,0.8929375425,-10.63236417,0,1.601175115,11.4444346,-65.21726774
0.03791263377,0.06326821687,NaN,NaN,0,-0.539049308,0.9340425232,-10.2386114,0,1.623191028,13.06803763,-66.05247785
0.03791263377,0.06713192477,NaN,NaN,0,-4.452283153,0.9770400328,-10.96268251,0,1.4219511,16.36220382,-67.20822067
0.03791263377,0.07099563267,NaN,NaN,0,-9.930940197,1.027174318,-14.26759617,0,0.6837655056,21.30176014,-69.04104448
0.03791263377,0.07485934057,NaN,NaN,0,-14.69423083,1.093299998,-20.78743081,0,-1.115605856,26.87859084,-71.72910484
0.03791263377,0.07872304847,NaN,NaN,0,-13.67365543,1.183706373,-24.43256524,0,-9.11622157,32.30148583,-75.0015554
0.03791263377,0.08258675637,NaN,NaN,0,-18.47413146,1.282923458,-19.02338914,0,-18.68138684,39.88575116,-78.54860649
0.03791263377,0.08645046427,NaN,NaN,0,-50.71475354,1.380617953,-25.43876939,0,-10.81169686,53.31827155,-83.22900422
0.03791263377,0.09031417218,NaN,NaN,0,-64.08490154,1.561771507,-40.41604759,0,-29.0726099,75.79866751,-89.37679706
0.03791263377,0.09417788008,NaN,NaN,0,-0.8141695821,1.830655891,-78.73999201,0,-78.68690613,16.04450063,-96.1825942
0.03791263377,0.09804158798,NaN,NaN,0,52.37164216,1.9496151,22.3120136,0,-110.1345099,-3.092938083,-98.55974623
0.03791263377,0.1019052959,NaN,NaN,0,-88.10432179,1.772414411,216.1132851,0,-131.2627484,87.87604411,-103.7186428
0.03791263377,0.1057690038,-1.137752251,-1.432427475,1,231.922027,1.829297312,454.9036771,0,-3.55177512,367.8943891,-128.4595055
0.03791263377,0.1096327117,0.4620203297,-1.385672511,1,586.8517757,1.460668029,-49.13865312,0,101.8152164,-12.90211188,-71.56023239
0.03791263377,0.1134964196,1.523055847,-1.572434886,1,202.9089591,2.189120961,-253.4387699,0,-50.28727073,-117.3214073,-45.91390052
0.03791263377,0.1173601275,NaN,NaN,0,-24.64788831,2.181802616,-137.8681937,0,-140.3312154,-20.15033637,-61.18158254
0.03791263377,0.1212238354,NaN,NaN,0,-13.04682244,2.212266641,-72.92301624,0,-72.92301624,-13.04682244,-66.40152702
0.04177634167,0.01690372206,NaN,NaN,0,-3.235456171,0.5861298241,-1.091775916,0,2.080536638,2.476474263,-52.51623635
0.04177634167,0.02076742997,NaN,NaN,0,-3.382548259,0.5902722817,-2.297034353,0.3686467443,1.912970942,3.071249764,-53.09527937
0.04177634167,0.02463113787,NaN,NaN,0,-3.421049092,0.5993782099,-4.521318357,0,1.69336124,4.406889842,-54.15372168
0.04177634167,0.02849484577,NaN,NaN,0,-2.978356873,0.6144006616,-6.582326182,0,1.666800757,5.702634767,-55.52549485
0.04177634167,0.03235855367,NaN,NaN,0,-2.18159221,0.6356868567,-8.242715637,0,1.732502602,6.956563077,-57.03050782
0.04177634167,0.03622226157,NaN,NaN,0,-1.293048531,0.6627381223,-9.429688073,0,1.839603833,8.112984523,-58.52431571
0.04177634167,0.04008596947,NaN,NaN,0,-0.5388323673,0.6945887011,-10.22574105,0,1.945393556,9.155472399,-59.92821905
0.04177634167,0.04394967737,NaN,NaN,0,0.02186907973,0.7302545738,-10.82848989,0,1.984635806,10.04513888,-61.22939987
0.04177634167,0.04781338527,NaN,NaN,0,0.5744852081,0.7690063261,-11.36944545,0,1.879370524,10.67127145,-62.44012501
0.04177634167,0.05167709317,NaN,NaN,0,1.437163245,0.8101234391,-11.67055113,0,1.603161535,10.82811125,-63.54108001
0.04177634167,0.05554080107,NaN,NaN,0,2.26936746,0.8520271475,-11.29798226,0,1.590552867,10.66550433,-64.44485281
0.04177634167,0.05940450897,NaN,NaN,0,2.3314697,0.8930749762,-10.10069045,0,2.080484109,10.80850403,-65.11043563
0.04177634167,0.06326821687,NaN,NaN,0,0.5290567699,0.9324676381,-8.275246138,0,2.848810393,12.24301586,-65.64134328
0.04177634167,0.06713192477,NaN,NaN,0,-4.612537901,0.9707199224,-7.265822734,0,3.684574713,15.83283091,-66.38110606
0.04177634167,0.07099563267,NaN,NaN,0,-12.85584499,1.013083694,-9.938545849,1.660829192,3.954489654,21.7786151,-67.90844676
0.04177634167,0.07485934057,NaN,NaN,0,-20.87647552,1.072255187,-21.45914989,0,5.484017143,29.23550768,-70.69252162
0.04177634167,0.07872304847,NaN,NaN,0,-10.05608792,1.179258077,-28.7157254,0,-5.348188077,34.91126585,-74.17739563
0.04177634167,0.08258675637,NaN,NaN,0,-2.200921886,1.291919085,-3.477317604,0,-24.94930563,37.75901128,-76.80002793
0.04177634167,0.08645046427,NaN,NaN,0,-68.31072251,1.311911843,-9.785501495,15.40081822,14.04440107,51.36176593,-80.49522374
0.04177634167,0.09031417218,NaN,NaN,0,-122.4802886,1.496475885,-34.61903365,27.10661188,-15.96471959,140.4835781,-86.73076291
0.04177634167,0.09417788008,-0.318275301,-1.970447051,1,-71.67254082,1.995986159,9.620997645,16.11984979,-15.91030709,203.1647122,-99.17541882
0.04177634167,0.09804158798,-0.2530535222,-2.241836868,1,25.34230825,2.25607372,208.6686963,0,100.2372343,165.9065897,-96.44015933
0.04177634167,0.1019052959,0.1669273696,-1.805226761,1,103.8000936,1.81292813,267.3499682,0,78.62233154,175.5965522,-84.71694454
0.04177634167,0.1057690038,0.4517734431,-1.88732847,1,119.7622218,1.940646284,259.2382621,0,-74.40701695,393.1680404,-76.53829788
0.04177634167,0.1096327117,0.3421666327,-2.322692304,1,226.2880366,2.347760112,2.011074571,42.39406506,-134.4001663,47.10882963,-81.61976621
0.04177634167,0.1134964196,0.8068013337,-2.061573023,1,201.5142856,2.213822874,-148.6620304,22.24189058,-96.88147981,-197.2212839,-68.62699539
0.04177634167,0.1173601275,NaN,NaN,0,55.04408578,2.26179299,-93.86957831,0,-77.62802023,-72.81173896,-70.73000231
0.04177634167,0.1212238354,NaN,NaN,0,23.99478838,2.260511156,-48.4997364,0,-37.91593565,-44.43067593,-71.43924034
0.04564004958,0.01690372206,NaN,NaN,0,-5.457364909,0.5776638438,-0.2982772989,0,3.429160458,3.274537638,-51.38992758
0.04564004958,0.02076742997,NaN,NaN,0,-5.770037645,0.5806590016,-1.942189916,1.016796443,3.23389339,3.539002915,-52.11705223
0.04564004958,0.02463113787,NaN,NaN,0,-5.8657334,0.5884679292,-4.839136036,0.3410821408,2.973970999,4.515838614,-53.42256576
0.04564004958,0.02849484577,NaN,NaN,0,-5.074281695,0.6031241186,-7.482233662,0,2.953696171,5.62410254,-55.0645542
0.04564004958,0.03235855367,NaN,NaN,0,-3.657217152,0.6253324212,-9.398786648,0,2.923032275,6.84220664,-56.79225099
0.04564004958,0.03622226157,NaN,NaN,0,-2.178307566,0.6540623406,-10.50422811,0,2.900624337,8.005805448,-58.41801744
0.04564004958,0.04008596947,NaN,NaN,0,-1.101202073,0.6876858961,-10.98436312,0,2.90447063,9.154855911,-59.86255394
0.04564004958,0.04394967737,NaN,NaN,0,-0.5758151348,0.7248353383,-11.35779944,0,2.844663767,10.26816322,-61.17117894
0.04564004958,0.04781338527,NaN,NaN,0,-0.1636094326,0.7651210962,-12.10940782,0,2.518361624,11.18426462,-62.43723975
0.04564004958,0.05167709317,NaN,NaN,0,1.508175502,0.8088443275,-12.89543505,0,1.448434067,11.09163793,-63.68150826
0.04564004958,0.05554080107,NaN,NaN,0,3.656307519,0.8531964311,-12.36723573,0,1.112520575,10.06430096,-64.63758499
0.04564004958,0.05940450897,NaN,NaN,0,5.14937459,0.8949667405,-9.99415161,0,2.355763107,9.08407895,-65.08433457
0.04564004958,0.06326821687,NaN,NaN,0,4.395784505,0.9322408547,-4.788503412,0,4.547551804,9.970047416,-64.96772199
0.04564004958,0.06713192477,NaN,NaN,0,-3.139638796,0.9612673631,1.463063885,0,7.98160627,14.29736919,-64.64828434
0.04564004958,0.07099563267,NaN,NaN,0,-18.65710276,0.9850951583,4.996926395,3.673538604,8.61927768,22.50290265,-65.20220028
0.04564004958,0.07485934057,NaN,NaN,0,-49.29439458,1.007820345,-24.87210751,7.496670682,27.84002909,34.89634894,-68.28972651
0.04564004958,0.07872304847,NaN,NaN,0,-4.612657316,1.172661298,-63.5266387,0,8.328116209,42.31628876,-73.6416795
0.04564004958,0.08258675637,0.3871616483,-1.345278032,1,28.17120181,1.399881111,10.47985627,0,-29.94599612,-8.258227166,-73.94455003
0.04564004958,0.08645046427,0.323415186,-1.052792442,1,51.5009019,1.101348859,70.90187704,0,-41.44450154,20.39496521,-72.92317411
0.04564004958,0.09031417218,0.4260166418,-1.150134078,1,35.31670544,1.226498502,35.61344374,0,42.73522849,178.4210487,-69.67506457
0.04564004958,0.09417788008,0.6249850597,-1.604559314,1,40.13603764,1.721980522,121.8216279,0,149.0736282,248.2267635,-68.71880093
0.04564004958,0.09804158798,1.157067523,-1.638526599,1,94.55279396,2.005885009,92.20342071,0,77.84514882,147.7384648,-54.77166066
0.04564004958,0.1019052959,1.291080353,-1.819130503,1,109.0286064,2.230722812,115.0638832,0,-50.56466007,255.8908069,-54.63576789
0.04564004958,0.1057690038,1.382955134,-2.182640697,1,60.8909668,2.583889571,-86.61413532,0,-226.347331,161.8870175,-57.64101635
0.04564004958,0.1096327117,0.6518052916,-2.77926637,1,-29.84664276,2.854675409,-93.54368424,0,-279.775982,46.91938371,-76.8012848
0.04564004958,0.1134964196,0.1866637528,-2.725348962,1,221.1722107,2.731733941,-96.17954853,0,-284.3517439,-188.0782828,-86.08183451
0.04564004958,0.1173601275,NaN,NaN,0,100.2570346,2.458240504,-15.06754672,22.9049716,-12.28323643,-133.8347307,-80.45341111
0.04564004958,0.1212238354,NaN,NaN,0,42.32697019,2.326832296,6.260784905,0,19.20500101,-75.38578526,-76.92049694
0.04950375748,0.01690372206,NaN,NaN,0,-8.126733235,0.5666776444,1.306915414,0,4.212919022,4.640354257,-49.47963282
0.04950375748,0.02076742997,NaN,NaN,0,-8.881555125,0.5667475171,-1.227515709,1.810848696,4.112420047,4.187589377,-50.48372933
0.04950375748,0.02463113787,NaN,NaN,0,-9.197565166,0.5712774123,-5.410802208,1.458050382,4.014933193,4.493359158,-52.24893524
0.04950375748,0.02849484577,NaN,NaN,0,-7.795819357,0.5848823582,-9.108685782,0,4.250980655,5.435730139,-54.3852649
0.04950375748,0.03235855367,NaN,NaN,0,-5.194687136,0.6090068002,-11.36596918,0,4.105305988,6.782355496,-56.50849518
0.04950375748,0.03622226157,NaN,NaN,0,-2.661762507,0.6409648655,-12.2040746,0,3.935390611,7.913174717,-58.34434416
0.04950375748,0.04008596947,NaN,NaN,0,-1.111853225,0.6776551206,-11.84968387,0,3.927200858,9.189982574,-59.78973139
0.04950375748,0.04394967737,NaN,NaN,0,-1.060318113,0.7166489432,-11.50893694,0,3.971187008,10.68839347,-61.01589716
0.04950375748,0.04781338527,NaN,NaN,0,-2.161283306,0.7581677298,-12.81495134,0,3.900978137,12.7059859,-62.31728167
0.04950375748,0.05167709317,NaN,NaN,0,1.102840676,0.807249765,-15.43454551,0,0.5596925352,12.28987488,-63.99123046
0.04950375748,0.05554080107,NaN,NaN,0,5.698312525,0.8571435129,-15.281374,0,-0.9446677411,9.415982645,-65.26488118
0.04950375748,0.05940450897,NaN,NaN,0,10.21393664,0.9014194404,-12.72017685,0,1.68249594,5.493463384,-65.60192753
0.04950375748,0.06326821687,NaN,NaN,0,15.04434545,0.9403722279,-2.347679786,3.258525689,5.004027447,4.255725661,-64.51532568
0.04950375748,0.06713192477,NaN,NaN,0,6.315300976,0.9585317759,12.90965529,0,15.07502088,8.883695794,-62.01283541
0.04950375748,0.07099563267,0.4872595893,-0.833319261,1,14.38925291,0.9653201014,56.07475393,0,-29.0267999,21.77873627,-59.68426077
0.04950375748,0.07485934057,0.3932585978,-0.7139243184,1,-18.34841974,0.8150707068,75.16245283,0,-45.75421763,140.1927173,-61.15223613
0.04950375748,0.07872304847,0.2395857229,-1.084577208,1,-10.80771765,1.110724555,0.2976735843,0,-12.39917067,199.1762864,-77.5432733
0.04950375748,0.08258675637,0.3035939601,-1.482333186,1,35.25019681,1.513103092,1.0650823,0,50.10676787,148.1875881,-78.42542147
0.04950375748,0.08645046427,0.5693801017,-1.653015596,1,142.5111448,1.748328991,77.94854682,27.56227542,15.03539709,73.56009326,-70.99376597
0.04950375748,0.09031417218,0.9123077786,-1.465377483,1,133.8930818,1.726162406,62.3886794,27.54898072,6.413459185,35.60829709,-58.0946282
0.04950375748,0.09417788008,1.111483593,-1.549544021,1,77.28350705,1.906956331,-142.8215359,0,-138.9589618,74.84834678,-54.34823169
0.04950375748,0.09804158798,0.6740118366,-2.306390329,1,229.2889206,2.402858362,-227.648881,0,-102.8030793,-1.880130552,-73.7097014
0.04950375748,0.1019052959,1.600187937,-2.421848526,1,206.6634125,2.902748993,-273.8247723,0,-188.9099908,-95.04753559,-56.54606445
0.04950375748,0.1057690038,0.7426058724,-2.997133351,1,66.66418827,3.087761617,-335.2302063,0,-438.8879742,-110.9643553,-76.08396259
0.04950375748,0.1096327117,0.1620239544,-3.288346266,1,20.11826557,3.292335483,-181.7386397,0,-287.7611087,81.64477211,-87.1791939
0.04950375748,0.1134964196,-0.2914878951,-4.01476992,1,229.0303329,4.025337589,107.6883588,0,-226.675504,-78.25996289,-94.15260985
0.04950375748,0.1173601275,NaN,NaN,0,-9.304024525,2.575587248,192.8995926,0,201.8529211,-268.4445535,-86.19045529
0.04950375748,0.1212238354,NaN,NaN,0,20.2741597,2.277664979,104.612616,0,125.3592472,-70.15492728,-78.54180352
0.05336746538,0.01690372206,NaN,NaN,0,-11.57052635,0.5567952,4.820652948,0,3.567929888,7.084822058,-46.47473851
0.05336746538,0.02076742997,NaN,NaN,0,-13.410338,0.5495039601,0.3026541617,2.979343293,4.009481028,4.91100089,-47.95778285
0.05336746538,0.02463113787,NaN,NaN,0,-14.24715278,0.5460570353,-6.467871305,2.744133488,4.722361073,3.834278503,-50.52808732
0.05336746538,0.02849484577,NaN,NaN,0,-11.71674343,0.5570422667,-12.17573808,0,5.929987269,4.843103363,-53.51941292
0.05336746538,0.03235855367,NaN,NaN,0,-6.663949529,0.5855890586,-14.7523297,0,5.311820409,6.938310486,-56.31655372
0.05336746538,0.03622226157,NaN,NaN,0,-2.162202101,0.6236659435,-15.09641725,0,4.808431262,7.674555352,-58.48912718
0.05336746538,0.04008596947,NaN,NaN,0,0.3758697931,0.6656893769,-12.70136083,0,4.897755184,9.003506196,-59.78612881
0.05336746538,0.04394967737,NaN,NaN,0,-0.3923207867,0.7063065011,-10.0133131,0,5.211905272,10.5894422,-60.63605589
0.05336746538,0.04781338527,NaN,NaN,0,-8.524046354,0.7442354413,-12.2069151,0,8.55467138,16.66141061,-61.63155585
0.05336746538,0.05167709317,NaN,NaN,0,-0.633842016,0.8054252461,-20.74642164,0,-2.165974322,15.94589304,-64.52245769
0.05336746538,0.05554080107,NaN,NaN,0,7.820165269,0.8672532052,-20.6035379,0,-7.133380014,9.816291352,-66.7172624
0.05336746538,0.05940450897,0.3491130755,-0.8446341637,1,17.86345747,0.9139402661,-7.234563302,3.755710772,-2.584882548,15.241005,-67.54319882
0.05336746538,0.06326821687,0.4018300582,-0.8834679152,1,27.67649628,0.9705580626,33.05262557,0,10.28690458,30.5200158,-65.54240899
0.05336746538,0.06713192477,0.4957925673,-0.8348488993,1,36.73203726,0.97097011,58.62174859,0,44.05537454,104.8317887,-59.29515112
0.05336746538,0.07099563267,0.7139690194,-1.062010012,1,100.5419127,1.279694115,90.46488867,0,82.98208124,144.1363827,-56.08781425
0.05336746538,0.07485934057,1.204875673,-1.042219875,1,99.34090185,1.593093737,126.2746666,0,0.8252024735,144.2185233,-40.8598712
0.05336746538,0.07872304847,1.100981588,-1.131339833,1,2.437024956,1.578635574,125.1788864,0,-64.82406576,188.7594449,-45.77914053
0.05336746538,0.08258675637,0.9638303703,-1.287876581,1,16.45219377,1.608600345,52.87780217,0,-66.19230802,160.0240134,-53.18928778
0.05336746538,0.08645046427,0.9088003156,-1.545321496,1,64.91235031,1.792745531,-121.3963713,0,-106.1116439,-29.56708946,-59.54030416
0.05336746538,0.09031417218,0.8046483341,-1.642678103,1,66.5008967,1.829166557,-246.8218477,0,-207.930792,-15.2475216,-63.90257003
0.05336746538,0.09417788008,0.3623565118,-2.440057049,1,153.6027397,2.466815892,-281.4587756,0,-291.9190618,49.55873741,-81.5531206
0.05336746538,0.09804158798,0.2702344674,-2.921633083,1,82.88873024,2.934104044,-207.9125238,0,-211.3899062,26.95345467,-84.71550155
0.05336746538,0.1019052959,-0.1341344969,-3.347510586,1,98.1798825,3.350196888,-398.5445586,0,-256.3814862,-84.25747235,-92.29461002
0.05336746538,0.1057690038,-0.3410103187,-4.135946581,1,185.6784117,4.149980983,-169.459941,0,-82.35633567,-8.652817222,-94.71339676
0.05336746538,0.1096327117,0.2650718246,-3.968822341,1,201.2492617,3.97766437,-52.22414588,44.51124674,-35.24892895,38.39259647,-86.17897365
0.05336746538,0.1134964196,0.3003664786,-4.486063204,1,42.937258,4.496107549,408.6735271,0,-81.56788444,-202.261527,-86.16945138
0.05336746538,0.1173601275,0.115814368,-1.608347745,1,-43.32867021,1.612512151,403.6840733,0,136.3317612,-275.8740351,-85.88133786
0.05336746538,0.1212238354,NaN,NaN,0,77.15849209,1.973950229,58.77294073,0,204.3787783,189.2700866,-70.47582237
0.05723117328,0.01690372206,NaN,NaN,0,-16.47667577,0.5569023957,12.89239352,0,-0.8207783549,11.66310677,-41.95062266
0.05723117328,0.02076742997,NaN,NaN,0,-20.94276688,0.5308613218,3.519308436,4.792750488,1.634563991,5.103355899,-44.17153006
0.05723117328,0.02463113787,NaN,NaN,0,-22.66396454,0.5084322394,-8.5875991,4.747337633,4.935042801,1.0896506,-48.09526656
0.05723117328,0.02849484577,NaN,NaN,0,-18.16005205,0.5132266251,-18.37406552,0,9.434786939,3.164094323,-52.52363438
0.05723117328,0.03235855367,NaN,NaN,0,-7.582165449,0.5537586543,-20.37119428,0,6.403557118,8.453227732,-56.47181645
0.05723117328,0.03622226157,NaN,NaN,0,0.3010338386,0.6030775034,-20.72790386,0,5.088758843,6.843230009,-59.32056634
0.05723117328,0.04008596947,NaN,NaN,0,5.169855285,0.655377311,-13.8460291,0,5.643483344,8.560044654,-60.10060319
0.05723117328,0.04394967737,NaN,NaN,0,7.639211527,0.6988971671,-3.636039539,1.346151244,3.424007515,6.00445853,-59.99604393
0.05723117328,0.04781338527,0.36943662,-0.6053959681,1,3.968593922,0.7092162537,-2.368922379,0,-7.605556795,30.28837322,-58.60680302
0.05723117328,0.05167709317,0.3354382118,-0.7314168227,1,-28.18953497,0.8046672371,67.1231081,0,14.61032613,126.8797915,-65.36313325
0.05723117328,0.05554080107,0.3169705235,-0.8362783379,1,-16.570362,0.8943331433,72.64658744,0,34.13097709,116.2601518,-69.24203177
0.05723117328,0.05940450897,0.403287299,-0.8999268959,1,23.31271512,0.9861587415,61.45423783,0,62.94360538,82.10392449,-65.86125511
0.05723117328,0.06326821687,0.6502397505,-0.9160626954,1,66.44286082,1.123379987,98.37314155,0,109.0526077,77.2048697,-54.63210016
0.05723117328,0.06713192477,1.081350527,-0.8181388767,1,80.74325426,1.355975731,101.3521446,0,111.6756976,97.49642487,-37.11078093
0.05723117328,0.07099563267,1.393690375,-0.9011653207,1,11.29668106,1.659660145,73.01617933,0,81.10542459,144.5591983,-32.8868573
0.05723117328,0.07485934057,1.438365273,-1.094560204,1,19.59532189,1.807472461,11.40832954,3.568568742,-4.360899391,126.1398533,-37.27023253
0.05723117328,0.07872304847,1.452551734,-1.344454415,1,20.89899948,1.979258501,-3.540517355,0,-101.6972621,179.4668979,-42.78676237
0.05723117328,0.08258675637,1.126184387,-1.801647401,1,-57.89684569,2.124670476,-102.3527091,0,-321.6479817,148.5327002,-57.99107772
0.05723117328,0.08645046427,-0.01389861437,-2.313802354,1,20.60355045,2.313844096,-131.812907,0,-338.0281935,55.58582641,-90.34416179
0.05723117328,0.09031417218,-0.1002517142,-2.525701367,1,257.0062682,2.527690211,-183.7090581,0,-197.6363046,64.00836692,-92.2730266
0.05723117328,0.09417788008,0.215489583,-3.270910126,1,169.9350717,3.278000734,-98.61736808,0,-150.5002263,138.8994623,-86.23076544
0.05723117328,0.09804158798,-0.02516114861,-3.443397021,1,53.92583249,3.443488947,-53.58892507,0,-178.341984,81.21939254,-90.41865691
0.05723117328,0.1019052959,-0.2652180844,-3.791770087,1,109.4387042,3.801034205,-27.80933957,13.40056647,-88.83897153,124.7240081,-94.00107801
0.05723117328,0.1057690038,0.05443020143,-4.032741322,1,42.54488295,4.033108629,45.2810351,0,54.20181263,151.4837081,-89.22672167
0.05723117328,0.1096327117,0.1085828877,-4.202106194,1,104.9843318,4.203508857,-11.27948003,24.14904299,11.89758338,108.5743268,-88.51980013
0.05723117328,0.1134964196,0.5060277805,-4.495821422,1,-8.872036948,4.524209807,476.0295224,0,152.8684534,-126.0774214,-83.57809385
0.05723117328,0.1173601275,0.6649429796,-1.875740839,1,148.4134162,1.990113781,1085.914994,0,85.76650761,372.8454197,-70.48077725
0.05723117328,0.1212238354,NaN,NaN,0,144.5920228,2.240665079,325.8743041,0,241.5073625,255.9870511,-50.9758322
0.06109488118,0.01690372206,NaN,NaN,0,-24.56008676,0.588727258,32.35852968,0,-15.30818162,20.77983187,-35.66160161
0.06109488118,0.02076742997,NaN,NaN,0,-35.54445273,0.5138057539,9.777106846,7.838453024,-5.909853039,2.442343648,-38.64351138
0.06109488118,0.02463113787,NaN,NaN,0,-37.30588644,0.4476365729,-13.02776801,8.088817949,3.9484592,-7.743126324,-44.70388145
0.06109488118,0.02849484577,NaN,NaN,0,-30.67733478,0.4366732845,-32.36173061,0,20.47056057,-1.729604402,-51.40146757
0.06109488118,0.03235855367,NaN,NaN,0,-5.805694058,0.5151537921,-27.63047805,0,5.778862283,16.86727611,-57.24504542
0.06109488118,0.03622226157,0.2723191411,-0.5132024139,1,4.073068104,0.5809771357,-11.20268859,0,5.205143163,25.08037852,-62.04836399
0.06109488118,0.04008596947,0.3145708135,-0.5734275093,1,12.37785467,0.6540442685,24.66674618,0,9.148863142,55.37454222,-61.25171201
0.06109488118,0.04394967737,0.3554920908,-0.631848368,1,7.838110841,0.724987577,47.2196606,0,30.18690893,79.87019468,-60.63691621
0.06109488118,0.04781338527,0.4614883828,-0.6995796358,1,90.25705939,0.8380830474,64.37007452,0,101.4080462,46.22333511,-56.58855055
0.06109488118,0.05167709317,1.096030074,-0.5617346676,1,66.62159771,1.231595615,117.680419,0,91.56587435,92.09724393,-27.13593679
0.06109488118,0.05554080107,1.072678568,-0.60073372,1,-48.33903911,1.229439024,112.0006355,0,-1.418912922,145.5894356,-29.25019751
0.06109488118,0.05940450897,0.9037798814,-0.6915119799,1,-34.92357883,1.137983696,81.91132518,0,36.87342575,112.4784857,-37.42080213
0.06109488118,0.06326821687,1.080212207,-0.7188362996,1,9.76808824,1.297529976,83.59820195,0,83.48571977,89.76403908,-33.64211377
0.06109488118,0.06713192477,1.264085356,-0.7153349735,1,43.20929436,1.45245169,54.85681803,0,79.57548386,73.86786149,-29.50514623
0.06109488118,0.07099563267,1.554616725,-0.7922894184,1,56.89506413,1.74486552,6.132131602,0,65.3285432,114.6922903,-27.00505085
0.06109488118,0.07485934057,1.736321673,-1.134779716,1,42.61710881,2.074256001,9.393034922,8.944557234,15.89999841,219.7418967,-33.16677801
0.06109488118,0.07872304847,1.780709735,-1.605015978,1,-19.19897022,2.397290856,-33.63158662,0,-134.5562623,269.7438866,-42.0294435
0.06109488118,0.08258675637,1.142256367,-2.306933929,1,13.55259695,2.574236539,-76.84439807,0,-315.4461723,266.3372955,-63.65812562
0.06109488118,0.08645046427,0.6142811423,-2.930969798,1,56.48323337,2.994649442,29.96689749,0,-263.5632092,312.6876162,-78.16311162
0.06109488118,0.09031417218,0.3421598281,-3.399284204,1,138.3786134,3.4164611,91.5947188,0,-163.2993339,284.972599,-84.25217074
0.06109488118,0.09417788008,0.5179947577,-3.678125442,1,29.83685822,3.714421265,214.6512393,0,-20.82202177,323.2939958,-81.98368713
0.06109488118,0.09804158798,0.3769905229,-3.81904808,1,-15.61421046,3.837609946,248.8858957,0,-56.25439124,361.594252,-84.36241337
0.06109488118,0.1019052959,0.2403154735,-4.113597608,1,12.45566374,4.120611218,206.146982,0,-1.522991696,276.5093221,-86.65659316
0.06109488118,0.1057690038,0.4192311742,-4.09090761,1,-5.113193176,4.112332653,157.3630359,0,108.8154475,212.9792322,-84.14882484
0.06109488118,0.1096327117,0.6409906928,-4.328482346,1,133.7301788,4.375686059,175.898761,0,185.4575117,116.4319427,-81.57647578
0.06109488118,0.1134964196,1.652479176,-3.861145194,1,520.882429,4.199896384,446.3734495,0,801.9525119,-195.0014445,-66.83021612
0.06109488118,0.1173601275,5.752038505,-1.850397101,1,64.22897318,6.042343618,295.9180695,0,260.683372,-318.8148883,-17.83267915
0.06109488118,0.1212238354,NaN,NaN,0,-849.2167444,3.265540045,113.7039874,0,-623.0441029,-74.92336327,-27.06839984
0.06495858908,0.01690372206,NaN,NaN,0,-40.80024726,0.7050010771,82.31740486,0,-58.33502897,40.32272899,-28.51290485
0.06495858908,0.02076742997,NaN,NaN,0,-69.33613795,0.4983951432,19.15303174,14.4880948,-23.88132082,-11.26536131,-30.82807243
0.06495858908,0.02463113787,0.2593261958,-0.2190091923,1,-51.76636393,0.3394335018,-9.69106191,11.49222831,-12.27334332,-21.52710786,-40.18215205
0.06495858908,0.02849484577,0.1805456299,-0.2096783731,1,-21.82744223,0.2766979303,-40.18644809,0,23.10986952,11.02150105,-49.26957961
0.06495858908,0.03235855367,0.2642811203,-0.41686175,1,9.721117145,0.4935769739,-28.63296929,0,37.06929947,50.20727301,-57.62620747
0.06495858908,0.03622226157,0.3613301323,-0.5142940402,1,39.51082328,0.6285362553,19.07043079,0,56.68345974,61.45511253,-54.90908189
0.06495858908,0.04008596947,0.6359477316,-0.5806237797,1,37.8315754,0.8611350015,76.75399237,0,86.19392857,77.94334309,-42.39625122
0.06495858908,0.04394967737,0.8405284519,-0.5188893439,1,1.061220704,0.9877926046,88.29357813,0,40.55411957,83.55409781,-31.68857005
0.06495858908,0.04781338527,0.7967372506,-0.5623118121,1,34.60157259,0.9751845059,19.20282517,0,44.44927224,49.26464223,-35.21322723
0.06495858908,0.05167709317,1.145957826,-0.635039424,1,76.16296186,1.310150529,-33.04881629,8.808050388,57.25449084,-9.061272219,-28.99329221
0.06495858908,0.05554080107,1.312223317,-0.6549926757,1,6.575237382,1.466610186,12.4692146,0,-4.402474403,9.230051013,-26.52595122
0.06495858908,0.05940450897,1.154352747,-0.6225242421,1,-1.734716224,1.311513132,37.43662362,0,3.763206572,31.28880493,-28.33728538
0.06495858908,0.06326821687,1.320060811,-0.6312393001,1,50.57120409,1.463223701,54.34596547,0,59.25913306,68.6085087,-25.55663998
0.06495858908,0.06713192477,1.578705088,-0.677630543,1,75.87031992,1.717990951,60.68178053,0,64.01081283,122.1102133,-23.23055175
0.06495858908,0.07099563267,1.860520649,-0.8685808209,1,116.0991588,2.053282671,26.67946903,19.31983796,76.71319902,161.3057879,-25.02543659
0.06495858908,0.07485934057,2.323675718,-1.197787315,1,78.24466353,2.614223268,1.922471071,13.55042914,52.27763703,240.4447659,-27.26979004
0.06495858908,0.07872304847,2.364820692,-1.790161296,1,5.854335669,2.965982868,-104.4936633,0,-126.2946326,380.7954109,-37.12559874
0.06495858908,0.08258675637,1.858329592,-3.072802545,1,-20.05091124,3.591031098,-49.61594216,0,-252.9517023,405.9586177,-58.83583542
0.06495858908,0.08645046427,1.310018337,-3.550368322,1,11.70843318,3.784344496,167.6012983,0,-142.0586558,327.6792097,-69.746899
0.06495858908,0.09031417218,1.354694407,-3.691296835,1,127.7198408,3.932031188,358.6396402,0,126.9408442,336.9695026,-69.84702094
0.06495858908,0.09417788008,2.293952838,-3.46664124,1,61.75387553,4.156900421,288.1084006,0,191.5937998,264.5874645,-56.50651629
0.06495858908,0.09804158798,2.333555821,-3.600418809,1,-147.894453,4.2905126,298.2542754,0,-31.81062951,396.3823685,-57.05133356
0.06495858908,0.1019052959,1.599624891,-3.845779529,1,-246.7652977,4.165191469,472.5249322,0,27.22715076,470.4894584,-67.41547592
0.06495858908,0.1057690038,1.485324549,-3.592554333,2,-261.560386,3.88749735,272.8829808,0,167.9814812,313.3796654,-67.53758419
0.06495858908,0.1096327117,1.238063337,-4.002246889,1,-191.3644577,4.189365225,375.6912704,0,189.2761097,328.4036351,-72.81096179
0.06495858908,0.1134964196,1.477255782,-3.409848723,1,-207.5479466,3.716093777,666.2139542,0,36.31684056,-80.62005548,-66.57619264
0.06495858908,0.1173601275,0.5764763601,-1.116698426,1,-297.0194503,1.256718094,-219.3557948,0,318.6079933,-877.5279282,-62.69573298
0.06495858908,0.1212238354,NaN,NaN,0,62.15304254,1.785255252,-156.6494629,0,447.3012285,-285.9732011,-29.04973071
0.06882229698,0.01690372206,0.9521714923,-0.4109754054,1,-103.1769312,1.037078268,-20.99425081,0,-166.196264,-158.5521463,-23.34595043
0.06882229698,0.02076742997,0.431781821,-0.1452336416,1,-96.8648104,0.4555527978,-22.12440898,0,-98.44779899,-86.4869745,-18.59082194
0.06882229698,0.02463113787,0.1975406203,-0.1622972525,1,-34.88277048,0.2556612893,-25.02322179,0,-35.52727422,-19.22107472,-39.40615773
0.06882229698,0.02849484577,0.159737975,-0.1676514431,1,14.41714949,0.2315668954,-15.51963653,0,28.16854979,27.25732797,-46.38465089
0.06882229698,0.03235855367,0.3620793231,-0.3275749482,1,26.71431504,0.4882691705,-3.210449624,0,82.94934354,69.05197984,-42.13579966
0.06882229698,0.03622226157,0.5834463191,-0.4468523627,1,50.26975125,0.7349058724,66.29037755,0,92.13149176,81.55927381,-37.44793599
0.06882229698,0.04008596947,0.9122761307,-0.3865695033,1,36.0806977,0.9907995355,54.97417429,0,76.76815275,63.36170793,-22.96440246
0.06882229698,0.04394967737,1.019461314,-0.4792593427,1,-30.04436213,1.126494957,24.99608872,0,-18.16048616,96.16127633,-25.1787042
0.06882229698,0.04781338527,0.7260266775,-0.6615310009,1,-13.51909788,0.9822107725,69.2108078,0,-8.773560932,109.4654383,-42.33872524
0.06882229698,0.05167709317,0.9333289921,-0.6347914764,1,55.00924044,1.128744092,16.2405206,0,56.41002983,11.48275691,-34.22106498
0.06882229698,0.05554080107,1.156518192,-0.6431483917,1,27.37973083,1.323319381,-80.80624017,0,33.6978342,-71.6238339,-29.07876216
0.06882229698,0.05940450897,1.169314863,-0.6702696121,1,61.98850169,1.347797685,-36.35696208,6.676623901,41.2165538,-25.45544231,-29.82201096
0.06882229698,0.06326821687,1.555272381,-0.6852686798,1,122.6030847,1.69954857,16.36760163,20.28430187,84.71728856,39.89086865,-23.77877301
0.06882229698,0.06713192477,1.970340227,-0.7611566447,1,118.2306711,2.112249996,41.6481108,20.03582426,69.58488988,108.733043,-21.12190625
0.06882229698,0.07099563267,2.280936848,-0.9444652623,1,125.576544,2.468742095,57.96353202,22.39638947,56.22230652,180.6312101,-22.4929303
0.06882229698,0.07485934057,2.672757882,-1.235108722,1,95.45703022,2.944338338,-29.73678866,17.40897111,51.37656765,273.3750816,-24.80214099
0.06882229698,0.07872304847,2.84825898,-2.11560099,1,17.86391969,3.548006027,-72.56316776,0,-57.64371371,437.74607,-36.60385295
0.06882229698,0.08258675637,2.519060377,-3.206794556,1,-65.72198696,4.077891184,160.0764584,0,-17.19282799,524.8762727,-51.84900358
0.06882229698,0.08645046427,2.527900354,-3.525080915,1,47.31126937,4.337796175,368.1559483,0,84.87522204,418.7548726,-54.35499693
0.06882229698,0.09031417218,3.029790369,-3.402294019,1,-36.40573187,4.555791289,292.1108841,0,68.90036849,201.8817511,-48.31448915
0.06882229698,0.09417788008,2.653450138,-3.176461901,1,-72.95423195,4.138925929,202.3857778,0,80.9965696,194.1657142,-50.1263828
0.06882229698,0.09804158798,3.060863612,-3.370534095,1,24.67577758,4.552953562,282.7361729,0,293.7741463,251.292005,-47.75665102
0.06882229698,0.1019052959,3.883847625,-3.054970821,1,-255.3986237,4.941368139,552.4991974,0,157.957298,309.4034938,-38.18800949
0.06882229698,0.1057690038,2.684378792,-2.431283304,1,-262.2138375,3.621743779,372.654414,0,126.9966067,321.6224915,-42.16762199
0.06882229698,0.1096327117,3.361407742,-2.857798379,1,-158.2374682,4.41203735,236.6173503,0,476.7564113,362.8276121,-40.3704912
0.06882229698,0.1134964196,3.915042949,-2.918922889,1,-454.3351104,4.883407839,918.2956191,0,-23.80857737,41.9338489,-36.70695942
0.06882229698,0.1173601275,1.514000198,0.5282075167,2,-1291.558348,1.603496112,350.8741701,255,588.2541307,-405.1421865,19.23296361
0.06882229698,0.1212238354,1.197680887,0.002103480855,2,-238.6916011,1.197682734,-271.0480288,0,74.95287182,1.283135677,0.1006281829
0.07268600488,0.01690372206,-0.07422360527,-0.580025272,1,50.63464645,0.5847550425,-93.83421509,0,-7.899895414,-258.7015794,-97.29228852
0.07268600488,0.02076742997,0.00833369234,-0.2615256029,1,39.85192504,0.2616583486,-14.88825612,8.593107104,2.232716793,-107.6814782,-88.17484837
0.07268600488,0.02463113787,0.08837915789,-0.2214993665,1,34.57182291,0.238480282,24.32467813,2.665461101,21.73754476,-2.845756708,-68.24779724
0.07268600488,0.02849484577,0.2258966411,-0.1565469792,1,51.8645307,0.2748385875,43.09228685,0,59.5037233,37.42070376,-34.72206326
0.07268600488,0.03235855367,0.5186735607,-0.1995860261,1,61.83359162,0.5557489041,6.961355737,0,121.0687849,57.69125781,-21.04676736
0.07268600488,0.03622226157,0.9325779984,-0.3525525026,1,56.65500922,0.996992974,30.34103777,0,92.03362581,88.27329296,-20.70863591
0.07268600488,0.04008596947,1.093163015,-0.4234193382,1,49.47972151,1.172300863,70.44482779,0,47.85349616,101.6120431,-21.1730858
0.07268600488,0.04394967737,1.30864512,-0.4729735185,1,33.55784699,1.391494161,123.903035,0,68.39785712,155.1054727,-19.87098537
0.07268600488,0.04781338527,1.487090074,-0.5439764435,1,-54.60387072,1.583460533,219.7821561,0,40.22062801,260.3270597,-20.0924821
0.07268600488,0.05167709317,1.253072472,-0.629627183,1,-126.7233954,1.402362653,143.5884525,0,-70.96547205,166.0034302,-26.67800453
0.07268600488,0.05554080107,0.7232780352,-0.6305813697,1,-58.82618194,0.9595644741,-28.68112813,9.944830549,-28.53673699,-9.747554437,-41.08315933
0.07268600488,0.05940450897,0.9155276719,-0.7027809812,1,92.43242099,1.154162911,-59.64471634,0,118.2846137,-21.58863552,-37.51070819
0.07268600488,0.06326821687,1.537427107,-0.7776189499,1,173.1108356,1.722896787,-20.08244511,20.01834102,148.9130597,22.05393147,-26.82993972
0.07268600488,0.06713192477,2.15973394,-0.8655836323,1,184.5183937,2.326732842,-17.94325621,28.29693483,137.6990109,74.9536179,-21.84005048
0.07268600488,0.07099563267,2.782381039,-1.136545336,1,171.0545465,3.005558109,8.358059302,29.42195131,115.0149504,138.4190595,-22.21900331
0.07268600488,0.07485934057,3.265022916,-1.368101346,1,120.7918414,3.540067222,30.7558631,0,136.3186193,275.4315539,-22.73453107
0.07268600488,0.07872304847,3.775780757,-2.081900736,1,81.98036493,4.311708594,203.9932616,0,238.8937763,596.6727142,-28.8715883
0.07268600488,0.08258675637,4.50478687,-2.88530005,1,30.99511106,5.349585136,481.1591936,0,117.730194,823.6621674,-32.63941811
0.07268600488,0.08645046427,4.350411893,-3.405232182,1,-308.5947832,5.524643867,28.47859511,71.49829212,-12.71553527,131.779565,-38.05163252
0.07268600488,0.09031417218,3.263337654,-3.284424823,1,-218.6010777,4.62999126,243.9092816,0,82.90243377,105.8522951,-45.18452129
0.07268600488,0.09417788008,3.826111971,-2.871820312,1,-23.27458454,4.783982098,405.0295086,0,316.6578024,217.7163043,-36.89132457
0.07268600488,0.09804158798,4.396884711,-2.560701316,1,-45.15672069,5.088200703,364.5940985,0,330.8028373,203.3170715,-30.21609027
0.07268600488,0.1019052959,4.929765128,-2.248692989,1,-221.1152667,5.418413456,187.8906168,0,161.8258474,65.74306761,-24.51991393
0.07268600488,0.1057690038,4.167807713,-2.088758865,1,-302.5723406,4.66192393,455.3742645,0,-53.4642929,274.2329913,-26.6184206
0.07268600488,0.1096327117,3.554143575,-1.54881602,1,-1483.507201,3.876953393,-115.0236868,0,1747.371415,-203.627411,-23.54649177
0.07268600488,0.1134964196,5.187301964,-1.746419956,1,-902.7488749,5.473397877,753.1351036,114.4894205,77.80479006,-1238.517506,-18.60694464
0.07268600488,0.1173601275,0.3668005964,6.146347901,1,-513.2805114,6.157283102,357.6756253,0,-695.1253067,-183.614448,86.58476377
0.07268600488,0.1212238354,0.5183748574,0.3449667769,1,26.58920834,0.6226673028,-1408.795792,0,51.87130931,1594.216482,33.6428697
0.07654971278,0.01690372206,-0.4099238422,-0.6371357773,1,65.32155907,0.7576143842,42.83395052,0,125.237366,-136.5546122,-122.7566365
0.07654971278,0.02076742997,-0.04179183001,-0.2905832737,1,81.23971393,0.2935731528,61.94867035,0,97.46239261,-48.11415888,-98.18418708
0.07654971278,0.02463113787,0.2805288987,-0.2118851544,1,63.50918357,0.3515562283,71.73822056,0,69.16349669,32.28196678,-37.06396915
0.07654971278,0.02849484577,0.4708166529,-0.1381358343,1,43.33404882,0.4906626431,82.20703396,0,42.4253426,52.91452702,-16.35149006
0.07654971278,0.03235855367,0.6118781368,-0.09870746388,1,58.85584906,0.619788688,27.04876378,0,88.90914964,71.57176924,-9.163938865
0.07654971278,0.03622226157,1.041737446,-0.3101597223,1,95.96876685,1.086929602,34.22902212,0,153.8367335,110.359337,-16.58001072
0.07654971278,0.04008596947,1.577053622,-0.392852763,1,122.7466085,1.62524811,126.2007605,0,150.4964189,135.1269006,-13.98799811
0.07654971278,0.04394967737,2.09746869,-0.3446477203,1,110.05016,2.125595671,157.5513478,0,149.7973367,132.2658114,-9.33123074
0.07654971278,0.04781338527,2.581028448,-0.2951568359,1,-30.47248713,2.597850151,171.5747117,0,38.76320327,190.911429,-6.523793238
0.07654971278,0.05167709317,2.129501595,-0.4193591475,1,-236.5724248,2.170400686,157.8508362,10.3196513,-170.5462034,217.6281263,-11.14060703
0.07654971278,0.05554080107,1.008040988,-0.526118824,1,-184.5120967,1.137078559,135.431623,0,-145.2355728,174.5197599,-27.56104922
0.07654971278,0.05940450897,0.8554529193,-0.5703842909,1,49.91783991,1.028172134,51.32917601,0,93.68738451,116.7179167,-33.69388558
0.07654971278,0.06326821687,1.562889628,-0.7787618179,1,159.8286138,1.746165501,3.077291963,0,185.735473,99.27213454,-26.48630991
0.07654971278,0.06713192477,2.190611612,-0.9420530641,1,166.779944,2.384584494,-3.452307334,4.035732084,165.8412494,95.47444496,-23.26969299
0.07654971278,0.07099563267,2.848040761,-1.160985892,1,212.1600823,3.075585216,34.00573955,0,218.8158235,94.32725696,-22.1779565
0.07654971278,0.07485934057,3.855776624,-1.175117788,1,313.9988679,4.030870277,-17.6408791,0,486.7235869,72.51798376,-16.94955
0.07654971278,0.07872304847,5.941798436,-1.509333403,1,271.6719487,6.130502098,-71.66727044,0,687.1822014,367.4336622,-14.2527976
0.07654971278,0.08258675637,7.560508979,-2.87167553,1,431.6992243,8.087509899,-350.7861736,0,-1155.021855,-124.9521959,-20.7980634
0.07654971278,0.08645046427,3.147091074,-2.381889927,1,-763.9766449,3.946844543,128.76813,174.8340219,-58.89664803,-35.40137424,-37.12042017
0.07654971278,0.09031417218,4.381166936,-2.23737252,1,-87.84187686,4.919396255,392.0416903,0,582.8241663,257.7594183,-27.05247337
0.07654971278,0.09417788008,5.059558056,-1.863062452,1,-132.7037302,5.391672228,243.710266,0,358.8956611,161.0341559,-20.21503497
0.07654971278,0.09804158798,5.255106486,-1.91793618,1,-216.8107995,5.594159756,170.9846748,0,166.1485949,96.53177972,-20.05037258
0.07654971278,0.1019052959,4.863814095,-1.575398213,1,-189.8657215,5.112589078,102.4017807,0,254.1204816,-13.84241263,-17.94723302
0.07654971278,0.1057690038,5.50336811,-1.468802572,1,-624.1929137,5.696002243,1594.958885,0,-83.30909927,-1304.01054,-14.94344717
0.07654971278,0.1096327117,2.130232978,9.625372857,1,-599.0117619,9.858280539,438.464486,65.07473383,-297.4589528,-166.7708695,77.52077209
0.07654971278,0.1134964196,2.039667128,0.869650053,1,-163.5486055,2.217325688,-1512.39442,0,178.1171928,1023.967222,23.09187833
0.07654971278,0.1173601275,2.186521744,-0.1743876556,1,797.2474968,2.193464928,134.6739899,0,-829.748623,333.9291973,-4.560014816
0.07654971278,0.1212238354,1.91409227,0.09978613408,1,-30.6669008,1.916691548,113.1011479,0,-110.3528044,-28.82148021,2.984262241
0.08041342068,0.01690372206,-0.4363328663,-0.3485280953,1,49.89645548,0.558442659,115.0849287,0,207.9486419,37.6038209,-141.3833103
0.08041342068,0.02076742997,0.06178620361,-0.1988459111,1,92.29212749,0.2082239932,74.92548593,0,147.5333634,36.39375762,-72.73872458
0.08041342068,0.02463113787,0.4902827775,-0.1996527522,1,79.60154044,0.5293755032,53.67722717,0,97.99487675,43.63817723,-22.15711601
0.08041342068,0.02849484577,0.7479668838,-0.1600579546,1,50.26873086,0.7649006524,65.34975557,0,55.69986882,35.27918503,-12.07859493
0.08041342068,0.03235855367,0.8997144933,-0.08346885125,1,92.5286407,0.9035780091,81.00848752,0,99.84053398,72.96171676,-5.300306932
0.08041342068,0.03622226157,1.491225184,-0.1289675828,1,128.24435,1.496791631,45.06847708,0,183.1514131,105.3042224,-4.942887006
0.08041342068,0.04008596947,2.102856763,-0.3162021765,1,105.4651441,2.12649721,26.23531456,0,137.0968737,75.52331973,-8.551380331
0.08041342068,0.04394967737,2.428413968,-0.3194020378,1,88.97961246,2.4493289,98.06528621,0,114.1345713,87.78184397,-7.492932691
0.08041342068,0.04781338527,2.88763064,-0.2764699595,1,33.6508851,2.900835457,72.27253891,0,37.62767543,86.53839788,-5.468990478
0.08041342068,0.05167709317,2.703813506,-0.3745211498,1,-138.6099669,2.729628833,61.51492894,12.69374736,-111.6136584,113.889073,-7.886195154
0.08041342068,0.05554080107,1.920839642,-0.4788283538,1,-167.5537835,1.97962156,160.5643966,0,-127.2410052,201.754647,-13.99745124
0.08041342068,0.05940450897,1.564812552,-0.533668246,1,-7.284683336,1.653311864,155.6611735,0,10.39976173,207.0869192,-18.83157935
0.08041342068,0.06326821687,1.932875395,-0.6775224137,1,103.9842575,2.048180635,50.16670745,0,142.0146828,137.0113232,-19.31687283
0.08041342068,0.06713192477,2.515280601,-0.869210474,1,156.7217295,2.661233426,11.3349094,0,191.4792451,123.4829014,-19.06371496
0.08041342068,0.07099563267,3.278222251,-1.110829496,1,104.9729518,3.461312367,162.0155383,0,143.9515122,118.413125,-18.71901095
0.08041342068,0.07485934057,3.477052019,-0.7007434853,1,119.0087597,3.546960977,164.2002054,0,305.5350963,0.02138468239,-11.39440742
0.08041342068,0.07872304847,4.918535702,-0.4764904895,1,-247.4588289,4.941562166,-1204.530672,0,37.71749591,947.5945789,-5.533347039
0.08041342068,0.08258675637,2.666672773,-9.015926819,1,-353.566928,9.402025319,-339.1248519,0,299.892597,-286.1916223,-73.52317592
0.08041342068,0.08645046427,4.711153765,-0.681009027,1,91.5142199,4.760120071,1370.242146,0,712.7149397,-783.8440066,-8.225273422
0.08041342068,0.09031417218,5.773979331,-0.693167134,1,-215.0515998,5.815437902,83.00805749,0,390.730622,158.4316766,-6.845606471
0.08041342068,0.09417788008,5.389926191,-0.9724238601,1,-311.93702,5.47694372,-77.07515594,47.50984802,223.0355838,23.31828843,-10.22700694
0.08041342068,0.09804158798,5.43049015,-1.081058078,1,-282.043955,5.537048838,-0.8803571574,29.72626016,251.5050178,-114.5441959,-11.25879326
0.08041342068,0.1019052959,5.271932658,-0.5332599881,1,-272.3910949,5.29883385,95.24712358,22.3090629,236.5335665,-184.8248457,-5.77586648
0.08041342068,0.1057690038,5.291947134,0.001058202079,1,-379.6011923,5.29194724,-88.87517843,71.20026566,206.6988072,-127.5830576,0.01145712734
0.08041342068,0.1096327117,4.603888347,-0.3837040494,1,924.1088702,4.619850291,325.002583,0,-1439.620199,435.616875,-4.764218709
0.08041342068,0.1134964196,3.30016194,-0.4263231119,1,-228.0545591,3.327584743,304.2552734,0,-399.979955,241.1515931,-7.360845464
0.08041342068,0.1173601275,2.177346433,-0.1398898613,1,-362.6068475,2.181835618,99.24346042,50.5173016,-273.0921048,-20.69491105,-3.676079078
0.08041342068,0.1212238354,0.8440068753,0.03708372158,1,-357.9446734,0.8448211692,-159.2040765,0,-332.2418481,-250.8122349,2.515826699
0.08427712858,0.01690372206,0.180020886,-0.02646829607,1,2.694145317,0.1819562862,187.2352094,0,105.1257677,213.4685477,-8.364215155
0.08427712858,0.02076742997,0.3883132108,-0.07714727423,1,35.36211142,0.3959025784,59.43698356,0,87.96664992,89.03300439,-11.23679581
0.08427712858,0.02463113787,0.6565271955,-0.1408186756,1,40.25903171,0.6714594983,-17.00459641,0,81.72334561,-6.650752261,-12.10596059
0.08427712858,0.02849484577,0.8596174858,-0.1171515037,1,54.69170253,0.8675636557,-5.494583733,0,87.72248876,-23.70564765,-7.7606468
0.08427712858,0.03235855367,1.206774032,-0.07045644404,1,94.20675318,1.208829051,27.16022301,0,103.3020044,22.20730331,-3.341370726
0.08427712858,0.03622226157,1.622733633,-0.09801486869,1,93.56797164,1.62569104,-6.748729978,0,104.0259587,45.06174857,-3.456527737
0.08427712858,0.04008596947,1.970219261,-0.2706369994,1,147.5539986,1.988720273,-22.83469475,0,161.1634595,15.84354959,-7.821423045
0.08427712858,0.04394967737,2.815527715,-0.2474563069,1,152.7120751,2.826381244,61.51186609,0,164.1877241,63.8812689,-5.022810857
0.08427712858,0.04781338527,3.194627519,-0.2797916797,1,-12.50406976,3.206856462,57.61516827,0,10.35165769,75.11053591,-5.005303781
0.08427712858,0.05167709317,2.807211423,-0.3150532971,1,-119.2358582,2.824835315,-10.38128996,19.47087604,-84.37466315,13.06001211,-6.403508931
0.08427712858,0.05554080107,2.407935939,-0.3703620237,1,-97.47159582,2.43625194,60.75650175,14.33782907,-44.9319829,109.1565021,-8.744078177
0.08427712858,0.05940450897,2.257005591,-0.5020567608,1,-35.03390446,2.312171107,66.23373965,0,3.49811598,133.9048333,-12.5409018
0.08427712858,0.06326821687,2.286090864,-0.6318233631,1,39.44748019,2.371795143,-0.5484732444,0,78.18632463,78.57329884,-15.44958462
0.08427712858,0.06713192477,2.711508252,-0.8077601767,1,184.0472963,2.829267309,18.09523355,0,241.8245297,116.0738507,-16.58883043
0.08427712858,0.07099563267,3.931535203,-1.01038412,1,170.4402262,4.059291209,81.67324472,0,289.9394589,-9.774058926,-14.41281616
0.08427712858,0.07485934057,4.490280879,-0.4544345071,1,64.33171782,4.513217599,150.3653913,0,199.025981,-5.673510173,-5.7788876
0.08427712858,0.07872304847,4.949072424,-0.4074953839,1,48.41937297,4.965820209,-27.99064145,0,120.8967128,-55.82289723,-4.706986519
0.08427712858,0.08258675637,5.144468777,-0.3468988006,1,-1102.770363,5.15615145,345.9454097,0,1222.781965,235.7549924,-3.85769549
0.08427712858,0.08645046427,5.412762197,0.01824820198,1,-116.0318117,5.412792957,84.72725828,0,159.914727,-31.76494259,0.1931621892
0.08427712858,0.09031417218,5.314019544,0.1031930363,1,-231.8582187,5.315021403,-122.5527907,41.15147772,86.68550141,-170.6069467,1.112487896
0.08427712858,0.09417788008,4.851857222,0.2039154242,1,-293.1621134,4.856140443,-102.1258132,51.60927449,162.4897571,-112.5686744,2.406629208
0.08427712858,0.09804158798,4.809139729,0.1435412015,1,-289.5701477,4.811281431,-147.5015695,33.62694107,203.0870885,-195.9065222,1.709633015
0.08427712858,0.1019052959,4.517711943,0.3909380226,1,-185.3052718,4.534595212,-155.4733212,0,148.526349,-324.4685412,4.945742243
0.08427712858,0.1057690038,4.667036714,0.7964893682,1,-58.46808966,4.734514442,-247.2803813,0,201.1632567,-273.5960752,9.684948036
0.08427712858,0.1096327117,5.069044387,0.4926141771,1,-264.2135607,5.092924477,-197.3695991,27.60989129,129.6079485,-44.37955926,5.550624277
0.08427712858,0.1134964196,4.146959946,0.2053805426,1,-555.1456604,4.152042626,6.3903707,126.5992979,-112.3566608,89.50820007,2.835289366
0.08427712858,0.1173601275,2.490010395,0.1714711631,1,-700.1956333,2.495907476,58.43900064,148.0353218,-287.7286708,60.0659869,3.93937631
0.08427712858,0.1212238354,0.3299090078,0.199094343,1,-617.6610563,0.3853290942,18.04539651,0,-500.4883705,3.746603435,31.1102501
0.08814083648,0.01690372206,1.111869406,0.04723777322,1,-119.5664163,1.112872402,226.6403741,0,-127.0560248,248.813434,2.43274829
0.08814083648,0.02076742997,0.635430869,0.004402659863,1,-102.8213796,0.635446121,41.57546824,10.84048302,-81.71223534,64.01104837,0.3969744069
0.08814083648,0.02463113787,0.39888542,-0.03944675502,1,-20.55915944,0.4008311674,-39.62305229,0,20.4853573,-30.08834995,-5.647756424
0.08814083648,0.02849484577,0.6351457191,-0.03243664489,1,71.61681233,0.6359734432,-39.46798411,0,107.3746623,-37.16949201,-2.923533317
0.08814083648,0.03235855367,1.090456195,-0.04832745712,1,121.2223331,1.091526571,17.78896189,0,138.6600916,32.31499032,-2.537606374
0.08814083648,0.03622226157,1.639255497,-0.08856097567,1,129.1338744,1.641646012,26.18193727,2.740141128,125.9032171,81.90347299,-3.092405113
0.08814083648,0.04008596947,2.07584502,-0.2636191949,1,165.2075518,2.092517056,66.24090771,0,164.4345823,114.5112509,-7.237460596
0.08814083648,0.04394967737,2.912896415,-0.2750634821,1,171.6085533,2.925854651,17.80858258,0,171.2224798,-1.721126203,-5.39441842
0.08814083648,0.04781338527,3.400443992,-0.1881621048,1,-35.47813726,3.405645947,-60.13424902,0,-15.95771504,-69.25393609,-3.167207362
0.08814083648,0.05167709317,2.714163306,-0.2398276751,1,-106.5427779,2.724738476,-9.803906923,0,-106.4935478,12.88635172,-5.049629002
0.08814083648,0.05554080107,2.577333857,-0.2758306363,1,-77.8973988,2.592051765,-0.004733784796,17.56708739,-19.43753907,37.51469128,-6.108640151
0.08814083648,0.05940450897,2.338089537,-0.3847917742,1,-85.76178664,2.3695416,-50.94942623,16.05059617,-3.011313186,14.27708791,-9.345694579
0.08814083648,0.06326821687,2.23434053,-0.5278468343,1,64.54287067,2.295844046,-40.38043216,0,115.4865809,27.21897068,-13.29201237
0.08814083648,0.06713192477,3.033670751,-0.645976121,1,152.4316065,3.101683958,37.27377911,0,189.6437284,68.66138278,-12.02077004
0.08814083648,0.07099563267,3.556019704,-0.6491193666,1,45.44213775,3.614779673,30.34183834,0,214.0051231,-90.17760471,-10.34493013
0.08814083648,0.07485934057,4.036099183,-0.1803241967,1,77.25892766,4.040125423,43.08222745,0,191.5722038,-74.07470034,-2.558150503
0.08814083648,0.07872304847,4.59470467,-0.1964592191,1,47.77604618,4.598902829,-25.31782944,0,179.4911418,-64.05064331,-2.448347119
0.08814083648,0.08258675637,4.914193213,-0.03067191771,1,-32.80585262,4.914288931,1.554932828,0,115.907376,-148.9810364,-0.35760674
0.08814083648,0.08645046427,4.915784683,0.3851677947,1,-104.3805093,4.930851172,-49.83321331,19.86052075,33.74952938,-196.9107581,4.480158281
0.08814083648,0.09031417218,4.641295738,0.537592754,1,-143.3824619,4.672326197,-50.33519943,28.88346906,51.40468085,-154.6169122,6.607022831
0.08814083648,0.09417788008,4.560409403,0.7880818722,1,-169.003835,4.628002481,-23.27398235,38.35802398,29.85404454,-96.9940541,9.804420996
0.08814083648,0.09804158798,4.103661593,0.8224255777,1,-274.5452427,4.185262513,-145.3442615,54.01612326,-21.2410692,-137.1878505,11.33266285
0.08814083648,0.1019052959,3.417577493,0.7565678825,1,-220.510664,3.500318683,-154.5191481,36.59822733,7.184770846,-201.5652275,12.48256811
0.08814083648,0.1057690038,3.279432654,1.004197886,1,-47.27667891,3.429736423,-175.854857,0,112.5669978,-274.5526246,17.02515693
0.08814083648,0.1096327117,3.669840214,1.137907227,1,-95.75431939,3.842207706,-258.6335534,0,197.0180176,-331.1769147,17.22709336
0.08814083648,0.1134964196,3.670686005,1.284484244,1,-356.5076844,3.888937583,-130.4301972,74.4543196,88.72731624,-212.1793309,19.2864883
0.08814083648,0.1173601275,2.63521509,1.453762001,1,-626.4573138,3.009615013,-72.35866139,143.6085463,-83.3482094,133.3192809,28.88408522
0.08814083648,0.1212238354,0.9282047976,0.4898047536,1,-524.1683301,1.049510764,-27.18924801,0,-359.4441666,471.7911469,27.82018022
0.09200454438,0.01690372206,2.01703552,-0.0554059557,1,-280.2193887,2.01779635,129.8891894,0,-351.6952811,98.92502206,-1.573462296
0.09200454438,0.02076742997,0.7962686692,0.004412293242,1,-207.4157089,0.7962808938,41.1388225,0,-214.42074,22.20071808,0.3174847926
0.09200454438,0.02463113787,0.3871826999,0.01776534801,1,-40.25022294,0.387590055,-4.123462511,8.078773362,-19.99139247,-8.418324103,2.627095805
0.09200454438,0.02849484577,0.5635126638,0.02100638391,1,118.2822843,0.5639040614,-9.432061789,0,143.9472614,-4.036367439,2.134859034
0.09200454438,0.03235855367,1.400361068,-0.003082038884,1,177.5630097,1.400364459,-28.04178253,0,204.6686343,5.993805043,-0.1261014315
0.09200454438,0.03622226157,2.040344086,-0.1104971847,1,156.5548672,2.043333947,-1.655879183,0,171.6872695,68.36532734,-3.099890771
0.09200454438,0.04008596947,2.668592805,-0.2736235277,1,94.48403253,2.682584088,106.1248969,0,122.2354717,141.9585574,-5.854349982
0.09200454438,0.04394967737,2.877684947,-0.2489479819,1,-13.7226257,2.888433096,3.171977478,0,20.48208116,-14.75201143,-4.944337211
0.09200454438,0.04781338527,2.694709366,-0.2043704702,1,-12.52273004,2.702448123,-120.0390396,0,-2.634693611,-102.9789755,-4.337088037
0.09200454438,0.05167709317,2.81912109,-0.3148630865,1,-29.42631318,2.836649869,-40.34531586,0,-7.286065563,-55.84345129,-6.372861769
0.09200454438,0.05554080107,2.552863458,-0.1444902019,1,-139.9819854,2.556949208,-59.90286429,27.77823896,-42.17637647,-94.20410734,-3.239442943
0.09200454438,0.05940450897,2.115314388,-0.1823331027,1,-115.6119852,2.123158101,-158.2703703,0,33.40477774,-83.08312705,-4.92652958
0.09200454438,0.06326821687,2.235238821,-0.4349917475,1,77.86601001,2.277171581,-75.79102074,0,182.375295,48.8691029,-11.01248108
0.09200454438,0.06713192477,3.120810774,-0.6639834073,1,140.6630485,3.190663544,-100.939276,0,238.5344726,-120.579934,-12.01114669
0.09200454438,0.07099563267,3.70034728,-0.3591059821,1,59.10560721,3.717731445,62.66689458,0,264.3464431,-105.8815633,-5.543000522
0.09200454438,0.07485934057,4.370535017,-0.0127613989,1,54.43727976,4.370553647,93.84644055,0,179.3877126,-25.3445712,-0.1672958155
0.09200454438,0.07872304847,4.60377875,0.1014132717,1,-58.2871054,4.604895594,14.59436862,0,111.1695604,-47.63783965,1.261922694
0.09200454438,0.08258675637,4.574857376,0.2276856759,1,-98.01715096,4.580519706,26.84908104,16.80576523,60.65325373,-89.75627929,2.849197747
0.09200454438,0.08645046427,4.459415565,0.5519423236,1,-46.67724759,4.493442724,49.53518398,0,33.03415492,-113.030931,7.05562209
0.09200454438,0.09031417218,4.522144451,0.8557936588,1,-95.3845676,4.602409502,30.78889768,11.0937152,76.68778526,-77.9930992,10.7162155
0.09200454438,0.09417788008,4.387176659,0.9722441844,1,-168.6391569,4.493615226,53.24872187,36.10391901,-39.61319977,-15.71117003,12.49540081
0.09200454438,0.09804158798,3.717518175,1.122234538,1,-254.6683572,3.883214099,99.83327096,52.23801591,-67.63104114,22.59076293,16.79787599
0.09200454438,0.1019052959,3.141905928,1.270686673,1,-237.5051509,3.38913226,95.13520778,50.09883095,32.85085829,19.60048456,22.01997398
0.09200454438,0.1057690038,2.926793768,1.414078645,1,-141.838273,3.25049845,7.848359906,30.78551963,50.80734752,-83.54423622,25.78748286
0.09200454438,0.1096327117,2.790189022,1.623800969,1,-97.31633355,3.228294343,-33.26365418,13.56431975,70.50867489,-165.6649383,30.19803934
0.09200454438,0.1134964196,2.823216806,1.925638532,1,-124.7343559,3.417402067,-9.172545924,14.37442269,108.0031223,-176.3914839,34.29682279
0.09200454438,0.1173601275,2.725544422,2.2698861,1,-219.9269385,3.546967057,-143.2278731,38.60824503,19.21406154,138.9099504,39.7881865
0.09200454438,0.1212238354,2.047720877,0.8355403946,1,-314.1435966,2.211625769,-170.0094867,0,-36.72327139,572.4616021,22.19714525
0.09586825228,0.01690372206,1.995940682,-0.2289241972,1,-257.6632369,2.009026007,171.2172864,0,-319.9085458,64.44862372,-6.54294247
0.09586825228,0.02076742997,0.8801563524,-0.02266273442,1,-206.6317574,0.8804480701,38.19222393,0,-219.2578556,-31.10691888,-1.474956338
0.09586825228,0.02463113787,0.35042762,0.03882744834,1,-46.16686323,0.3525721027,35.69037921,0,-30.71490872,12.55507334,6.322594165
0.09586825228,0.02849484577,0.5831076427,0.06672532963,1,70.50995856,0.5869129344,5.595938228,0,98.97532524,1.047636161,6.527993235
0.09586825228,0.03235855367,1.00526925,0.05640075897,1,154.4082278,1.006850193,-58.58503493,0,185.6520742,-33.52643175,3.211220401
0.09586825228,0.03622226157,1.897001318,-0.03009379346,1,240.2279749,1.897240005,-43.38353991,0,284.9405484,11.69218129,-0.9088568979
0.09586825228,0.04008596947,3.034367022,-0.1563957402,1,91.2765799,3.038394783,-28.79007337,0,160.0760721,0.4079652472,-2.950497923
0.09586825228,0.04394967737,2.868154546,-0.1429064859,1,-88.87659707,2.871712514,-18.02902893,18.07222102,-39.39383918,-19.69533498,-2.852417046
0.09586825228,0.04781338527,2.538767525,-0.1499576203,1,-86.72212559,2.543192449,-2.52749481,16.60115032,-49.3224599,0.417277366,-3.380367572
0.09586825228,0.05167709317,2.342518006,-0.1542842255,1,-112.5870768,2.347593285,-21.12127506,24.68451774,-31.53820532,-86.34858888,-3.768204159
0.09586825228,0.05554080107,1.981909533,0.1020616675,1,-147.123296,1.984535709,-46.66348468,23.71644345,-95.37637199,-136.0205749,2.947935679
0.09586825228,0.05940450897,1.405570123,0.1909654701,1,-48.563579,1.418483409,-88.45317928,0,86.97553297,-29.93034125,7.737023305
0.09586825228,0.06326821687,2.130322103,-0.1240534842,1,-0.5697683151,2.133931004,-142.8628571,0,200.4335072,-24.11811551,-3.332699438
0.09586825228,0.06713192477,2.17778523,-0.2678295263,1,26.45274022,2.194192599,-58.24587124,0,299.3298437,-127.5898185,-7.011173774
0.09586825228,0.07099563267,3.389050847,0.1438712726,1,152.7090816,3.392103268,-17.11607378,0,396.7592586,-164.7145256,2.430848809
0.09586825228,0.07485934057,4.300770397,0.302447778,1,42.45763379,4.311391964,-21.40592711,0,236.5446954,-102.7786848,4.022651147
0.09586825228,0.07872304847,4.46703435,0.4582718395,1,-45.71601865,4.490479814,-0.4165770242,0,141.574139,-72.86936272,5.857466534
0.09586825228,0.08258675637,4.671138174,0.5823841785,1,-82.10386772,4.707303174,38.26887965,0,134.7531151,-22.52182627,7.10680207
0.09586825228,0.08645046427,4.670455663,0.6931493703,1,-143.1839518,4.721611182,132.7843156,0,88.25596862,-27.69517736,8.441733825
0.09586825228,0.09031417218,4.458912491,1.202430063,1,-129.143959,4.618196473,63.3253289,0,138.1994768,-90.27093844,15.09189245
0.09586825228,0.09417788008,4.705443539,1.286600482,1,-104.2337979,4.878169708,72.69378199,0,134.7122429,-15.99125299,15.29248652
0.09586825228,0.09804158798,4.5766723,1.545083134,1,-253.4009933,4.830446277,181.5759056,40.35677836,34.81282189,48.40226454,18.65466615
0.09586825228,0.1019052959,3.860882694,1.801144531,1,-314.6626863,4.260344681,199.5550858,51.98202454,-96.783117,146.900702,25.00957248
0.09586825228,0.1057690038,2.986965899,1.748524292,1,-201.4159265,3.461112897,83.84233541,41.22331382,-46.95803939,87.67556852,30.34405534
0.09586825228,0.1096327117,2.90123824,1.786334038,1,-46.42437988,3.407076844,96.73452991,0,37.8199246,-15.90068909,31.6212036
0.09586825228,0.1134964196,2.953720797,2.183713878,1,-101.569067,3.673291827,0.01946011981,22.7102058,28.39936858,-153.0456652,36.47586915
0.09586825228,0.1173601275,2.618531898,2.377732972,1,-116.102866,3.536993552,-160.4692332,0,-5.686511957,0.5258621382,42.24071985
0.09586825228,0.1212238354,2.483162215,1.561675856,1,-229.5812027,2.933415427,-170.5026592,0,159.5087822,251.9190854,32.16603763
0.09973196018,0.01690372206,2.927579759,-0.2959036475,1,-554.9480444,2.942495916,74.84135189,0,-534.1278357,-55.36123694,-5.771541148
0.09973196018,0.02076742997,0.8236442183,-0.04437126192,1,-301.617356,0.824838534,5.910428324,0,-307.6395505,-90.72493952,-3.083650522
0.09973196018,0.02463113787,0.5735890361,0.07746718673,1,-37.54408155,0.5787966373,20.70955201,4.914020654,-23.13926452,-24.6767744,7.691652431
0.09973196018,0.02849484577,0.5891814947,0.130988246,1,48.22508982,0.6035666941,-6.909204103,0,73.64753668,-17.30540167,12.53427744
0.09973196018,0.03235855367,1.044469266,0.1176350574,1,174.8520261,1.051072811,37.61154954,5.620608102,169.0446849,55.39993035,6.425951523
0.09973196018,0.03622226157,1.917897934,0.06225913852,1,187.7388616,1.918908201,7.626939483,0,204.2326337,40.0925002,1.859292706
0.09973196018,0.04008596947,2.558932629,-0.007802386038,1,65.60287199,2.558944524,-88.11756598,0,145.0836269,-57.05408991,-0.1746987786
0.09973196018,0.04394967737,2.731929024,-0.05776105935,1,-8.332080651,2.732539576,-32.93504285,0,41.36342679,-19.45920522,-1.211221773
0.09973196018,0.04781338527,2.686556102,-0.05986908636,1,-69.97261426,2.687223102,10.47706785,15.73202942,-14.93030942,-4.02898167,-1.276607739
0.09973196018,0.05167709317,2.403888927,-0.001713921205,1,-149.4641662,2.403889538,35.95597913,29.86607665,-67.82205469,6.110585335,-0.04085065401
0.09973196018,0.05554080107,1.847025614,0.05544479744,1,-106.2007155,1.847857609,80.21786524,0,-86.87130288,-8.573618254,1.719412652
0.09973196018,0.05940450897,1.657915044,0.3413504351,1,-71.17256619,1.69269088,117.1317054,0,4.668445704,43.06259717,11.6341308
0.09973196018,0.06326821687,1.590073118,0.341626196,1,0.2587323614,1.626358195,8.850239169,0,192.5304035,-3.827628692,12.12563037
0.09973196018,0.06713192477,2.402795952,0.3903340133,1,39.94695221,2.434294359,75.133029,0,324.4009422,12.44546943,9.227090742
0.09973196018,0.07099563267,2.997806956,0.5838326151,1,80.09722718,3.054129511,25.06258421,0,305.005901,-64.69583183,11.02058794
0.09973196018,0.07485934057,3.89072195,0.7371343145,1,55.18461339,3.959934885,-35.53704297,0,287.1850386,-97.96803535,10.72807589
0.09973196018,0.07872304847,4.320623286,0.8250477336,1,-14.0193887,4.398691776,10.83567547,0,206.8335091,-74.16645399,10.81080866
0.09973196018,0.08258675637,4.63569939,1.065557714,1,-44.02455328,4.75658723,57.79847158,0,185.035734,-102.9566515,12.94509719
0.09973196018,0.08645046427,4.865449299,1.446158573,1,-209.6251514,5.075822248,107.1720952,22.04302998,153.2893958,-105.8804727,16.55354024
0.09973196018,0.09031417218,4.418034487,1.888730604,1,-220.997717,4.804823828,-3.694082699,36.92247863,153.9143254,-119.9822,23.14693657
0.09973196018,0.09417788008,4.606258669,1.89546189,1,-182.7509846,4.981003383,-138.9937285,0,231.4224077,-228.8239999,22.36702185
0.09973196018,0.09804158798,4.606086648,2.235808533,1,-250.6621448,5.120046289,-148.4297802,0,218.1160053,-204.6058168,25.89207795
0.09973196018,0.1019052959,4.480509892,2.112509686,1,-491.6471144,4.953550854,566.3202574,0,228.5325557,624.5414622,25.24334685
0.09973196018,0.1057690038,3.589488849,2.010858804,1,-378.4010042,4.114363052,166.9211076,78.92329001,21.74813176,209.1637763,29.25787893
0.09973196018,0.1096327117,3.102507371,1.949296353,1,-324.2041861,3.664056258,115.8457748,70.23288761,-27.14758158,7.933942167,32.14102688
0.09973196018,0.1134964196,2.231968248,2.427798604,1,-200.1446537,3.297861174,120.9572429,34.64911817,-57.3637918,-72.43374469,47.40648398
0.09973196018,0.1173601275,2.107569956,2.69650264,1,-89.83791496,3.422422769,-2.796903845,0,123.5676693,20.21937031,51.98903453
0.09973196018,0.1212238354,2.362290167,2.338870444,1,140.5266624,3.324263796,-205.7173838,0,-8.673935866,-20.59355683,44.71457257
0.1035956681,0.01690372206,2.071206156,-0.1484809924,1,-413.615661,2.076521502,-309.8414408,0,-372.545374,-362.9252971,-4.100415274
0.1035956681,0.02076742997,0.5524578554,-0.04593073484,1,-229.5817625,0.5543638827,-81.52840615,0,-219.7551879,-144.4121573,-4.752577767
0.1035956681,0.02463113787,0.3350994315,0.09448345367,1,-5.930163672,0.3481648345,-48.82922327,0,-10.35170285,-103.4091705,15.74614166
0.1035956681,0.02849484577,0.4895494791,0.1649502384,1,135.2448899,0.5165919798,-47.96336772,0,131.2190961,-32.29951154,18.62088029
0.1035956681,0.03235855367,1.36463844,0.03396288879,1,199.55322,1.365061006,-34.9528085,0,212.4411275,-0.9655305625,1.425673283
0.1035956681,0.03622226157,2.081375294,0.03363332414,1,120.7494889,2.08164702,-24.07644966,0,166.2358986,-54.28882464,0.9257724091
0.1035956681,0.04008596947,2.473466149,0.1506946807,1,33.26727125,2.478052396,-73.19583995,0,117.971693,-77.19953667,3.486407194
0.1035956681,0.04394967737,2.665718476,0.04910243879,1,-22.23920254,2.66617067,-79.84313778,0,45.58850836,-57.07099372,1.055266867
0.1035956681,0.04781338527,2.563681046,0.06270976781,1,-59.71752803,2.564447898,-33.32301284,10.74021021,18.13375508,-62.32484477,1.401222936
0.1035956681,0.05167709317,2.505050924,0.1611570459,1,-86.31461676,2.510229416,15.71993896,19.68999071,7.385495391,-13.79448268,3.680927835
0.1035956681,0.05554080107,2.258721976,0.1767448719,1,-109.5858655,2.265626561,105.5676784,5.918599769,-14.78606443,22.01168783,4.474274422
0.1035956681,0.05940450897,2.024514115,0.4839929869,1,-55.81950422,2.081563502,139.34365,0,27.60982167,24.92422963,13.44513612
0.1035956681,0.06326821687,2.149728003,0.6188280905,1,-7.618067446,2.237024518,162.7707696,0,134.8660022,72.90253309,16.05917505
0.1035956681,0.06713192477,2.516162966,0.8312176023,1,63.45140341,2.649905427,154.1047919,0,217.6753224,52.12384198,18.28103723
0.1035956681,0.07099563267,3.235919555,1.012852692,1,75.18059277,3.390729411,115.4023349,0,253.2041707,20.25744791,17.38027926
0.1035956681,0.07485934057,3.784945771,1.198829654,1,2.684036641,3.97026536,11.78001159,0,252.6207617,-65.53697011,17.57488389
0.1035956681,0.07872304847,4.222342721,1.311582925,1,-55.42739512,4.421360404,-11.75430936,0,239.632414,-81.26695713,17.25631993
0.1035956681,0.08258675637,4.496660158,1.46740622,1,-53.84454018,4.730035263,36.30196946,0,171.1161886,-166.5503859,18.07318594
0.1035956681,0.08645046427,4.675446115,2.095345174,1,-219.3358423,5.123501515,-1.433601993,46.99903491,85.88975637,-307.76485,24.13998596
0.1035956681,0.09031417218,3.981063461,2.650980683,1,-332.4495148,4.782945208,-36.26799797,76.69055753,-27.60431823,-241.1231104,33.65955145
0.1035956681,0.09417788008,3.284303276,2.88684549,1,-262.4674585,4.372702241,-129.4479103,51.0693176,63.58658917,-311.9990531,41.31490913
0.1035956681,0.09804158798,3.212645875,3.356304976,1,508.9529088,4.646060332,9.737421222,0,831.1383679,-429.4424976,46.25282538
0.1035956681,0.1019052959,8.462024529,4.583708412,1,-2.075358333,9.623733264,-176.7495456,0,319.7500359,-160.7749152,28.44351385
0.1035956681,0.1057690038,4.440048036,3.29458367,2,-869.8085447,5.528861377,-376.5723872,150.2331913,-445.647424,50.38391148,36.57598117
0.1035956681,0.1096327117,3.37948691,2.934073988,2,-402.021691,4.475457735,-107.0892041,88.9282223,65.85585002,37.64385094,40.9645487
0.1035956681,0.1134964196,3.141201421,2.735377422,1,-203.6172873,4.165265418,106.3616819,40.04414393,24.09033836,36.94757682,41.04954761
0.1035956681,0.1173601275,2.685847219,3.202269814,1,-285.3463866,4.179510407,-174.8429794,45.67689914,-111.2774302,278.133576,50.01235187
0.1035956681,0.1212238354,1.608762846,0.9852083257,1,-85.26088162,1.886465833,-686.5271284,0,-472.2783531,461.1069813,31.48335342
0.107459376,0.01690372206,0.3282055986,-0.1372200553,1,-115.1902102,0.3557362204,-208.9574571,0,-80.23332081,-276.6726213,-22.68940274
0.107459376,0.02076742997,-0.0493241217,-0.006404247925,1,-52.20177315,0.04973814806,-37.56809935,0,-36.52678915,-88.71164107,-172.6020985
0.107459376,0.02463113787,-0.01461564856,0.06038365089,1,57.12029641,0.06212730863,-32.97872469,8.707960603,27.8740417,-64.51268267,103.6065489
0.107459376,0.02849484577,0.279069174,0.1154337547,1,130.5372418,0.3020009198,-27.54131225,15.95159505,107.6554394,-55.24695643,22.47187088
0.107459376,0.03235855367,0.9056912956,0.1674301672,1,153.1244347,0.9210372326,-106.717769,0,192.6698813,-138.4415918,10.47371122
0.107459376,0.03622226157,1.615117404,0.2380053392,1,107.9938591,1.632559577,-156.8761908,0,169.5005986,-196.2271444,8.382833136
0.107459376,0.04008596947,1.977848824,0.3194707575,1,46.08281429,2.00348385,-175.1721011,0,106.0548274,-166.4499262,9.175415702
0.107459376,0.04394967737,2.202932813,0.2043054031,1,9.318819178,2.212386421,-155.4330981,0,78.46004597,-135.1041218,5.298594734
0.107459376,0.04781338527,2.317000719,0.2409255313,1,-15.67873512,2.329492959,-75.99287484,0,69.61539921,-116.3713256,5.936375321
0.107459376,0.05167709317,2.411328328,0.3603159424,1,-39.15143586,2.438100056,-34.93008358,0,45.09243881,-81.72399537,8.498617312
0.107459376,0.05554080107,2.339955019,0.421723538,1,-48.78318468,2.377654355,40.79288863,4.597920458,18.05358965,-37.72780861,10.21658221
0.107459376,0.05940450897,2.292598149,0.6636969806,1,2.711748234,2.386734161,96.72674731,0,38.87806769,-25.0266294,16.14549516
0.107459376,0.06326821687,2.500645919,0.8921430215,1,69.06894049,2.655023387,97.74788917,0,165.6809496,14.27542819,19.63462282
0.107459376,0.06713192477,3.199603154,0.9862101876,1,77.52398838,3.348144393,108.5570692,0,186.8103862,10.33000131,17.13081067
0.107459376,0.07099563267,3.521956731,1.27166372,1,-13.10690538,3.744503683,109.2963777,0,138.2244411,-76.17484438,19.85299821
0.107459376,0.07485934057,3.683020765,1.702816814,1,-56.491739,4.057613468,44.65022876,0,170.1803417,-134.8169947,24.81310422
0.107459376,0.07872304847,3.961216283,1.965072649,1,-61.66670078,4.421848591,-69.73655527,0,177.9893632,-129.7626885,26.38500268
0.107459376,0.08258675637,4.132457555,1.934740259,1,-169.5538273,4.562940424,-74.57907859,27.82665918,94.38782251,-245.4999912,25.0881251
0.107459376,0.08645046427,3.670796797,2.62546113,1,-206.23199,4.513069384,-131.6431409,36.96461843,2.753542522,-424.5801767,35.57345757
0.107459376,0.09031417218,3.34627627,3.066563398,1,-176.5944353,4.538873863,-133.9391129,26.27436404,-22.73746767,-271.0556792,42.5024769
0.107459376,0.09417788008,2.900636549,3.15523949,1,-117.3766891,4.28593381,-33.89608504,25.58001275,23.73414421,-141.0666188,47.40742845
0.107459376,0.09804158798,2.984468829,3.480639036,1,3.239704675,4.584964808,-55.27935651,0,68.1366583,-107.2267396,49.38861067
0.107459376,0.1019052959,3.176413966,3.355949005,1,51.41315387,4.620822373,-771.3713502,0,-221.011112,-815.1258071,46.57431716
0.107459376,0.1057690038,2.329191858,3.649693477,1,-140.1385824,4.329595499,-417.5464373,0,51.56481763,-521.3559154,57.45445535
0.107459376,0.1096327117,2.834190811,3.757038505,1,-91.21851717,4.706163606,-401.3177303,0,209.364484,-312.7760678,52.97025484
0.107459376,0.1134964196,2.785673363,3.307594356,1,-159.3988899,4.324367759,-434.6784492,0,74.62639419,-334.2608521,49.89574042
0.107459376,0.1173601275,2.50665465,3.369054242,1,-72.00620008,4.199267081,-871.4528617,0,-262.9934514,-233.7114904,53.34989546
0.107459376,0.1212238354,1.491332563,0.8435479813,1,-370.6508738,1.713372701,-839.4306716,0,-154.9178871,467.8660111,29.49396403
0.1113230839,0.01690372206,NaN,NaN,0,-62.14251598,0.1953347727,-10.38376237,0,-5.317843093,-24.90380797,-3.938818383
0.1113230839,0.02076742997,NaN,NaN,0,-43.96364748,0.0661876078,25.68197466,7.276243493,-17.23463181,27.00136759,12.77253515
0.1113230839,0.02463113787,-0.04157888935,-0.01851553172,1,6.759149144,0.04551515083,28.00009,0,20.45045607,11.97692921,-155.9960699
0.1113230839,0.02849484577,0.1696797913,0.07654163763,1,52.18298656,0.1861447122,18.46750216,0,66.61304608,-34.66034295,24.2798786
0.1113230839,0.03235855367,0.4174142805,0.1867549432,1,60.95805844,0.4572877545,-55.19450203,0,80.72122258,-105.595766,24.10417602
0.1113230839,0.03622226157,0.7170871487,0.2712773994,1,86.74797083,0.766684685,-159.8408679,0,103.7747502,-210.4798094,20.72186326
0.1113230839,0.04008596947,1.153538423,0.3824090218,1,90.69327061,1.215272625,-193.2644222,0,123.111809,-204.9026062,18.34085266
0.1113230839,0.04394967737,1.543167524,0.316243943,1,50.62141921,1.57523847,-169.7232373,0,121.9857134,-172.2732144,11.58137066
0.1113230839,0.04781338527,1.820441965,0.3922613885,1,12.29113783,1.862223925,-105.4732642,0,120.0082301,-149.577744,12.15994048
0.1113230839,0.05167709317,2.054333637,0.4866507701,1,7.792373394,2.111188212,-76.41872775,0,108.7077857,-87.47578939,13.32712106
0.1113230839,0.05554080107,2.27056455,0.4349826449,1,4.030817111,2.311854943,-8.142621842,0,59.95144977,-43.62105724,10.84502007
0.1113230839,0.05940450897,2.301542427,0.6237290812,1,28.98909358,2.384561912,55.28482898,0,51.75946121,-88.90982617,15.16322143
0.1113230839,0.06326821687,2.582553379,0.9921086732,1,59.63870723,2.766561327,57.64522235,0,114.7961801,-105.3430925,21.01468096
0.1113230839,0.06713192477,2.975507879,1.253468321,1,46.67006383,3.228750528,14.55352393,0,155.5548779,-142.1467634,22.8438416
0.1113230839,0.07099563267,3.363891484,1.597552812,1,-1.147934605,3.723968435,45.90009579,0,120.4788616,-166.6304741,25.40360939
0.1113230839,0.07485934057,3.436567725,2.074624363,1,-43.57693044,4.014232676,-2.128889872,0,66.2609517,-167.770589,31.11899455
0.1113230839,0.07872304847,3.451535917,2.237543953,1,-107.7246944,4.113356674,-69.43137282,12.62242568,62.01740945,-176.2135897,32.95432707
0.1113230839,0.08258675637,3.259968127,2.487199658,1,-260.6287653,4.100433431,-98.63624786,55.96438904,21.17633987,-270.8180718,37.34189834
0.1113230839,0.08645046427,2.526361689,2.902804227,1,-194.2807362,3.848217218,-137.0089355,31.58424896,-24.08107199,-333.2555013,48.96637417
0.1113230839,0.09031417218,2.416281883,3.245439065,1,-45.43007154,4.046145432,-180.1713803,0,66.63685219,-317.1517936,53.3317202
0.1113230839,0.09417788008,2.608298494,3.432056532,1,-59.64111469,4.310711435,-125.5814007,0,103.2489413,-219.1725295,52.76584825
0.1113230839,0.09804158798,2.584769787,3.607047848,1,-81.71191071,4.437547637,-175.4292172,0,10.26873397,-201.0740368,54.37504353
0.1113230839,0.1019052959,2.332262928,3.531140624,1,-279.7839662,4.231832283,-253.4226554,0,-178.9376128,-364.2544715,56.55586455
0.1113230839,0.1057690038,0.8124035986,4.035269611,1,-275.392944,4.116236199,-190.9551497,24.72025804,-167.6596655,-337.006118,78.61704896
0.1113230839,0.1096327117,0.6204370605,4.095438904,1,-136.6315402,4.142168751,-441.2622823,0,-29.57124941,-338.8511113,81.38550042
0.1113230839,0.1134964196,0.1702445673,3.639582761,1,-389.3130128,3.643562252,-761.4575489,0,-181.2844901,-339.3014015,87.32189344
0.1113230839,0.1173601275,-1.584185019,2.464350862,1,91.3719352,2.929618976,-529.3558314,0,-90.6211114,-58.0869785,122.7345594
0.1113230839,0.1212238354,NaN,NaN,0,285.9811443,1.82696079,-280.8532829,0,623.6790038,53.34035072,84.56177753
0.1151867918,0.01690372206,NaN,NaN,0,-32.6422155,0.2087844449,7.853655916,0,13.16050971,0.3298061701,23.22536268
0.1151867918,0.02076742997,NaN,NaN,0,-27.77305047,0.1821267066,24.2068526,0,14.30907773,16.19667684,32.13231015
0.1151867918,0.02463113787,NaN,NaN,0,-20.68356618,0.1799703212,44.79091467,0,36.80172124,25.55591284,39.00977864
0.1151867918,0.02849484577,NaN,NaN,0,-3.881371397,0.2760061635,30.13650973,0,41.30676536,-3.640991664,38.33292875
0.1151867918,0.03235855367,NaN,NaN,0,-20.55878947,0.3746224393,4.496123116,3.704157692,12.22526887,-29.82441952,40.5989195
0.1151867918,0.03622226157,0.1843064777,0.3037918414,1,5.358279851,0.3553285249,-20.86882752,0,34.75941755,-72.87515537,58.75536756
0.1151867918,0.04008596947,0.4394477311,0.4447265204,1,77.74540161,0.6252167515,-62.7158942,0,102.7164657,-108.3312341,45.34206917
0.1151867918,0.04394967737,0.8815584203,0.4800361904,1,83.84083083,1.003782841,-86.4525156,0,147.0540545,-141.4220932,28.56967716
0.1151867918,0.04781338527,1.331558124,0.6571129117,1,79.96808946,1.484871852,-114.7548124,0,152.0705092,-184.6843813,26.26595777
0.1151867918,0.05167709317,1.778087787,0.7502236182,1,73.96003607,1.929878664,-153.8524532,0,135.268296,-148.8499054,22.87620456
0.1151867918,0.05554080107,2.139955283,0.6377845282,1,-1.947308587,2.232975082,-151.4212689,0,101.4872335,-151.7969215,16.59597103
0.1151867918,0.05940450897,2.162680981,0.7516750299,1,-27.24363697,2.289586071,-46.20012199,0,72.89926185,-167.1903389,19.16572878
0.1151867918,0.06326821687,2.316355282,1.105255385,1,42.93853461,2.566532926,-9.901312004,0,97.84311311,-179.4882195,25.50827319
0.1151867918,0.06713192477,2.706620146,1.406909304,1,83.33215747,3.050440362,-24.60729888,0,107.9697089,-189.3036901,27.46554663
0.1151867918,0.07099563267,3.055489814,1.741594133,1,24.82740763,3.516982816,-36.81586274,0,57.98388873,-223.2401528,29.68264395
0.1151867918,0.07485934057,3.026578806,2.127198307,1,5.353888493,3.699344794,15.76661774,0,-16.57986998,-211.8159135,35.10105295
0.1151867918,0.07872304847,3.012115901,2.620906557,1,-37.15714287,3.992742589,82.57802074,0,-46.0750355,-149.4153355,41.02722843
0.1151867918,0.08258675637,2.704993981,3.02355287,1,-237.4441445,4.056952599,-45.78174055,52.28055468,-62.34133454,-217.1602135,48.1828841
0.1151867918,0.08645046427,1.853832377,3.283062917,1,-242.0686117,3.770304577,-47.34628732,51.22609287,-89.27869001,-170.5451416,60.54808143
0.1151867918,0.09031417218,1.424764794,3.499557257,1,-49.77699997,3.778472669,-17.03989532,9.34220584,-24.04439644,-146.8468533,67.84742695
0.1151867918,0.09417788008,1.568608065,3.784599086,1,-12.5567622,4.096794052,-104.5601256,0,39.73413705,-191.6443803,67.48739182
0.1151867918,0.09804158798,1.529770231,3.83602538,1,-130.4393912,4.129804799,-227.355324,0,-71.10744254,-217.2590045,68.25835934
0.1151867918,0.1019052959,0.7898899709,3.745589857,1,-194.1044203,3.827971988,-284.1096696,0,-126.9515514,-343.6167603,78.09164612
0.1151867918,0.1057690038,0.2893037368,4.065943396,1,93.39072215,4.076222805,-109.4743097,0,-344.4007537,-219.4977253,85.93009714
0.1151867918,0.1096327117,-0.1799394709,4.170688197,1,-776.6989034,4.174568031,-127.1883544,161.910983,322.0471876,-138.9419362,92.47042744
0.1151867918,0.1134964196,-1.467337689,4.111355803,1,-733.3991219,4.365355247,705.5140601,0,841.2972099,1094.984995,109.6414182
0.1151867918,0.1173601275,0.2369472244,2.66588627,2,337.0406255,2.676395634,389.2848165,0,201.2057411,897.356851,84.92082808
0.1151867918,0.1212238354,NaN,NaN,0,78.82369356,2.233864445,28.27388433,0,115.467301,296.1887548,74.09196468
0.1190504997,0.01690372206,NaN,NaN,0,-20.76079945,0.2793695868,13.25663938,0,17.74057508,6.177787782,35.83317888
0.1190504997,0.02076742997,NaN,NaN,0,-18.67319919,0.2830170273,20.38182758,0,19.63828532,10.0186583,38.77047784
0.1190504997,0.02463113787,NaN,NaN,0,-13.98175556,0.3073284847,28.78020244,0,27.28334941,9.651033094,41.48725944
0.1190504997,0.02849484577,NaN,NaN,0,-7.223732112,0.3702439604,27.85558615,0,30.34464084,-0.5710298745,42.71071406
0.1190504997,0.03235855367,NaN,NaN,0,-6.116675983,0.4476026892,27.96848676,0,27.55645605,-6.645778144,44.44512586
0.1190504997,0.03622226157,NaN,NaN,0,4.336052656,0.52352073,52.30593357,0,40.46783655,9.479986216,47.32127161
0.1190504997,0.04008596947,NaN,NaN,0,29.38736143,0.6870601716,32.31945347,0,50.28709225,-13.13081656,44.18785073
0.1190504997,0.04394967737,NaN,NaN,0,5.010081474,0.8679550188,-9.88881189,0,39.20498567,-59.57014464,40.22188118
0.1190504997,0.04781338527,0.6634963866,0.6708440774,1,22.11745396,0.9435354954,-63.48131034,0,35.35416412,-105.6808263,45.31550225
0.1190504997,0.05167709317,0.8847801425,0.7235279781,1,49.95952118,1.142947346,-108.888904,0,62.76164121,-151.278088,39.27454525
0.1190504997,0.05554080107,1.099018032,0.8346235024,1,40.9931731,1.380013415,-135.5101481,0,112.3009915,-209.8232224,37.21400247
0.1190504997,0.05940450897,1.477064017,1.010651991,1,59.0398572,1.789730582,-155.0828046,0,135.5373566,-250.7474962,34.38111732
0.1190504997,0.06326821687,1.85080755,1.204243927,1,71.06000857,2.208096924,-124.3405886,0,102.8543507,-211.823556,33.0503885
0.1190504997,0.06713192477,2.149018301,1.348660623,1,71.61298134,2.5371569,-113.8149606,0,59.94547632,-248.7671506,32.11117177
0.1190504997,0.07099563267,2.359111003,1.72565977,1,87.70244644,2.922893491,-111.3353764,0,49.49017375,-277.2946364,36.18499665
0.1190504997,0.07485934057,2.679090512,1.989878727,1,131.7365256,3.33723588,-68.0971066,17.47912852,84.16619647,-191.664432,36.60290167
0.1190504997,0.07872304847,3.193296055,2.203087821,1,-5.486171823,3.879527761,94.97940944,0,-107.1137715,-208.8393758,34.60219342
0.1190504997,0.08258675637,2.244037221,3.163745768,1,-197.8290974,3.878787225,19.60230779,9.395017679,-192.6774423,-314.2873304,54.65201431
0.1190504997,0.08645046427,1.684492853,3.493139854,1,-73.08796733,3.878084864,-74.08217794,0,-46.21863545,-120.9585374,64.25529356
0.1190504997,0.09031417218,1.783071358,3.344862328,1,5.751294206,3.790441592,-21.30571017,0,-62.85759049,-57.78710102,61.93891955
0.1190504997,0.09417788008,1.463850805,3.634093292,1,-98.91681726,3.917842931,-69.89470342,0,-138.2029359,-197.0851773,68.05990819
0.1190504997,0.09804158798,0.8669098938,3.836289167,1,-199.5917889,3.933020129,-169.3572711,0,-203.3733118,-209.8640603,77.26639283
0.1190504997,0.1019052959,-0.09308863844,3.790599694,1,-278.8148654,3.791742546,-427.9465618,0,-64.26442014,-41.65495337,91.40677326
0.1190504997,0.1057690038,-0.4586482522,2.343771227,2,1368.290603,2.388225656,341.3526633,0,-1449.747073,-836.2915271,101.0721878
0.1190504997,0.1096327117,-0.4078126459,8.340672856,1,1099.047991,8.350636793,1023.691841,0,864.220309,-886.384796,92.79921661
0.1190504997,0.1134964196,7.12684699,9.723749419,1,887.084508,12.05583887,-709.2419719,122.0917913,95.08994733,947.4951509,53.76111879
0.1190504997,0.1173601275,3.387022557,1.939524546,1,-620.6356325,3.903034366,-1077.330922,0,-854.6499592,931.9906552,29.79692283
0.1190504997,0.1212238354,NaN,NaN,0,-461.3828779,2.424568191,-37.4887339,0,-553.3150307,-48.25208397,53.95181904
0.1229142076,0.01690372206,NaN,NaN,0,-14.46975111,0.3530832161,13.43170162,0,16.92016276,6.287631909,40.88152974
0.1229142076,0.02076742997,NaN,NaN,0,-12.93224736,0.3657687952,17.0533288,0,18.46508298,6.279422602,42.03081406
0.1229142076,0.02463113787,NaN,NaN,0,-9.346524779,0.3968759018,22.09248137,0,22.34875024,3.600591104,43.40609991
0.1229142076,0.02849484577,NaN,NaN,0,-4.915125505,0.4513386613,24.53714567,0,25.23199254,-1.648382784,44.49876481
0.1229142076,0.03235855367,NaN,NaN,0,-1.020235008,0.5237932123,27.21630418,0,27.18807792,-5.667649398,45.54631728
0.1229142076,0.03622226157,NaN,NaN,0,5.473839105,0.6128233084,32.80650416,0,32.50978659,-6.426422478,46.34648847
0.1229142076,0.04008596947,NaN,NaN,0,13.14564,0.7347772982,26.08450268,0,36.07135103,-17.59395748,45.65560407
0.1229142076,0.04394967737,NaN,NaN,0,9.117173648,0.8664497937,15.33897897,0,33.42693812,-31.96757798,44.9516518
0.1229142076,0.04781338527,NaN,NaN,0,10.37826739,0.9804400657,24.11304423,0,30.95229584,-24.42374051,46.2517851
0.1229142076,0.05167709317,NaN,NaN,0,-0.3128279347,1.11213351,5.608884132,0,33.36992609,-47.45967631,45.97667087
0.1229142076,0.05554080107,NaN,NaN,0,-40.79273482,1.217885373,-12.33038792,8.970029621,-5.330649147,-76.40141979,48.58206253
0.1229142076,0.05940450897,0.5946712419,1.047239023,1,15.13921953,1.204302062,-52.71241011,0,39.68563131,-134.1891508,60.41006554
0.1229142076,0.06326821687,1.017515221,1.228099436,1,85.5899837,1.594855934,-83.16814314,0,98.43985371,-164.5900462,50.35728798
0.1229142076,0.06713192477,1.305708779,1.361829473,1,64.75897991,1.886651777,-105.8251233,0,74.07701829,-200.5148996,46.20523282
0.1229142076,0.07099563267,1.553936964,1.593953073,1,126.0419127,2.226074232,-127.4859832,0,59.58995619,-278.0074492,45.72830711
0.1229142076,0.07485934057,2.022936097,1.94340045,1,146.7619175,2.805187295,-128.6301103,0,116.7821474,-292.7973145,43.85122047
0.1229142076,0.07872304847,2.572194249,2.228247197,1,-77.43899806,3.403126331,-68.22529128,0,-40.71666434,-352.9406317,40.90181525
0.1229142076,0.08258675637,1.566417131,3.04345736,1,-133.3443049,3.422907438,65.85493496,0,-247.621923,-234.0204696,62.76586946
0.1229142076,0.08645046427,1.100252025,3.386878167,1,12.46723935,3.56110913,-50.03578773,0,-128.2223296,-99.4741023,72.00323482
0.1229142076,0.09031417218,1.119173274,3.234472567,1,-31.66925277,3.422624958,-102.1706116,0,-114.0913091,-165.8221191,70.9136559
0.1229142076,0.09417788008,0.5370757903,3.632808999,1,-81.38890344,3.672295145,-72.3001748,0,-191.562242,-224.2117913,81.59028797
0.1229142076,0.09804158798,0.06456977721,3.82141468,1,-114.4577928,3.821960153,20.30487769,0,-289.7106754,-223.4353667,89.03197533
0.1229142076,0.1019052959,-1.024513113,4.574550107,1,-138.1468556,4.687871138,-1317.933396,0,-298.6266486,1436.815667,102.6236172
0.1229142076,0.1057690038,-1.622995461,-6.822131036,1,47.12704668,7.012530652,-74.0460958,0,308.7714817,265.308616,-103.3819945
0.1229142076,0.1096327117,0.3505748424,3.263382626,1,794.1927911,3.28215918,1002.693395,0,-515.6524641,-1035.103302,83.86841127
0.1229142076,0.1134964196,-0.5467969995,1.051320162,1,803.7100623,1.185015207,-1301.610944,0,-978.4592858,-912.9533647,117.4791724
0.1229142076,0.1173601275,-0.324605113,1.761723267,1,177.213508,1.791378617,-422.0058301,0,37.03886178,-613.9962035,100.4399019
0.1229142076,0.1212238354,NaN,NaN,0,195.9578158,1.815000962,-210.0476743,0,117.5320767,-226.2971516,81.09322361
0.1267779155,0.01690372206,NaN,NaN,0,-10.03221268,0.4156265839,11.74225327,0,14.23882407,4.648568736,43.25979727
0.1267779155,0.02076742997,NaN,NaN,0,-8.626911448,0.4309587821,14.09332208,0,15.56573653,3.424791662,43.84621753
0.1267779155,0.02463113787,NaN,NaN,0,-5.556970687,0.463545522,17.99924855,0,18.41457601,0.1202915059,44.69941698
0.1267779155,0.02849484577,NaN,NaN,0,-2.070010119,0.5148700325,20.98421097,0,21.04650116,-3.955442969,45.56096421
0.1267779155,0.03235855367,NaN,NaN,0,1.477022351,0.5836850027,23.55308016,0,23.45407651,-7.950014185,46.36064156
0.1267779155,0.03622226157,NaN,NaN,0,5.433898768,0.6694217148,25.6192762,0,26.31188086,-11.92406925,46.96860469
0.1267779155,0.04008596947,NaN,NaN,0,8.604185824,0.7733925103,23.87307413,0,28.06158716,-18.85101288,47.20076201
0.1267779155,0.04394967737,NaN,NaN,0,7.934705726,0.8868062703,21.04718086,0,27.47911993,-26.28246931,47.5559792
0.1267779155,0.04781338527,NaN,NaN,0,6.191564685,1.000819766,22.12322399,0,26.05786024,-29.44928157,48.56626061
0.1267779155,0.05167709317,NaN,NaN,0,0.0730376879,1.118747319,19.33232467,0,24.22701328,-37.94491652,49.73446847
0.1267779155,0.05554080107,NaN,NaN,0,-8.922752931,1.231217392,24.22193061,0,17.16614886,-40.95480148,52.10792435
0.1267779155,0.05940450897,NaN,NaN,0,4.580854507,1.338668626,59.90467631,0,30.96997759,-13.1477996,55.67117089
0.1267779155,0.06326821687,NaN,NaN,0,18.28094964,1.53969579,12.67802832,0,36.19494763,-59.57656572,54.52575836
0.1267779155,0.06713192477,NaN,NaN,0,-25.0188195,1.687989163,-28.56144617,0,-1.157965803,-84.21180962,55.11515018
0.1267779155,0.07099563267,0.7924028244,1.46890882,1,5.998556143,1.669010293,-27.70232982,0,16.1066621,-154.3637814,61.65535866
0.1267779155,0.07485934057,1.050818041,1.874045653,1,103.9393753,2.148549665,-30.20437743,5.794794921,96.29085609,-256.9459931,60.71970523
0.1267779155,0.07872304847,1.566033951,2.344972192,1,71.52744527,2.81981505,-102.5488986,0,69.13450158,-322.0698358,56.26396127
0.1267779155,0.08258675637,1.594294716,2.722210432,1,18.22910507,3.1547116,-61.92165082,0,-137.0796118,-218.3993864,59.6441228
0.1267779155,0.08645046427,1.10683031,2.949556455,1,-13.93223945,3.150389915,-45.70296421,0,-205.2015593,-124.4348854,69.43124033
0.1267779155,0.09031417218,0.7476257268,3.026407578,1,-63.04231844,3.11738465,-65.60172066,0,-141.066054,-132.5993419,76.12380786
0.1267779155,0.09417788008,0.3182151786,3.208415694,1,-8.475732506,3.22415759,-18.30901254,0,-163.781779,-52.6686602,84.33584824
0.1267779155,0.09804158798,0.08207301846,3.15916322,1,152.5504648,3.160229142,93.64577021,0,-140.1213284,103.4454355,88.51182743
0.1267779155,0.1019052959,0.3662377314,3.17055265,1,285.9626194,3.191635032,275.9168842,0,-234.6488957,225.3111751,83.41083752
0.1267779155,0.1057690038,0.2803342582,3.354688898,1,-1389.418486,3.366381574,233.6094251,170.819651,1156.669837,205.3306969,85.223182
0.1267779155,0.1096327117,-0.5330350614,3.279813395,1,-168.6477435,3.32284551,-175.7867544,0,-273.9107852,-42.04960789,99.23099907
0.1267779155,0.1134964196,-1.429582626,2.837967629,1,-166.8735385,3.177698341,-279.8327469,0,145.4558677,207.2337668,116.735979
0.1267779155,0.1173601275,-0.6157866855,1.397930658,1,142.344922,1.527548155,-189.0482844,0,160.588969,116.5296838,113.7734306
0.1267779155,0.1212238354,NaN,NaN,0,93.89346254,1.677440313,-26.51523098,0,90.72304421,-160.7763953,98.88676291
0.1306416234,0.01690372206,NaN,NaN,0,-6.262776647,0.4632776623,9.461155457,0,10.96777176,2.473863305,44.52645553
0.1306416234,0.02076742997,NaN,NaN,0,-4.934562214,0.4792343476,11.35187882,0,12.19611589,0.877462669,44.91496808
0.1306416234,0.02463113787,NaN,NaN,0,-2.184436402,0.5117413971,14.8269798,0,14.69731612,-2.588773774,45.55408905
0.1306416234,0.02849484577,NaN,NaN,0,0.7150333641,0.5611438286,17.8473695,0,17.08535958,-6.343666412,46.29518286
0.1306416234,0.03235855367,NaN,NaN,0,3.564435761,0.6268409783,20.39252927,0,19.2698461,-10.25289512,47.04865334
0.1306416234,0.03622226157,NaN,NaN,0,6.180547793,0.7079280127,22.24444635,0,21.22207317,-14.46882746,47.75478824
0.1306416234,0.04008596947,NaN,NaN,0,7.9024988,0.8030350223,22.74133677,0,22.38399684,-19.6035555,48.41576056
0.1306416234,0.04394967737,NaN,NaN,0,7.825898748,0.9080156961,22.85344636,0,22.37009419,-24.86200481,49.22954215
0.1306416234,0.04781338527,NaN,NaN,0,6.380247935,1.018971545,24.00034619,0,21.5730119,-29.14599994,50.38960849
0.1306416234,0.05167709317,NaN,NaN,0,3.336166932,1.13526242,25.37525995,0,20.31411794,-33.91590673,51.87002628
0.1306416234,0.05554080107,NaN,NaN,0,0.4478308987,1.255997094,29.98110936,0,18.7982537,-36.32506999,53.84305957
0.1306416234,0.05940450897,NaN,NaN,0,2.701491798,1.386285947,38.47463373,0,21.95769252,-34.82720314,55.99377347
0.1306416234,0.06326821687,NaN,NaN,0,2.123349765,1.543516349,28.16947833,0,22.37635514,-50.72415537,57.19216142
0.1306416234,0.06713192477,NaN,NaN,0,-13.23370094,1.694417895,25.62536563,0,16.90212534,-61.25851869,59.10660562
0.1306416234,0.07099563267,NaN,NaN,0,-23.6636674,1.84120673,63.8651126,0,34.91842154,-55.14698048,62.4890524
0.1306416234,0.07485934057,NaN,NaN,0,3.340092507,2.120671218,46.0908578,0,17.65134911,-105.5752968,64.4850786
0.1306416234,0.07872304847,NaN,NaN,0,-33.5112846,2.406622246,-35.3249232,0,-77.81504455,-172.380066,67.22613651
0.1306416234,0.08258675637,0.4833385243,2.443389844,1,-20.29735762,2.490736851,-75.10872871,0,-106.1879855,-186.1077571,78.81050857
0.1306416234,0.08645046427,0.4428890709,2.647869385,1,30.61401234,2.684653238,-16.6934575,0,-64.24912785,-143.4167534,80.50446877
0.1306416234,0.09031417218,0.3533822628,2.933011644,1,11.54381562,2.954223472,6.282023442,0,-58.14420059,-93.33275738,83.12986586
0.1306416234,0.09417788008,0.2628387953,3.0327518,1,108.0012627,3.044120187,-26.49126688,24.15344794,14.33986018,36.24517422,85.04673679
0.1306416234,0.09804158798,0.8260726258,2.69061636,1,140.6915772,2.814571438,-0.06103731773,32.13972434,27.34568674,121.5041869,72.93247454
0.1306416234,0.1019052959,0.9120856994,2.563059283,1,14.15155531,2.720509734,68.22492548,0,-209.0761432,-15.7861282,70.41148079
0.1306416234,0.1057690038,0.07294095572,3.015210532,1,-73.83675285,3.016092661,9.812645364,0,-289.3291404,-66.18111618,88.61422812
0.1306416234,0.1096327117,-0.4910812316,2.85667698,1,-67.82638182,2.898579677,-97.8265012,0,-165.1723932,98.13571846,99.75417583
0.1306416234,0.1134964196,-0.8272982523,2.258069756,1,98.51878182,2.404849563,-37.8430616,0,-127.9502436,227.3074287,110.1215253
0.1306416234,0.1173601275,NaN,NaN,0,-14.15553014,1.929451271,-51.10213821,0,113.7152537,72.40731299,108.2675579
0.1306416234,0.1212238354,NaN,NaN,0,16.63670211,1.83504804,-39.79545285,0,67.3071392,-13.21599939,103.9578579
0.1345053313,0.01690372206,NaN,NaN,0,-2.747336768,0.4951202439,7.039418357,0,7.5425936,0.145474433,45.21363202
0.1345053313,0.02076742997,NaN,NaN,0,-1.487875579,0.5111062962,8.772880977,0,8.729887916,-1.546853555,45.52833685
0.1345053313,0.02463113787,NaN,NaN,0,1.038753928,0.5431932476,12.10942231,0,11.093213,-5.009182858,46.0817144
0.1345053313,0.02849484577,NaN,NaN,0,3.550144217,0.5912831058,15.18575797,0,13.32777496,-8.577553787,46.77712702
0.1345053313,0.03235855367,NaN,NaN,0,5.885139537,0.6547759267,17.92522109,0,15.31787512,-12.24907242,47.54422693
0.1345053313,0.03622226157,NaN,NaN,0,7.821357843,0.7326182999,20.22464316,0,16.92256891,-16.09478999,48.35282232
0.1345053313,0.04008596947,NaN,NaN,0,8.999362833,0.823199161,21.99438025,0,17.88223281,-20.23237682,49.22799607
0.1345053313,0.04394967737,NaN,NaN,0,9.086142532,0.924068529,23.6249216,0,18.0442481,-24.4159945,50.2634982
0.1345053313,0.04781338527,NaN,NaN,0,8.167361375,1.033071468,25.64945448,0,17.54997522,-28.35680664,51.54870261
0.1345053313,0.05167709317,NaN,NaN,0,6.443551208,1.149462432,28.18725957,0,16.65819287,-32.24764046,53.10487112
0.1345053313,0.05554080107,NaN,NaN,0,4.676417795,1.273669367,31.85261317,0,15.7550555,-35.60236863,54.93812444
0.1345053313,0.05940450897,NaN,NaN,0,3.653932022,1.408383316,35.84327089,0,15.68618367,-39.11178759,56.90472525
0.1345053313,0.06326821687,NaN,NaN,0,0.7446585606,1.557203935,35.89988566,0,14.45065507,-47.23433393,58.81187608
0.1345053313,0.06713192477,NaN,NaN,0,-6.375666638,1.714188149,39.02831774,0,11.47169049,-54.95112928,61.12684004
0.1345053313,0.07099563267,NaN,NaN,0,-11.81549108,1.885816099,49.55021712,0,10.0694234,-61.28666475,64.02028804
0.1345053313,0.07485934057,NaN,NaN,0,-10.76418732,2.096753212,44.76802115,0,-5.428702612,-79.0877456,66.94890707
0.1345053313,0.07872304847,NaN,NaN,0,-22.44491884,2.303986358,31.8221649,0,-38.62518112,-87.49688784,70.64671671
0.1345053313,0.08258675637,NaN,NaN,0,-24.99150815,2.460905036,68.70975384,0,-46.26422022,-37.20860153,76.24740873
0.1345053313,0.08645046427,NaN,NaN,0,-8.104781918,2.6287658,56.62286476,0,-36.86326502,-38.31166809,79.29695727
0.1345053313,0.09031417218,NaN,NaN,0,17.42731627,2.7876607,46.29926852,0,-51.67157046,-21.90009041,81.51569746
0.1345053313,0.09417788008,0.3559014275,2.846535393,1,60.63680631,2.868698236,15.43477819,12.41769161,-24.40043437,24.73300474,82.87330892
0.1345053313,0.09804158798,0.5512938748,2.721227808,1,39.28244121,2.776509629,-118.2789791,0,15.83158519,21.08698214,78.54744359
0.1345053313,0.1019052959,0.5688459267,2.308066027,1,-38.86142616,2.377131565,-94.32649943,0,-87.63647049,-42.78571138,76.15481164
0.1345053313,0.1057690038,0.06254295215,2.522089258,1,-38.98080353,2.522864611,84.15042118,0,-245.8974252,-70.00999401,88.57946624
0.1345053313,0.1096327117,-0.5318403363,2.903696842,1,-28.41216574,2.95200093,-1.600772681,0,-168.313525,143.1130117,100.3792344
0.1345053313,0.1134964196,-0.6975476536,1.962957466,1,35.68209718,2.083212601,-43.72941578,0,-36.1038105,218.1203027,109.5629473
0.1345053313,0.1173601275,NaN,NaN,0,18.90813101,1.965757111,16.47868516,0,41.54994064,44.91719082,105.7464786
0.1345053313,0.1212238354,NaN,NaN,0,4.336153466,1.910276879,-6.593717212,0,31.64709923,13.54581198,104.0561894
0.1383690392,0.01690372206,NaN,NaN,0,-1.027847016,0.5110251958,5.81511139,0,5.81511139,-1.027847016,45.52183569
0.1383690392,0.02076742997,NaN,NaN,0,0.1924637226,0.5269440416,7.509108383,0,6.98443661,-2.729836466,45.81142581
0.1383690392,0.02463113787,NaN,NaN,0,2.606838716,0.5587367493,10.81633059,0,9.288217759,-6.159290224,46.33524898
0.1383690392,0.02849484577,NaN,NaN,0,4.935148992,0.6061433136,13.93738172,0,11.44115317,-9.631930706,47.01784212
0.1383690392,0.03235855367,NaN,NaN,0,7.031275229,0.6685174453,16.81140553,0,13.32465562,-13.15759918,47.80125851
0.1383690392,0.03622226157,NaN,NaN,0,8.696524559,0.7447809384,19.38734581,0,14.79195117,-16.77606241,48.66482745
0.1383690392,0.04008596947,NaN,NaN,0,9.692119529,0.8334125568,21.67234554,0,15.67345004,-20.52944124,49.63182373
0.1383690392,0.04394967737,NaN,NaN,0,9.84057567,0.9325650588,23.89721314,0,15.88606168,-24.31798189,50.76060518
0.1383690392,0.04781338527,NaN,NaN,0,9.177031727,1.040697505,26.36913998,0,15.50692011,-28.03374225,52.10601399
0.1383690392,0.05167709317,NaN,NaN,0,7.884576676,1.157202956,29.24982613,0,14.7233049,-31.7373644,53.68787298
0.1383690392,0.05554080107,NaN,NaN,0,6.301739706,1.282542272,32.73573102,0,13.73620909,-35.38805831,55.49408122
0.1383690392,0.05940450897,NaN,NaN,0,4.449074115,1.418230357,36.3273042,0,12.6254174,-39.60189147,57.46728005
0.1383690392,0.06326821687,NaN,NaN,0,1.231333156,1.5656681,38.76258177,0,10.61407691,-45.94615741,59.58985689
0.1383690392,0.06713192477,NaN,NaN,0,-4.029478706,1.724261206,42.54420395,0,7.295903751,-52.51859834,62.03863743
0.1383690392,0.07099563267,NaN,NaN,0,-9.345806531,1.896913257,47.82872371,0,2.203647756,-58.67149695,64.8842898
0.1383690392,0.07485934057,NaN,NaN,0,-12.79944686,2.086122365,46.41720061,0,-10.14738684,-67.1837772,68.01793928
0.1383690392,0.07872304847,NaN,NaN,0,-18.2726644,2.272394176,43.04814263,0,-27.23278798,-67.39880341,71.6212143
0.1383690392,0.08258675637,NaN,NaN,0,-18.70363504,2.437486951,54.39176305,0,-33.79578844,-44.02904449,75.62738728
0.1383690392,0.08645046427,NaN,NaN,0,-8.390935227,2.588233016,46.0295351,0,-32.34615448,-32.86758611,78.5535906
0.1383690392,0.09031417218,NaN,NaN,0,11.21158898,2.70335524,31.08032814,0,-35.95538768,-12.25569511,80.46838281
0.1383690392,0.09417788008,NaN,NaN,0,37.2159192,2.736313571,7.537224792,0,-36.4659714,24.62563518,81.21232818
0.1383690392,0.09804158798,NaN,NaN,0,26.75230725,2.638757977,-68.72562154,0,-35.99503708,16.57740631,80.1689414
0.1383690392,0.1019052959,NaN,NaN,0,-59.01806993,2.40518794,-98.00268222,0,-24.57409377,1.452029719,80.8535727
0.1383690392,0.1057690038,0.1275754359,2.215745146,1,37.01687434,2.219414798,9.265348622,0,-121.5583178,24.39790204,86.70473256
0.1383690392,0.1096327117,0.05568072441,2.316138993,1,115.6968229,2.316808187,121.6457062,0,-188.4451382,182.4772119,88.62285634
0.1383690392,0.1134964196,-0.1535028048,1.980709977,1,-59.36859513,1.986649221,89.50534011,0,-50.17922977,192.1126615,94.43150093
0.1383690392,0.1173601275,NaN,NaN,0,-41.11095087,1.954569318,30.72904859,0,-26.76811771,55.14164634,100.839702
0.1383690392,0.1212238354,NaN,NaN,0,-21.09245114,1.931661993,3.851269971,0,-3.851269971,21.09245114,102.4295099
