PIVlab, ASCII chart output - 19-Sep-2021
FRAME: 453, filenames: A: 72_12_75_60 453.jpg & B: 72_12_75_60 454.jpg, conversion factor xy (px -> m): 0.00024148, conversion factor uv (px/frame -> m/s): 1
x [m],y [m],u [m/s],v [m/s],Vector type [-],vorticity [1/s],magnitude [m/s],divergence [1/s],dcev [1],simple shear [1/s],simple strain [1/s],vector direction [degrees]
0.03791263377,0.01690372206,NaN,NaN,0,-0.1811926233,0.6199299,-2.263604488,0,2.263604488,0.1811926233,-53.63012865
0.03791263377,0.02076742997,NaN,NaN,0,0.2399148578,0.6261186041,-2.812802237,0,2.794303522,0.9091892065,-53.58999606
0.03791263377,0.02463113787,NaN,NaN,0,1.040632996,0.6384618483,-3.972954658,0,3.743129535,2.377479387,-53.54828441
0.03791263377,0.02849484577,NaN,NaN,0,1.686776659,0.6568359832,-5.171722532,0,4.509839237,3.941491072,-53.56284309
0.03791263377,0.03235855367,NaN,NaN,0,2.162091143,0.6810109289,-6.425108389,0,5.082319368,5.559750617,-53.68815275
0.03791263377,0.03622226157,NaN,NaN,0,2.423507621,0.7107316136,-7.762429087,0,5.519520968,7.230550704,-53.96467981
0.03791263377,0.04008596947,NaN,NaN,0,2.413031271,0.7459252236,-9.281712243,0,5.92833067,9.016923922,-54.42358899
0.03791263377,0.04394967737,NaN,NaN,0,2.143970902,0.7870167609,-11.17176109,0,6.407516863,11.01629776,-55.0953723
0.03791263377,0.04781338527,NaN,NaN,0,1.8668951,0.835190777,-13.57976983,0,6.919121617,13.26617525,-56.00180717
0.03791263377,0.05167709317,NaN,NaN,0,2.034938229,0.8920635691,-16.31524246,0,7.236658894,15.65767622,-57.11981139
0.03791263377,0.05554080107,NaN,NaN,0,2.570121925,0.958447416,-18.93799809,0,7.459117907,18.08027891,-58.35642348
0.03791263377,0.05940450897,NaN,NaN,0,2.781325557,1.034200259,-21.26311555,0,7.923066652,20.77052998,-59.61946488
0.03791263377,0.06326821687,NaN,NaN,0,1.821972117,1.119522943,-23.45428942,0,8.58898983,24.53373552,-60.91589012
0.03791263377,0.06713192477,NaN,NaN,0,-0.1650641403,1.215931238,-26.31270222,0,8.497577857,29.39015258,-62.40393601
0.03791263377,0.07099563267,NaN,NaN,0,-2.463599926,1.325462726,-30.96486391,0,7.67141159,34.13681765,-64.22380708
0.03791263377,0.07485934057,NaN,NaN,0,-4.238828836,1.451529104,-39.30819492,0,8.819646152,37.39022988,-66.30238547
0.03791263377,0.07872304847,NaN,NaN,0,1.566351808,1.603993773,-49.13771064,0,9.511132382,38.06234194,-68.26100563
0.03791263377,0.08258675637,NaN,NaN,0,12.40570466,1.779840182,-55.87894291,0,14.08288921,36.13209224,-69.40131307
0.03791263377,0.08645046427,NaN,NaN,0,21.61659914,1.972460203,-68.20379839,0,33.54284363,30.60895128,-69.32438138
0.03791263377,0.09031417218,NaN,NaN,0,52.60589259,2.213155242,-79.40672406,0,49.21698799,23.67469555,-67.71375758
0.03791263377,0.09417788008,NaN,NaN,0,9.203476735,2.494382714,-116.7359883,0,151.0630336,55.58075738,-64.09252141
0.03791263377,0.09804158798,NaN,NaN,0,58.30519279,3.0807485,-152.3400032,0,142.2655779,132.8867135,-61.74265623
0.03791263377,0.1019052959,NaN,NaN,0,142.2754919,3.83032186,1.893641979,0,-49.52503999,233.2002853,-60.8662772
0.03791263377,0.1057690038,1.816887333,-3.607317204,2,-244.008551,4.039036641,-108.4072996,0,159.13121,228.5689582,-63.26710374
0.03791263377,0.1096327117,1.536849319,-4.647709689,1,-491.8015212,4.895213088,477.521867,0,783.9875888,104.2881425,-71.702597
0.03791263377,0.1134964196,2.94580895,-2.165251114,2,-161.5284152,3.655968102,720.5094926,0,617.9791343,-174.7503198,-36.31691604
0.03791263377,0.1173601275,NaN,NaN,0,-122.1447623,3.507975483,253.8337178,0,219.2792043,-80.9603365,-19.80699523
0.03791263377,0.1212238354,NaN,NaN,0,-76.69215983,3.433602745,87.3899112,0,87.3899112,-76.69215983,-14.70691288
0.04177634167,0.01690372206,NaN,NaN,0,-0.6755945958,0.6137415063,-2.774111386,0,2.936805295,-0.438905828,-53.67107057
0.04177634167,0.02076742997,NaN,NaN,0,-0.2673190794,0.6199643859,-3.256615369,0,3.545005756,0.3365263607,-53.59282189
0.04177634167,0.02463113787,NaN,NaN,0,0.5264687951,0.6324314513,-4.31893151,0,4.593984521,1.897165578,-53.49186862
0.04177634167,0.02849484577,NaN,NaN,0,1.157690291,0.6510381746,-5.424754944,0,5.403984355,3.579592817,-53.44604186
0.04177634167,0.03235855367,NaN,NaN,0,1.626277225,0.6754779805,-6.565361565,0,5.967309825,5.283022057,-53.51904567
0.04177634167,0.03622226157,NaN,NaN,0,1.86052188,0.7052956667,-7.730033557,0,6.382791434,6.965410647,-53.74634382
0.04177634167,0.04008596947,NaN,NaN,0,1.710550311,0.7401126308,-9.016584902,0,6.819019156,8.698284955,-54.14993388
0.04177634167,0.04394967737,NaN,NaN,0,1.075991346,0.7801028554,-10.75953108,0,7.451093291,10.66006421,-54.76730374
0.04177634167,0.04781338527,NaN,NaN,0,0.3185161419,0.8267751586,-13.37716469,0,8.216449122,12.99969304,-55.65840113
0.04177634167,0.05167709317,NaN,NaN,0,0.4829222038,0.8829456409,-16.55639633,0,8.516612617,15.49813762,-56.83502701
0.04177634167,0.05554080107,NaN,NaN,0,1.530485544,0.9495440732,-19.30874442,0,8.581244619,17.73952237,-58.14255088
0.04177634167,0.05940450897,NaN,NaN,0,2.323314479,1.025158473,-21.21848103,0,9.349660369,19.87615364,-59.38458029
0.04177634167,0.06326821687,NaN,NaN,0,1.09031359,1.10914226,-22.41069582,0,11.10566632,23.81687867,-60.49347957
0.04177634167,0.06713192477,NaN,NaN,0,-1.91341142,1.20392456,-24.22546595,0,11.29217896,29.79339194,-61.78424102
0.04177634167,0.07099563267,NaN,NaN,0,-5.883433168,1.310571339,-27.77681168,0,8.59353713,35.12695338,-63.61033067
0.04177634167,0.07485934057,NaN,NaN,0,-13.07456766,1.426955981,-39.3183727,0,10.53172376,38.47516757,-66.03150798
0.04177634167,0.07872304847,NaN,NaN,0,-5.165540143,1.581876183,-54.87335585,0,7.328581522,38.01734195,-68.77496518
0.04177634167,0.08258675637,NaN,NaN,0,9.485702911,1.763724817,-57.52616097,0,3.743151757,32.49414222,-70.52438895
0.04177634167,0.08645046427,NaN,NaN,0,3.247691295,1.926190127,-78.79673622,0,33.91916254,22.54905803,-71.10391289
0.04177634167,0.09031417218,NaN,NaN,0,87.70392542,2.180774086,-64.03489784,9.300379997,2.338763238,-25.92013441,-70.39739326
0.04177634167,0.09417788008,0.9717007262,-1.969647195,1,153.7901702,2.196295147,-120.9578227,14.24662896,24.61570949,7.684278175,-63.74115071
0.04177634167,0.09804158798,1.420945764,-2.551416697,1,160.830078,2.920413332,-331.9661727,0,187.8652717,120.0905883,-60.88550682
0.04177634167,0.1019052959,2.318957704,-3.716262474,1,-54.94125232,4.380430528,-295.6608125,0,217.4991784,-223.9438571,-58.03572669
0.04177634167,0.1057690038,2.049022108,-2.828510064,2,-188.6872066,3.492701072,144.3853706,0,277.1679067,-252.4331925,-54.07977142
0.04177634167,0.1096327117,2.660821284,-2.183071457,2,-271.7449387,3.44176857,477.466492,0,776.7297633,-83.95112667,-39.36717422
0.04177634167,0.1134964196,4.000135964,-0.6593563755,2,-444.0899652,4.054113783,707.5667386,0,696.0723703,279.4894979,-9.360097435
0.04177634167,0.1173601275,NaN,NaN,0,-276.0806875,3.672720038,90.5181532,37.03293826,105.6844188,63.4368381,-8.283070235
0.04177634167,0.1212238354,NaN,NaN,0,-154.4650187,3.387502585,-39.15050624,0,2.987140079,-25.89068169,-9.424944934
0.04564004958,0.01690372206,NaN,NaN,0,-1.567104002,0.6013323522,-3.861351962,0,4.235372278,-1.816404741,-53.79395195
0.04564004958,0.02076742997,NaN,NaN,0,-1.233359866,0.6075676145,-4.18032099,0,5.058829528,-0.913445382,-53.6217748
0.04564004958,0.02463113787,NaN,NaN,0,-0.5007531617,0.6202640377,-5.020269887,0,6.359442573,0.8961949298,-53.38099359
0.04564004958,0.02849484577,NaN,NaN,0,0.08547283932,0.6394151228,-5.950562035,0,7.250569481,2.889134695,-53.20361033
0.04564004958,0.03235855367,NaN,NaN,0,0.5947485304,0.6645881044,-6.897888811,0,7.730201198,4.810994704,-53.17605324
0.04564004958,0.03622226157,NaN,NaN,0,0.9077490251,0.6949090502,-7.708728272,0,7.999319125,6.516815274,-53.31413487
0.04564004958,0.04008596947,NaN,NaN,0,0.6138318991,0.7292316684,-8.361259808,0,8.392686079,8.084543967,-53.59992166
0.04564004958,0.04394967737,NaN,NaN,0,-0.9349584597,0.7667202236,-9.511479466,0,9.427274513,9.887115243,-54.06561285
0.04564004958,0.04781338527,NaN,NaN,0,-3.414800712,0.8092317087,-12.69136019,0,11.24202559,12.49599643,-54.87922833
0.04564004958,0.05167709317,NaN,NaN,0,-3.252681266,0.8638805345,-17.3888253,0,11.332528,15.43126728,-56.22989525
0.04564004958,0.05554080107,NaN,NaN,0,-0.4766654261,0.9321193296,-20.73653201,0,10.22183658,17.28908951,-57.79517895
0.04564004958,0.05940450897,NaN,NaN,0,2.605697952,1.00819982,-22.01451473,0,11.07409915,17.05453715,-59.0934681
0.04564004958,0.06326821687,NaN,NaN,0,0.4376247549,1.088601805,-20.47468535,0,16.88359057,21.3340951,-59.67587513
0.04564004958,0.06713192477,NaN,NaN,0,-4.861122462,1.181450673,-19.63229151,0,19.13759503,31.60894573,-60.33265786
0.04564004958,0.07099563267,NaN,NaN,0,-8.615906541,1.288409443,-15.80555573,0,7.412587089,38.89542478,-62.00433593
0.04564004958,0.07485934057,NaN,NaN,0,-40.27508726,1.367117397,-35.79461962,0,20.64974898,42.88665382,-64.89096345
0.04564004958,0.07872304847,NaN,NaN,0,-20.62584277,1.535623183,-76.28002126,0,7.514513336,40.2688739,-69.85123718
0.04564004958,0.08258675637,0.5294673135,-1.688238266,1,15.12078324,1.769317405,-36.1775034,0,-28.02385366,37.65618217,-72.58746925
0.04564004958,0.08645046427,0.4791052339,-1.726917039,1,-13.76171395,1.792145163,70.69249329,0,3.998143214,249.127854,-74.49418493
0.04564004958,0.09031417218,0.4917437281,-2.377660379,1,134.8987273,2.427978742,-117.9871814,0,-90.10171308,144.9401702,-78.31492917
0.04564004958,0.09417788008,0.6521878118,-2.742791525,1,207.7628785,2.819264849,-62.27342142,15.9788506,-169.4169202,-2.357031606,-76.62446099
0.04564004958,0.09804158798,0.6399013098,-2.609159807,1,12.35058499,2.686482568,-92.9189847,0,-218.1109394,-209.3071594,-76.22008644
0.04564004958,0.1019052959,-0.1428100951,-2.293101615,1,-684.9812543,2.297544284,-430.6008723,0,881.5594687,-638.1141486,-93.56367182
0.04564004958,0.1057690038,1.39942211,-1.807389122,2,243.6536269,2.285834132,36.43760046,0,584.589067,-402.620413,-52.25015994
0.04564004958,0.1096327117,3.057277745,-0.5967096992,2,493.4888697,3.114965437,361.8198731,0,893.8012562,-685.7210736,-11.04396771
0.04564004958,0.1134964196,6.75950593,2.240003109,1,18.88200055,7.120992511,-33.93916708,0,198.0083445,-262.4893838,18.33445438
0.04564004958,0.1173601275,NaN,NaN,0,-506.8484649,3.905788977,-520.2739482,0,-448.1145174,127.6421742,4.20424554
0.04564004958,0.1212238354,NaN,NaN,0,-217.9224708,3.081083696,-319.4856274,0,-209.3721363,-34.9418034,-4.903337959
0.04950375748,0.01690372206,NaN,NaN,0,-2.036824099,0.5827005621,-5.041132926,0,5.466015458,-3.685353595,-54.10290535
0.04950375748,0.02076742997,NaN,NaN,0,-1.931196152,0.5887190053,-5.094283548,0,6.762564573,-2.558861273,-53.73008075
0.04950375748,0.02463113787,NaN,NaN,0,-1.381594415,0.6016542605,-5.631265013,0,8.534386764,-0.288075172,-53.20981546
0.04950375748,0.02849484577,NaN,NaN,0,-0.9097943021,0.6217943054,-6.459334499,0,9.508649798,2.26975633,-52.80228158
0.04950375748,0.03235855367,NaN,NaN,0,-0.2405049681,0.6485924523,-7.366903373,0,9.70360636,4.55500679,-52.64372835
0.04950375748,0.03622226157,NaN,NaN,0,0.5618937911,0.6805915837,-7.845730911,0,9.491597789,6.20631178,-52.69485452
0.04950375748,0.04008596947,NaN,NaN,0,0.7719867197,0.7153209386,-7.208246591,0,9.325131522,7.235960393,-52.80931343
0.04950375748,0.04394967737,NaN,NaN,0,-2.014856372,0.7486314906,-6.233766791,0,10.62329309,8.307856371,-52.9085355
0.04950375748,0.04781338527,NaN,NaN,0,-9.790079264,0.7802198339,-10.48797129,0,15.99185073,11.66591015,-53.35756393
0.04950375748,0.05167709317,NaN,NaN,0,-9.602181131,0.8319957373,-19.57101267,0,15.34963721,16.44184557,-55.14780979
0.04950375748,0.05554080107,NaN,NaN,0,-2.790163934,0.9074653056,-24.23404361,0,9.899474538,18.93103124,-57.4793351
0.04950375748,0.05940450897,NaN,NaN,0,8.138518,0.9872403241,-25.62836051,0,7.841309104,9.718810346,-59.37468098
0.04950375748,0.06326821687,NaN,NaN,0,2.915609939,1.056030229,-17.84123934,0,26.21700177,12.85601886,-58.63837112
0.04950375748,0.06713192477,NaN,NaN,0,-9.352796641,1.147221477,-18.023459,0,40.96202348,36.41287108,-57.55446764
0.04950375748,0.07099563267,0.6717269639,-1.112069792,1,-6.438553848,1.299198344,54.65630467,0,4.264037794,80.63395098,-58.86663428
0.04950375748,0.07485934057,0.6070798792,-1.068512356,1,-42.93063032,1.228928246,180.8075565,0,-18.71323001,246.4892343,-60.39674158
0.04950375748,0.07872304847,0.4335530938,-1.36584461,1,-27.75785298,1.433003762,89.49037049,0,24.30753893,286.4505414,-72.38926546
0.04950375748,0.08258675637,0.5937488735,-1.829508924,1,172.9959048,1.92344499,112.3591537,0,196.0644446,212.7599559,-72.01967843
0.04950375748,0.08645046427,1.859494481,-1.753763982,1,97.38659908,2.556053174,36.49369791,12.94293578,-34.74543521,319.6952956,-43.3238998
0.04950375748,0.09031417218,0.8357760333,-2.923717175,1,-88.71602198,3.040829442,-134.2708173,0,-205.6920897,298.783602,-74.04684507
0.04950375748,0.09417788008,0.7219875342,-3.426959763,1,-6.721426637,3.502187776,350.7494429,0,-144.0518266,484.8526278,-78.10298009
0.04950375748,0.09804158798,0.2532322236,-3.44185271,1,-82.87469259,3.451155841,1393.843202,0,-572.5145256,-97.82055857,-85.79207964
0.04950375748,0.1019052959,-1.810244966,2.336393294,1,394.6417458,2.955625223,463.5345162,0,-296.0404882,-36.1454929,127.7686385
0.04950375748,0.1057690038,0.6341986816,-1.511235111,2,951.1304914,1.638914131,-366.7384902,135.0612001,-117.8359709,402.6712833,-67.23435707
0.04950375748,0.1096327117,1.409361657,-0.6363813268,2,271.0130133,1.546376886,-313.4501407,0,303.726073,-713.0586632,-24.30101775
0.04950375748,0.1134964196,2.85482263,0.03273549478,2,532.9775626,2.855010309,-684.8693318,0,-349.7257311,-771.3681336,0.6569667314
0.04950375748,0.1173601275,NaN,NaN,0,53.05542306,2.138846384,-608.5604,0,-281.4505716,-465.0657057,-8.121894194
0.04950375748,0.1212238354,NaN,NaN,0,57.73295531,2.040196492,-359.6181905,0,-132.8021475,-245.9911399,-14.81529532
0.05336746538,0.01690372206,NaN,NaN,0,-1.598664994,0.5581163581,-6.255831461,0,6.41361667,-6.592726577,-54.82906396
0.05336746538,0.02076742997,NaN,NaN,0,-2.215708386,0.5629988723,-5.863360095,0,8.848324384,-5.009626109,-54.01707207
0.05336746538,0.02463113787,NaN,NaN,0,-2.184634046,0.5758891527,-5.951172117,0,11.50689011,-1.759390675,-52.93361326
0.05336746538,0.02849484577,NaN,NaN,0,-2.102550664,0.5975893457,-6.888607573,0,12.54603659,1.922959008,-52.13463459
0.05336746538,0.03235855367,NaN,NaN,0,-1.208867892,0.6274847576,-8.264659273,0,12.08397666,4.932964344,-51.86734292
0.05336746538,0.03622226157,NaN,NaN,0,0.8083443875,0.6636388408,-9.099045409,0,10.93833415,6.517464663,-51.9729821
0.05336746538,0.04008596947,NaN,NaN,0,3.927077561,0.7029720314,-6.392228853,0,8.792949129,6.345129456,-51.99431856
0.05336746538,0.04394967737,NaN,NaN,0,1.893625515,0.7327292193,2.272630185,0,7.748915595,4.442439699,-51.31639735
0.05336746538,0.04781338527,NaN,NaN,0,-24.12847884,0.7329172172,-3.455745512,0,26.75244704,9.417942225,-50.10262811
0.05336746538,0.05167709317,NaN,NaN,0,-22.57580006,0.778238583,-26.17321049,0,24.17469557,19.73917362,-53.02281558
0.05336746538,0.05554080107,NaN,NaN,0,-9.22032718,0.8797577024,-31.00026923,0,6.185115262,32.27437953,-57.22251409
0.05336746538,0.05940450897,0.4563809643,-0.8661901812,1,-11.93932894,0.9790653781,-1.126530669,0,25.93691793,27.33076785,-62.2160119
0.05336746538,0.06326821687,0.530363948,-0.8496328424,1,-10.77897795,1.001579694,106.0061303,0,62.39915551,97.20288177,-58.02646747
0.05336746538,0.06713192477,0.6558262522,-0.8321770001,1,30.25001416,1.059540765,89.70985057,0,124.3019345,153.549888,-51.75888394
0.05336746538,0.07099563267,1.127507533,-1.096292099,1,154.4056394,1.572618709,124.6337224,0,253.2984199,205.4321227,-44.19579303
0.05336746538,0.07485934057,2.231075647,-1.144358418,1,98.96226104,2.507439876,218.1014585,0,122.0630569,255.4199317,-27.1540951
0.05336746538,0.07872304847,1.981484801,-1.240479779,1,-104.0161503,2.337749366,201.4605031,0,-11.27286039,319.1582587,-32.04802645
0.05336746538,0.08258675637,1.785632586,-1.599108166,1,-40.76598901,2.397004518,129.6209823,0,8.111000227,387.652094,-41.84576628
0.05336746538,0.08645046427,1.855315462,-2.237436624,1,31.56446064,2.906599063,-159.4386582,0,-201.9343563,159.04131,-50.33397649
0.05336746538,0.09031417218,1.127373074,-2.829621736,1,362.195554,3.045936509,-16.92121708,50.24165261,162.0145374,251.2045002,-68.276758
0.05336746538,0.09417788008,3.880710134,-3.273396076,2,443.7497858,5.07691176,728.9338297,0,726.1060313,1161.513985,-40.14777871
0.05336746538,0.09804158798,5.647354237,-4.500985099,1,-285.4339657,7.221597935,415.4843867,0,-328.539436,852.448046,-38.55511699
0.05336746538,0.1019052959,1.508496251,-4.961696019,1,383.4482192,5.185941411,450.5940227,0,-1446.959855,822.4073757,-73.08924131
0.05336746538,0.1057690038,1.538255926,-5.937563288,1,209.9745948,6.133586968,827.1363814,0,-835.6297282,-335.3169257,-75.47560305
0.05336746538,0.1096327117,-0.9088524307,-0.470315992,1,1128.032014,1.023332728,1506.072754,0,-1232.912147,272.2686387,-152.6391881
0.05336746538,0.1134964196,1.13302973,-1.170504581,2,508.195106,1.629060263,-71.37584255,57.82753056,-338.4220628,67.29299515,-45.93202927
0.05336746538,0.1173601275,-0.2528989821,-1.006091876,1,183.2625567,1.037390359,-235.4310431,0,-287.597404,-279.6831117,-104.1099725
0.05336746538,0.1212238354,NaN,NaN,0,377.1942958,1.237668929,-192.6882475,0,131.5446476,-196.0862073,-53.86101117
0.05723117328,0.01690372206,NaN,NaN,0,0.9551811813,0.5289761254,-7.099239254,0,6.425153846,-11.84696214,-56.49337483
0.05723117328,0.02076742997,NaN,NaN,0,-1.944600435,0.5294705625,-6.067929474,0,11.9139641,-9.211749692,-54.65867119
0.05723117328,0.02463113787,NaN,NaN,0,-3.03868272,0.5415049749,-5.421455789,0,16.09881271,-3.662820427,-52.38202779
0.05723117328,0.02849484577,NaN,NaN,0,-4.106906416,0.5654290581,-6.879264405,0,17.08462978,2.248506032,-50.88324268
0.05723117328,0.03235855367,NaN,NaN,0,-3.300760322,0.60032204,-9.704080734,0,15.14792953,6.736426917,-50.64560834
0.05723117328,0.03622226157,NaN,NaN,0,-0.04672591078,0.6436079388,-13.8935626,0,13.38481302,8.585453073,-51.28932096
0.05723117328,0.04008596947,NaN,NaN,0,12.23435362,0.7003239567,-11.5342536,0,7.159415249,7.184653068,-51.89139124
0.05723117328,0.04394967737,NaN,NaN,0,29.79075971,0.7470224856,25.1722619,0.7548954677,-15.17302688,-6.301169256,-50.27380886
0.05723117328,0.04781338527,0.4886864553,-0.4294403701,1,-1.821251843,0.6505639731,65.30347977,0,-5.126083442,46.56215566,-41.30786226
0.05723117328,0.05167709317,0.4505941334,-0.5021295795,1,-26.31496013,0.6746622767,113.3739623,0,27.3743298,184.862304,-48.09626874
0.05723117328,0.05554080107,0.4927795503,-0.7056504406,1,-13.53788192,0.8606824208,120.1038382,0,53.28546657,172.1431618,-55.07210145
0.05723117328,0.05940450897,0.6041671902,-0.7031943252,1,69.65390995,0.9270923647,160.0425619,0,148.260819,137.6170417,-49.33164274
0.05723117328,0.06326821687,1.33473841,-0.6190047812,1,96.95149954,1.471289755,189.7112311,0,149.2366135,164.2328158,-24.88021366
0.05723117328,0.06713192477,1.555366148,-0.6047531707,1,46.76071132,1.668799045,163.6831218,0,111.7053485,192.4048049,-21.24693946
0.05723117328,0.07099563267,1.947004977,-0.7299769749,1,48.86635287,2.079349602,79.19703396,0,179.2207828,176.1258047,-20.55217798
0.05723117328,0.07485934057,2.436628216,-0.9792576282,1,9.807396439,2.626043138,15.1008744,0,119.1016599,86.93204278,-21.89472377
0.05723117328,0.07872304847,2.445071917,-1.007511628,1,-32.068033,2.64451439,55.44132177,0,72.36940496,226.6252994,-22.39450561
0.05723117328,0.08258675637,2.592340945,-1.640662515,1,-95.5904195,3.067899129,5.853508976,11.95588485,-56.3653412,432.4964179,-32.32924517
0.05723117328,0.08645046427,1.857959244,-2.655935206,1,-129.3630013,3.241296711,-4.441256543,14.26523072,-90.98562805,527.818347,-55.02529088
0.05723117328,0.09031417218,1.740978205,-3.69715815,1,856.0919881,4.086561329,397.9845515,25.23020759,740.345063,315.1839085,-64.78442599
0.05723117328,0.09417788008,8.026125691,-2.336017707,1,421.0468855,8.359166964,-29.13332117,0,461.8290109,-52.10568254,-16.22772796
0.05723117328,0.09804158798,5.152152781,-3.608399656,2,-848.6696444,6.290089535,-546.1379173,76.41026326,-424.1659898,74.9626419,-35.00614416
0.05723117328,0.1019052959,3.108260595,-4.735768845,1,-417.0194529,5.664696856,127.0809683,46.56628205,-260.4922666,629.8998119,-56.72162559
0.05723117328,0.1057690038,2.534445398,-5.551144795,1,597.8061505,6.102345615,-200.0882457,0,740.8283642,1099.857614,-65.46033163
0.05723117328,0.1096327117,8.280353345,-9.758379935,1,-893.4986437,12.79805573,674.7303619,0,972.335427,76.13468511,-49.68413897
0.05723117328,0.1134964196,2.839047701,-3.238345949,2,-1219.121228,4.306631669,1076.63092,0,-891.0824878,-899.9520821,-48.75905706
0.05723117328,0.1173601275,0.1271425764,-2.121440573,1,-4.355470788,2.125247124,257.6154071,0,-608.7312852,-199.8574192,-86.57024103
0.05723117328,0.1212238354,NaN,NaN,0,126.5820443,1.544153539,145.5968477,0,51.0281634,-191.1967269,-72.26939026
0.06109488118,0.01690372206,NaN,NaN,0,8.804462166,0.5009471316,-5.798144053,0,3.343533959,-22.91222291,-60.28897392
0.06109488118,0.02076742997,NaN,NaN,0,-1.634108057,0.4852581556,-4.700732038,0,18.12864923,-17.51452081,-55.94335857
0.06109488118,0.02463113787,NaN,NaN,0,-3.918589981,0.4960092709,-2.78745716,0,23.88976684,-5.928647373,-51.02026041
0.06109488118,0.02849484577,NaN,NaN,0,-7.98563196,0.5232173233,-5.502913523,0,24.54574028,3.997458629,-48.17473703
0.06109488118,0.03235855367,NaN,NaN,0,-7.840541068,0.5654206863,-9.778836659,0,18.03829868,11.17878422,-48.31888395
0.06109488118,0.03622226157,0.3883144376,-0.4708662768,1,-0.5229980168,0.6103303639,-9.916584658,0,10.88772984,29.22355364,-50.48824826
0.06109488118,0.04008596947,0.4160421395,-0.5735146814,1,26.09370652,0.7085267472,23.1526772,0.8229221355,10.80552234,94.28536103,-54.04191374
0.06109488118,0.04394967737,0.5308822796,-0.7457021894,1,13.18806533,0.9153730114,71.84723842,0,112.6697117,72.24694116,-54.55207493
0.06109488118,0.04781338527,0.9023198271,-0.575059016,1,107.6944548,1.069987823,157.9215271,0,174.294687,72.14213828,-32.50984027
0.06109488118,0.05167709317,1.620405955,-0.4142756872,1,57.69895283,1.672524978,218.1635346,0,124.2813072,193.9477386,-14.34114228
0.06109488118,0.05554080107,1.605438395,-0.4814962537,1,-65.61543726,1.67608803,177.8326658,0,62.00356267,216.1896955,-16.69481532
0.06109488118,0.05940450897,1.606450726,-0.5624760459,1,-5.770783482,1.702076155,144.9169769,0,81.46541951,187.91251,-19.29698188
0.06109488118,0.06326821687,1.897900359,-0.6476184343,1,33.17649797,2.005351692,104.3364247,0,76.8720027,109.1954479,-18.84112382
0.06109488118,0.06713192477,2.031645988,-0.5812498923,1,-16.46577987,2.113158029,121.7602704,0,72.3965203,107.5309919,-15.96572079
0.06109488118,0.07099563267,2.114000402,-0.5926406586,1,31.63888603,2.195500091,64.09131936,0,122.0101638,100.5400934,-15.66035406
0.06109488118,0.07485934057,2.625301035,-0.7220773086,1,57.92240327,2.722792898,54.36236348,0,189.8466972,117.5978286,-15.37867636
0.06109488118,0.07872304847,3.071307833,-0.8369640248,1,61.37509497,3.183306549,78.78616411,0,159.6529041,266.553105,-15.24356456
0.06109488118,0.08258675637,3.479288662,-1.447553921,1,35.65794507,3.768403103,28.38783612,0,172.9975355,352.4790126,-22.58969472
0.06109488118,0.08645046427,3.877491662,-2.089157664,1,-78.77095355,4.404488771,73.12988209,0,183.219591,546.5818537,-28.31538819
0.06109488118,0.09031417218,3.882847687,-3.276834044,1,-216.7227137,5.080762494,259.9210374,0,136.3167109,525.6420025,-40.16187176
0.06109488118,0.09417788008,3.566826354,-3.115825856,1,-16.4785671,4.736097655,-289.0332345,0,1.99064879,-396.7036591,-41.13906281
0.06109488118,0.09804158798,3.826870603,-2.860826974,1,-53.12214814,4.777998492,-57.9297332,0,277.3685302,263.2888651,-36.78043099
0.06109488118,0.1019052959,4.433248872,-4.356920692,1,-36.32147221,6.215822832,86.08934579,0,343.7544801,739.3841398,-44.5024928
0.06109488118,0.1057690038,5.014701944,-5.384967231,1,-2215.721952,7.358335931,2241.953546,0,1583.951085,-629.806645,-47.03907266
0.06109488118,0.1096327117,1.992270784,6.738721848,1,-2069.547947,7.027055928,213.7151773,255,1241.577284,-1205.105464,73.5299389
0.06109488118,0.1134964196,1.815665151,0.09694129213,2,-710.3239448,1.818251235,-1353.351779,0,186.989929,1255.526943,3.056212245
0.06109488118,0.1173601275,-0.02973898803,-3.341223485,1,-769.0614896,3.34135583,48.62019209,97.40302609,442.4479251,407.9607448,-90.50995497
0.06109488118,0.1212238354,NaN,NaN,0,-160.6703053,1.405149116,627.629328,0,462.6935144,-433.4124988,-66.79207585
0.06495858908,0.01690372206,NaN,NaN,0,30.99303891,0.4963806888,5.112723606,0,-10.62247566,-50.08237026,-68.60418652
0.06495858908,0.02076742997,NaN,NaN,0,-6.440704949,0.4183335131,0.1291222483,0,36.40433105,-36.28398299,-58.20101465
0.06495858908,0.02463113787,0.2968547187,-0.3214817575,1,6.109280482,0.4375765584,-4.978137686,0,27.66064746,-15.98811728,-47.2807647
0.06495858908,0.02849484577,0.3509141103,-0.3130031547,1,-4.416847785,0.4702251457,7.65093182,0,27.51062324,18.70821933,-41.73184954
0.06495858908,0.03235855367,0.3860823214,-0.3642038866,1,-2.78180882,0.5307579768,12.13713512,0,35.44140191,49.69828715,-43.32972159
0.06495858908,0.03622226157,0.4771012382,-0.4581284745,1,53.5871672,0.661443339,27.3153231,0,75.78901058,90.96136271,-43.83781473
0.06495858908,0.04008596947,0.8859540816,-0.6101135927,1,29.90120707,1.07571057,150.902873,0,114.2797724,81.55086116,-34.55329901
0.06495858908,0.04394967737,1.034174428,-0.1901725583,1,12.71793062,1.051514312,149.7584739,0,114.5254293,36.39662625,-10.41961702
0.06495858908,0.04781338527,1.377585257,-0.1721165264,1,89.21457365,1.388295804,56.08568422,0,171.8551846,70.24365218,-7.121673419
0.06495858908,0.05167709317,2.042871715,-0.2448748109,1,60.95887202,2.057495691,13.26224981,0,104.0591936,23.73182383,-6.835313859
0.06495858908,0.05554080107,2.01516686,-0.2125679023,1,-66.75854257,2.026347105,-12.27718999,9.272806956,27.22434095,19.10828497,-6.021521482
0.06495858908,0.05940450897,1.890123108,-0.3661391185,1,-24.31790473,1.92525926,-9.124247157,0,61.74214505,52.37372789,-10.96308625
0.06495858908,0.06326821687,2.159763193,-0.4501781144,1,0.3276870981,2.20618163,41.1281502,0,142.3222014,14.02363772,-11.77407175
0.06495858908,0.06713192477,2.441280609,-0.2614151995,1,-8.483767511,2.455237039,63.79337806,0,118.0493675,45.83928807,-6.112009604
0.06495858908,0.07099563267,2.583092668,-0.380808755,1,51.67546446,2.61101188,84.80576644,0,119.080601,138.6725435,-8.386341362
0.06495858908,0.07485934057,3.101032169,-0.4695406916,1,135.6499559,3.136378321,76.13119505,0,173.9669568,140.0558321,-8.610000792
0.06495858908,0.07872304847,3.779361979,-0.6277948803,1,126.7884533,3.831149094,21.7421998,3.854750052,122.4195753,187.5108809,-9.431361456
0.06495858908,0.08258675637,4.063899198,-1.110022454,1,23.92102871,4.212769462,-61.59259383,0,98.49567727,201.3375796,-15.27724523
0.06495858908,0.08645046427,4.252344373,-1.643680269,1,5.969769236,4.558960133,-125.1904539,0,178.3777926,191.3693154,-21.13326572
0.06495858908,0.09031417218,4.776164329,-2.333116936,1,-41.39267157,5.315560209,75.94580527,0,332.3810933,236.666491,-26.03512812
0.06495858908,0.09417788008,5.376638637,-2.264658052,1,6.521852566,5.834116825,342.7180268,0,296.1501358,342.2944117,-22.84098751
0.06495858908,0.09804158798,5.945600482,-2.331480211,1,-0.7928338199,6.386389047,261.6052216,0,239.1675788,521.0990444,-21.41190188
0.06495858908,0.1019052959,6.297649023,-3.267266385,1,78.05684074,7.094745439,1766.974186,0,651.2192092,-1199.38933,-27.42061462
0.06495858908,0.1057690038,8.763310118,9.12968194,1,-597.0024432,12.654908,935.1304546,0,118.7731852,-695.9729637,46.17300819
0.06495858908,0.1096327117,4.44991086,3.034840779,2,568.6436939,5.386275635,-816.6195143,0,-2199.778648,1487.143973,34.29400166
0.06495858908,0.1134964196,2.461081109,0.2286127542,2,299.5926994,2.471676357,-78.10082288,0,-961.8251913,44.93199102,5.307043713
0.06495858908,0.1173601275,1.891237949,2.559477924,1,-82.85008618,3.182406043,63.22429128,0,-238.1950045,-120.298481,53.53872986
0.06495858908,0.1212238354,NaN,NaN,0,-540.6269665,1.539242458,-333.9140927,0,193.5089589,505.5835227,37.53095897
0.06882229698,0.01690372206,0.07453275375,-0.5958808862,1,-26.70311034,0.6005240727,88.18532464,0,56.48067829,-97.84985536,-82.87047315
0.06882229698,0.02076742997,0.132058666,-0.2364880888,1,-12.35599772,0.2708617866,24.78559658,0,52.85393058,-51.19507374,-60.82032253
0.06882229698,0.02463113787,0.2310049369,-0.30231377,1,28.4736957,0.3804693107,4.692476479,0,54.01149305,12.46885124,-52.61571892
0.06882229698,0.02849484577,0.4507573415,-0.2665337295,1,44.25109691,0.5236624961,52.04033786,0,55.11068865,44.86886626,-30.59591092
0.06882229698,0.03235855367,0.6149098528,-0.2746052985,1,30.22150804,0.6734405668,62.02203863,0,71.89378423,92.70528714,-24.06449462
0.06882229698,0.03622226157,0.845301003,-0.3850848391,1,60.4244041,0.9288832645,101.7255133,0,120.5586396,94.71029702,-24.49208464
0.06882229698,0.04008596947,1.314175469,-0.2475005519,1,-10.07731793,1.337278462,142.3160429,0,114.8549611,133.8430714,-10.66566817
0.06882229698,0.04394967737,1.250131211,-0.3523477523,1,0.3539108545,1.298836781,206.7683112,0,19.37946842,208.9059683,-15.74041691
0.06882229698,0.04781338527,1.390419482,-0.2557598344,1,69.44579878,1.413746593,192.0653032,0,63.38231653,164.9930915,-10.42272546
0.06882229698,0.05167709317,1.763340249,-0.2477486343,1,22.17950337,1.78065949,6.413510201,0,40.30251522,-29.14455832,-7.997684276
0.06882229698,0.05554080107,1.631831751,-0.1183738442,1,-12.43158886,1.636119565,-76.00537815,0,15.07512137,-80.6080767,-4.148995524
0.06882229698,0.05940450897,1.773554087,-0.2299651516,1,27.3342125,1.788400981,-10.94476796,0,96.68111647,-15.96086568,-7.387949199
0.06882229698,0.06326821687,2.110990757,-0.09899310778,1,21.92168356,2.113310581,30.12049568,0,154.5100025,-5.493566271,-2.684869711
0.06882229698,0.06713192477,2.455234586,-0.09236281904,1,90.56832546,2.456971258,0.4677469937,0,133.688937,60.82784619,-2.154378854
0.06882229698,0.07099563267,2.977455314,-0.3322068999,1,106.8266385,2.995930836,37.4252616,0,153.3767724,162.0901697,-6.366394274
0.06882229698,0.07485934057,3.46058456,-0.5740316094,1,152.008349,3.507870834,49.285251,18.39558417,81.53552219,184.2947308,-9.418298452
0.06882229698,0.07872304847,3.879800614,-0.8538440935,1,117.0058169,3.972644276,-41.75492815,16.4261139,27.58014075,109.7543651,-12.41147463
0.06882229698,0.08258675637,4.019222467,-1.159419263,1,35.81442663,4.183109163,-78.54362412,0,29.76683463,68.77065094,-16.09118703
0.06882229698,0.08645046427,4.133187451,-1.423023422,1,113.486669,4.371296623,-81.84886001,0,163.829279,92.40399523,-18.99817636
0.06882229698,0.09031417218,5.090690286,-1.832681396,1,194.2684411,5.410531276,-31.54696835,0,344.1591332,116.9537368,-19.79920409
0.06882229698,0.09417788008,6.213514324,-1.99678677,1,181.4066664,6.526478197,132.1192627,0,274.1973851,158.2621904,-17.81542657
0.06882229698,0.09804158798,6.851011259,-1.933690032,1,-10.52011466,7.118673501,134.759338,0,117.3389146,172.443851,-15.76165864
0.06882229698,0.1019052959,6.626230965,-2.142388721,1,-332.8004267,6.963961964,43.43513791,48.99490292,96.68665951,220.9147161,-17.91702411
0.06882229698,0.1057690038,5.938736632,-2.619419281,1,1057.282655,6.490758827,-381.7347837,0,-1586.11392,88.08973526,-23.8010042
0.06882229698,0.1096327117,4.582981431,-3.957653426,1,155.742037,6.055306717,-348.8357259,0,-1256.039023,209.5371514,-40.81239136
0.06882229698,0.1134964196,1.687510473,-4.776808978,1,-257.8563316,5.066122345,-222.5530765,0,-993.0763324,-226.7517772,-70.5431372
0.06882229698,0.1173601275,-0.2502569858,-3.941430873,1,476.1864474,3.949367783,619.2593697,0,-597.96175,-1016.953894,-93.63305797
0.06882229698,0.1212238354,1.217006275,1.545041135,1,388.7231289,1.966788342,1225.278612,0,370.7873197,-1614.724902,51.77301358
0.07268600488,0.01690372206,0.1437430961,-0.1407734986,1,-124.5164924,0.2011945715,87.61210877,0,111.3971627,68.36473557,-44.40200596
0.07268600488,0.02076742997,0.1183984674,-0.1035903847,1,-4.006242749,0.157318673,48.4477755,0,60.79572729,69.68066154,-41.18365726
0.07268600488,0.02463113787,0.3631610762,-0.2228111682,1,53.57503142,0.4260642956,49.34786539,0,103.5135778,92.68822236,-31.53047379
0.07268600488,0.02849484577,0.7253429679,-0.2710448643,1,50.8359731,0.7743305106,106.4426183,0,109.8238004,101.365427,-20.4896205
0.07268600488,0.03235855367,0.9839035124,-0.2031943839,1,41.28206036,1.004666153,145.8255241,0,90.90413895,134.1120323,-11.66860194
0.07268600488,0.03622226157,1.236071831,-0.2257873536,1,73.16331607,1.256524373,146.2560773,0,177.6446502,126.642114,-10.35181908
0.07268600488,0.04008596947,1.952952233,-0.1274117592,1,148.5830494,1.957104029,122.7309009,0,214.8363993,94.48756699,-3.732720649
0.07268600488,0.04394967737,2.640218425,-0.1166633612,1,39.94071145,2.642794671,165.8982849,0,168.2019289,183.5321986,-2.530083454
0.07268600488,0.04781338527,2.757154597,-0.1955440507,1,-135.4810042,2.764080127,287.2113414,0,-41.85456515,302.2718551,-4.056762084
0.07268600488,0.05167709317,1.955045585,-0.1748527868,1,-213.0938833,1.962849138,113.5976714,18.4601298,-135.5599006,90.49705299,-5.11074644
0.07268600488,0.05554080107,1.410058218,-0.1062900087,1,-55.1260665,1.414058607,67.93084164,0,11.41727937,48.09242449,-4.310796061
0.07268600488,0.05940450897,1.786167599,-0.09820293775,1,71.2514604,1.788865145,49.84592195,0,147.4131642,6.26228829,-3.146935831
0.07268600488,0.06326821687,2.254914455,0.06210442104,1,91.9242405,2.255769527,5.33140486,0,138.9268748,4.453184795,1.577630536
0.07268600488,0.06713192477,2.678108877,-0.09480975195,1,139.6632822,2.679786567,21.64181004,0,144.7908197,89.72590502,-2.02752436
0.07268600488,0.07099563267,3.353962016,-0.2009526346,1,164.803874,3.359976661,-31.39299345,0,178.23658,136.067222,-3.428777674
0.07268600488,0.07485934057,4.003516989,-0.7418271092,1,82.37643358,4.071664984,-48.25323308,0,95.72448467,151.6472141,-10.49749695
0.07268600488,0.07872304847,4.042091941,-0.9733095716,1,-1.626139681,4.157624175,19.42216362,0,7.481213369,120.7656099,-13.53871504
0.07268600488,0.08258675637,4.026139284,-1.133388583,1,31.54231961,4.182626832,2.368002472,0,33.43008469,125.5298898,-15.72231144
0.07268600488,0.08645046427,4.293126333,-1.449171129,1,157.4167287,4.531118037,-0.07916837562,15.42873353,122.1105748,160.5423168,-18.65242607
0.07268600488,0.09031417218,5.106151135,-1.753983085,1,257.0056865,5.399003248,3.910601038,0,313.8090531,122.183178,-18.95779903
0.07268600488,0.09417788008,6.498587752,-1.906141819,1,210.8733185,6.772371771,-7.376748664,0,313.5950904,14.23129908,-16.34727377
0.07268600488,0.09804158798,7.13254387,-1.837470269,1,68.88911351,7.365424567,22.06507605,0,143.4540323,-55.13746867,-14.44629475
0.07268600488,0.1019052959,7.319019642,-1.607853737,1,-25.82842791,7.493546701,148.6303072,0,154.2562404,-46.4776043,-12.39001503
0.07268600488,0.1057690038,7.628751424,-1.083630291,1,-665.1825039,7.705329513,-41.54418302,97.45916843,-216.6951826,168.6205449,-8.084527083
0.07268600488,0.1096327117,3.911701857,-2.419868856,1,-1301.564089,4.59969311,-133.861275,186.4146706,-485.2306703,261.725638,-31.74188941
0.07268600488,0.1134964196,0.7250983956,-2.612062572,1,-992.0311905,2.710837244,283.8190391,147.2129173,71.40274908,69.21899041,-74.48555291
0.07268600488,0.1173601275,0.3546624746,-1.590716953,2,-552.9419738,1.629774799,641.6854793,0,291.7554461,-259.1214845,-77.43104589
0.07268600488,0.1212238354,-0.2840500549,0.8683924115,1,3.202661869,0.9136683283,437.7164545,0,-333.8242026,-835.2107064,108.112855
0.07654971278,0.01690372206,0.6771817196,0.3156205668,1,-82.53698257,0.7471220941,102.9549967,0,36.6177359,259.1431868,24.98926484
0.07654971278,0.02076742997,0.5884724415,0.01388779477,1,-1.63194749,0.5886362928,40.98059417,0,28.18912375,150.9750326,1.351914375
0.07654971278,0.02463113787,0.7797908913,-0.1093658137,1,57.1475893,0.7874228314,76.33187218,0,115.0172076,89.92238968,-7.983668682
0.07654971278,0.02849484577,1.253666928,-0.03862199507,1,78.06038724,1.254261705,107.0859751,0,159.202867,100.2309713,-1.764565687
0.07654971278,0.03235855367,1.696506801,-0.08288008142,1,60.11346593,1.69853008,149.089278,0,107.0919724,134.2790197,-2.796868515
0.07654971278,0.03622226157,1.899699901,0.01860051706,1,14.86992054,1.89979096,202.3916698,0,103.3940347,178.7451821,0.5609817996
0.07654971278,0.04008596947,2.153444179,0.008483039674,1,45.26438193,2.153460888,224.6660585,0,136.0455535,192.4132038,0.2257034853
0.07654971278,0.04394967737,2.600228531,0.1432161267,1,141.9761045,2.604169593,195.0796347,0,250.0220033,169.8442027,3.152567922
0.07654971278,0.04781338527,3.668010366,0.1059853778,1,-72.24632673,3.669541244,128.1351033,0,59.73868296,151.7901264,1.655073217
0.07654971278,0.05167709317,2.551902649,0.05182002702,1,-259.1134185,2.552428734,116.2618711,27.15004776,-151.8644932,107.7868957,1.163312733
0.07654971278,0.05554080107,2.080111761,0.138730207,1,-131.9863702,2.084732839,136.0419346,0,-13.3566115,132.811515,3.81561296
0.07654971278,0.05940450897,1.990339822,0.06430142503,1,-23.538781,1.991378236,33.62798704,0,41.3154335,48.15260093,1.850397237
0.07654971278,0.06326821687,2.148795554,0.08261134158,1,115.7555329,2.150382981,-20.80973895,0,115.935658,14.61036536,2.201675846
0.07654971278,0.06713192477,2.885526907,-0.07255151183,1,144.4378152,2.886438853,-24.07034843,0,174.7090861,69.85967904,-1.440298399
0.07654971278,0.07099563267,3.381885958,-0.2803068477,1,127.058759,3.39348266,-20.99925455,0.9214458796,125.1709178,95.44513998,-4.738117338
0.07654971278,0.07485934057,3.860068702,-0.522458639,1,111.7887194,3.895265512,-40.88432944,0,157.2686968,98.45050325,-7.708117251
0.07654971278,0.07872304847,4.421445222,-0.8186559415,1,65.35107254,4.49659598,-3.954237413,0,103.7387964,159.0153418,-10.4898456
0.07654971278,0.08258675637,4.513382564,-1.15212549,1,53.6685577,4.658112849,75.37018678,0,32.18807846,267.0979688,-14.32000859
0.07654971278,0.08645046427,4.753170186,-1.559436088,1,136.5891352,5.002446174,206.5675804,0,138.9226994,325.9048342,-18.16380307
0.07654971278,0.09031417218,5.577879816,-1.61320978,1,140.932863,5.806478196,205.3755975,0,243.8861132,215.8483768,-16.13069325
0.07654971278,0.09417788008,6.239998304,-1.599899848,1,35.78626291,6.441836567,-39.94972424,0,260.6516169,-31.5683488,-14.38053547
0.07654971278,0.09804158798,6.723229195,-1.645592966,1,-1.002012278,6.921689607,-82.59898202,0,203.1189647,-122.2773653,-13.75345137
0.07654971278,0.1019052959,7.02091917,-1.446594165,1,-154.8302706,7.168398752,-41.08861569,19.68454932,78.86525791,-237.5314401,-11.64233009
0.07654971278,0.1057690038,6.429722575,-0.8865952737,1,-331.158103,6.490561114,-79.79715508,42.1703681,-171.9615012,-246.2213866,-7.851013321
0.07654971278,0.1096327117,5.077011981,-0.8035795466,1,-690.6297045,5.140213102,140.8373903,101.0558778,-183.7056139,84.26364941,-8.994053253
0.07654971278,0.1134964196,3.051546297,-0.6680108639,1,-831.5837042,3.123807504,353.7738355,114.0498361,-164.649328,321.2111336,-12.34777948
0.07654971278,0.1173601275,1.227858543,-0.677766778,1,-614.5120828,1.402499343,258.1414466,76.79956998,-257.7955013,22.38898719,-28.89829925
0.07654971278,0.1212238354,-0.3187954067,0.242867776,1,-273.6218783,0.400768347,163.5542986,0,-526.9841664,-313.0006469,142.6987767
0.08041342068,0.01690372206,1.542784708,0.3196055285,1,-160.8597858,1.575541923,36.15896954,0,-192.5446573,195.5788908,11.70392334
0.08041342068,0.02076742997,0.8600589389,0.0116295239,1,-69.81134667,0.8601375612,24.45053708,0,-69.24309041,106.9685232,0.7746934565
0.08041342068,0.02463113787,1.005518981,0.0007801334297,1,65.67145238,1.005519284,17.95562038,0,106.7784765,9.974568861,0.04445300869
0.08041342068,0.02849484577,1.526355092,0.04246597571,1,124.8495881,1.526945718,6.373351553,0,152.9242212,12.18727211,1.593661722
0.08041342068,0.03235855367,2.078755843,-0.02168315734,1,142.6068927,2.078868926,-5.677143491,0,163.3992122,-24.77226969,-0.5976210975
0.08041342068,0.03622226157,2.708673297,0.1162439657,1,175.6625125,2.711166481,65.11662628,0,208.8564184,1.699997926,2.457366975
0.08041342068,0.04008596947,3.564424674,0.2233401706,1,140.4258645,3.571414858,179.2375685,0,206.7805696,131.47245,3.58535899
0.08041342068,0.04394967737,4.050177539,0.3007944315,1,12.94258588,4.061331726,228.0413186,0,58.04602195,204.4713941,4.247386703
0.08041342068,0.04781338527,3.838703919,0.314407474,1,-178.8107626,3.851558105,12.38908216,17.28560027,-139.3998773,28.24656926,4.682335777
0.08041342068,0.05167709317,2.820704575,0.2395257333,1,-196.1470047,2.830856209,51.45132667,14.78971973,-163.5785594,41.70595922,4.853740701
0.08041342068,0.05554080107,2.448829415,0.3520607272,1,-134.9762566,2.474007328,71.82719951,15.88272856,-51.0007093,94.3834932,8.18118118
0.08041342068,0.05940450897,2.102143903,0.1523748032,1,-57.87332103,2.107659144,-0.0139219476,8.985214379,1.485122432,74.85207795,4.145858349
0.08041342068,0.06326821687,2.230961886,0.06280037196,1,94.80236084,2.23184561,18.44472118,0,100.0574971,52.14944472,1.612419443
0.08041342068,0.06713192477,2.855025475,0.02214959656,1,169.7936717,2.855111393,-5.507996374,0,195.3056892,64.64406492,0.4444979393
0.08041342068,0.07099563267,3.641599172,-0.2082467015,1,167.2377287,3.647548658,25.19884443,0,187.5795686,177.4503534,-3.272923724
0.08041342068,0.07485934057,4.22593587,-0.5661057615,1,116.1311716,4.263684992,15.20091878,0,142.5849656,174.8258009,-7.629910562
0.08041342068,0.07872304847,4.641202755,-0.8249906198,1,118.4348262,4.713955084,-15.12835631,0,172.3222293,153.1755466,-10.0792566
0.08041342068,0.08258675637,5.349336202,-1.216382881,1,198.6096272,5.485889638,66.37252128,0,243.7740874,225.5885683,-12.81062784
0.08041342068,0.08645046427,6.350444208,-1.440154918,1,146.1367303,6.511696232,250.9743893,0,212.1463919,287.1621451,-12.77742875
0.08041342068,0.09031417218,6.733637532,-1.356201798,1,-60.48069914,6.868854179,253.7397271,0,27.30495112,149.4805143,-11.38742656
0.08041342068,0.09417788008,6.222262808,-1.037327774,1,-173.4883959,6.308137868,91.13632224,20.0274974,71.85648328,11.57664326,-9.464866393
0.08041342068,0.09804158798,6.340961508,-1.048806438,1,-147.2239195,6.427113489,3.610720274,0,152.4650825,-82.42199901,-9.391794867
0.08041342068,0.1019052959,6.242513131,-0.704922477,1,-147.2852697,6.282187986,-56.78270526,0,154.5708879,-206.9662416,-6.442711262
0.08041342068,0.1057690038,6.369111009,-0.4685411225,1,-337.0619839,6.386321776,-87.27580138,50.15861668,-41.09460708,-150.3396355,-4.20736246
0.08041342068,0.1096327117,4.781426523,-0.4612622429,1,-548.1921157,4.803623887,50.48140898,76.32437165,-237.5991329,-61.66945239,-5.510248921
0.08041342068,0.1134964196,3.333043154,-0.03522295332,1,-582.6958928,3.333229263,96.22344133,77.7264445,-282.5031546,31.83090164,-0.6054681419
0.08041342068,0.1173601275,1.438550128,-0.2124682785,1,-654.1309814,1.454155851,-3.08676473,76.35344435,-431.4868636,16.40293568,-8.401624526
0.08041342068,0.1212238354,-0.8614670914,-0.1105254628,1,-544.5376356,0.8685283113,-80.89123213,0,-646.0374692,-133.6606538,-172.6889427
0.08427712858,0.01690372206,1.572549121,0.1931994786,1,-114.034026,1.584372676,76.99166844,0,-132.5228207,168.6736031,7.004117893
0.08427712858,0.02076742997,1.096237303,0.016083371,1,-98.38903999,1.09635528,-10.7498139,8.983335226,-78.86145484,26.45272891,0.8405508241
0.08427712858,0.02463113787,0.8877049841,0.04945972007,1,20.83134652,0.8890817751,-26.17425332,0,38.47501376,-40.0901126,3.18901701
0.08427712858,0.02849484577,1.325379756,0.06985018644,1,84.49500428,1.327219102,-64.50869408,0,94.38864751,-51.04899329,3.016812144
0.08427712858,0.03235855367,1.578859163,-0.002544632199,1,82.7017011,1.578861213,-53.48067942,0,132.7597378,-73.41021057,-0.09234297943
0.08427712858,0.03622226157,2.157859819,0.1468520734,1,213.286218,2.162851019,19.30919476,0,246.1371689,-49.89967843,3.893232701
0.08427712858,0.04008596947,3.353936933,0.2648582379,1,264.0426409,3.364378521,41.35669017,0,282.9633831,-2.80569476,4.515240419
0.08427712858,0.04394967737,4.271331316,0.3174826289,1,52.20254503,4.283114104,27.33248339,0,69.72119569,29.04087117,4.250905572
0.08427712858,0.04781338527,3.825014653,0.2582575266,1,-174.9236933,3.833723261,41.49565808,0,-176.9393774,77.68567201,3.862636847
0.08427712858,0.05167709317,2.91183519,0.1776549862,1,-124.9967563,2.917249641,64.72130089,0,-160.4061141,11.68166347,3.491364891
0.08427712858,0.05554080107,2.722301328,0.4631871927,1,-42.43560246,2.761424794,57.40563316,0,-121.2265091,27.38521526,9.656144883
0.08427712858,0.05940450897,2.279492596,0.293645112,1,-80.6799086,2.298328512,-40.6814606,10.81169506,2.840034287,52.56356439,7.340438364
0.08427712858,0.06326821687,2.42155079,0.1029156529,1,85.16515635,2.423736756,-33.83049769,0,130.8239471,35.43603263,2.433600063
0.08427712858,0.06713192477,3.114011402,0.02601947155,1,225.7210521,3.114120104,-39.40554124,0,225.4808811,39.43778259,0.4787301714
0.08427712858,0.07099563267,4.164863264,-0.2017119203,1,173.3785488,4.169745041,-40.28206083,0,209.7417792,75.22055708,-2.772772427
0.08427712858,0.07485934057,4.59427644,-0.4202489058,1,35.00385281,4.613456963,11.27586693,0,169.4515558,117.0651364,-5.226430708
0.08427712858,0.07872304847,4.954819242,-0.6104507566,1,52.43068851,4.992282429,6.552109215,0,218.5935502,150.8110223,-7.023642142
0.08427712858,0.08258675637,5.641434932,-0.977623208,1,172.4813995,5.725516154,-88.97091412,0,313.4645808,90.63460935,-9.831340384
0.08427712858,0.08645046427,6.832372566,-1.304394037,1,109.6412168,6.955771609,-134.8974598,0,277.1297697,-58.18139609,-10.80848986
0.08427712858,0.09031417218,7.135805049,-1.274031669,1,-129.0282544,7.248646107,42.11130374,14.50665542,78.42366167,-126.7511346,-10.12296575
0.08427712858,0.09417788008,6.636851201,-0.6519588997,1,-241.5988526,6.668796313,38.8703961,35.99741027,56.00521223,-164.6515802,-5.610345818
0.08427712858,0.09804158798,6.418725434,-0.4876822016,1,-254.2607717,6.437225344,-42.83028631,36.33313357,89.91581178,-139.0199479,-4.344873574
0.08427712858,0.1019052959,6.001870281,-0.2803101441,1,-269.2643071,6.008412489,34.19461726,41.13283163,34.49513629,-158.5265819,-2.673987501
0.08427712858,0.1057690038,5.511645934,0.2569362183,1,-312.3129678,5.517631478,-55.20852374,46.76744317,61.75426706,-230.3695805,2.669023211
0.08427712858,0.1096327117,5.033784649,0.3964610148,1,-495.9982907,5.049373152,-47.99918741,76.64557597,-12.66724779,-108.7982898,4.503320914
0.08427712858,0.1134964196,3.546310874,0.4918461905,1,-565.3650809,3.580256065,-151.2269791,56.34837595,-406.3637369,-95.84081607,7.896114696
0.08427712858,0.1173601275,1.279308338,0.1824650591,1,-682.8497886,1.29225513,-206.6089716,58.21543121,-532.0640244,-40.66885922,8.11722987
0.08427712858,0.1212238354,-1.147761224,-0.1492979328,1,-619.7414312,1.157430645,-135.013578,0,-636.6007273,36.71937924,-172.5887202
0.08814083648,0.01690372206,2.491963559,0.2481702263,1,-412.1174117,2.504290486,178.2899599,0,-401.2117445,261.6771214,5.68723278
0.08814083648,0.02076742997,0.9207304157,0.08707840892,1,-246.1114054,0.9248389847,-8.731395737,21.13656492,-204.8726691,37.65412846,5.402698972
0.08814083648,0.02463113787,0.7494928271,0.06895010992,1,6.556640881,0.7526577015,-24.89170567,0,34.63268561,-23.23881527,5.25617008
0.08814083648,0.02849484577,1.079873942,0.08069212323,1,90.75969593,1.08288455,-12.3030579,0,126.3875893,-38.90350676,4.273407922
0.08814083648,0.03235855367,1.588486509,0.1717264744,1,163.8158575,1.59774196,55.57798192,0,227.157451,13.52554807,6.170111032
0.08814083648,0.03622226157,2.590480603,0.2431704441,1,261.7364343,2.601868871,58.06145689,0,288.224382,25.78212301,5.362685063
0.08814083648,0.04008596947,3.71337446,0.2964443917,1,207.4879417,3.725188472,-12.05173012,0,226.6823306,-44.48454844,4.564330311
0.08814083648,0.04394967737,4.267987714,0.3684813805,1,74.23851225,4.283864804,-83.32852327,0,77.38043026,-85.96202144,4.934457622
0.08814083648,0.04781338527,4.299185766,0.3066194594,1,-162.4093306,4.310106001,-30.02063945,13.03252875,-135.7716995,38.76485606,4.07944792
0.08814083648,0.05167709317,3.115903312,0.1027143181,1,-206.2095923,3.117595818,59.58205187,9.400339741,-187.9064535,126.611907,1.888045301
0.08814083648,0.05554080107,2.776436486,0.04763567874,1,-84.4218208,2.776845101,31.41845778,0,-166.0760057,-64.95454917,0.9829346356
0.08814083648,0.05940450897,2.148052881,0.4750714664,1,-122.5229552,2.199960017,-25.93230211,18.40817271,-17.05055684,-75.5159996,12.47100363
0.08814083648,0.06326821687,2.237165204,0.2392126025,1,31.57305588,2.249917959,-81.59578844,0,151.4369396,35.86904901,6.10325667
0.08814083648,0.06713192477,2.855150046,0.02122164591,1,163.3572338,2.855228913,-82.42390729,0,235.0750884,-2.976285641,0.4258579529
0.08814083648,0.07099563267,3.776591316,-0.06774980096,1,179.4182253,3.777198962,-44.48543856,0,303.7078339,-26.92180361,-1.02774195
0.08814083648,0.07485934057,4.721808019,-0.04663910919,1,81.242985,4.722038349,20.48232298,0,299.8977875,50.30757378,-0.5659139906
0.08814083648,0.07872304847,5.249207929,-0.1829858581,1,-27.5843391,5.252396378,-57.56354791,0,191.6640865,104.2048767,-1.996505715
0.08814083648,0.08258675637,5.355764235,-0.6716650492,1,-92.43832852,5.397716598,-117.003709,0,184.3800557,40.88664683,-7.148130896
0.08814083648,0.08645046427,5.604443907,-0.7930280735,1,-45.61513347,5.660272523,-164.9131719,0,317.5947296,-195.194151,-8.053877121
0.08814083648,0.09031417218,6.406613949,-0.5546681913,1,-169.8222426,6.430579997,-85.22551933,0,203.9441663,-319.6002441,-4.948182854
0.08814083648,0.09417788008,5.736281053,0.1125274023,1,-238.6303812,5.73738466,-1.344857328,36.54175561,39.78806514,-217.6292037,1.123814949
0.08814083648,0.09804158798,5.638345321,0.2809913467,1,-164.629436,5.645342691,-32.0906763,0,171.3198186,-124.2787742,2.853019598
0.08814083648,0.1019052959,5.762130737,0.4687152844,1,-207.976205,5.781162915,81.43354679,24.15165486,111.5339532,-98.6406409,4.65043402
0.08814083648,0.1057690038,5.265720631,0.9767454083,1,-320.8324939,5.355543423,107.4163962,44.8334013,-89.78960957,-135.2190375,10.50843409
0.08814083648,0.1096327117,4.175606871,1.406187726,1,-528.0200847,4.406025042,-147.3259767,71.00552641,-219.2608548,-44.41094721,18.61159462
0.08814083648,0.1134964196,2.378445361,0.5791117958,1,-625.4750463,2.447932354,-195.7215385,76.69705548,-330.2043547,72.43120058,13.68429392
0.08814083648,0.1173601275,0.4831408193,0.3701238699,1,-559.8579548,0.6086187068,-128.2106237,61.12189238,-376.9862939,67.13971693,37.4549549
0.08814083648,0.1212238354,-1.241247164,-0.1756648585,1,-467.9567898,1.253615836,-104.9077079,0,-424.6510509,177.6129911,-171.944831
0.09200454438,0.01690372206,3.272453409,0.2353357913,1,-486.6001227,3.280904487,-97.41727426,0,-582.0454211,-66.40147763,4.113297696
0.09200454438,0.02076742997,1.207986294,0.1754178021,1,-333.5679595,1.2206565,22.64004462,4.040844366,-331.7801376,42.67220994,8.26245515
0.09200454438,0.02463113787,0.7017427101,0.1579373559,1,-33.71378273,0.7192962113,-17.53232764,3.999174948,12.89084561,-25.83734402,12.68389968
0.09200454438,0.02849484577,1.127532547,0.2075059595,1,120.1530404,1.146467779,-28.05905669,0,175.9646623,-49.86490471,10.42777312
0.09200454438,0.03235855367,1.845855018,0.2421887832,1,161.1169635,1.86167563,-34.81219901,0,189.3946199,-45.60178456,7.474898651
0.09200454438,0.03622226157,2.481806922,0.2491937664,1,156.7754275,2.494286096,-43.78563764,0,177.0081509,-68.84730617,5.733748787
0.09200454438,0.04008596947,3.135497267,0.3390197498,1,138.0231443,3.153771948,-87.60499218,0,155.848755,-108.4213474,6.171025323
0.09200454438,0.04394967737,3.617242101,0.3296220824,1,93.63627413,3.632229499,-111.8933776,0,93.56796177,-117.628232,5.206712023
0.09200454438,0.04781338527,3.858799752,0.3611775522,1,-7.897752501,3.875665717,-66.56322849,0,11.5191854,-45.53443536,5.347215582
0.09200454438,0.05167709317,3.63123426,0.2483729682,1,-203.8390964,3.639718585,14.49874738,25.04397197,-123.844082,69.75092594,3.912882347
0.09200454438,0.05554080107,2.592727666,0.1476992734,1,-286.3193737,2.596931233,88.16439301,33.66481914,-164.9849984,-29.02528448,3.260430568
0.09200454438,0.05940450897,1.887525992,0.701159651,1,-93.23242759,2.013548913,52.33389622,11.97300446,3.201905229,-55.93914738,20.37853099
0.09200454438,0.06326821687,2.244876026,0.5660346874,1,16.25229549,2.315137931,-60.99498221,0,215.7849167,42.02609192,14.15186515
0.09200454438,0.06713192477,2.784050002,0.3031163129,1,89.26347944,2.800502439,-73.75613482,0,336.2579511,0.661464119,6.213661943
0.09200454438,0.07099563267,3.888966539,0.2785068224,1,128.9730316,3.898926364,55.31175528,0,410.3373861,23.87742531,4.096221763
0.09200454438,0.07485934057,4.867787923,0.424569382,1,13.3058696,4.886268354,38.61936116,0,309.1981099,49.44981369,4.984734026
0.09200454438,0.07872304847,5.135027712,0.2366611174,1,-92.25196865,5.140478391,-37.0298455,0,216.3692484,49.06548587,2.638757884
0.09200454438,0.08258675637,5.347340838,0.09192216999,1,-167.4635157,5.348130862,35.33090956,0,246.6608444,70.9749955,0.9848322469
0.09200454438,0.08645046427,5.441023057,0.09894278093,1,-181.3929564,5.4419226,37.16667482,0,239.4552417,16.93471376,1.041785516
0.09200454438,0.09031417218,5.571676548,0.1700925578,1,-141.8725378,5.574272243,-24.95117345,0,232.4012069,-109.022195,1.748586765
0.09200454438,0.09417788008,5.790799391,0.4237686512,1,-49.85817077,5.806284307,107.8246968,0,112.7208434,-57.88012518,4.185424173
0.09200454438,0.09804158798,5.814559553,0.8103275876,1,-112.0237474,5.870752387,133.5979488,0,149.4457544,-3.683424672,7.933744996
0.09200454438,0.1019052959,5.935387095,0.9541837784,1,-175.9140508,6.011596015,72.4518119,22.41858916,69.71168916,-15.36301705,9.132832781
0.09200454438,0.1057690038,5.404224649,1.149618436,1,-303.1819719,5.52514856,104.1597961,39.96235465,-121.9065587,-60.25033232,12.00928146
0.09200454438,0.1096327117,4.292969181,1.589416491,1,-395.1088804,4.577753725,112.7930035,49.0362443,-209.0443548,-12.2339061,20.31642216
0.09200454438,0.1134964196,3.069953021,1.632685894,1,-908.2042458,3.477107243,-760.675659,76.35385833,67.14144514,-579.401927,28.00528017
0.09200454438,0.1173601275,1.043348193,0.88902774,2,-660.2410084,1.37074643,-79.02457389,85.2106039,-358.6771835,338.8804911,40.43402237
0.09200454438,0.1212238354,-0.8668492465,0.01802279297,1,-647.5083722,0.8670365836,-2.609636827,0,-341.2814065,448.2551642,178.8089264
0.09586825228,0.01690372206,1.859015753,-0.1206025275,1,-122.9720294,1.862923654,-53.57404329,0,-232.095114,-164.6531226,-3.711827718
0.09586825228,0.02076742997,1.17307789,0.09398603057,1,-138.4846461,1.176836908,-4.240917301,0,-192.0503482,-99.90531992,4.580705893
0.09586825228,0.02463113787,0.5819250841,0.2490167806,1,-55.4225679,0.6329661607,-9.544708259,4.41121061,-46.62432158,-61.91561779,23.1670006
0.09586825228,0.02849484577,0.7787985166,0.2963319275,1,80.83661884,0.8332705087,-66.19537639,0,99.26635446,-74.46885335,20.83176161
0.09586825228,0.03235855367,1.277790365,0.280983079,1,172.9005273,1.308319421,-91.05495223,0,183.3637989,-97.52848757,12.40182408
0.09586825228,0.03622226157,2.155299808,0.3213437771,1,204.3157059,2.179123467,-54.05562518,0,230.0327545,-75.8829133,8.480030376
0.09586825228,0.04008596947,2.955985943,0.3653173445,1,155.3349877,2.978474384,-48.24835133,0,161.9466188,-60.38013396,7.045211033
0.09586825228,0.04394967737,3.381183258,0.3682174415,1,127.0315389,3.40117396,-35.80451042,8.618263314,108.5160793,-40.02933581,6.215129474
0.09586825228,0.04781338527,3.866073136,0.3816408357,1,10.10239096,3.884864376,-44.52173027,0,5.487861861,-55.7995615,5.637708717
0.09586825228,0.05167709317,3.441419441,0.4117916871,1,-131.7846616,3.465968863,-34.95456862,13.75779975,-91.09461183,-69.84215092,6.823428059
0.09586825228,0.05554080107,3.004932727,0.5164362631,1,-225.8260811,3.048987882,115.1918814,24.58870143,-112.5266698,2.379556067,9.751748042
0.09586825228,0.05940450897,2.134123244,0.84766556,1,-119.2444393,2.296305494,139.9516754,0,-98.43707164,12.16973194,21.66278596
0.09586825228,0.06326821687,2.163874953,1.010148368,1,5.315747192,2.388044082,31.83484349,0,108.2048287,-1.260457869,25.02428692
0.09586825228,0.06713192477,2.57273359,0.9755361373,1,128.6454291,2.751477581,37.28155062,0,367.944964,34.89743907,20.76586212
0.09586825228,0.07099563267,4.082555178,1.019359878,1,170.2998002,4.207891556,7.841537212,0,473.9901047,-23.49259654,14.01934934
0.09586825228,0.07485934057,5.062081585,1.096602077,1,-32.98919509,5.179498633,18.08880264,0,346.9764273,20.65719081,12.22315217
0.09586825228,0.07872304847,5.295710128,1.009436377,1,-155.6400824,5.391058111,52.67296969,0,337.95656,96.20927454,10.79191595
0.09586825228,0.08258675637,5.7664992,0.9283905125,1,-177.1611654,5.840755257,70.94514005,0,311.1686408,116.6085149,9.145980218
0.09586825228,0.08645046427,5.813475869,0.8330064344,1,-218.7986944,5.872852919,74.55701427,0,250.4990169,84.12665067,8.154342756
0.09586825228,0.09031417218,5.888979987,0.8914162327,1,-90.06722416,5.956064824,316.161546,0,120.0323309,340.0560052,8.607530748
0.09586825228,0.09417788008,5.929252289,0.7406852236,1,-187.918089,5.975336585,44.02430759,0,252.9636655,-59.45579604,7.120531968
0.09586825228,0.09804158798,6.140297095,1.291233127,1,-243.8627599,6.274594122,-9.940472243,0,257.6973657,-185.175296,11.87560326
0.09586825228,0.1019052959,5.982705165,1.417741397,1,-387.2541589,6.148394242,-81.41133207,49.45329414,204.8068468,-181.2914311,13.3316488
0.09586825228,0.1057690038,5.435373973,1.677140655,1,-570.6548557,5.688241469,-148.8196057,79.50879423,203.5030548,-331.893825,17.1481493
0.09586825228,0.1096327117,4.56413785,2.125086704,1,-1238.802894,5.034614962,220.2981773,128.9715869,-892.4650948,-470.8570709,24.96693573
0.09586825228,0.1134964196,-2.799222995,4.347562648,1,-538.96961,5.170778505,-37.83679357,73.30709149,-257.4129712,114.8166461,122.7758772
0.09586825228,0.1173601275,1.48714818,1.535278403,2,552.814976,2.137449293,367.5829616,44.69878051,296.0638887,1232.052027,45.91232178
0.09586825228,0.1212238354,0.4805969813,1.007506688,2,-448.312678,1.116263045,81.88996736,0,-72.7159423,355.084385,64.49810323
0.09973196018,0.01690372206,2.429287384,-0.1862839327,1,-449.068694,2.436419278,-52.9116056,0,-391.4149924,-133.010574,-4.385004556
0.09973196018,0.02076742997,0.8055956546,-0.03154442415,1,-246.8106928,0.8062130049,-65.29525006,0,-271.7705644,-163.1844156,-2.242365014
0.09973196018,0.02463113787,0.4256408838,0.1919312097,1,-12.45808277,0.4669130018,-5.168745821,0,-44.88284687,-85.46919988,24.27170241
0.09973196018,0.02849484577,0.5840470517,0.2787130746,1,96.42973233,0.6471413575,-17.79385573,7.226595071,82.56485665,-41.26472903,25.51094162
0.09973196018,0.03235855367,1.117223691,0.2826158083,1,177.2069211,1.152415061,-6.737448958,0,184.0303535,-24.81434753,14.1958912
0.09973196018,0.03622226157,1.979762364,0.3485569304,1,205.6703992,2.010211668,-38.72837987,0,208.0681337,-59.93840785,9.985162832
0.09973196018,0.04008596947,2.71578853,0.364565161,1,160.4351678,2.740148736,-84.12607183,0,187.5414238,-60.70991886,7.645630592
0.09973196018,0.04394967737,3.32424227,0.2580837552,1,84.22868333,3.334245626,-94.27217772,0,111.2827461,-88.78087199,4.439359719
0.09973196018,0.04781338527,3.471187584,0.3433483597,1,-19.29552786,3.488127197,-111.6860162,0,-6.045912565,-149.8627323,5.648968128
0.09973196018,0.05167709317,3.226330346,0.4055874349,1,-74.51468453,3.251723954,-28.61575419,9.173939136,-35.27576463,-91.27751605,7.165162228
0.09973196018,0.05554080107,3.046989358,0.585455104,1,-137.0878518,3.102724904,31.60291384,18.70876812,-57.29839344,-65.70408152,10.87638048
0.09973196018,0.05940450897,2.475278675,0.7815532417,1,-121.1039117,2.595733035,110.5449725,0,-55.92366257,12.68225865,17.52317498
0.09973196018,0.06326821687,2.363006521,0.9635680446,1,58.80319001,2.551913634,125.396047,0,93.29160456,9.924953864,22.18426256
0.09973196018,0.06713192477,3.062928534,1.227699817,1,142.3929055,3.29981485,161.7755636,0,236.9030801,35.39193958,21.84217101
0.09973196018,0.07099563267,3.828495417,1.451877451,1,167.0685585,4.09454824,70.87484017,0,338.8088629,-101.2255773,20.76819268
0.09973196018,0.07485934057,5.017491124,1.892645559,1,75.60770525,5.362585607,46.34909982,0,411.4295779,-132.7267855,20.66695435
0.09973196018,0.07872304847,5.710265216,2.143774364,1,-125.2476583,6.099417788,54.95939799,0,398.1725996,32.69054555,20.57737361
0.09973196018,0.08258675637,6.071993376,1.9786859,1,-286.6663962,6.386258799,-78.85786205,0,375.6651456,-18.91484503,18.0492815
0.09973196018,0.08645046427,6.054130387,1.912172056,1,-46.45353116,6.348928785,-180.8221731,0,573.1797127,77.17611698,17.52850638
0.09973196018,0.09031417218,8.107109485,0.9818558686,1,-166.7179406,8.166349561,-60.09486894,20.41138371,83.13145629,-115.7499338,6.905487394
0.09973196018,0.09417788008,5.731176627,2.12720697,1,-1142.448058,6.113214786,33.01383314,168.6214127,353.9774115,-424.1515594,20.36311764
0.09973196018,0.09804158798,5.060689218,2.748209408,1,-241.1573903,5.758752496,-56.10489165,36.09992296,31.30812258,-344.5655163,28.50419129
0.09973196018,0.1019052959,4.920380353,3.241734564,1,-648.2015925,5.892281884,-29.72824018,92.34475478,256.4015684,-390.140854,33.37841841
0.09973196018,0.1057690038,3.546888369,4.140738471,1,-304.2975615,5.45216766,-1092.142017,0,-108.6470994,-1010.82894,49.41718472
0.09973196018,0.1096327117,3.324882805,2.927564584,2,-100.7213349,4.430065468,-538.7588312,0,54.26138298,-171.184469,41.36396953
0.09973196018,0.1134964196,3.367380686,2.720538504,1,753.0305203,4.329039436,398.3068669,90.93385507,256.1005617,1182.669486,38.93507041
0.09973196018,0.1173601275,7.223870539,-0.1029834645,1,-328.9293947,7.224604567,-115.1341455,0,-329.9942974,208.7308226,-0.8167530363
0.09973196018,0.1212238354,0.8214920109,1.469218868,1,-1620.792634,1.68328643,452.63861,0,-1693.318418,-361.1922349,60.78890712
0.1035956681,0.01690372206,1.140666759,0.1021545347,1,-286.9976611,1.145231943,-330.5892278,0,-153.1844543,-276.4411606,5.117577592
0.1035956681,0.02076742997,0.2902992001,-0.002451622713,1,-131.50639,0.2903095521,-98.15856541,0,-103.7443704,-103.7445024,-0.4838604278
0.1035956681,0.02463113787,0.2317265372,0.1237369634,1,51.34973711,0.262693784,-16.20083402,7.146764192,16.02445436,-79.66673952,28.10125359
0.1035956681,0.02849484577,0.550613396,0.2427620978,1,134.4167025,0.601754558,-2.318382149,13.07282993,104.77242,-49.84005563,23.79239067
0.1035956681,0.03235855367,1.15588344,0.3073468287,1,159.5904509,1.196047072,-18.61209582,3.305817372,157.0656723,-41.34824125,14.89027955
0.1035956681,0.03622226157,1.774080161,0.3306079225,1,148.8635695,1.804622403,-72.69805653,0,172.2006966,-114.8081683,10.55624201
0.1035956681,0.04008596947,2.396381981,0.4700480002,1,80.00822016,2.442046626,-119.0542475,0,152.8871243,-155.8423585,11.09761818
0.1035956681,0.04394967737,2.673919743,0.4727464376,1,3.09998131,2.715388736,-149.6555929,0,115.7348791,-140.0237775,10.02622919
0.1035956681,0.04781338527,2.85552517,0.432833479,1,-3.621403734,2.888142797,-106.5784192,0,82.37143602,-130.0411076,8.619142496
0.1035956681,0.05167709317,2.978186865,0.5633994119,1,-46.22548142,3.031009057,-15.12232108,0,50.79378886,-116.5497464,10.71235507
0.1035956681,0.05554080107,2.873175776,0.8247194237,1,-109.6288508,2.989197412,12.34842972,16.76945255,14.39660115,-126.4052249,16.01565262
0.1035956681,0.05940450897,2.61023727,1.099503003,1,-90.40033409,2.832356874,48.19962623,9.911935534,42.14099176,-34.28127342,22.84215074
0.1035956681,0.06326821687,2.686715773,1.143401527,1,41.46289648,2.919898748,79.84184805,0,145.9979515,17.41662117,23.05343546
0.1035956681,0.06713192477,3.33453123,1.340695846,1,120.8465761,3.593962141,87.85970206,0,210.0720789,-51.77629931,21.90329688
0.1035956681,0.07099563267,3.965288795,1.682914249,1,110.9688458,4.307634571,143.9097624,0,249.7758702,-128.7360693,22.99692705
0.1035956681,0.07485934057,4.728343439,2.3941197,1,136.4720619,5.29990951,150.6405799,0,295.515851,-198.4709854,26.85463118
0.1035956681,0.07872304847,5.634363907,3.031779362,1,-76.75719802,6.398260915,95.51220941,0,247.6786542,-187.4611549,28.28412812
0.1035956681,0.08258675637,5.388734019,3.487446123,1,-324.9770527,6.418779852,-69.17795965,26.5241548,267.6885283,-119.7275708,32.90987607
0.1035956681,0.08645046427,5.413017783,3.227088294,1,-343.9537057,6.301972737,-247.2398977,0,297.5819326,174.8118836,30.80220288
0.1035956681,0.09031417218,5.209567033,1.856761321,1,-412.8153601,5.530565186,39.22006278,59.09121607,155.2887968,-813.677704,19.61676639
0.1035956681,0.09417788008,4.418010366,6.522436134,1,-674.0965151,7.87787971,-127.6097705,64.70956298,514.3164865,-253.7059902,55.88802061
0.1035956681,0.09804158798,4.592223674,2.343960282,1,-22.81103676,5.155838251,-407.1717461,0,7.914274556,9.415739016,27.04065042
0.1035956681,0.1019052959,4.360453628,4.912863776,1,-1345.444361,6.568849696,-231.3633903,188.0342051,-539.3035005,-254.4284385,48.40907249
0.1035956681,0.1057690038,-2.689891527,2.433076891,1,-742.6551967,3.627034544,102.0686873,113.4725329,85.4291897,668.6149111,137.8698376
0.1035956681,0.1096327117,1.821124312,2.723894655,2,753.071581,3.276598214,1.282302956,0,799.6077395,2.707475451,56.23435429
0.1035956681,0.1134964196,3.30920783,2.42757044,1,67.84722041,4.104138729,-425.994299,0,-60.68982433,-117.2932387,36.26304698
0.1035956681,0.1173601275,1.8487784,1.53116393,1,-140.3693636,2.400509228,-812.3769698,0,-500.2817493,-372.3120786,39.6316583
0.1035956681,0.1212238354,0.8339190635,0.7272882438,1,26.87853782,1.106512175,-273.3076075,0,-552.2077619,142.8085726,41.09275315
0.107459376,0.01690372206,0.08389927698,0.3307312115,1,-32.34887209,0.341207009,-200.5130653,0,2.11982682,-68.50965932,75.76558378
0.107459376,0.02076742997,0.02550117646,0.0757199103,1,-19.05793731,0.07989877857,-65.1981827,0,11.63949492,6.051141255,71.38735087
0.107459376,0.02463113787,0.05523658249,0.05544463566,1,70.53431639,0.07826357817,-22.45170012,9.813607023,21.86938397,-45.34585206,45.10770169
0.107459376,0.02849484577,0.3825220836,0.164176226,1,133.6192319,0.4162655134,-23.59314251,16.05810116,81.28259356,-79.86451997,23.22872475
0.107459376,0.03235855367,0.8855544633,0.2728608013,1,125.1312392,0.9266389396,-60.22513345,6.731360031,100.7582484,-131.2834417,17.12533408
0.107459376,0.03622226157,1.255293082,0.4387247728,1,81.4026634,1.329751912,-86.02726297,0,117.3996005,-182.6409737,19.26451426
0.107459376,0.04008596947,1.653668341,0.6461479589,1,90.63571298,1.775422814,-125.5501982,0,155.1677331,-191.4318159,21.34238315
0.107459376,0.04394967737,2.205005798,0.6932720994,1,78.74540361,2.311423106,-139.7304557,0,155.0431051,-147.3530855,17.45357985
0.107459376,0.04781338527,2.556958849,0.675599574,1,22.32984386,2.644706664,-106.3710651,0,110.3360186,-128.9321537,14.80045881
0.107459376,0.05167709317,2.717587939,0.780441556,1,-49.18312191,2.827432268,-53.13770677,0,61.95540437,-153.8320808,16.02309759
0.107459376,0.05554080107,2.606307218,1.064653222,1,-69.37646557,2.815372764,-1.569098042,10.28680087,20.58064067,-134.398149,22.21957632
0.107459376,0.05940450897,2.529055125,1.293654209,1,-4.764776621,2.840714881,23.37512237,0,39.05246675,-54.99719457,27.09050743
0.107459376,0.06326821687,2.738784837,1.367460963,1,46.95712937,3.06119125,52.10430852,0,127.3027151,-20.05096155,26.53271699
0.107459376,0.06713192477,3.202344263,1.572441097,1,111.0350285,3.567573374,59.523611,0,186.176181,-101.1319824,26.15233667
0.107459376,0.07099563267,3.887122135,1.988187248,1,160.1183051,4.366074556,64.54877287,0,261.8453081,-177.369931,27.08885932
0.107459376,0.07485934057,4.832688409,2.507144304,1,167.0856593,5.444322714,80.21792285,0,212.8289852,-284.4867903,27.41977577
0.107459376,0.07872304847,5.355001349,3.39729973,1,46.48333691,6.341741472,88.61980312,0,85.36647945,-367.2708412,32.39170454
0.107459376,0.08258675637,5.342117586,4.268572588,1,9.395346691,6.838050324,137.1827824,0,99.1243341,-119.9739866,38.62629906
0.107459376,0.08645046427,5.774289697,4.39087837,1,-135.3629816,7.254118441,-135.6668262,0,76.53705245,146.8928879,37.25004057
0.107459376,0.09031417218,5.114831378,3.176844388,1,-446.4280083,6.0211162,182.6325904,62.70900539,53.95377736,-419.8998379,31.84459863
0.107459376,0.09417788008,4.25788391,6.718887673,1,174.0591104,7.954434421,-207.3903545,0,-585.8281231,-127.1769014,57.63680559
0.107459376,0.09804158798,3.523876191,2.866923036,1,-858.0776728,4.542791113,-347.6779287,87.82110092,543.752337,-253.8664119,39.13079786
0.107459376,0.1019052959,3.043422627,6.356427374,1,143.9270835,7.047452749,202.2458058,0,632.712498,-955.5258832,64.41515566
0.107459376,0.1057690038,6.524584677,7.340214657,1,-459.9096072,9.820842959,197.1856183,0,536.7465535,1038.103398,48.36668119
0.107459376,0.1096327117,3.340298143,3.107366707,2,-346.0228314,4.562161717,-412.84472,0,-1014.408257,911.3510732,42.93100495
0.107459376,0.1134964196,1.268276334,2.223908909,1,423.9502821,2.560135874,-539.0238738,0,-603.498027,651.7872896,60.30425564
0.107459376,0.1173601275,2.646578102,-1.493579793,2,1234.741376,3.038939988,299.0763179,0,-1480.876566,1073.490541,-29.43793811
0.107459376,0.1212238354,0.3172818586,-0.7682014433,1,79.02932973,0.8311445333,580.9642735,0,-1284.760355,205.4812565,-67.55844049
0.1113230839,0.01690372206,NaN,NaN,0,-0.9467967517,0.2561850341,-21.24911234,0,-19.48395241,40.44148816,66.72223192
0.1113230839,0.02076742997,NaN,NaN,0,-35.40651569,0.1315584924,-22.58877912,4.228997045,1.380927723,54.95891527,61.99539402
0.1113230839,0.02463113787,-0.03022340076,-0.06429012045,1,-4.386961715,0.07103994328,2.917110203,0,27.45053216,22.48527527,-115.1786662
0.1113230839,0.02849484577,0.1508832082,0.04054861477,1,48.57097959,0.156236784,17.59007214,0,66.90711998,-54.22354299,15.04235896
0.1113230839,0.03235855367,0.4159502449,0.2131767117,1,66.44934265,0.4673958886,-13.69506643,0,84.9962063,-124.7647873,27.13538085
0.1113230839,0.03622226157,0.7360245721,0.4696895728,1,94.51508942,0.8731211059,-49.75499713,0,101.0757378,-180.7701198,32.54373388
0.1113230839,0.04008596947,1.171656069,0.7193808763,1,93.59969231,1.374877009,-109.5051396,0,120.8803477,-186.594015,31.54935855
0.1113230839,0.04394967737,1.564712797,0.7675384697,1,85.25867627,1.742825706,-172.0979236,0,115.2549794,-185.9402628,26.12933332
0.1113230839,0.04781338527,1.946382265,0.7728636315,1,49.55467566,2.094211573,-136.7875784,0,109.3091103,-195.0910916,21.65688867
0.1113230839,0.05167709317,2.178516062,0.992806214,1,-1.178222858,2.394075273,-90.5790699,0,105.0825021,-193.9574268,24.49998359
0.1113230839,0.05554080107,2.347838049,1.172287406,1,9.019231695,2.624233463,-38.29331744,0,71.09623404,-109.7256891,26.53318838
0.1113230839,0.05940450897,2.48805882,1.268800033,1,72.46835207,2.792899965,33.44260017,6.763712058,47.29289958,-39.426779,27.01957194
0.1113230839,0.06326821687,2.810560543,1.453833402,1,89.00381956,3.164313848,60.08171987,0,88.47072922,-33.66741616,27.3514067
0.1113230839,0.06713192477,3.173768636,1.63101931,1,71.75458714,3.568337337,67.33374265,0,114.2895628,-93.68367593,27.1989116
0.1113230839,0.07099563267,3.529380795,2.075957674,1,87.36502942,4.094646391,57.42032976,0,110.7191905,-185.8276754,30.46375175
0.1113230839,0.07485934057,3.939108202,2.57085855,1,143.7264194,4.703816228,-10.92687881,11.56848439,122.4316136,-297.1945837,33.13047138
0.1113230839,0.07872304847,4.55773769,3.182012467,1,270.701917,5.558612794,-7.763799999,37.53471617,121.6972023,-334.7228257,34.92105509
0.1113230839,0.08258675637,5.455223779,3.834132721,1,266.9456015,6.667836246,-19.59375279,41.00113503,-34.35702609,-243.1602555,35.10096479
0.1113230839,0.08645046427,5.456392007,4.04580813,1,-26.09699979,6.792700284,-207.5660624,0,-274.7508166,-196.1670793,36.55621294
0.1113230839,0.09031417218,4.292835694,3.79009038,1,-421.5146284,5.726536771,-239.8913799,45.82856291,-181.8052526,-121.001879,41.44087738
0.1113230839,0.09417788008,3.125340216,3.586453826,1,-5.462630412,4.757142263,215.7271457,0,-518.5944914,-811.8172981,48.93015846
0.1113230839,0.09804158798,2.268032053,7.760221965,1,-677.0241258,8.084863285,202.6667741,92.93026456,243.4145422,-629.4183887,73.70826882
0.1113230839,0.1019052959,1.449999442,6.801387844,1,-34.51814124,6.954234321,-411.2428465,0,-13.39636331,-29.13404564,77.96518679
0.1113230839,0.1057690038,2.082904403,6.283865173,1,407.3607839,6.620079475,-1520.685184,0,187.1996398,203.0318794,71.66125874
0.1113230839,0.1096327117,3.747207248,0.1414486067,2,1559.719716,3.74987598,-691.7732198,127.9057112,-1129.565996,1333.756422,2.161759847
0.1113230839,0.1134964196,3.744892731,-1.542189709,2,673.1361938,4.050008724,-978.1800512,0,208.0817079,1377.753526,-22.38242503
0.1113230839,0.1173601275,7.151975817,-8.961190567,1,710.7062992,11.46532575,151.071247,23.57257983,-677.675298,927.4775137,-51.40643872
0.1113230839,0.1212238354,NaN,NaN,0,-443.9420925,5.968760823,1639.538116,0,-1253.62979,-648.0022189,-49.54902836
0.1151867918,0.01690372206,NaN,NaN,0,-13.42938655,0.303509897,4.995152464,0,9.555861932,26.34936026,58.61737518
0.1151867918,0.02076742997,NaN,NaN,0,-26.68671833,0.2648253626,11.21260433,0,25.47828558,32.08727875,55.34991348
0.1151867918,0.02463113787,NaN,NaN,0,-38.70805061,0.2353146393,38.77073776,0,62.10814397,34.32788885,49.32065434
0.1151867918,0.02849484577,NaN,NaN,0,-17.96353531,0.336611163,41.96135467,0,69.00312157,-1.019392562,44.2827206
0.1151867918,0.03235855367,NaN,NaN,0,-16.6942233,0.4915332308,25.0928269,0,48.69206482,-34.18998929,44.50004408
0.1151867918,0.03622226157,0.3646113659,0.4640732018,1,5.990465986,0.5901740292,14.79867685,0,35.17249702,-90.54882565,51.84411531
0.1151867918,0.04008596947,0.509627698,0.7515524426,1,56.79557232,0.908048162,-36.6575642,0,61.49480439,-125.9748366,55.85880498
0.1151867918,0.04394967737,0.821650829,0.8091690527,1,90.48305084,1.153197572,-97.40075404,0,107.5259425,-137.4971631,44.5614849
0.1151867918,0.04781338527,1.27467661,0.9064732552,1,87.97758478,1.564127304,-122.3647435,0,118.1899672,-221.190254,35.41814654
0.1151867918,0.05167709317,1.618222029,1.191001958,1,78.68051514,2.00926061,-116.2630811,0,117.9514308,-219.2800228,36.35285115
0.1151867918,0.05554080107,2.034405013,1.304500627,1,87.77311983,2.416717948,-119.7780623,0,141.9833732,-121.1709358,32.66879366
0.1151867918,0.05940450897,2.505934006,1.196383615,1,70.8250967,2.776875762,-79.72981555,0,137.8959037,-95.49203981,25.52075384
0.1151867918,0.06326821687,2.840841991,1.365401257,1,29.67321269,3.151936518,-20.2846694,0,124.2208774,-160.1503676,25.67045646
0.1151867918,0.06713192477,3.100535817,1.736783818,1,47.29436622,3.553834603,21.70286677,0,95.09519382,-162.8399781,29.25563127
0.1151867918,0.07099563267,3.390993659,2.078420905,1,53.59815505,3.977269346,-37.21002697,0,86.59392884,-215.2989493,31.5051259
0.1151867918,0.07485934057,3.642197079,2.424867394,1,94.64167266,4.375566414,43.06518983,7.004179029,71.19369179,-149.2806474,33.65450545
0.1151867918,0.07872304847,4.031733067,2.821589036,1,137.9882073,4.920999513,-24.07628066,20.20323776,39.22906329,-199.9591032,34.98606717
0.1151867918,0.08258675637,4.326912848,3.104427245,1,116.0252995,5.325377293,-146.0205912,0,-68.75213464,-303.5282582,35.65827938
0.1151867918,0.08645046427,4.214382767,3.430152653,1,-14.59301477,5.433872407,-64.10582202,0,-142.372165,-322.5581112,39.14268697
0.1151867918,0.09031417218,3.720445243,4.103011397,1,-330.2298941,5.538629373,97.45124375,28.94445934,-254.6013475,-240.6031403,47.79952722
0.1151867918,0.09417788008,1.954765679,4.736296048,1,-406.7010821,5.123827584,223.620111,51.59613786,-70.92628635,-376.8957281,67.57306496
0.1151867918,0.09804158798,1.875032606,6.423229189,1,158.3474792,6.691309325,260.1521343,0,-316.9595547,-180.2899878,73.72671892
0.1151867918,0.1019052959,1.341934949,6.438035755,1,226.0153143,6.57640432,16.22710227,0,-340.2774232,-0.9447745494,78.22593253
0.1151867918,0.1057690038,1.433557193,6.489576305,1,1023.161619,6.6460279,-1852.177359,0,136.0354219,1699.14791,77.54332277
0.1151867918,0.1096327117,5.820733715,-7.283247744,1,264.6880649,9.323445644,-879.7048707,0,92.10762623,689.3842644,-51.36833367
0.1151867918,0.1134964196,2.812111523,0.4270742174,1,-265.9866312,2.844356449,75.01113785,0,523.0044445,-35.08181334,8.635499096
0.1151867918,0.1173601275,6.813775471,-6.857880739,1,-1212.89153,9.667371121,-1405.062314,0,1558.718763,-286.0148796,-45.18483766
0.1151867918,0.1212238354,NaN,NaN,0,-1240.137316,5.691376108,492.8711983,0,-139.6194371,-1039.999619,-43.20805391
0.1190504997,0.01690372206,NaN,NaN,0,-15.92395282,0.3930713127,14.10509481,0,19.40394438,17.43618444,55.5513599
0.1190504997,0.02076742997,NaN,NaN,0,-20.17130163,0.3916752252,18.33475428,0,27.89982756,18.05150256,54.20775872
0.1190504997,0.02463113787,NaN,NaN,0,-21.96833016,0.4115657133,28.83004555,0,42.67397963,13.59655765,52.20760878
0.1190504997,0.02849484577,NaN,NaN,0,-15.085056,0.487159213,33.8907701,0,48.36736657,-2.492938582,50.62188735
0.1190504997,0.03235855367,NaN,NaN,0,-10.47181455,0.6016551564,35.65134023,0,45.2252526,-17.63375478,50.73388321
0.1190504997,0.03622226157,NaN,NaN,0,-4.629903057,0.7319797796,50.70303395,0,46.68549188,-19.62503267,52.72195311
0.1190504997,0.04008596947,NaN,NaN,0,23.62638702,0.916039025,39.38902053,0,31.70588463,-25.56071548,53.62353293
0.1190504997,0.04394967737,NaN,NaN,0,-1.602589562,1.061301938,-3.232411881,0,21.19364851,-42.58790145,51.74379548
0.1190504997,0.04781338527,0.6189861067,0.8895954523,1,14.43206504,1.083754524,-33.18097943,0,43.7865342,-113.7125165,55.16956093
0.1190504997,0.05167709317,0.8820755207,1.144537561,1,101.319568,1.444999465,-36.76680006,0,105.1907106,-164.1430278,52.37917359
0.1190504997,0.05554080107,1.416881502,1.38173999,1,106.361944,1.979080238,-88.13354864,0,134.0747703,-187.3658116,44.28059064
0.1190504997,0.05940450897,1.811052753,1.52794204,1,33.38686661,2.369497616,-171.2897081,0,146.8883461,-284.4964986,40.15352833
0.1190504997,0.06326821687,2.113412265,1.819137961,1,39.08618705,2.788507544,-211.090643,0,172.4731058,-285.5697997,40.72050983
0.1190504997,0.06713192477,2.628456064,1.815707746,1,27.03122901,3.194616706,-172.8911272,0,86.93898175,-272.3566549,34.63627814
0.1190504997,0.07099563267,2.553759869,2.203443706,1,114.8639803,3.372959181,-68.0287667,0,118.1418934,-240.0279634,40.78839249
0.1190504997,0.07485934057,3.528722699,2.480262401,1,148.0152013,4.31318739,-73.2501959,0,146.616424,-227.762983,35.10254914
0.1190504997,0.07872304847,3.692130407,2.800435982,1,36.54285111,4.634033733,-121.3939076,0,12.52287642,-287.0234801,37.17987451
0.1190504997,0.08258675637,3.718298338,3.120206689,1,4.670322801,4.854011981,-114.7208204,0,65.28970328,-309.2673169,40.00166309
0.1190504997,0.08645046427,3.962435513,3.552106818,1,-24.63827835,5.321499604,-42.10010714,0,30.18741487,-291.1071048,41.87448993
0.1190504997,0.09031417218,3.739738581,4.082296993,1,-184.7635601,5.536315868,35.73721207,0,-185.1680047,-308.927233,47.50761042
0.1190504997,0.09417788008,2.533128003,4.883789558,1,-170.688219,5.501648655,269.8618556,0,-130.3548597,-206.7470077,62.585096
0.1190504997,0.09804158798,2.576596059,5.923774423,1,-26.53625947,6.459872342,-88.77772803,0,-238.5153794,-18.79535759,66.49295906
0.1190504997,0.1019052959,1.509045892,4.61339812,2,274.0333164,4.853932603,-489.6114746,0,-554.8394171,304.3164894,71.88704153
0.1190504997,0.1057690038,1.491643309,2.856268676,2,924.6224788,3.222308258,-848.9514664,0,-535.6649893,481.0532985,62.42486338
0.1190504997,0.1096327117,3.011864018,-0.5253517979,2,-736.9932919,3.057338609,-819.788936,0,1360.105786,-470.3765667,-9.8944132
0.1190504997,0.1134964196,3.899167977,1.506241344,1,-478.7880281,4.179984916,70.13152211,70.23427304,-140.7506573,-518.1256327,21.12145393
0.1190504997,0.1173601275,0.618147504,1.747502019,1,-1445.935567,1.853609895,-1105.605146,41.92318774,891.908823,-640.7256822,70.51967988
0.1190504997,0.1212238354,NaN,NaN,0,-374.6526886,1.782308062,-998.2442294,0,964.9783522,56.400264,-9.36155024
0.1229142076,0.01690372206,NaN,NaN,0,-14.55544168,0.4846222348,15.51266219,0,20.37187224,11.380406,54.71786716
0.1229142076,0.02076742997,NaN,NaN,0,-15.23620732,0.497649971,18.3585,0,24.91309853,9.918761821,54.19267132
0.1229142076,0.02463113787,NaN,NaN,0,-13.9089124,0.5329652342,24.32392007,0,32.32058044,4.499777785,53.46145921
0.1229142076,0.02849484577,NaN,NaN,0,-9.93654397,0.6015250077,29.12033995,0,36.56711247,-4.915164639,52.96584426
0.1229142076,0.03235855367,NaN,NaN,0,-5.478075848,0.6998946403,32.91872998,0,37.15608713,-14.22705859,53.10308923
0.1229142076,0.03622226157,NaN,NaN,0,0.1112497416,0.8207421142,37.7680131,0,36.86243286,-19.96191986,53.80408827
0.1229142076,0.04008596947,NaN,NaN,0,8.219102307,0.9642406515,35.10163314,0,33.17295979,-25.69648236,54.2720387
0.1229142076,0.04394967737,NaN,NaN,0,3.172166402,1.104798699,29.91015202,0,34.11502591,-31.4612286,54.30517572
0.1229142076,0.04781338527,NaN,NaN,0,0.0240835875,1.241047675,53.4010588,0,51.05395389,-26.49935623,55.26517562
0.1229142076,0.05167709317,NaN,NaN,0,20.64565785,1.470796457,41.19294989,0,47.38042377,-60.18234897,55.0783848
0.1229142076,0.05554080107,NaN,NaN,0,-17.98743528,1.712704948,-14.4747347,1.234262097,-7.132450496,-125.4979451,55.5053096
0.1229142076,0.05940450897,0.7449092381,1.634920178,1,-15.78818164,1.796622877,-60.8626797,0,3.348099571,-182.2989964,65.5048408
0.1229142076,0.06326821687,0.9218911146,1.880769349,1,90.31762614,2.094558801,-105.3192842,0,74.11488857,-191.5912557,63.88742957
0.1229142076,0.06713192477,1.380228444,1.968249876,1,166.7325891,2.403963005,-170.1061233,0,164.2606836,-224.5399625,54.96007342
0.1229142076,0.07099563267,2.200752437,2.091085804,1,213.914165,3.035778504,-139.5903751,22.66736591,70.51252202,-256.3727673,43.53627562
0.1229142076,0.07485934057,2.479170082,2.419462927,1,89.02069484,3.464113906,-188.7749046,0,-23.54598798,-353.8228541,44.30168302
0.1229142076,0.07872304847,2.453727579,2.72878287,1,72.39620512,3.669745902,-137.258295,0,-18.15389303,-375.1592754,48.03805176
0.1229142076,0.08258675637,2.688746532,3.338642825,1,-1.981781903,4.286711306,-240.7191456,0,124.4651224,-477.0724805,51.15407566
0.1229142076,0.08645046427,2.92696743,3.641983117,1,-57.56740062,4.672384762,-179.6096483,0,51.40033725,-377.0381124,51.21206229
0.1229142076,0.09031417218,2.6649188,4.101448741,1,-181.2571928,4.891183291,-92.91069952,24.14482469,-7.251988916,-416.4727497,56.98617878
0.1229142076,0.09417788008,2.198623015,4.892132367,1,-221.9520184,5.363478559,33.49742896,31.07323328,-90.05841474,-355.4437349,65.79988743
0.1229142076,0.09804158798,1.459401625,5.604203789,1,-174.6078158,5.791109842,-485.6827632,0,-232.4140929,-56.9187925,75.40367767
0.1229142076,0.1019052959,0.6260092508,3.235513626,2,166.8218906,3.295517562,-872.5186304,0,-541.4090818,358.617841,79.0496788
0.1229142076,0.1057690038,0.01210613457,0.8474520776,2,852.480983,0.8475385433,-881.661563,0,-798.1544595,-256.3081058,89.18156642
0.1229142076,0.1096327117,0.8359110689,0.8193305325,2,-87.7828738,1.17049128,-373.693264,0,364.4826223,-602.9289678,44.42608802
0.1229142076,0.1134964196,1.081193139,1.733151877,2,-219.3974088,2.042741793,-390.8682061,0,20.24989679,-741.7064691,58.04282397
0.1229142076,0.1173601275,0.06646325344,2.174867101,1,-144.819986,2.175882412,-236.1942519,0,-3.202635591,-118.7404876,88.24960379
0.1229142076,0.1212238354,NaN,NaN,0,-175.6569407,1.376984477,-497.8142644,0,404.8739128,-34.25838317,68.29366655
0.1267779155,0.01690372206,NaN,NaN,0,-11.52817994,0.5632091047,13.98677887,0,17.77655876,6.873884629,54.60023671
0.1267779155,0.02076742997,NaN,NaN,0,-10.85506594,0.5814053424,16.29572752,0,20.51422154,4.710296886,54.41501706
0.1267779155,0.02463113787,NaN,NaN,0,-8.494568153,0.6213315157,20.98679478,0,25.12813111,-0.6010436986,54.18612214
0.1267779155,0.02849484577,NaN,NaN,0,-5.274131632,0.6866459285,25.34793965,0,28.42441573,-7.44043917,54.10386009
0.1267779155,0.03235855367,NaN,NaN,0,-1.615194611,0.7764042527,29.13522663,0,29.96955059,-14.39739507,54.30393043
0.1267779155,0.03622226157,NaN,NaN,0,2.333875565,0.8871871669,32.34865532,0,30.43519264,-20.2991058,54.74131155
0.1267779155,0.04008596947,NaN,NaN,0,5.966606065,1.015601946,33.33934689,0,30.00849577,-25.80206551,55.19911214
0.1267779155,0.04394967737,NaN,NaN,0,6.048069274,1.154159628,34.37032804,0,31.03954147,-31.06117434,55.65528257
0.1267779155,0.04781338527,NaN,NaN,0,6.609997334,1.305247042,40.44070234,0,34.17027939,-35.8827412,56.36764845
0.1267779155,0.05167709317,NaN,NaN,0,10.89216229,1.486974229,37.37601048,0,28.74373391,-49.82533177,57.05319525
0.1267779155,0.05554080107,NaN,NaN,0,5.303302837,1.671634281,30.81922354,0,10.96113436,-60.81455474,58.39375623
0.1267779155,0.05940450897,NaN,NaN,0,17.17374959,1.823625714,63.01200917,0,6.163603104,-23.137059,61.45036308
0.1267779155,0.06326821687,NaN,NaN,0,48.5990803,2.004751758,32.38294666,5.338433965,11.47580284,-20.48802329,61.18564417
0.1267779155,0.06713192477,NaN,NaN,0,22.70175417,2.116663905,-57.33944264,0,-7.784145988,-29.60606495,58.57283101
0.1267779155,0.07099563267,1.023873947,1.649381645,1,60.21698863,1.941333993,-113.3496123,0,24.83721216,-175.2540317,58.16954875
0.1267779155,0.07485934057,1.432283452,2.045337619,1,112.9572858,2.496966532,-60.68105537,10.7863668,65.21991143,-268.0453873,54.99769494
0.1267779155,0.07872304847,1.712298592,2.450576853,1,-46.46018182,2.989530629,41.37786734,0,-79.66795814,-363.2652923,55.05673454
0.1267779155,0.08258675637,0.9449611613,3.608760592,1,49.34742632,3.730429547,-43.50016001,0,-23.61759044,-437.5644925,75.32643614
0.1267779155,0.08645046427,1.811711162,3.973126328,1,105.0080736,4.366695564,-84.65869353,0,108.9492399,-381.2239908,65.48742539
0.1267779155,0.09031417218,1.771629724,4.754602274,1,-130.0072803,5.073944685,7.443231971,20.14169116,-5.222829739,-360.1470789,69.56391949
0.1267779155,0.09417788008,1.289221518,5.393387916,1,-155.0339025,5.545333654,4.852332181,0,-179.2272828,-239.9450501,76.55642629
0.1267779155,0.09804158798,0.4801421413,5.700427854,1,-155.9505948,5.720613096,-540.1034006,0,-301.0555276,370.0035458,85.18539008
0.1267779155,0.1019052959,-0.4765166482,1.877000517,2,-290.2823887,1.936543068,-1288.247039,0,-585.8918251,1098.510091,104.2448166
0.1267779155,0.1057690038,-2.905139091,-3.521304524,1,200.8388861,4.565021214,-202.102373,0,-274.6028389,-32.59407662,-129.5232398
0.1267779155,0.1096327117,-0.7615190153,1.222069973,2,-247.2217776,1.439918827,597.5456491,0,875.7292656,-943.3247296,121.9286281
0.1267779155,0.1134964196,-0.4767697434,2.432168532,2,-354.2358811,2.478457818,-191.8014379,0,356.384688,-469.4104469,101.0908636
0.1267779155,0.1173601275,-0.7532166531,2.294670094,1,-61.30269325,2.415128603,-191.5090505,0,107.7779769,-67.51313474,108.1722236
0.1267779155,0.1212238354,NaN,NaN,0,-12.1471609,1.975567946,-238.1283625,0,248.1970083,-61.31087524,98.65237856
0.1306416234,0.01690372206,NaN,NaN,0,-7.755231166,0.6236044235,11.47212583,0,13.86238353,3.210772075,54.68150815
0.1306416234,0.02076742997,NaN,NaN,0,-6.599213653,0.6434476499,13.62905998,0,15.80119244,0.8713612322,54.64588667
0.1306416234,0.02463113787,NaN,NaN,0,-3.940162636,0.6843788667,17.97959188,0,19.25330675,-4.173810295,54.63852883
0.1306416234,0.02849484577,NaN,NaN,0,-1.050219792,0.7474935273,22.14939725,0,22.03286876,-9.848153274,54.74341449
0.1306416234,0.03235855367,NaN,NaN,0,1.95755347,0.8321366858,25.92558156,0,23.86250685,-15.62297672,55.0126576
0.1306416234,0.03622226157,NaN,NaN,0,4.872841063,0.9362326337,29.15203468,0,24.90029136,-21.03504278,55.42900689
0.1306416234,0.04008596947,NaN,NaN,0,7.265377115,1.057097675,31.53677106,0,25.38628917,-26.15149955,55.9308955
0.1306416234,0.04394967737,NaN,NaN,0,8.443507296,1.191564893,33.79111092,0,25.86436479,-31.09866206,56.51548746
0.1306416234,0.04781338527,NaN,NaN,0,9.475674181,1.339387943,36.61541202,0,25.84388831,-36.14510244,57.24191271
0.1306416234,0.05167709317,NaN,NaN,0,11.00969116,1.501889832,37.05116617,0,22.46309812,-42.42168216,58.09063328
0.1306416234,0.05554080107,NaN,NaN,0,11.13473475,1.668580051,37.3636092,0,16.06965094,-44.7978831,59.21286151
0.1306416234,0.05940450897,NaN,NaN,0,15.37320449,1.828614129,43.32519914,0,14.07696802,-35.33000859,60.55320431
0.1306416234,0.06326821687,NaN,NaN,0,19.65607815,1.988735464,32.83574297,0,17.9559788,-33.96047486,60.87832823
0.1306416234,0.06713192477,NaN,NaN,0,2.590279182,2.124796897,17.26305718,0,27.9044262,-38.914283,60.56205803
0.1306416234,0.07099563267,NaN,NaN,0,-34.75156451,2.235692146,55.14599119,0,77.39731643,-44.38492677,60.94761896
0.1306416234,0.07485934057,NaN,NaN,0,-22.02038224,2.541093502,41.67884938,0,54.21130801,-125.5411003,61.58816883
0.1306416234,0.07872304847,NaN,NaN,0,-76.09582872,2.868222791,25.64692846,10.58921728,-22.00006906,-187.0264096,65.0466024
0.1306416234,0.08258675637,0.8300532331,3.056727313,1,64.94163072,3.16742328,141.7552166,0,-86.45354951,-131.747061,74.80770165
0.1306416234,0.08645046427,1.126932822,3.657210633,1,135.5001501,3.826900469,94.4548784,14.94630715,-13.30640787,-300.723053,72.87384245
0.1306416234,0.09031417218,1.30217416,4.583579409,1,161.8323094,4.764961463,45.58178182,15.38991578,-119.5515247,-249.8457216,74.14039177
0.1306416234,0.09417788008,1.290293424,4.798656212,1,201.8008705,4.969100377,-12.79949785,0,-331.2073115,-131.8512783,74.94991046
0.1306416234,0.09804158798,0.802185472,5.043560713,1,174.4397683,5.106956648,-341.2282241,0,-536.105907,358.9518027,80.96272415
0.1306416234,0.1019052959,-0.1070788941,2.093365111,2,-292.7618353,2.096101948,-700.8619808,0,-146.4219508,860.6112828,92.92821649
0.1306416234,0.1057690038,-0.8946923921,-0.9895158717,2,488.3787278,1.33402254,763.9534606,0,-590.0943368,-29.25356183,-132.1189992
0.1306416234,0.1096327117,-0.5000782962,5.15808535,1,-470.4316136,5.182270041,748.7621247,0,320.6159269,-666.5358732,95.53754064
0.1306416234,0.1134964196,-1.473536444,4.478782184,1,-106.2238858,4.714954879,-404.0829299,0,-6.166730942,198.9491802,108.211403
0.1306416234,0.1173601275,NaN,NaN,0,112.1522426,2.978483782,-298.0551696,0,101.5977828,269.6749944,108.2817936
0.1306416234,0.1212238354,NaN,NaN,0,58.48094146,2.375245377,-194.1258818,0,89.9019255,86.90300122,105.8234758
0.1345053313,0.01690372206,NaN,NaN,0,-3.632136933,0.6641582888,8.683043019,0,9.515562371,0.00456598447,54.78493741
0.1345053313,0.02076742997,NaN,NaN,0,-2.319606775,0.6844098623,10.83413314,0,11.10164604,-2.327152177,54.81691061
0.1345053313,0.02463113787,NaN,NaN,0,0.3833510553,0.7252716297,15.1531155,0,14.05103466,-7.117405438,54.91147024
0.1345053313,0.02849484577,NaN,NaN,0,3.055861629,0.7868816689,19.3444759,0,16.59124573,-12.15538691,55.10798709
0.1345053313,0.03235855367,NaN,NaN,0,5.62278722,0.8685316414,23.26566769,0,18.54731668,-17.21131575,55.42911716
0.1345053313,0.03622226157,NaN,NaN,0,7.934558103,0.9686639746,26.79713076,0,19.91717677,-22.06658904,55.86881058
0.1345053313,0.04008596947,NaN,NaN,0,9.778554036,1.085209441,29.86459175,0,20.77200477,-26.67022785,56.40683832
0.1345053313,0.04394967737,NaN,NaN,0,10.98490861,1.215958023,32.64193256,0,21.1877402,-31.0368719,57.04001731
0.1345053313,0.04781338527,NaN,NaN,0,11.83950093,1.359322535,35.17866866,0,20.87781094,-35.17732434,57.7804301
0.1345053313,0.05167709317,NaN,NaN,0,12.53619341,1.513393371,36.84963297,0,19.19511932,-38.91841134,58.62379775
0.1345053313,0.05554080107,NaN,NaN,0,12.8527405,1.673174383,38.25884795,0,16.77740325,-40.62528689,59.573739
0.1345053313,0.05940450897,NaN,NaN,0,13.52825548,1.834227585,40.08943522,0,16.11863922,-39.42461741,60.52794481
0.1345053313,0.06326821687,NaN,NaN,0,12.06174862,1.99690199,38.37176891,0,18.36671813,-41.10958454,61.2040547
0.1345053313,0.06713192477,NaN,NaN,0,2.754848926,2.159973816,38.40993718,0,24.04855556,-47.70566543,61.82083916
0.1345053313,0.07099563267,NaN,NaN,0,-11.6331039,2.339400279,51.51835584,0,34.47627964,-61.30360678,62.90688679
0.1345053313,0.07485934057,NaN,NaN,0,-16.02812814,2.589065993,56.62831265,0,22.06477983,-92.68289797,64.65577289
0.1345053313,0.07872304847,NaN,NaN,0,-25.66690422,2.873818935,68.20517562,0,-6.590829272,-108.8111136,67.73690564
0.1345053313,0.08258675637,NaN,NaN,0,0.2514896432,3.179776347,117.6952485,0,-19.41034723,-73.46676636,71.98058256
0.1345053313,0.08645046427,NaN,NaN,0,53.27928566,3.546456796,62.465814,0,-53.59406754,-104.1108293,73.37353497
0.1345053313,0.09031417218,NaN,NaN,0,122.3245583,3.796720455,-62.62893688,0,-195.9372699,-46.01762381,75.00390634
0.1345053313,0.09417788008,0.7303331711,3.333999992,1,157.211431,3.413054715,-168.7341914,0,-269.4850979,15.63026758,77.64417424
0.1345053313,0.09804158798,0.548620872,2.955086914,1,218.9306041,3.005582062,-156.6196794,0,-371.5366484,74.13920058,79.4826078
0.1345053313,0.1019052959,0.140707992,2.442415085,1,-90.99029539,2.446464834,-1337.195795,0,-68.20759823,1417.488723,86.70282385
0.1345053313,0.1057690038,-0.06647328732,-7.688209424,1,-377.0515681,7.688496787,351.4706052,0,225.7645649,-123.7287544,-90.49537463
0.1345053313,0.1096327117,-0.4438207975,4.278446605,1,360.3588139,4.301404683,1420.138938,0,-671.6849742,-1299.26166,95.92234362
0.1345053313,0.1134964196,-1.269346632,2.818760152,1,532.576358,3.091383132,-87.12199872,0,-641.0339778,436.8709924,114.2430339
0.1345053313,0.1173601275,NaN,NaN,0,270.7036901,2.413413977,-44.81169358,36.52746855,-126.3175374,147.8203929,110.9486193
0.1345053313,0.1212238354,NaN,NaN,0,116.945597,2.193102169,-43.35791431,0,-38.58116041,49.50868545,108.9302879
0.1383690392,0.01690372206,NaN,NaN,0,-1.531282251,0.6844621076,7.277178535,0,7.277178535,-1.531282251,54.84719966
0.1383690392,0.02076742997,NaN,NaN,0,-0.1941823438,0.7047666879,9.443025093,0,8.744262194,-3.834657962,54.90587437
0.1383690392,0.02463113787,NaN,NaN,0,2.476997937,0.7454313642,13.77475545,0,11.5182542,-8.492778005,55.04143126
0.1383690392,0.02849484577,NaN,NaN,0,5.034410639,0.8062664179,17.99224817,0,13.96688021,-13.2621482,55.27682912
0.1383690392,0.03235855367,NaN,NaN,0,7.405594834,0.886512262,21.99306863,0,15.95591821,-18.00272421,55.6246335
0.1383690392,0.03622226157,NaN,NaN,0,9.471527998,0.9847899902,25.68445849,0,17.44161638,-22.57154023,56.08182523
0.1383690392,0.04008596947,NaN,NaN,0,11.09565201,1.099280486,29.01082348,0,18.43053322,-26.89766005,56.63823511
0.1383690392,0.04394967737,NaN,NaN,0,12.19871813,1.227976508,31.99940168,0,18.91613437,-30.93523057,57.28895502
0.1383690392,0.04781338527,NaN,NaN,0,12.89959333,1.3688887,34.60708979,0,18.74613014,-34.60951898,58.03264861
0.1383690392,0.05167709317,NaN,NaN,0,13.33317911,1.519641802,36.64009769,0,17.7718269,-37.71910339,58.85922589
0.1383690392,0.05554080107,NaN,NaN,0,13.45456576,1.676999596,38.41895376,0,16.4834161,-39.67399638,59.74640969
0.1383690392,0.05940450897,NaN,NaN,0,13.11125872,1.838594396,40.28609251,0,15.9675371,-40.74942199,60.63682977
0.1383690392,0.06326821687,NaN,NaN,0,10.78986841,2.004979544,41.55415016,0,16.86164247,-43.94539055,61.48120494
0.1383690392,0.06713192477,NaN,NaN,0,4.277308578,2.179975114,44.98225649,0,19.1699615,-50.99949772,62.44724659
0.1383690392,0.07099563267,NaN,NaN,0,-4.9585912,2.376079901,53.61330504,0,20.84548605,-62.71681426,63.83193022
0.1383690392,0.07485934057,NaN,NaN,0,-10.26936375,2.61137261,60.12841903,0,11.6396025,-80.05822202,65.81681417
0.1383690392,0.07872304847,NaN,NaN,0,-12.6838842,2.874090123,68.24112906,0,-5.128946106,-86.67746416,68.50425189
0.1383690392,0.08258675637,NaN,NaN,0,-0.132285234,3.144329455,78.2564264,0,-22.41871093,-69.29642302,71.43794785
0.1383690392,0.08645046427,NaN,NaN,0,24.49104611,3.385053163,35.67866394,0,-55.17234672,-60.89927621,73.41839724
0.1383690392,0.09031417218,NaN,NaN,0,46.55285415,3.468043444,-38.08435317,0,-115.7309779,-13.68868088,75.25982365
0.1383690392,0.09417788008,NaN,NaN,0,-4.004123912,3.226593312,-84.75254029,0,-99.23623519,68.40110368,77.4930524
0.1383690392,0.09804158798,NaN,NaN,0,-14.20354224,2.804166118,-142.2036096,0,-114.0657444,108.4971911,80.07122575
0.1383690392,0.1019052959,NaN,NaN,0,3.077248103,2.190829875,-167.9338997,0,-132.0387046,200.2559784,84.67947934
0.1383690392,0.1057690038,-0.01476440394,1.339589584,1,-2367.129169,1.339670945,-117.4265035,0,2305.99791,144.1929593,90.63146488
0.1383690392,0.1096327117,-0.03304380401,1.170569612,1,790.4725269,1.171035913,-74.24745269,0,-818.2810706,286.8810182,91.61696309
0.1383690392,0.1134964196,-0.122208494,-0.05570534224,1,678.835932,0.134305626,312.8960697,0,-809.0951269,280.9056192,-155.4954492
0.1383690392,0.1173601275,NaN,NaN,0,183.4692586,1.400902026,309.6919149,0,-313.3174557,-140.6614995,112.5099737
0.1383690392,0.1212238354,NaN,NaN,0,78.31353391,1.796167971,123.6465233,0,-123.6465233,-78.31353391,110.3254866
