PIVlab, ASCII chart output - 19-Sep-2021
FRAME: 402, filenames: A: 72_12_75_60 402.jpg & B: 72_12_75_60 403.jpg, conversion factor xy (px -> m): 0.00024148, conversion factor uv (px/frame -> m/s): 1
x [m],y [m],u [m/s],v [m/s],Vector type [-],vorticity [1/s],magnitude [m/s],divergence [1/s],dcev [1],simple shear [1/s],simple strain [1/s],vector direction [degrees]
0.03791263377,0.01690372206,NaN,NaN,0,-0.8071944432,0.861643198,-2.829545272,0,2.829545272,0.8071944432,-72.10819475
0.03791263377,0.02076742997,NaN,NaN,0,-0.4419641696,0.8695307501,-3.751644585,0,3.429678947,1.820916688,-72.00543367
0.03791263377,0.02463113787,NaN,NaN,0,0.3588355655,0.8856899171,-5.653846153,0,4.466885431,3.908561611,-71.82545061
0.03791263377,0.02849484577,NaN,NaN,0,1.175917476,0.9104518266,-7.542678987,0,5.240710239,6.106150092,-71.60774055
0.03791263377,0.03235855367,NaN,NaN,0,2.004027862,0.9435537873,-9.219446052,0,5.608563671,8.264047312,-71.39392396
0.03791263377,0.03622226157,NaN,NaN,0,2.729559249,0.9838548116,-10.47977467,0,5.504012398,10.19321318,-71.22357804
0.03791263377,0.04008596947,NaN,NaN,0,3.222988937,1.029414042,-11.2044911,0,4.907195662,11.69782668,-71.13429028
0.03791263377,0.04394967737,NaN,NaN,0,3.419019751,1.077745232,-11.39270555,0,3.871797581,12.5781045,-71.15665672
0.03791263377,0.04781338527,NaN,NaN,0,3.357568443,1.126168298,-11.13531551,0,2.573326037,12.66976226,-71.30173942
0.03791263377,0.05167709317,NaN,NaN,0,3.244153178,1.172220307,-10.43457527,0,1.166922568,11.93976599,-71.54863288
0.03791263377,0.05554080107,NaN,NaN,0,3.078100414,1.213572405,-9.106025544,0,-0.1695458842,10.60587726,-71.84800884
0.03791263377,0.05940450897,NaN,NaN,0,2.237955738,1.248095283,-7.187678155,0,-1.100959845,9.23094371,-72.16585127
0.03791263377,0.06326821687,NaN,NaN,0,0.000260423157,1.275316007,-5.051463222,0,-1.766360813,8.814390233,-72.54837195
0.03791263377,0.06713192477,NaN,NaN,0,-3.178573872,1.297206882,-2.886308958,0,-3.894876761,9.738082434,-73.17751422
0.03791263377,0.07099563267,NaN,NaN,0,-9.41435503,1.314281922,-2.444659228,0,-5.701625476,11.6779455,-74.32296194
0.03791263377,0.07485934057,NaN,NaN,0,-17.21484021,1.334462328,-7.794790385,0,-5.612950276,13.98512409,-76.25730357
0.03791263377,0.07872304847,NaN,NaN,0,-23.23938395,1.375688804,-15.36905579,0,-5.531834651,21.0655783,-78.81136791
0.03791263377,0.08258675637,NaN,NaN,0,-37.04132486,1.451701966,-22.51433928,0,-3.174681042,39.70739136,-81.84787395
0.03791263377,0.08645046427,NaN,NaN,0,-90.400679,1.593857324,-53.01111626,0,25.93725383,84.31290271,-85.9865405
0.03791263377,0.09031417218,NaN,NaN,0,-59.02352091,1.968086987,-85.93690441,0,-38.1250128,120.005335,-91.25815933
0.03791263377,0.09417788008,NaN,NaN,0,116.3958681,2.40018997,-122.2274357,0,-149.9583689,-39.01306067,-96.3099668
0.03791263377,0.09804158798,NaN,NaN,0,122.4764592,2.295648111,-3.45715853,0,-13.08885342,-121.2025583,-94.31914035
0.03791263377,0.1019052959,NaN,NaN,0,67.87597707,1.937238591,57.17747565,0,125.117627,-99.72975545,-85.29676157
0.03791263377,0.1057690038,0.5727814192,-1.682884832,1,226.2959299,1.777689487,-320.2506134,0,71.73331392,295.5049627,-71.20364023
0.03791263377,0.1096327117,1.310341512,-4.309815116,1,-234.8076385,4.504608886,-514.1161148,0,389.3402309,-96.40958983,-73.08880886
0.03791263377,0.1134964196,1.169850217,-3.296780832,1,-191.7027703,3.498187157,-429.9531173,0,-23.99941511,-805.8334374,-70.46296286
0.03791263377,0.1173601275,NaN,NaN,0,-171.5384055,2.897050769,-63.37738644,0,-42.3692444,-226.1689378,-80.5244633
0.03791263377,0.1212238354,NaN,NaN,0,-83.67072929,2.689808913,14.53624156,0,14.53624156,-83.67072929,-82.66576682
0.04177634167,0.01690372206,NaN,NaN,0,-1.611842056,0.8537584687,-3.240587012,0,3.725815817,0.1612493025,-72.21285423
0.04177634167,0.02076742997,NaN,NaN,0,-1.34023254,0.8612657791,-4.139954127,0,4.46648046,1.196952071,-72.08771444
0.04177634167,0.02463113787,NaN,NaN,0,-0.6145431135,0.8770983396,-6.072707951,0,5.687363611,3.393124991,-71.87300914
0.04177634167,0.02849484577,NaN,NaN,0,0.2529407733,0.9021247527,-8.070783351,0,6.558629843,5.829802756,-71.61763257
0.04177634167,0.03235855367,NaN,NaN,0,1.297929334,0.936365531,-9.827807415,0,6.889645901,8.300855756,-71.36501019
0.04177634167,0.03622226157,NaN,NaN,0,2.333088603,0.9786027623,-11.05926226,0,6.624850207,10.57389012,-71.15325709
0.04177634167,0.04008596947,NaN,NaN,0,3.134631748,1.02664522,-11.6396176,0,5.73153307,12.42353783,-71.02524427
0.04177634167,0.04394967737,NaN,NaN,0,3.564705251,1.077659829,-11.62771421,0,4.246667666,13.57732041,-71.02640862
0.04177634167,0.04781338527,NaN,NaN,0,3.619584994,1.128556081,-11.28962997,0,2.471205368,13.78045202,-71.18384478
0.04177634167,0.05167709317,NaN,NaN,0,3.785455201,1.176948182,-10.68010783,0,0.6083230267,12.92593538,-71.47618275
0.04177634167,0.05554080107,NaN,NaN,0,4.294317299,1.220437093,-9.183672066,0,-1.116725349,11.15907323,-71.81051194
0.04177634167,0.05940450897,NaN,NaN,0,4.054344366,1.255445798,-6.600667405,0,-1.785810826,9.077441929,-72.08451895
0.04177634167,0.06326821687,NaN,NaN,0,1.513548712,1.280765515,-3.797374548,0,-0.8753951426,8.757172559,-72.28392559
0.04177634167,0.06713192477,NaN,NaN,0,-0.7872298118,1.302420031,0.3733055267,0,-3.551041193,10.25802152,-72.63774036
0.04177634167,0.07099563267,NaN,NaN,0,-9.642865377,1.312335374,4.299326885,1.256400007,-5.803835015,12.2628352,-73.48851769
0.04177634167,0.07485934057,NaN,NaN,0,-21.44537889,1.315640845,-3.38578737,4.118160886,-3.150793474,11.39671723,-75.51950822
0.04177634167,0.07872304847,NaN,NaN,0,-22.40223289,1.344378999,-11.37632187,3.791406887,-0.8676265208,13.92593528,-78.06835379
0.04177634167,0.08258675637,NaN,NaN,0,-22.5286212,1.392285909,5.788468419,4.172544809,-4.884752728,18.6950073,-80.11278049
0.04177634167,0.08645046427,NaN,NaN,0,-159.743996,1.37599632,-45.59218102,22.14655491,103.7182601,98.21590581,-82.81814009
0.04177634167,0.09031417218,NaN,NaN,0,-160.3370487,1.92737216,-123.5739464,19.00880772,-33.0826264,273.7143779,-89.32810241
0.04177634167,0.09417788008,-0.5752912785,-2.900206748,1,-93.47110275,2.956714264,26.72666984,17.193836,-19.4554718,188.1729552,-101.2196721
0.04177634167,0.09804158798,-0.4137138599,-2.551020925,1,63.40610859,2.584350386,206.1804262,0,105.3256054,-73.36291701,-99.21178792
0.04177634167,0.1019052959,0.07663877806,-1.820132925,1,173.7693839,1.821745692,76.37784614,27.51540517,69.18125319,-71.03073324,-87.5889199
0.04177634167,0.1057690038,0.5249764361,-1.981477232,1,117.1994364,2.049842013,-228.6432314,0,-103.156905,103.6592349,-75.16088091
0.04177634167,0.1096327117,0.1308950176,-3.104052589,1,-408.2863151,3.106811224,-294.9604577,54.87876906,-42.70154453,-38.38691835,-87.58532075
0.04177634167,0.1134964196,-1.21750892,-2.972802443,1,-213.7946425,3.212457367,-97.19616432,20.73112547,158.5821472,-225.5871303,-112.2715147
0.04177634167,0.1173601275,NaN,NaN,0,89.725322,2.609289744,28.31903487,0,279.6930616,-99.72432434,-91.81032919
0.04177634167,0.1212238354,NaN,NaN,0,9.723993824,2.486946857,36.87448366,0,141.553355,-30.37029698,-85.16038424
0.04564004958,0.01690372206,NaN,NaN,0,-3.046434312,0.8383770399,-3.991232558,0,5.341456447,-1.292603099,-72.44897492
0.04564004958,0.02076742997,NaN,NaN,0,-3.13199816,0.8446888714,-4.828018014,0,6.519467686,-0.2197055934,-72.2688747
0.04564004958,0.02463113787,NaN,NaN,0,-2.756728719,0.8593295822,-6.862569307,0,8.284471177,2.200862389,-71.97493163
0.04564004958,0.02849484577,NaN,NaN,0,-1.863738795,0.8846012211,-9.199071275,0,9.432997811,5.159947962,-71.64200818
0.04564004958,0.03235855367,NaN,NaN,0,-0.2994738528,0.9211967739,-11.20058768,0,9.667673837,8.296833151,-71.31295166
0.04564004958,0.03622226157,NaN,NaN,0,1.476620792,0.9675580988,-12.36148974,0,9.067822744,11.30631334,-71.01265578
0.04564004958,0.04008596947,NaN,NaN,0,2.996692519,1.020917058,-12.54366895,0,7.568470428,13.96844802,-70.79135412
0.04564004958,0.04394967737,NaN,NaN,0,3.972390052,1.077714018,-11.89255397,0,5.025329103,15.82353703,-70.73240161
0.04564004958,0.04781338527,NaN,NaN,0,3.966671685,1.133482467,-11.33177064,0,2.260444141,16.33240172,-70.91284544
0.04564004958,0.05167709317,NaN,NaN,0,4.503072984,1.186619062,-11.43625633,0,-0.6074181328,15.20074796,-71.33878845
0.04564004958,0.05554080107,NaN,NaN,0,7.07128079,1.235816641,-9.972924559,0,-3.931779286,12.40200126,-71.81373332
0.04564004958,0.05940450897,NaN,NaN,0,9.006284609,1.27250833,-5.723128461,0.9733445327,-4.884891865,7.673394611,-72.06684043
0.04564004958,0.06326821687,NaN,NaN,0,3.228475182,1.289961667,-2.96994134,0,3.159976953,7.819568304,-71.85931975
0.04564004958,0.06713192477,NaN,NaN,0,8.338047012,1.319813577,5.590522097,0.9585868209,-3.809133575,11.98693927,-71.60458296
0.04564004958,0.07099563267,NaN,NaN,0,-7.852680164,1.318925554,24.96277018,0,-9.883697531,18.0269781,-71.47121522
0.04564004958,0.07485934057,NaN,NaN,0,-39.42204957,1.274015933,2.876219319,7.71531862,2.581710403,6.960557782,-74.14950889
0.04564004958,0.07872304847,NaN,NaN,0,-26.82243484,1.296235198,-31.11478212,0,14.52376209,5.97056891,-77.67051332
0.04564004958,0.08258675637,0.3004510498,-1.368861851,1,-2.620274313,1.401446966,81.01995903,0,12.47837979,-98.68596008,-77.62047379
0.04564004958,0.08645046427,0.3148780698,-0.5720074053,1,74.32323355,0.6529476782,1.224207505,14.38437836,-13.12970292,28.93767264,-61.16813934
0.04564004958,0.09031417218,0.5368849775,-1.475938585,1,51.80763756,1.570554102,-133.4528482,0,13.319729,261.9360164,-70.01072092
0.04564004958,0.09417788008,0.5665111905,-2.099674485,1,-118.0264675,2.174756969,77.62003592,11.46275375,67.14104436,246.1693364,-74.90062231
0.04564004958,0.09804158798,0.340278566,-2.127163849,1,-81.2466503,2.154208797,109.1456068,0,-18.9182561,170.0039687,-80.91149977
0.04564004958,0.1019052959,0.1795032502,-2.334813419,1,99.03760757,2.341703465,-50.27681783,0,-163.8455091,55.0917893,-85.60368009
0.04564004958,0.1057690038,0.08987976469,-2.534277369,1,111.4574345,2.535870689,-184.6306599,0,-152.1226796,-39.04798506,-87.96881993
0.04564004958,0.1096327117,0.02238462133,-2.89730235,1,-90.20135834,2.897388821,142.2205166,0,46.93465263,-32.80608954,-89.55734036
0.04564004958,0.1134964196,-0.07729014799,-1.858025688,1,-73.56638668,1.859632551,393.4122717,0,119.8062879,193.1489825,-92.38201639
0.04564004958,0.1173601275,NaN,NaN,0,-37.85019788,2.13303889,48.8376175,0,153.2300293,126.5934947,-84.59175998
0.04564004958,0.1212238354,NaN,NaN,0,-34.86619694,2.189682338,53.70765365,0,121.5506615,71.77743974,-80.31153129
0.04950375748,0.01690372206,NaN,NaN,0,-3.79417535,0.8167185357,-4.299565897,0,6.380373209,-3.424879757,-72.88207548
0.04950375748,0.02076742997,NaN,NaN,0,-4.810841535,0.819815171,-4.992973431,0,8.559218194,-2.30937637,-72.58312769
0.04950375748,0.02463113787,NaN,NaN,0,-5.416634808,0.8309607048,-7.350479986,0,11.4980556,0.470082196,-72.13812788
0.04950375748,0.02849484577,NaN,NaN,0,-4.65169338,0.8557838269,-10.66234476,0,13.22121639,4.312293551,-71.68760923
0.04950375748,0.03235855367,NaN,NaN,0,-2.108706743,0.8962909218,-13.41398228,0,13.28022889,8.420215544,-71.25797437
0.04950375748,0.03622226157,NaN,NaN,0,0.8761758997,0.9495447025,-14.64244008,0,12.41029651,12.38608208,-70.81435724
0.04950375748,0.04008596947,NaN,NaN,0,3.403127483,1.011790217,-14.28101448,0,10.4491968,16.32040386,-70.40519477
0.04950375748,0.04394967737,NaN,NaN,0,5.361490755,1.078864813,-12.0670621,0,6.025734177,19.41597798,-70.19335177
0.04950375748,0.04781338527,NaN,NaN,0,3.771638707,1.141142244,-10.70864228,0,2.152660225,20.52486987,-70.37232834
0.04950375748,0.05167709317,NaN,NaN,0,3.188884262,1.200315091,-13.76022228,0,-1.366660413,19.14265346,-71.11730491
0.04950375748,0.05554080107,NaN,NaN,0,10.48144827,1.263762525,-13.54864138,0,-9.118081797,15.57478926,-72.00793459
0.04950375748,0.05940450897,NaN,NaN,0,21.6710381,1.308866064,-3.348980541,2.564345822,-16.9819543,1.394566946,-72.49339043
0.04950375748,0.06326821687,NaN,NaN,0,-5.943979605,1.286842138,-7.949784447,0,22.2093284,2.860766774,-71.4927744
0.04950375748,0.06713192477,NaN,NaN,0,38.76362284,1.368424978,-0.004045975404,7.560474817,-4.961772529,11.84318916,-70.50965933
0.04950375748,0.07099563267,0.5390753734,-1.266065592,1,15.42935863,1.376053903,47.87049963,0,-38.61674329,1.68306738,-66.93628342
0.04950375748,0.07485934057,0.3669828898,-1.111556405,1,-14.94003971,1.170569982,93.7987924,0,-77.79009415,65.2040827,-71.72924187
0.04950375748,0.07872304847,0.1807932226,-1.155583987,1,13.953602,1.169641201,55.56453902,0,-64.72623956,107.771902,-81.10805312
0.04950375748,0.08258675637,0.1708122489,-1.313270406,1,115.7337653,1.324332278,-88.55895312,0,-87.84104589,53.14671917,-82.58935119
0.04950375748,0.08645046427,0.288562543,-1.703093312,1,276.7162082,1.727366542,-123.6821708,31.98807799,-186.5927749,73.71247868,-80.38345553
0.04950375748,0.09031417218,0.5190228703,-2.075945673,1,215.2026711,2.139844662,-97.1910941,30.23823925,-114.994854,27.47678186,-75.96280964
0.04950375748,0.09417788008,0.6757362775,-2.18477357,1,119.8907756,2.286887638,-60.40675666,12.40045376,-82.15094292,0.2232259607,-72.81350131
0.04950375748,0.09804158798,0.6648385601,-2.310202216,1,36.27946561,2.403964348,34.10930957,0,-186.5221524,202.616595,-73.94504357
0.04950375748,0.1019052959,0.09524242137,-2.8358365,1,47.9750954,2.837435421,62.55673396,0,-307.8526787,241.0566629,-88.07642705
0.04950375748,0.1057690038,-0.3392525115,-2.999873801,1,-64.21613471,3.018995709,276.2072874,0,182.8581217,208.490626,-96.4521059
0.04950375748,0.1096327117,0.5536404038,-2.5741991,1,-824.7014251,2.633062609,952.4195684,0,1183.953465,752.0403191,-77.86212889
0.04950375748,0.1134964196,1.048792432,-2.225666913,1,-732.8363258,2.460398092,901.2938419,0,743.6405156,718.9586598,-64.76896088
0.04950375748,0.1173601275,NaN,NaN,0,-158.1107066,1.962216966,76.08546685,23.91965167,66.45292942,-15.00207629,-72.33659883
0.04950375748,0.1212238354,NaN,NaN,0,-47.47783788,1.998352413,96.21901228,0,98.86314916,98.30096904,-69.65860669
0.05336746538,0.01690372206,NaN,NaN,0,-2.813240674,0.7920696355,-3.447379311,0,5.952454514,-7.139772192,-73.64993362
0.05336746538,0.02076742997,NaN,NaN,0,-6.254008357,0.7869710552,-3.712501361,0,10.48552575,-5.84433079,-73.08005593
0.05336746538,0.02463113787,NaN,NaN,0,-9.447275599,0.7889739082,-6.884032444,0,15.92731664,-2.323450786,-72.34215006
0.05336746538,0.02849484577,NaN,NaN,0,-9.217693173,0.8113341158,-12.68584551,0,18.67358324,3.1989285,-71.75053463
0.05336746538,0.03235855367,NaN,NaN,0,-4.35983564,0.8586913301,-17.1505566,0,17.82172883,8.685653392,-71.261368
0.05336746538,0.03622226157,NaN,NaN,0,0.7336620665,0.9226031156,-18.51327383,0,16.84393759,13.49739558,-70.62414733
0.05336746538,0.04008596947,NaN,NaN,0,4.378150761,0.9979359445,-17.87088678,0,15.79228607,19.51110737,-69.84984082
0.05336746538,0.04394967737,NaN,NaN,0,10.29880678,1.085013199,-11.38603765,0,6.475750586,24.99510115,-69.27211536
0.05336746538,0.04781338527,NaN,NaN,0,2.569508129,1.152291922,-5.67551412,0,1.691122995,27.20844634,-69.23213595
0.05336746538,0.05167709317,NaN,NaN,0,-6.000622911,1.210030997,-19.34734912,0,2.106198052,25.27020674,-70.67250625
0.05336746538,0.05554080107,NaN,NaN,0,9.994589917,1.310304139,-27.11243816,0,-14.19193319,29.35993539,-72.52202125
0.05336746538,0.05940450897,0.3842633152,-1.36002912,1,37.17242256,1.413271914,24.32383587,0,-40.16619537,-10.03247912,-74.22286479
0.05336746538,0.06326821687,0.3819686628,-1.117067848,1,18.16884473,1.180567929,35.87292176,0,2.013164185,51.73483438,-71.12245952
0.05336746538,0.06713192477,0.4622407025,-1.421314917,1,67.35076645,1.494591102,-16.81166315,12.7245476,-8.179268331,71.78416395,-71.98441403
0.05336746538,0.07099563267,0.6105900476,-1.459376245,1,133.5825964,1.581960565,28.77596943,25.64032305,-4.155242223,40.96483642,-67.29599916
0.05336746538,0.07485934057,0.9623101935,-1.468409139,1,119.3934785,1.755638433,89.4594496,13.11833284,-42.45094359,118.1775277,-56.76149077
0.05336746538,0.07872304847,0.9078735275,-1.57033451,1,16.14380559,1.81388666,25.33589526,0,-222.8575874,203.1460031,-59.9660663
0.05336746538,0.08258675637,0.1636285217,-2.155415457,1,49.12065203,2.16161747,-49.00887829,0,-252.5686797,155.9143441,-85.65871369
0.05336746538,0.08645046427,0.1218097755,-2.362097983,1,151.4045499,2.36523667,-69.27321616,10.06814435,-124.5130976,85.0629628,-87.04795934
0.05336746538,0.09031417218,0.2675292385,-2.751725371,1,191.064963,2.764699697,-130.5524543,5.980036386,-136.151435,3.569145926,-84.44702107
0.05336746538,0.09417788008,0.3339796074,-2.88030467,1,288.6419303,2.899602967,-100.7600771,52.79339848,-33.08713671,-39.6066836,-83.38592633
0.05336746538,0.09804158798,1.254918314,-2.988004221,1,285.516444,3.24083156,-38.0877623,55.48062049,-21.88442281,176.5566551,-67.21830265
0.05336746538,0.1019052959,1.35257673,-3.709628001,1,260.4226775,3.94851918,256.8456205,0,-77.25857021,-107.6616468,-69.9675124
0.05336746538,0.1057690038,1.962610922,-1.579654612,2,870.6842572,2.519355141,1183.013038,0,489.4969884,-1035.886951,-38.82968606
0.05336746538,0.1096327117,6.607919755,4.863553417,1,827.4556678,8.204800749,653.2344818,85.2307221,264.8322148,-751.1947093,36.35376837
0.05336746538,0.1134964196,6.182892244,3.846649549,1,-914.3830936,7.281817716,-532.3703966,57.84754339,-682.7535023,1051.457568,31.88756235
0.05336746538,0.1173601275,0.4370504715,-1.255895203,1,-673.0951513,1.329769106,-578.0699756,0,-637.2575377,829.8217559,-70.81214649
0.05336746538,0.1212238354,NaN,NaN,0,147.7575897,1.947386821,111.238188,0,205.8000564,285.753272,-54.88868729
0.05723117328,0.01690372206,NaN,NaN,0,2.63191683,0.7728596023,0.2964074927,0,2.014919733,-14.7765842,-75.04175285
0.05723117328,0.02076742997,NaN,NaN,0,-7.159872159,0.7472199897,1.397477962,0,12.28791709,-12.52782203,-73.80031954
0.05723117328,0.02463113787,NaN,NaN,0,-16.90076606,0.7267445342,-3.787302919,0,23.05210199,-7.118483049,-72.43685851
0.05723117328,0.02849484577,NaN,NaN,0,-18.41196807,0.7419612788,-16.04644824,0,27.7240711,2.121217845,-71.76014124
0.05723117328,0.03235855367,NaN,NaN,0,-6.846604708,0.8046309238,-23.98912477,0,22.48916561,9.626073946,-71.50254584
0.05723117328,0.03622226157,NaN,NaN,0,2.040157245,0.8843902971,-24.38921186,0,21.35143895,13.40673947,-70.67492549
0.05723117328,0.04008596947,NaN,NaN,0,3.077006717,0.9725902282,-27.30322117,0,29.40025931,23.23152889,-69.182104
0.05723117328,0.04394967737,NaN,NaN,0,28.88607746,1.111469021,-9.930687614,5.313615881,2.393859103,33.8448729,-67.90055431
0.05723117328,0.04781338527,0.4665140668,-1.078230377,1,15.22673116,1.174825996,27.3452043,0,-16.9886381,46.6488393,-66.60348591
0.05723117328,0.05167709317,0.4113441565,-1.104395522,1,3.293193187,1.178513252,35.05595266,0,-20.75640432,91.26696637,-69.5716047
0.05723117328,0.05554080107,0.39904132,-1.295413315,1,21.50955272,1.355481328,-2.398724748,3.507981692,-11.77768713,112.1701448,-72.87898546
0.05723117328,0.05940450897,0.4489452425,-1.547056169,1,30.40914919,1.610880076,68.15438532,0,59.64019351,64.86709025,-73.81762857
0.05723117328,0.06326821687,0.7469656768,-1.282712167,1,56.72388848,1.484354481,122.9102581,0,0.2226043709,131.9122262,-59.78634314
0.05723117328,0.06713192477,0.6689698568,-1.581837144,1,20.8453294,1.717477633,69.58423738,0,-4.910429363,203.0136306,-67.07616228
0.05723117328,0.07099563267,0.808533476,-1.798244368,1,93.79171492,1.971651386,86.85752418,0,35.68537692,126.9844792,-65.79018183
0.05723117328,0.07485934057,1.169231519,-1.736875977,1,78.6156527,2.093762285,33.80852108,13.73587391,-12.60469408,106.4773657,-56.05231803
0.05723117328,0.07872304847,1.063580538,-2.079015557,1,-13.93659581,2.335274983,17.39981384,0,-137.5675533,209.4520866,-62.9066719
0.05723117328,0.08258675637,0.5838637416,-2.478909861,1,-66.00915161,2.546741244,122.4107873,0,-118.7902807,301.0327141,-76.74654106
0.05723117328,0.08645046427,0.3495695118,-2.769158507,1,-19.59941726,2.791135554,41.6599795,0,-124.1659235,264.5816953,-82.8052251
0.05723117328,0.09031417218,0.02839645866,-3.340214255,1,60.8173182,3.340334958,-51.68565394,0,-116.7660085,118.7936416,-89.51291806
0.05723117328,0.09417788008,0.1334001152,-3.427840708,1,282.2577938,3.430435469,71.28980681,53.55062747,20.93424001,112.1042581,-87.77136421
0.05723117328,0.09804158798,1.199841915,-3.497909373,1,156.9540086,3.697971147,-8.35438369,30.6265548,-17.64596095,176.1050824,-71.06716707
0.05723117328,0.1019052959,0.6716457193,-4.140538204,1,-91.49457526,4.194659056,-140.2957341,0,-159.7258136,111.9905969,-80.78618122
0.05723117328,0.1057690038,0.2291997142,-4.472670064,1,275.930612,4.478538825,-123.3061659,0,-404.4328262,33.91937807,-87.06647279
0.05723117328,0.1096327117,0.1751506991,-4.74801178,1,1516.529223,4.751241273,42.38007686,255,-785.3160995,-770.8160326,-87.88735835
0.05723117328,0.1134964196,3.054393636,-1.330717831,2,1026.196206,3.331685824,145.6279878,150.8947757,-665.6800084,-635.168261,-23.54147241
0.05723117328,0.1173601275,1.56807998,-1.731243145,1,-27.85779677,2.335824833,572.1681168,0,-185.8956916,654.6676983,-47.83117186
0.05723117328,0.1212238354,NaN,NaN,0,174.9579356,2.772548763,393.5151838,0,166.906735,351.1874345,-36.50763389
0.06109488118,0.01690372206,NaN,NaN,0,19.95167742,0.7805027207,11.04946552,0,-10.11279831,-32.77250006,-77.64335584
0.06109488118,0.02076742997,NaN,NaN,0,-6.954921911,0.7028316795,16.56155656,0,14.76083004,-26.14013802,-74.6515183
0.06109488118,0.02463113787,NaN,NaN,0,-32.5839484,0.6291346277,6.383791046,0,36.26910312,-15.74387722,-71.7344469
0.06109488118,0.02849484577,NaN,NaN,0,-40.68280836,0.6252130292,-23.72351975,0,46.68143357,2.778351981,-71.31752539
0.06109488118,0.03235855367,NaN,NaN,0,-6.654772365,0.7337042779,-38.37028239,0,23.05942357,14.29068507,-72.52192786
0.06109488118,0.03622226157,0.263653048,-0.7957360886,1,22.49745414,0.8382773124,-11.44762135,3.659291791,5.371504065,23.57556579,-71.66830006
0.06109488118,0.04008596947,0.3280388271,-0.835149958,1,46.66049755,0.8972652475,-17.94058326,8.307885754,8.406596957,65.24491095,-68.55558005
0.06109488118,0.04394967737,0.4764162161,-1.11714054,1,70.32839381,1.214485651,-22.211185,12.20534894,24.51189943,72.70857565,-66.90367136
0.06109488118,0.04781338527,0.6944740174,-1.201892187,1,73.85660767,1.38810626,24.89447444,12.05626234,32.8127572,55.33581405,-59.97993778
0.06109488118,0.05167709317,0.8885554838,-1.234756984,1,38.09438976,1.521234912,46.16894634,0,-6.211438172,91.85837279,-54.26046467
0.06109488118,0.05554080107,0.8176604294,-1.378422785,1,7.608797087,1.602690847,84.23562904,0,-5.107583827,87.42736077,-59.3241959
0.06109488118,0.05940450897,0.8982194413,-1.247088903,1,38.45166327,1.536889358,96.56950194,0,103.6056282,85.42723121,-54.23656961
0.06109488118,0.06326821687,1.366528309,-1.335372306,1,89.0676551,1.910659261,87.62655503,0,70.69074627,158.4752707,-44.33934344
0.06109488118,0.06713192477,1.515479239,-1.520827646,1,15.36806329,2.146996519,158.2287716,0,2.822953878,248.4296526,-45.10092551
0.06109488118,0.07099563267,1.436813086,-1.683882162,1,1.355261802,2.213569737,145.6339809,0,-4.239888849,223.2874359,-49.52673137
0.06109488118,0.07485934057,1.504333883,-1.820857913,1,95.27876235,2.361894149,108.218837,0,-5.326330481,202.4615346,-50.43758446
0.06109488118,0.07872304847,1.784363007,-2.048008417,1,86.0069124,2.71630076,135.7893456,0,-9.563079538,275.1602357,-48.93542402
0.06109488118,0.08258675637,1.799690524,-2.359346323,1,7.683168448,2.967389602,114.3245471,0,-131.7414218,300.1833182,-52.66390122
0.06109488118,0.08645046427,1.305038154,-2.76611242,1,-116.1049908,3.058513119,156.8279501,0,-213.3390706,435.9663267,-64.74229346
0.06109488118,0.09031417218,0.5268149007,-3.437855474,1,11.11038162,3.477985652,81.10698667,0,-79.04446347,371.9856344,-81.28780162
0.06109488118,0.09417788008,1.042560705,-3.889982549,1,225.434258,4.027269181,238.5025355,0,130.7632466,296.6725718,-74.99666034
0.06109488118,0.09804158798,1.903058013,-3.662607502,2,-1.031602122,4.127508149,367.975869,0,52.96442107,389.5279708,-62.54401614
0.06109488118,0.1019052959,1.243213948,-3.973253575,1,-162.8732991,4.163210888,391.3770114,0,88.89991986,532.6332127,-72.62532297
0.06109488118,0.1057690038,1.617246484,-4.208380204,1,195.7649908,4.508431005,561.9873336,0,464.2854363,576.7014288,-68.97863588
0.06109488118,0.1096327117,3.793455998,-4.030104542,1,203.8008638,5.534622934,851.1560062,0,488.3335334,458.2395913,-46.73256533
0.06109488118,0.1134964196,4.291451623,-2.690265947,2,464.1585126,5.064986465,549.9865288,0,-106.0233377,-9.992934429,-32.08316712
0.06109488118,0.1173601275,5.177185703,-1.866507465,1,130.5101654,5.503371868,801.5922778,0,-206.6199629,525.6589955,-19.82552641
0.06109488118,0.1212238354,NaN,NaN,0,-343.2752868,4.314733302,367.8694422,0,-267.4334605,242.4111378,-22.11193896
0.06495858908,0.01690372206,NaN,NaN,0,70.11396238,0.8705344929,38.76155079,0,-41.17821966,-79.87189625,-82.37201078
0.06495858908,0.02076742997,NaN,NaN,0,-5.567824729,0.6564352007,58.3709831,0,23.05881802,-54.47184414,-74.85926343
0.06495858908,0.02463113787,0.1831353488,-0.4268392483,1,-29.35242577,0.4644677598,4.78439481,3.146968219,24.13717539,-64.1952753,-66.77825171
0.06495858908,0.02849484577,0.1513046846,-0.3671311818,1,-41.34020962,0.3970874113,-19.13484806,1.414084237,35.93280151,38.17167361,-67.60211697
0.06495858908,0.03235855367,0.1622427033,-0.6482549088,1,-1.269645552,0.668249296,1.427891601,0,49.98531868,139.5332823,-75.94886927
0.06495858908,0.03622226157,0.3395278157,-0.900730071,1,39.13181578,0.9625974228,34.83615168,0,55.64370543,140.6001995,-69.34619821
0.06495858908,0.04008596947,0.5284276334,-1.056896296,1,44.89071836,1.181636807,62.91371651,0,25.95599387,142.1390109,-63.43583853
0.06495858908,0.04394967737,0.6132588175,-1.206833467,1,16.17462602,1.353710971,42.68991643,0,48.03127134,89.25542682,-63.06235829
0.06495858908,0.04781338527,0.7765004663,-1.236811827,1,29.30501444,1.460361759,26.88540205,0,56.4630071,44.67837061,-57.87840095
0.06495858908,0.05167709317,0.9446413999,-1.2755803,1,31.38294838,1.587278323,22.66131765,0,42.58654181,50.54486181,-53.4779
0.06495858908,0.05554080107,1.06229697,-1.344545696,1,16.88563015,1.713557114,64.59536831,0,36.81564946,69.70444496,-51.6884867
0.06495858908,0.05940450897,1.152127458,-1.29532028,1,92.82589143,1.733566355,98.62237002,0,71.66228722,100.9956029,-48.34838699
0.06495858908,0.06326821687,1.697831245,-1.353715175,1,161.3270562,2.171445535,73.77893462,15.3790428,120.2811277,160.4799771,-38.56606364
0.06495858908,0.06713192477,2.240179223,-1.630307782,1,99.33912608,2.770614809,94.65826861,0,39.41536491,215.3059037,-36.04554505
0.06495858908,0.07099563267,2.233938068,-1.819862396,1,76.39412867,2.881384812,103.490743,0,-42.89508935,231.6776815,-39.16774712
0.06495858908,0.07485934057,2.369609726,-2.125584669,1,146.3017286,3.183262546,108.742205,17.71594397,-38.26260543,271.3858908,-41.89270485
0.06495858908,0.07872304847,2.651369682,-2.44827009,1,80.13347668,3.608848518,59.32522137,0,-127.8101322,290.1969915,-42.71932855
0.06495858908,0.08258675637,2.185401055,-3.017605751,1,119.2305605,3.725845172,46.19954778,0,-122.1852972,226.4855625,-54.08730921
0.06495858908,0.08645046427,2.639953442,-3.144842589,1,26.18130275,4.106018642,160.4970577,0,-131.3618877,334.1490284,-49.98805789
0.06495858908,0.09031417218,1.779013999,-3.688546242,1,-61.18910133,4.095151302,260.4625062,0,-52.37875839,428.3787332,-64.251632
0.06495858908,0.09417788008,2.201160406,-3.793621842,1,256.2107442,4.385963271,338.2355897,0,351.3925083,234.8991728,-59.87655157
0.06495858908,0.09804158798,4.126615486,-3.289284512,1,215.3013409,5.277153396,440.1869897,0,312.8418235,278.2022255,-38.55800364
0.06495858908,0.1019052959,4.241751322,-3.167760029,1,-47.59717721,5.294068179,556.1934679,0,177.561711,593.9553766,-36.7525502
0.06495858908,0.1057690038,4.628760482,-3.435185497,1,-44.79729904,5.764193178,495.1964512,0,301.6804582,619.6625444,-36.58056549
0.06495858908,0.1096327117,5.234272814,-3.648660657,1,-162.7856523,6.380465224,244.5073559,0,295.3036077,270.0135423,-34.87924114
0.06495858908,0.1134964196,5.140771153,-3.53373395,1,112.2292073,6.238173105,105.3012803,0,266.1426662,-53.83217054,-34.5043889
0.06495858908,0.1173601275,6.696191211,-3.033815486,1,22.49394625,7.351395319,460.722167,0,-165.960449,-102.801928,-24.37365627
0.06495858908,0.1212238354,NaN,NaN,0,-832.3917619,4.782837539,313.5797534,0,-259.6849542,-554.6919051,-16.47554088
0.06882229698,0.01690372206,0.008186262096,-1.19242246,1,86.97451402,1.19245056,-272.6509065,0,12.8833339,-596.3105216,-89.60665711
0.06882229698,0.02076742997,0.2010970401,-0.5671593535,1,-45.07684473,0.6017555582,-7.321573599,5.500759961,34.58221783,-214.8050514,-70.47707893
0.06882229698,0.02463113787,-0.0323619108,-0.3907669073,1,-2.055817516,0.392104666,3.765606891,0,20.87865883,-67.00842976,-94.73422693
0.06882229698,0.02849484577,0.2738230008,-0.293709149,1,115.1472685,0.4015521136,62.11126654,6.460971001,91.22341115,90.84777521,-47.00680508
0.06882229698,0.03235855367,0.7649941145,-0.5017963829,1,92.67173475,0.9148855694,66.72423738,0,80.13244213,180.1463263,-33.26279293
0.06882229698,0.03622226157,0.9414878642,-0.7319389701,1,9.776773404,1.192532622,85.69519018,0,82.18373827,190.908066,-37.86249241
0.06882229698,0.04008596947,1.12030267,-0.9083082026,1,-32.41672481,1.442255824,80.17325695,0,43.99281135,148.0139955,-39.03411462
0.06882229698,0.04394967737,0.9862144812,-0.9940557676,1,-47.61417372,1.400273499,53.1679292,0,8.965512239,101.9949727,-45.22687321
0.06882229698,0.04781338527,0.9709755312,-1.096961636,1,1.596006492,1.464963588,52.32009171,0,46.33419457,103.4144832,-48.48635402
0.06882229698,0.05167709317,1.171402778,-1.191469572,1,22.92147557,1.670863312,83.00376272,0,71.69751662,135.9211625,-45.48657515
0.06882229698,0.05554080107,1.336555679,-1.301419012,1,64.16640573,1.86549525,62.87932475,0,64.74660096,98.43825411,-44.23689045
0.06882229698,0.05940450897,1.66948498,-1.328858888,1,137.1391982,2.133786785,63.74123806,12.03475441,104.8771917,113.5749152,-38.5187148
0.06882229698,0.06326821687,2.271636317,-1.493961784,1,156.5615229,2.71886987,33.84490374,20.12650188,113.5430779,143.4537764,-33.33127468
0.06882229698,0.06713192477,2.71309026,-1.752355555,1,81.07945736,3.22980011,-10.96461559,13.91702637,38.0210726,157.4795549,-32.85797855
0.06882229698,0.07099563267,2.731805975,-2.144780856,1,98.10155865,3.473161212,-5.396800375,18.28474463,-30.82226221,196.8972275,-38.13597737
0.06882229698,0.07485934057,2.973037809,-2.533960589,1,119.6156047,3.906393488,24.96286197,22.80757429,-15.30938446,207.8599504,-40.44140674
0.06882229698,0.07872304847,3.134814742,-2.851441782,1,49.34047216,4.237662528,-14.70701565,0,-80.33962485,181.5153981,-42.28979813
0.06882229698,0.08258675637,2.853266138,-3.292106679,1,2.916895166,4.356500206,105.6846217,0,18.14872482,241.1429743,-49.08455318
0.06882229698,0.08645046427,3.216206145,-3.374813289,1,28.35951166,4.661903764,116.9707412,0,58.3525561,145.8829172,-46.378507
0.06882229698,0.09031417218,3.18829624,-3.403814882,1,-112.6932601,4.663816963,217.883751,0,123.2478546,256.0374443,-46.87252788
0.06882229698,0.09417788008,3.256986015,-3.522228015,1,47.48161692,4.797295915,174.4162014,0,338.2638634,143.8560982,-47.2405989
0.06882229698,0.09804158798,4.6787041,-3.285739569,1,251.6978884,5.717198315,118.3139611,0,377.2490125,9.888938847,-35.07943026
0.06882229698,0.1019052959,5.687053125,-3.1033054,1,52.66481733,6.478663261,305.4129982,0,269.831584,197.7319249,-28.62036969
0.06882229698,0.1057690038,5.924735993,-2.869691356,1,-167.2637676,6.583131859,275.6464104,0,191.6862484,57.43013378,-25.84358358
0.06882229698,0.1096327117,5.781414457,-2.260181448,1,-440.2414448,6.207509429,159.2392052,79.56671951,68.98595609,-41.11291152,-21.35247587
0.06882229698,0.1134964196,4.490313229,-2.0955893,1,-178.0444019,4.955240398,18.41270553,0,379.5789177,104.9768976,-25.01804388
0.06882229698,0.1173601275,6.560084958,-2.594640201,1,-405.9054718,7.054563943,-278.3604643,57.63452762,37.21441285,-973.0870953,-21.57975322
0.06882229698,0.1212238354,3.065798671,0.5886314732,1,-1096.730331,3.121795718,98.30839703,0,-712.0431981,-1549.472313,10.8684916
0.07268600488,0.01690372206,-3.241857875,-1.149097649,1,606.6942419,3.439486574,40.35747725,0,715.9111071,-385.7764551,-160.4827966
0.07268600488,0.02076742997,-0.6867775072,-0.3258691288,1,373.1480611,0.7601671089,-180.1887053,0,450.0615374,-390.057189,-154.6161235
0.07268600488,0.02463113787,-0.0612164456,-0.3382271309,1,175.0376536,0.3437223375,-32.74840806,0,194.8327628,1.854841706,-100.2590245
0.07268600488,0.02849484577,0.7422937427,-0.4595659783,1,170.6544797,0.8730411725,53.47912235,17.90899503,134.0514988,146.259413,-31.76231502
0.07268600488,0.03235855367,1.116078451,-0.6967030728,1,96.8680838,1.315684719,82.44073211,0,75.49180378,124.2153006,-31.97414292
0.07268600488,0.03622226157,1.408242002,-0.6209707088,1,16.70071613,1.539074448,113.1803996,0,59.3914938,129.9956187,-23.79529882
0.07268600488,0.04008596947,1.410076523,-0.7616721676,1,-58.27548217,1.602641661,76.470837,0,7.681840099,171.5234103,-28.37630806
0.07268600488,0.04394967737,1.212762947,-0.9882260871,1,-37.38155515,1.564411955,75.46077816,0,29.13477499,153.6976366,-39.17504553
0.07268600488,0.04781338527,1.378213374,-1.063956536,1,55.49011262,1.741113326,149.9667411,0,94.03993226,175.5633546,-37.6675105
0.07268600488,0.05167709317,1.790503363,-1.087123925,1,32.93150539,2.094693467,79.41736135,0,46.62098875,151.4588984,-31.26449384
0.07268600488,0.05554080107,1.685580974,-1.342303992,1,-9.019737469,2.154753634,10.61375181,0,21.11224507,96.760876,-38.53188789
0.07268600488,0.05940450897,1.83722528,-1.419971249,1,88.03892855,2.322006692,5.913459976,0,92.43035138,51.88533297,-37.7000427
0.07268600488,0.06326821687,2.382861557,-1.51992588,1,126.3351392,2.826341076,-19.666299,1.765191225,124.4718307,77.83112172,-32.53206848
0.07268600488,0.06713192477,2.806270152,-1.796672804,1,70.61163372,3.332144254,-68.2903882,0,82.3446042,138.2626228,-32.62880033
0.07268600488,0.07099563267,2.973839781,-2.317986381,1,57.03123586,3.770515072,-19.87694465,0,62.7756766,200.1765982,-37.93495624
0.07268600488,0.07485934057,3.269169066,-2.646895416,1,33.5393222,4.206366808,28.98163667,0,49.80775628,192.3815987,-38.99549585
0.07268600488,0.07872304847,3.295868547,-2.949316105,1,4.42827166,4.422806232,42.16150062,0,61.89985639,122.8764519,-41.82384904
0.07268600488,0.08258675637,3.525441578,-2.958754411,1,-26.02051598,4.602495626,110.05568,0,119.1110551,130.6685532,-40.00531827
0.07268600488,0.08645046427,3.655543199,-3.028958226,1,-63.49664987,4.74737654,117.620201,0,85.40966432,70.56288659,-39.64491448
0.07268600488,0.09031417218,3.610107065,-2.776938693,1,-152.9812165,4.554586867,171.1386414,0,94.83199802,78.26566643,-37.56792655
0.07268600488,0.09417788008,3.430871604,-2.670124179,1,-47.68810029,4.347463984,96.13241518,0,309.5730574,103.1859889,-37.89234088
0.07268600488,0.09804158798,4.621954043,-2.804191642,1,177.0573942,5.406103027,-9.361230712,0,535.9583937,-97.73051507,-31.24566065
0.07268600488,0.1019052959,6.185756337,-2.328691077,1,-35.71736249,6.60956758,65.68939106,0,370.5555404,-129.9475921,-20.6293587
0.07268600488,0.1057690038,5.915670957,-2.048307484,1,-244.2299629,6.260249709,70.08227533,39.94572945,116.0944926,-97.51226562,-19.09846705
0.07268600488,0.1096327117,5.690678308,-1.681154725,1,-138.5108901,5.933809974,77.99085712,19.0056283,61.34190457,-95.17626006,-16.45832903
0.07268600488,0.1134964196,5.617512538,-1.379240325,1,-587.5660555,5.784353982,105.853047,81.34781767,-403.6359242,12.82711238,-13.79467958
0.07268600488,0.1173601275,1.860963388,-1.321729686,1,-1033.488069,2.282576197,-346.9356145,136.1279738,-684.5319535,-737.5235226,-35.3838737
0.07268600488,0.1212238354,-1.020414995,0.129877261,1,-680.2252,1.028647104,-290.6495403,0,-811.2842295,-1042.055695,172.7464594
0.07654971278,0.01690372206,-1.326411772,-0.7704403944,1,-249.1393963,1.533931742,66.05641281,0,-100.6565886,-192.9964245,-149.8500281
0.07654971278,0.02076742997,-2.002166527,-0.2699881473,1,131.8109005,2.020288198,-42.6996612,0,172.2198841,-160.7613829,-172.3201056
0.07654971278,0.02463113787,-0.1517256272,-0.3142843876,1,373.0197272,0.3489918942,35.53030472,0,415.7875438,78.27272533,-115.7696425
0.07654971278,0.02849484577,1.045554358,-0.4351323755,1,199.5236739,1.132485805,47.34370025,0,244.3966049,117.2515981,-22.59580107
0.07654971278,0.03235855367,1.563452661,-0.5843880849,1,66.82102476,1.669099655,57.13292318,0,149.4206351,91.26125355,-20.49476181
0.07654971278,0.03622226157,1.881048967,-0.5669942752,1,67.82843116,1.964644427,45.2913827,0,65.470295,63.17065627,-16.77409445
0.07654971278,0.04008596947,2.078480002,-0.6534683754,1,-3.669328084,2.178784073,99.60121586,0,1.227811115,143.6164019,-17.45300374
0.07654971278,0.04394967737,1.871615659,-0.7370560973,1,-19.30194872,2.011516061,167.2623986,0,58.18913575,243.4969448,-21.49488733
0.07654971278,0.04781338527,2.228728734,-0.9480163936,1,2.864283501,2.421975816,152.9426919,0,46.78376248,256.8639302,-23.04305502
0.07654971278,0.05167709317,2.063441206,-1.138577407,1,-63.84855168,2.356724024,25.96330123,0,-59.68792408,87.29853812,-28.88928701
0.07654971278,0.05554080107,1.751419877,-1.184997833,1,-51.60880355,2.114637427,8.475339936,9.903879255,7.444343476,53.33232983,-34.0819934
0.07654971278,0.05940450897,1.892802633,-1.311891713,1,74.85379724,2.302989725,-16.93725071,0,117.9527876,64.89171747,-34.72562955
0.07654971278,0.06326821687,2.496368202,-1.501161064,1,126.6249169,2.912960477,-42.09548744,0,155.6531256,60.17183757,-31.02009223
0.07654971278,0.06713192477,2.983442536,-1.707022785,1,85.06883287,3.437274524,-31.86045931,0,156.1665279,128.9759619,-29.77669923
0.07654971278,0.07099563267,3.428431171,-2.122586015,1,55.74156594,4.032308481,1.708312609,0,162.9287313,199.4668768,-31.76218468
0.07654971278,0.07485934057,3.828320691,-2.471104112,1,-8.017903382,4.556577097,48.17465107,0,97.0624226,179.3445955,-32.84143032
0.07654971278,0.07872304847,3.772473184,-2.629388366,1,-75.57613388,4.598395057,110.4213016,0,63.93797899,177.7805783,-34.87623683
0.07654971278,0.08258675637,3.78335426,-2.731360681,1,-58.49137252,4.666272669,98.20253138,0,102.7021276,142.2261546,-35.8270833
0.07654971278,0.08645046427,3.943290627,-2.799482787,1,-49.05453527,4.835974033,130.200987,0,144.4466777,56.43151969,-35.37230234
0.07654971278,0.09031417218,4.151921634,-2.446337007,1,-83.86642289,4.819026666,203.0060219,0,105.5563338,32.80487169,-30.50684588
0.07654971278,0.09417788008,4.027094108,-2.141875258,1,-111.4682733,4.561262607,181.6211545,0,140.7177,39.97326623,-28.00700221
0.07654971278,0.09804158798,4.264932875,-1.899050942,1,-10.988959,4.668623664,52.89961484,0,376.3592548,-104.5371526,-24.00202351
0.07654971278,0.1019052959,5.438778206,-1.533585575,1,-2.138550684,5.650857731,-129.1462137,0,404.2967075,-238.250743,-15.74698928
0.07654971278,0.1057690038,5.818754523,-1.47750291,1,-134.8764598,6.003408953,-57.1167757,0,206.3717388,-68.91294401,-14.24747949
0.07654971278,0.1096327117,5.71501508,-1.488008627,1,-268.5131128,5.905553915,-8.025958985,52.08810161,43.36777378,-31.98375145,-14.59397903
0.07654971278,0.1134964196,4.948858698,-1.384936998,1,-582.8204385,5.138993375,-222.5627799,90.14206615,-282.9187799,-285.1019083,-15.63426469
0.07654971278,0.1173601275,2.370051622,-1.246375702,1,-1034.792301,2.677797058,277.2658781,120.7883842,-785.2841521,-102.4715921,-27.73922978
0.07654971278,0.1212238354,-2.083385073,0.08225766535,1,-1151.379871,2.085008318,128.8351742,0,-1153.885853,-558.9152468,177.7389824
0.08041342068,0.01690372206,-3.732317001,-0.5754034525,1,536.7574796,3.776410906,-25.95049475,0,632.8058046,-235.9367791,-171.2358305
0.08041342068,0.02076742997,-1.472891551,-0.1697406195,1,501.9330426,1.48264001,266.2768935,0,562.0195976,162.1234008,-173.426056
0.08041342068,0.02463113787,0.3784852207,-0.1729847799,1,344.0039068,0.4161427596,70.14251882,0,393.922852,100.2818212,-24.5625338
0.08041342068,0.02849484577,1.378241897,-0.2861900802,1,139.6779205,1.407641819,-5.774684729,0,199.6192046,47.17381219,-11.73068661
0.08041342068,0.03235855367,1.689430204,-0.3775623058,1,21.53070815,1.731105921,-29.99695856,0,94.69592003,59.00867716,-12.59773618
0.08041342068,0.03622226157,1.827307639,-0.6300818581,1,94.97958556,1.932888087,13.1236327,10.91870083,75.93606545,107.6413229,-19.02492719
0.08041342068,0.04008596947,2.349798355,-0.7427510522,1,147.6092545,2.464392711,65.67310273,16.024792,104.0944078,80.87645536,-17.54129744
0.08041342068,0.04394967737,2.799817068,-0.6888231718,1,79.11930266,2.883305911,130.0625473,0,79.22292151,169.277066,-13.82165501
0.08041342068,0.04781338527,2.961586457,-0.8942644979,1,-80.18199449,3.093655336,115.6619715,0,-67.78546468,214.5890418,-16.80192953
0.08041342068,0.05167709317,2.228114027,-1.071048475,1,-137.7670984,2.472172517,96.48492892,0,-130.6793598,153.3927979,-25.67346965
0.08041342068,0.05554080107,1.924387756,-1.114139881,1,-10.5770462,2.223640238,92.13817044,0,-42.63781879,139.3469319,-30.06904338
0.08041342068,0.05940450897,2.022507332,-1.25344934,1,66.22790439,2.379426645,8.162089732,0,70.51005591,84.15890099,-31.78857359
0.08041342068,0.06326821687,2.452703293,-1.407769361,1,116.9208818,2.827997174,-58.50384359,0,183.047124,10.99487243,-29.8543773
0.08041342068,0.06713192477,3.181496086,-1.521972078,1,98.60559593,3.526799732,83.07794724,0,237.4494813,211.4720017,-25.56563691
0.08041342068,0.07099563267,3.75112195,-1.903846483,1,34.31755658,4.206607578,107.2329436,0,215.8930999,293.3038555,-26.90964083
0.08041342068,0.07485934057,4.148236976,-2.24089573,1,-12.28518797,4.71481534,47.7496039,0,182.658957,178.8226184,-28.3781113
0.08041342068,0.07872304847,4.409396428,-2.410274325,1,-79.05540126,5.025156632,75.8211784,0,158.2929687,100.4229556,-28.66199901
0.08041342068,0.08258675637,4.454387792,-2.335949811,1,-175.606069,5.029734796,134.7305172,0,167.127235,101.3562903,-27.67321126
0.08041342068,0.08645046427,4.376636689,-2.281326061,1,-181.0296653,4.935524016,188.5958901,0,198.3248874,113.309319,-27.5308216
0.08041342068,0.09031417218,4.521211478,-2.045064491,1,-173.346443,4.962221479,147.8120811,0,150.1591385,-3.745654185,-24.33850766
0.08041342068,0.09417788008,4.287047718,-1.695751242,1,-187.9325522,4.610244073,147.7590423,0,162.3690779,-43.11284107,-21.58138429
0.08041342068,0.09804158798,4.42244168,-1.307591288,1,-130.5880243,4.611700922,174.8160539,0,254.6124347,-67.8025154,-16.47146248
0.08041342068,0.1019052959,4.766241813,-0.7583439587,1,-83.99041888,4.826193798,-30.265974,0,344.4364149,-179.8029421,-9.040399835
0.08041342068,0.1057690038,5.428728933,-0.7298241228,1,-79.78752491,5.477567077,-117.0890688,0,279.0393009,-190.129238,-7.656786935
0.08041342068,0.1096327117,5.536092474,-0.4761380795,1,-436.0454634,5.556530154,-200.2531224,76.04249481,-22.75849063,-332.0736996,-4.915693489
0.08041342068,0.1134964196,3.656044471,-0.2205079176,1,-570.6905377,3.662688209,-114.2979894,102.2448634,-205.7074456,-144.9511864,-3.451513446
0.08041342068,0.1173601275,2.536317452,-0.3577030802,1,-976.5791636,2.561417129,-34.04961776,140.6954597,-663.856243,-122.229886,-8.027620382
0.08041342068,0.1212238354,-2.68211877,0.1201948815,1,-1343.313674,2.68481059,85.43151399,0,-1357.944473,-161.94638,177.4340976
0.08427712858,0.01690372206,-2.338267701,-0.3993377226,1,443.6342956,2.372122775,521.974248,0,587.1448558,334.8449505,-170.3083257
0.08427712858,0.02076742997,-0.3469529255,-0.03783125005,1,337.687263,0.3490093637,202.1330096,0,398.6551356,130.2006677,-173.7771346
0.08427712858,0.02463113787,0.5067442417,-0.1214121649,1,194.2739361,0.5210860201,-9.28220435,0,207.532168,33.6054871,-13.47365964
0.08427712858,0.02849484577,1.205508494,-0.2035367623,1,142.8089015,1.22257022,-73.44632855,0,159.6987558,-26.78469743,-9.583376997
0.08427712858,0.03235855367,1.675545467,-0.3016990777,1,137.6023868,1.702490807,-70.82902515,0,158.0051012,42.28410947,-10.2073155
0.08427712858,0.03622226157,2.34764948,-0.6405728742,1,106.5779609,2.433473174,47.90971299,0,144.2586048,182.4690451,-15.26204308
0.08427712858,0.04008596947,2.644704688,-0.8215970322,1,76.09092468,2.769383428,109.455728,0,100.0422161,134.3237751,-17.25779269
0.08427712858,0.04394967737,3.028176488,-0.7366557443,1,108.1526584,3.116490739,170.6349233,0,114.4359839,190.958093,-13.67259823
0.08427712858,0.04781338527,3.504722183,-0.9001198235,1,-10.25811716,3.618465597,208.6725103,0,10.44427657,305.6096288,-14.40398928
0.08427712858,0.05167709317,3.028895754,-1.111192455,1,-105.9694856,3.226291704,226.474641,0,-116.3329011,332.2671803,-20.14626328
0.08427712858,0.05554080107,2.645810695,-1.308871293,1,-77.93410139,2.951856754,226.693408,0,-123.7870948,274.3559849,-26.32140657
0.08427712858,0.05940450897,2.249503974,-1.29534673,1,-47.73701566,2.595802628,39.17317078,0,-38.45047298,22.81512418,-29.93491242
0.08427712858,0.06326821687,2.312807415,-1.245668579,1,193.5175571,2.626931356,-67.04615501,0,290.9894436,-99.34056386,-28.3067232
0.08427712858,0.06713192477,4.121497501,-1.170570568,1,254.3856282,4.284504301,-174.7084885,0,434.8955029,-129.3213684,-15.85538617
0.08427712858,0.07099563267,4.975988366,-1.421031154,1,-96.7184142,5.1749193,-20.27169974,0,247.4109847,121.386605,-15.93815879
0.08427712858,0.07485934057,4.703729576,-1.717896879,1,-287.9645691,5.007618357,-3.030202523,48.00719454,152.7164232,72.36691538,-20.06321274
0.08427712858,0.07872304847,4.453429036,-1.712343594,1,-281.3578728,4.771283974,7.84302962,6.607665663,279.234303,-72.58685274,-21.03175314
0.08427712858,0.08258675637,4.695524723,-1.407139307,1,-231.2197402,4.901835723,76.40323542,0,401.0915704,-21.57932408,-16.68224795
0.08427712858,0.08645046427,5.109764169,-1.333767605,1,-254.576933,5.280968271,81.72154456,0,257.9486949,27.1797996,-14.62912183
0.08427712858,0.09031417218,4.708552226,-1.196405936,1,-340.9811757,4.858173652,-116.3919007,53.98613201,165.4120787,-257.5401284,-14.25669855
0.08427712858,0.09417788008,4.431416462,-0.7884120819,1,-281.8411027,4.50100494,-159.5658154,0,274.0376411,-362.9085811,-10.08817685
0.08427712858,0.09804158798,4.67840193,-0.4107488856,1,-330.7318194,4.696398542,-224.3428188,0,381.3869979,-459.90479,-5.017522372
0.08427712858,0.1019052959,4.627133275,0.1217305671,1,-248.13144,4.628734241,-126.5135615,0,236.0577515,-209.2444576,1.506989082
0.08427712858,0.1057690038,4.631752724,-0.09110086866,1,-369.7784714,4.632648558,-282.788141,40.59084091,119.0158444,-279.4444483,-1.126792092
0.08427712858,0.1096327117,3.658259732,0.1088115151,1,-300.7526516,3.659877623,-180.1931915,40.6428392,123.5764436,-210.3072503,1.703707077
0.08427712858,0.1134964196,3.94719561,0.02525105816,1,-362.2177568,3.947276377,-65.01374273,65.43879853,-127.4741434,-26.98881892,0.3665284085
0.08427712858,0.1173601275,1.766233269,-0.03810568346,1,-863.438562,1.766644277,-163.720913,68.0661295,-773.9035814,-163.8444925,-1.235938777
0.08427712858,0.1212238354,-2.379016166,0.02572853326,1,-1052.345003,2.379155286,79.93183645,0,-1093.391446,46.88885372,179.380383
0.08814083648,0.01690372206,-0.4218178947,-0.02092056745,1,2.436902796,0.4223363665,347.9468668,0,118.1553392,303.0459575,-177.1606732
0.08814083648,0.02076742997,-0.1888512957,0.0658214315,1,97.66020816,0.1999931817,33.43505037,0,133.7965164,59.53388597,160.7847267
0.08814083648,0.02463113787,0.4724632804,-0.1217588448,1,137.6813588,0.4879003665,-62.55958393,0,167.6806967,11.65773673,-14.45128631
0.08814083648,0.02849484577,0.9909784904,-0.2209326167,1,128.1665641,1.015307633,-74.67084931,0,158.2623626,-28.86683486,-12.56820533
0.08814083648,0.03235855367,1.579140987,-0.2987321773,1,206.7365814,1.607148771,-37.74073187,0,240.0998308,30.47411423,-10.71227441
0.08814083648,0.03622226157,2.717423867,-0.4844948565,1,187.2140437,2.76027675,6.678453121,0,256.0260262,97.64756618,-10.10915395
0.08814083648,0.04008596947,3.291691147,-0.6502102581,1,156.2138706,3.355294918,37.64495321,0,226.7040499,84.24562424,-11.17383257
0.08814083648,0.04394967737,4.196906861,-0.6645462373,1,215.7246092,4.249193912,207.0223242,0,213.1202509,249.4857407,-8.99762266
0.08814083648,0.04781338527,4.948622421,-0.8142764957,1,21.29418795,5.015168001,240.5669427,0,27.88715787,356.140754,-9.344065689
0.08814083648,0.05167709317,4.386929216,-1.111089685,1,-130.4750239,4.525446744,89.97626871,0,-151.2041805,213.4395248,-14.21259232
0.08814083648,0.05554080107,3.860296254,-1.291302454,1,-327.6078004,4.070546547,72.31465314,45.12575393,-222.3605908,99.87345643,-18.49553359
0.08814083648,0.05940450897,2.262011997,-1.217568851,1,-348.3234542,2.568885397,-24.7443672,58.15777713,-182.3746973,-92.0724358,-28.29216209
0.08814083648,0.06326821687,1.809833613,-1.031166463,1,-118.822773,2.082979112,-36.14688511,19.69264506,52.77262697,-137.8715012,-29.67265658
0.08814083648,0.06713192477,2.006813526,-0.8245346485,1,212.7959118,2.169598561,-213.5982603,0,390.7607896,-331.8617183,-22.33617212
0.08814083648,0.07099563267,4.141800409,-0.5742310061,1,120.307208,4.181417448,-173.2003238,0,503.2700182,-247.3005294,-7.893331945
0.08814083648,0.07485934057,4.416133782,-0.5382330985,1,-369.427347,4.448812476,-65.441358,0,373.9423876,-150.8311204,-6.948869066
0.08814083648,0.07872304847,4.159245207,-0.2443099066,1,-423.3378699,4.166414288,74.3069051,0,488.0626358,-92.7216361,-3.361634194
0.08814083648,0.08258675637,4.666211371,0.1071163958,1,-34.19868532,4.667440678,-35.56684232,0,199.3650185,-20.87452137,1.315036802
0.08814083648,0.08645046427,4.797399673,-0.3010767431,1,-630.4849689,4.806837924,-264.5149399,103.9820626,219.0242506,-213.8834547,-3.591077184
0.08814083648,0.09031417218,3.076447343,-0.08850887369,1,-719.8239745,3.077720272,-124.8208751,138.8227345,65.26092938,-319.7317262,-1.647935393
0.08814083648,0.09417788008,2.268359265,0.4520018523,1,-656.9820274,2.312954696,-184.4447562,106.7218712,321.1029735,-581.0422025,11.2693671
0.08814083648,0.09804158798,1.778708788,1.443827813,1,-144.5288992,2.290948211,-136.2808839,0,455.2696871,-307.209901,39.067207
0.08814083648,0.1019052959,3.468970902,1.112421646,1,59.97593965,3.642971457,-58.99987603,0,322.4850759,14.78765747,17.77988779
0.08814083648,0.1057690038,3.256426436,1.158734337,1,-140.9146251,3.456440133,-39.28233738,0,285.4239784,-52.4624103,19.58708619
0.08814083648,0.1096327117,4.027312832,1.163345598,1,-171.5652897,4.191971091,5.811848405,0,182.9913633,128.0419737,16.11210078
0.08814083648,0.1134964196,3.300573447,0.686472836,1,-555.6971084,3.37120602,-239.7144056,93.58246961,-157.7658387,64.42651202,11.74921082
0.08814083648,0.1173601275,1.270700406,-0.01176606806,1,-775.5235387,1.270754879,-34.55838887,84.08417868,-646.0886162,153.0513987,-0.5305159049
0.08814083648,0.1212238354,-2.192120667,-0.03839658239,1,-889.6277402,2.192456914,341.1504504,0,-902.8582151,354.9354026,-178.9965255
0.09200454438,0.01690372206,0.1769784173,0.04776451432,1,2.141649961,0.1833106898,34.48665045,0,-87.41027438,6.521609344,15.10364311
0.09200454438,0.02076742997,0.01225188836,0.1017888895,1,19.50723354,0.1025235914,-15.50320816,0,14.94049354,-1.71645157,83.13657329
0.09200454438,0.02463113787,0.3100743725,-0.005503486042,1,81.44344087,0.3101232092,-74.22382263,0,123.8560428,-25.29562147,-1.01683159
0.09200454438,0.02849484577,0.8054691253,-0.08725538793,1,145.1857444,0.8101814701,-74.49977526,0,200.9571425,-31.20205561,-6.182665292
0.09200454438,0.03235855367,1.647469379,-0.1727932275,1,223.9248062,1.656506219,-28.2665048,0,279.5463853,46.13044585,-5.987520726
0.09200454438,0.03622226157,2.750734745,-0.3747034739,1,172.4312145,2.776138385,-32.52075462,0,207.5625462,64.91164747,-7.757053357
0.09200454438,0.04008596947,3.115654275,-0.5492435692,1,247.3725889,3.163695633,-81.04282951,0,280.9425975,15.24155845,-9.997675317
0.09200454438,0.04394967737,4.791990305,-0.7467182244,1,366.0124936,4.849820532,-39.13442124,29.5721459,331.3932679,45.0859579,-8.856961187
0.09200454438,0.04781338527,5.810226425,-0.8746465135,1,-61.21699432,5.875690397,4.021304365,0,-91.68911765,119.0832212,-8.560781304
0.09200454438,0.05167709317,4.201205752,-1.191283861,1,-355.3373001,4.366839476,-95.01569184,35.32918769,-291.4846738,-87.87739222,-15.83108842
0.09200454438,0.05554080107,3.311095255,-0.9022268181,2,-416.9826717,3.431816577,7.963780473,71.39475676,-204.971121,-131.0515561,-15.24224648
0.09200454438,0.05940450897,1.79815797,-0.6541692073,1,-335.6996203,1.913454843,83.28000052,61.06192267,-96.6943642,0.5737635058,-19.99136816
0.09200454438,0.06326821687,1.640451201,-0.5826740767,1,-79.75171995,1.74085876,37.19209838,0,135.6155451,-7.118431406,-19.55459825
0.09200454438,0.06713192477,2.013999472,-0.4829662633,1,131.3899005,2.071098811,135.814176,0,311.4087637,-30.16611417,-13.48514496
0.09200454438,0.07099563267,3.351295898,0.05862528184,1,118.5753332,3.351808634,230.6855669,0,361.3047375,-193.0609852,1.002191019
0.09200454438,0.07485934057,3.868115893,1.154266638,1,-123.9179501,4.036663478,226.8226094,0,390.7559263,-226.2179682,16.61538701
0.09200454438,0.07872304847,4.382279895,1.809041741,1,-284.8650876,4.740992417,-216.6742999,0,442.5726325,212.7018485,22.43124404
0.09200454438,0.08258675637,4.47745178,-0.5047173789,1,-497.0942384,4.505808926,-32.77177313,88.64615402,206.9824049,-68.8630465,-6.431474222
0.09200454438,0.08645046427,3.261372512,1.948487879,1,-565.5469328,3.799099324,251.5006235,93.0547316,180.8074571,-354.5623214,30.85595842
0.09200454438,0.09031417218,2.990930828,1.83693281,2,-565.9346691,3.50998424,274.0621837,95.23328928,103.2770081,4.338174564,31.5568982
0.09200454438,0.09417788008,1.473798452,2.990622664,2,-949.9817825,3.334052458,-585.9104656,0,943.2401373,-603.9669137,63.76561987
0.09200454438,0.09804158798,2.96488308,1.906697651,2,306.6987285,3.525057108,66.95286713,0,465.2311902,546.9667607,32.74481589
0.09200454438,0.1019052959,4.456310177,1.135989191,1,126.6251509,4.598822875,24.63779095,0,213.0471977,115.3668777,14.30108619
0.09200454438,0.1057690038,4.277277818,1.556146962,1,-170.6425491,4.551560051,247.8269482,0,97.94596276,159.1231241,19.99225381
0.09200454438,0.1096327117,4.175431802,1.478714857,2,-191.0889079,4.429540423,143.1893473,20.77829309,-69.63044589,141.4826222,19.50142545
0.09200454438,0.1134964196,3.269934391,1.562741249,1,-498.8881169,3.624173165,-24.34609211,97.98602303,-6.164595578,238.8005622,25.54370039
0.09200454438,0.1173601275,2.224055647,0.4619930493,1,-603.9856958,2.271532764,100.5868256,112.704619,-161.9827011,511.6249908,11.73490674
0.09200454438,0.1212238354,0.3104562437,-0.02539015744,1,-483.9341866,0.3114927597,442.099543,0,-506.6165758,694.3873553,-4.675436472
0.09586825228,0.01690372206,-0.2633739574,-0.366923045,1,86.1251429,0.4516617788,-17.17711883,0,-81.98873998,-232.0483968,-125.6704343
0.09586825228,0.02076742997,-0.255383031,0.0481768821,1,56.13707167,0.2598874843,-4.074675751,8.626746045,34.79194895,-109.9403664,169.3169497
0.09586825228,0.02463113787,0.08794921802,0.04211106034,1,98.7221449,0.09751105759,-26.62907129,0,118.1577394,-12.74988874,25.58561611
0.09586825228,0.02849484577,0.5825774913,-0.00544822519,1,186.6691248,0.5826029665,-23.1186833,0,217.1431871,9.476353974,-0.5358106243
0.09586825228,0.03235855367,1.648162038,-0.08382664271,1,276.4468425,1.650292401,-43.69234845,0,308.4822935,45.16256402,-2.911593483
0.09586825228,0.03622226157,2.842572815,-0.3487576525,1,165.0143455,2.863887587,-48.81089142,0,194.5605122,64.20979204,-6.994710001
0.09586825228,0.04008596947,3.037454256,-0.5205055503,1,148.0575558,3.081729123,5.968479883,0,208.4210085,122.3197083,-9.723897221
0.09586825228,0.04394967737,4.219901861,-0.7983048131,1,268.7960124,4.294748222,-117.9200179,0,348.9546443,-11.41446944,-10.71240208
0.09586825228,0.04781338527,5.424262349,-0.9320118793,1,-27.07082124,5.503750374,-118.0769988,0,-112.5924537,-100.9750394,-9.749519223
0.09586825228,0.05167709317,3.680283762,-0.8643817886,1,-355.2121025,3.780429135,-28.35673917,60.79258822,-172.659403,-147.3771571,-13.21739706
0.09586825228,0.05554080107,3.384721043,-0.4721517501,1,-240.7560405,3.417493791,156.7985554,34.94453593,-42.46550271,9.204728886,-7.941231737
0.09586825228,0.05940450897,2.585998448,-0.294122355,1,-267.4140798,2.602670923,194.8279716,28.78564788,-110.1226291,124.1441887,-6.488736618
0.09586825228,0.06326821687,1.926029478,-0.1990502597,1,-112.0282048,1.936287829,116.7328698,0,67.7723566,73.99464659,-5.900426048
0.09586825228,0.06713192477,2.415006777,-0.1289943443,1,233.3395232,2.418449354,172.7243058,0,377.7680929,27.09870856,-3.057471664
0.09586825228,0.07099563267,4.287170802,0.3636045109,1,273.0455134,4.302562228,220.4745609,0,245.4882922,-188.2806579,4.847781424
0.09586825228,0.07485934057,4.418469939,1.450316424,1,43.51047597,4.650407975,204.1154947,0,-80.59246853,-365.9825835,18.17187973
0.09586825228,0.07872304847,4.143896815,2.56629696,1,69.46640687,4.874193359,57.0102516,0,-106.9811018,-299.4210565,31.76974978
0.09586825228,0.08258675637,4.273524115,2.827462885,1,-354.4785381,5.124212596,-78.11783697,0,420.5556249,-82.3421857,33.48954759
0.09586825228,0.08645046427,4.399199377,2.582618609,1,-262.2288774,5.101262005,61.7635444,21.25279555,230.803337,147.2599958,30.41572923
0.09586825228,0.09031417218,4.152105007,2.49712957,1,-1187.560906,4.845165846,771.1222285,140.2983651,-553.8178206,-570.6561525,31.02324443
0.09586825228,0.09417788008,-2.328979366,7.766858341,1,-37.62280087,8.108528435,31.83117186,0,37.26301646,145.912941,106.6919473
0.09586825228,0.09804158798,4.150714905,2.056350938,1,621.591265,4.632171564,-853.6369291,0,1019.031571,782.2339268,26.35477675
0.09586825228,0.1019052959,4.009908046,1.446331191,1,-239.2678061,4.262773329,-169.6862527,0,414.7592662,-205.9547694,19.83383482
0.09586825228,0.1057690038,4.828762645,2.196481892,1,-116.4292097,5.304854511,-24.19752477,0,405.6058637,-72.41401289,24.45958635
0.09586825228,0.1096327117,5.127202169,1.632625617,1,-363.9652127,5.380861315,153.8348831,53.98424853,182.8956841,51.92999888,17.66273782
0.09586825228,0.1134964196,4.129162877,2.590212598,1,-546.5747674,4.874339685,186.8249518,95.94650072,160.6516672,170.4213367,32.09993635
0.09586825228,0.1173601275,3.636108038,1.696004395,1,-589.3414488,4.01219548,-82.69755786,113.3862256,89.7617222,620.3181401,25.00594538
0.09586825228,0.1212238354,2.19893274,-0.1260347085,1,-464.472728,2.202541701,-70.21975883,0,-279.4630634,872.9359611,-3.280393542
0.09973196018,0.01690372206,-0.7859561765,-0.6017784231,1,83.63954947,0.9898809938,231.2471223,0,101.5127731,-90.25543917,-142.5600163
0.09973196018,0.02076742997,-0.4282689308,0.01931757016,1,119.8919464,0.4287043802,110.5525586,0,124.4023362,-63.21016215,177.4173575
0.09973196018,0.02463113787,0.1579255735,0.06958997392,1,142.2128794,0.1725782467,17.18852578,0,163.4593171,14.29754195,23.78070989
0.09973196018,0.02849484577,0.7527591497,0.0304874872,1,173.4065504,0.7533762834,-3.038849011,0,213.5855121,27.65901408,2.319267952
0.09973196018,0.03235855367,1.653149863,-0.04901760223,1,247.9601501,1.653876414,-62.40668558,0,284.5522713,12.91816069,-1.698381474
0.09973196018,0.03622226157,2.810231599,-0.2605457164,1,240.0680913,2.822283776,-102.736119,0,266.7436421,-33.63171861,-5.296935758
0.09973196018,0.04008596947,3.611322361,-0.3160168201,1,130.0465938,3.625122871,-63.87882921,0,253.5352047,-18.20690655,-5.001055755
0.09973196018,0.04394967737,4.292279625,-0.4370086848,1,80.93749442,4.314468793,-96.63568454,0,269.1280407,133.4697797,-5.813407732
0.09973196018,0.04781338527,4.963873335,-1.20507712,1,-168.0489567,5.108057297,-111.2333872,23.99762411,-31.25656425,-98.56553807,-13.64567794
0.09973196018,0.05167709317,3.522221309,-0.4859535538,1,-211.4069061,3.555586281,38.38785308,39.66607633,-50.35974525,-238.2860175,-7.855387316
0.09973196018,0.05554080107,3.952483456,-0.1360901008,1,-129.5982795,3.954825658,-48.39698079,23.63821328,2.350543535,-162.1510684,-1.972003004
0.09973196018,0.05940450897,3.030573226,-0.04644098663,1,-310.7024883,3.030929039,-103.0205474,54.40012255,-96.96726411,-167.2368081,-0.8779409297
0.09973196018,0.06326821687,2.377366612,0.112022773,1,-157.9656986,2.380004435,32.07536007,24.05343857,94.68037772,0.6277113299,2.697811945
0.09973196018,0.06713192477,2.786057231,0.07506354225,1,46.05590569,2.78706825,-8.460247264,0,238.2091451,32.9172452,1.543322194
0.09973196018,0.07099563267,3.475683735,-0.04784777154,1,56.06897097,3.476013066,-50.70123138,0,62.12099665,-205.9162694,-0.7887087588
0.09973196018,0.07485934057,3.242708743,0.6747691109,1,55.25512562,3.312170489,-62.98716545,0,-63.02185722,-367.1374555,11.75482208
0.09973196018,0.07872304847,3.445675353,1.127300107,1,247.6643757,3.625394346,117.6542545,39.16118148,-88.54976467,-352.1067045,18.11622076
0.09973196018,0.08258675637,3.857481123,2.48978824,1,169.8382987,4.591209654,291.2026578,0,-8.515787046,-414.3683387,32.83997978
0.09973196018,0.08645046427,4.068978415,3.853420341,1,-138.1644745,5.604055109,101.0841451,0,114.3510975,-363.6877221,43.44144155
0.09973196018,0.09031417218,3.76547319,4.285530975,1,-464.3010307,5.704784315,-294.1717899,70.40255142,-29.63605755,-145.7494019,48.69590868
0.09973196018,0.09417788008,2.160549785,3.279959588,1,395.5536899,3.927608722,401.6875384,0,-674.1644134,619.9338695,56.62661149
0.09973196018,0.09804158798,2.689002736,3.442290901,1,-128.4990958,4.368077651,-304.3759423,0,347.0438795,-403.5033038,52.00423443
0.09973196018,0.1019052959,3.004942992,3.662958757,1,-188.6729876,4.73782115,-282.9143218,0,503.1368009,-316.7800025,50.63593342
0.09973196018,0.1057690038,3.903999056,3.573137999,1,-5.702970412,5.292307983,-368.5976832,0,514.4122882,-350.1353316,42.46633186
0.09973196018,0.1096327117,4.970447202,3.591625624,1,-219.4079576,6.132301363,-360.9751719,0,412.54643,-547.8732583,35.8517277
0.09973196018,0.1134964196,4.650229698,4.295257612,1,-281.1826298,6.330392894,-503.227465,0,107.9856177,-372.323085,42.72759867
0.09973196018,0.1173601275,4.301264538,3.085849336,1,-461.698484,5.293707846,-942.6614714,0,141.2000008,-9.406536081,35.65673132
0.09973196018,0.1212238354,3.411917176,0.689433145,1,-627.709786,3.480875878,-1039.99358,0,167.3502635,200.4812452,11.4237185
0.1035956681,0.01690372206,0.2813767225,-0.2978661299,1,-159.9744938,0.4097524756,376.5643677,0,-23.18767649,188.4187573,-46.63060858
0.1035956681,0.02076742997,-0.07246583974,0.06560371084,1,-19.63440855,0.09775042099,148.5473125,0,1.057813823,39.30840771,137.845289
0.1035956681,0.02463113787,0.2096021867,0.1242010895,1,95.06155357,0.243636999,-3.315431899,0,99.09609931,-25.1048213,30.64912761
0.1035956681,0.02849484577,0.6777026176,0.1497915468,1,148.6261642,0.6940593242,-74.55010347,0,174.2115551,-57.30074976,12.46361089
0.1035956681,0.03235855367,1.456952833,0.05755462532,1,178.8009487,1.458089192,-173.3916142,0,245.1401846,-71.03329079,2.262203215
0.1035956681,0.03622226157,2.315687324,-0.2456911162,1,111.6403177,2.328684587,-189.3876759,0,215.3373291,-163.263482,-6.056342926
0.1035956681,0.04008596947,2.72029895,-0.04338162877,1,216.8353782,2.72064484,-179.1796997,0,312.8451189,-224.3434667,-0.9136398624
0.1035956681,0.04394967737,4.362218045,-0.07119151279,1,191.3681207,4.36279893,-263.8774885,0,298.6693465,-170.6757216,-0.9349856197
0.1035956681,0.04781338527,4.613660584,-0.403486032,1,-375.2388395,4.63127034,-374.4786461,4.689347969,-1.156695013,-330.2333014,-4.998065478
0.1035956681,0.05167709317,2.907935645,-0.2421426007,1,-345.9900414,2.917999786,-144.5638927,50.31392687,-182.6305881,-258.7407413,-4.760014475
0.1035956681,0.05554080107,2.571224882,0.03765996003,1,-212.7384052,2.571500664,-138.1173611,15.66448809,-140.8423291,-338.399251,0.8391341044
0.1035956681,0.05940450897,1.541802968,0.5316881195,1,-151.699793,1.630904243,-33.73781828,28.8835419,17.41420468,-225.1188545,19.02666629
0.1035956681,0.06326821687,2.052384593,0.7771003815,1,19.21714995,2.194576843,-6.357184752,0,231.2413552,-27.51342312,20.73831568
0.1035956681,0.06713192477,2.509501474,0.6134296448,1,45.90629603,2.583388003,-77.03299836,0,275.8807479,23.93545507,13.73618108
0.1035956681,0.07099563267,3.295675737,0.3869877703,1,-118.8331223,3.318318565,-2.374453227,0,182.785309,-100.6994499,6.697167908
0.1035956681,0.07485934057,2.756594043,0.9933287111,1,-105.9708319,2.930104545,45.78233637,5.709809609,91.05389012,-182.0495758,19.81644406
0.1035956681,0.07872304847,3.238041031,1.267263729,1,69.11529346,3.477192413,93.26631919,0,200.3289516,-203.087886,21.37375558
0.1035956681,0.08258675637,3.797647901,2.138354795,1,47.58930587,4.358289895,222.0924397,0,-9.6633461,-370.8616215,29.38270751
0.1035956681,0.08645046427,3.384575862,3.55826502,1,-66.02023391,4.910865883,78.84534759,0,-282.1608174,-448.6772599,46.4330705
0.1035956681,0.09031417218,2.452378022,4.176548061,1,-165.5986235,4.843316186,-262.0909639,0,-291.5551181,-281.6356696,59.57947247
0.1035956681,0.09417788008,1.618267339,3.633780054,1,-184.3471293,3.977831904,-170.3664444,0,-83.97070946,-97.16267729,65.99468104
0.1035956681,0.09804158798,1.415676269,3.893710088,1,-49.23630425,4.143080683,-244.5449247,0,68.54340797,-370.2019607,70.01973076
0.1035956681,0.1019052959,1.692864348,4.119282137,1,13.55271863,4.453568796,-345.2033379,0,151.0849728,-426.0441378,67.65924881
0.1035956681,0.1057690038,2.051788218,4.206055326,1,-117.3571504,4.67982225,-603.118192,0,97.37969852,-591.4792792,63.99606091
0.1035956681,0.1096327117,1.615677309,4.074312777,1,-262.6853894,4.382971341,-823.2239791,0,-75.20167445,-794.1818522,68.3690943
0.1035956681,0.1134964196,0.7462912997,4.093845031,1,-236.6630604,4.161312033,-755.5380373,0,-192.4796171,-742.8857497,79.66865857
0.1035956681,0.1173601275,-0.04240464466,4.025428034,1,-422.9529581,4.025651377,-952.8299783,0,-40.58855338,-655.7060823,90.6035426
0.1035956681,0.1212238354,-1.044697701,2.945845086,1,-641.8023905,3.125603391,-1139.211127,0,122.9779442,-580.3785368,109.526252
0.107459376,0.01690372206,1.396973587,-0.0732741164,1,-329.9746843,1.398893956,105.4130147,0,-239.1278027,16.09964313,-3.00252908
0.107459376,0.02076742997,0.2975506995,0.09926627322,1,-176.0694907,0.3136721405,75.17601813,0,-173.0396048,34.16556893,18.44928089
0.107459376,0.02463113787,0.04811801672,0.08517828018,1,9.929479957,0.09782986736,-23.63582469,0,-23.9638569,-31.41997703,60.53748392
0.107459376,0.02849484577,0.2433259664,0.1293419641,1,101.1320297,0.2755664522,-63.74562433,7.047962055,69.85538101,-95.35245137,27.99325386
0.107459376,0.03235855367,0.7087634262,0.2072978275,1,134.5471603,0.7384564873,-150.428451,0,177.1649565,-153.2152253,16.30304563
0.107459376,0.03622226157,1.447690535,0.140109246,1,101.2269373,1.454454703,-214.7640906,0,246.4865347,-175.330195,5.527938604
0.107459376,0.04008596947,2.052226715,0.05493677341,1,100.2010264,2.052961894,-193.7771953,0,201.4787199,-151.709487,1.533404517
0.107459376,0.04394967737,2.613292953,-0.02242809098,1,-38.46680159,2.613389194,-329.5745823,0,87.34355561,-377.5415218,-0.4917180851
0.107459376,0.04781338527,2.241072216,0.2402670166,1,-216.1607455,2.25391502,-365.8176618,0,48.10380066,-409.2080401,6.119348949
0.107459376,0.05167709317,1.963970008,0.1452196566,1,-139.6094974,1.969331597,-188.6635002,0,106.0381813,-163.1513024,4.228862532
0.107459376,0.05554080107,2.111362457,0.1416953364,1,-71.36178313,2.116111763,-10.25217035,0,88.5620084,-129.7608024,3.839411502
0.107459376,0.05940450897,2.030426654,0.6069661023,1,-44.58970778,2.119207457,148.570391,0,79.56595957,-55.77399889,16.6432594
0.107459376,0.06326821687,2.246500477,0.9312223701,1,5.394801089,2.431859267,66.0785931,0,137.0790074,-26.22950984,22.51504984
0.107459376,0.06713192477,2.580903834,0.9636176489,1,2.802680453,2.754927145,4.399230397,0,212.2590751,-43.81750318,20.47384248
0.107459376,0.07099563267,3.077436281,1.117517745,1,-140.8785393,3.274058639,-62.26040101,0,175.8988107,-184.5257092,19.95761483
0.107459376,0.07485934057,2.716211933,1.436015086,1,-124.3047069,3.072449608,17.52603083,10.93282439,109.7903116,-116.219486,27.86464726
0.107459376,0.07872304847,3.021356897,1.634271355,1,-48.84803095,3.435031348,19.99070203,0,195.4606997,-195.492883,28.4092403
0.107459376,0.08258675637,3.28268046,2.268580716,1,-103.7085222,3.990294408,-4.053367396,20.35561118,5.020688343,-362.2701222,34.64740878
0.107459376,0.08645046427,2.640055934,3.01831626,1,-143.7015606,4.010003539,-40.54365937,0,-275.0692682,-436.611684,48.82451376
0.107459376,0.09031417218,1.6646723,3.798871872,1,-116.8019929,4.147597059,-70.01618271,0,-274.8323047,-238.1107981,66.33688322
0.107459376,0.09417788008,1.126895404,3.667784754,1,-213.6180244,3.836995993,-103.5453224,25.19336344,-136.012951,-129.035198,72.92087358
0.107459376,0.09804158798,0.3138003383,3.897357306,1,-148.4357331,3.9099699,-161.090035,0,-136.7378374,-297.3732308,85.39669286
0.107459376,0.1019052959,0.02506802682,4.194343214,1,-107.9278487,4.194418125,-314.7966728,0,-157.4589237,-445.6194902,89.65756855
0.107459376,0.1057690038,-0.711576631,4.402818459,1,-163.0469647,4.45994974,-482.5247669,0,-174.4020731,-514.0138762,99.18066892
0.107459376,0.1096327117,-1.278736486,4.316007935,1,-68.27720569,4.501454375,-463.6487563,0,-42.41063776,-479.993437,106.5033768
0.107459376,0.1134964196,-1.139242126,4.465969531,1,-73.90512486,4.608986491,-273.1906474,0,-90.4221166,-337.1669571,104.3106098
0.107459376,0.1173601275,-1.913648947,4.563193708,1,-232.9079012,4.948210698,-386.897558,0,-308.7564593,-174.239514,112.7515272
0.107459376,0.1212238354,-3.232074995,3.644320966,1,-391.717171,4.871076275,-396.489653,0,-290.7495587,79.15331238,131.5691741
0.1113230839,0.01690372206,NaN,NaN,0,-133.3425114,0.752744169,-109.0928265,0,-74.16180042,-121.6044456,4.048140597
0.1113230839,0.02076742997,NaN,NaN,0,-105.8963776,0.3584348799,-0.3559119831,11.20880731,-89.24867668,15.14540168,12.45592706
0.1113230839,0.02463113787,-0.00311734939,-0.00675286384,1,-46.95869283,0.007437676873,14.79271232,6.924296665,-27.32331704,27.30985751,-114.779638
0.1113230839,0.02849484577,0.06299412562,0.02894771231,1,27.37428696,0.06932697823,24.09942384,0,46.87555767,-35.16235549,24.68021661
0.1113230839,0.03235855367,0.2837623619,0.2222173412,1,84.83340122,0.3604186798,-21.76656548,0,108.1115221,-95.94448811,38.06487571
0.1113230839,0.03622226157,0.8084769503,0.315549538,1,115.0438241,0.8678746973,-139.8141203,0,170.0908168,-172.3498238,21.32076212
0.1113230839,0.04008596947,1.385439327,0.3479257958,1,48.12729962,1.42845878,-203.8183965,0,164.531379,-229.5329232,14.09717924
0.1113230839,0.04394967737,1.630127967,0.4149029583,1,-56.85523596,1.68210037,-243.2518772,0,117.3536834,-313.0369629,14.27981807
0.1113230839,0.04781338527,1.619187656,0.6175549828,1,-120.8293275,1.732957825,-149.6357178,0,99.73509455,-225.2276946,20.87675259
0.1113230839,0.05167709317,1.548626012,0.7069682762,1,-61.14868005,1.702365023,-84.13810922,0,167.5407799,-93.97420321,24.53732543
0.1113230839,0.05554080107,2.030255653,0.6555587769,1,-64.51743169,2.133470254,-12.30162039,0,155.5478922,-91.09149892,17.89499283
0.1113230839,0.05940450897,1.900341122,1.011389352,1,-49.86115705,2.152720326,87.35496461,0,95.43762471,-75.78648639,28.02256139
0.1113230839,0.06326821687,2.206349811,1.28588969,1,-24.74513778,2.553721164,21.00886826,0,142.9889781,-85.4480974,30.23419485
0.1113230839,0.06713192477,2.357200782,1.422707972,1,-95.44063345,2.753269601,-22.55977528,0,130.5924839,-106.6844655,31.11342751
0.1113230839,0.07099563267,2.342166293,1.61092292,1,-104.0544142,2.842677541,-43.1190787,0,108.7314185,-166.0826992,34.51987682
0.1113230839,0.07485934057,2.37527136,1.897803484,1,-64.35328871,3.040324341,-22.41347091,0,120.7202762,-177.7767637,38.62429039
0.1113230839,0.07872304847,2.559951868,2.211201302,1,-103.1729102,3.38271559,-39.49662224,0,104.9871209,-210.4850195,40.81936257
0.1113230839,0.08258675637,2.38228094,2.558452705,1,-192.6092174,3.495846496,-111.6555153,27.51358566,-71.11798533,-328.9331383,47.04213073
0.1113230839,0.08645046427,1.540986992,3.050698571,1,-135.644859,3.417806706,-33.23105264,0,-154.3396836,-293.9941377,63.20047498
0.1113230839,0.09031417218,1.261865372,3.565965097,1,-60.07827645,3.78264607,-21.6134747,0,-152.5006422,-250.1309614,70.51298028
0.1113230839,0.09417788008,0.7196441443,3.933623389,1,-230.8263863,3.998909934,-95.97196482,18.43867508,-187.8277374,-192.4964054,79.63256552
0.1113230839,0.09804158798,-0.3556918733,3.93890734,1,-237.5775686,3.954934607,-137.7836389,0,-270.9509702,-136.3045266,95.15993795
0.1113230839,0.1019052959,-1.245161589,3.927908531,1,-111.3764959,4.120545208,-135.9463978,0,-262.06119,-193.7341936,107.5888084
0.1113230839,0.1057690038,-1.798546011,4.162182504,1,-0.9523300375,4.534151624,-138.0398031,0,-202.2511522,-201.7985332,113.3699494
0.1113230839,0.1096327117,-2.030280489,4.17425364,1,95.54406942,4.641813473,-161.721885,0,-47.25009471,-127.5178748,115.9374394
0.1113230839,0.1134964196,-1.611952199,4.030028199,1,93.83390603,4.340451264,-63.08497406,0,-140.4714622,51.28243956,111.8006854
0.1113230839,0.1173601275,-2.210474383,3.732371361,1,164.1090725,4.337832751,-1.779691896,0,-334.6293202,177.8596001,120.6358819
0.1113230839,0.1212238354,NaN,NaN,0,115.4996038,4.035479058,138.3920178,0,-146.7225874,343.5922678,124.2432177
0.1151867918,0.01690372206,NaN,NaN,0,-64.46509452,0.5289633339,-41.81664153,0,-13.66386888,-46.06399298,17.08258397
0.1151867918,0.02076742997,NaN,NaN,0,-61.87606232,0.3905997651,1.037818185,11.83099951,-14.43319124,-0.4272958705,24.75964844
0.1151867918,0.02463113787,NaN,NaN,0,-57.39485479,0.2652687268,43.38073095,6.539436681,17.5080565,32.74300879,37.37983438
0.1151867918,0.02849484577,NaN,NaN,0,-33.56978832,0.2865847349,45.00619367,0,44.74357558,9.756621521,45.58063385
0.1151867918,0.03235855367,NaN,NaN,0,-18.89815926,0.3909566366,19.96369498,0,29.50926346,-18.36880138,49.48915348
0.1151867918,0.03622226157,0.2415802371,0.3527947469,1,-8.228021539,0.4275805706,-38.05375147,0,40.30122743,-91.7458143,55.59816104
0.1151867918,0.04008596947,0.3778837975,0.5046881345,1,-9.827571199,0.630480989,-94.722945,0,67.38242145,-171.8171633,53.17607148
0.1151867918,0.04394967737,0.4639553667,0.6506642871,1,-1.716044534,0.7991361566,-87.01471966,0,109.0807058,-239.1420019,54.50927839
0.1151867918,0.04781338527,0.7927094876,1.092463517,1,32.43640731,1.349764745,-125.3590821,0,177.6831756,-223.230001,54.03474414
0.1151867918,0.05167709317,1.275796059,1.02880893,1,46.58642181,1.638933616,-140.4040583,0,191.3125553,-114.3927623,38.8828947
0.1151867918,0.05554080107,1.711881645,0.9919634668,1,28.69676114,1.978517194,-134.3063448,0,178.1842548,-170.4242986,30.09048921
0.1151867918,0.05940450897,2.075123875,1.168358153,1,-25.08559721,2.381428116,-2.81469541,0,99.01573918,-154.8278773,29.38084052
0.1151867918,0.06326821687,1.997526118,1.579297999,1,-47.64956133,2.546427451,17.72609265,0,49.31065085,-155.3163459,38.33084695
0.1151867918,0.06713192477,2.08154184,1.83694359,1,-37.14903345,2.776180503,-54.12887544,0,107.4482402,-147.3973259,41.42813842
0.1151867918,0.07099563267,2.269141719,1.939660047,1,-78.51465743,2.985177589,-49.12719621,8.655757748,42.58893515,-130.4329519,40.52378853
0.1151867918,0.07485934057,1.942735343,2.151085281,1,-71.22311333,2.898514878,25.62473369,12.68769249,15.92885425,-103.4949815,47.9134841
0.1151867918,0.07872304847,2.055500853,2.438540911,1,-70.71643021,3.189289189,15.94907489,12.76650313,-23.06932014,-135.9521773,49.87170917
0.1151867918,0.08258675637,1.580374598,2.737987349,1,-97.68251404,3.161353918,-16.69647897,11.02025656,-78.2488685,-148.0583782,60.00632748
0.1151867918,0.08645046427,1.375753381,2.946084919,1,-89.55677862,3.251478697,33.82219069,0,-160.3698327,-148.3322362,64.96851549
0.1151867918,0.09031417218,0.6147311754,3.441778847,1,-115.7295956,3.496245994,-22.88307693,0,-237.1478819,-252.6711657,79.87326644
0.1151867918,0.09417788008,0.01233788309,3.833918973,1,-93.48057337,3.833938825,-118.7452851,0,-258.4941314,-203.2841248,89.81561786
0.1151867918,0.09804158798,-0.7451962722,3.76841223,1,-117.3124601,3.841386237,-82.61308252,0,-209.0733316,-25.21293544,101.1858158
0.1151867918,0.1019052959,-1.248721479,3.612141571,1,-137.8492345,3.82189378,-1.52026581,0,-193.2877087,35.58233736,109.0703263
0.1151867918,0.1057690038,-2.024612696,3.625058609,1,1.647200248,4.152120722,24.32376513,0,-298.6554063,-15.05587406,119.1835688
0.1151867918,0.1096327117,-2.396274431,3.764292994,1,277.5385238,4.462290096,-28.3310467,52.9890941,-60.19056542,-11.66918136,122.4800236
0.1151867918,0.1134964196,-1.184843672,3.560682028,1,297.7837626,3.752640542,-318.8214608,0,3.208663894,-26.85354197,108.4052505
0.1151867918,0.1173601275,-1.233327615,2.63621424,1,250.8813833,2.910450571,213.0014025,0,-298.7589236,453.5762693,115.0720938
0.1151867918,0.1212238354,NaN,NaN,0,147.7348112,2.966393608,214.216622,0,-218.3927862,216.8271844,117.5021856
0.1190504997,0.01690372206,NaN,NaN,0,-38.15104652,0.4810360914,-13.88012185,0,7.629048382,-19.67503188,31.23218512
0.1190504997,0.02076742997,NaN,NaN,0,-39.28016325,0.4382647541,4.004933156,7.51594581,8.13948326,-4.595438839,36.48793987
0.1190504997,0.02463113787,NaN,NaN,0,-38.06513457,0.4056766742,24.12234855,4.592663015,17.93541757,5.769000932,44.16582676
0.1190504997,0.02849484577,NaN,NaN,0,-29.23496571,0.430471463,31.42509759,0,28.95596421,-1.341193168,50.36737689
0.1190504997,0.03235855367,NaN,NaN,0,-22.71843658,0.5015390239,31.28437562,0,31.10097897,-13.10943208,54.6851029
0.1190504997,0.03622226157,NaN,NaN,0,-23.9984824,0.5893147503,43.50475074,0,40.99812143,-17.83352268,58.60789545
0.1190504997,0.04008596947,NaN,NaN,0,-21.55551243,0.7376214077,42.66252543,0,37.85703526,-45.31950275,61.17744903
0.1190504997,0.04394967737,NaN,NaN,0,-42.56333632,0.9205957689,59.0701843,0,21.01280891,-78.75167705,66.30528507
0.1190504997,0.04781338527,0.2723412616,1.178746069,1,26.49408531,1.209798354,4.324877756,2.137556059,23.77158271,-105.1964821,76.9904806
0.1190504997,0.05167709317,0.5641655238,1.266147781,1,54.85862273,1.386150404,-92.19964048,0,95.39191679,-106.2764598,65.98337721
0.1190504997,0.05554080107,0.8528654582,1.233134787,1,65.86446475,1.499333483,-118.4572944,0,122.3202436,-176.6223758,55.33134057
0.1190504997,0.05940450897,1.291256268,1.490880666,1,109.6348743,1.972325508,-162.815279,0,103.0819836,-273.4294485,49.10406381
0.1190504997,0.06326821687,1.674741262,1.660515628,1,14.7283371,2.358404216,-122.1217226,0,59.63187461,-249.0746255,44.75562186
0.1190504997,0.06713192477,1.578562406,1.9813896,1,-7.45232652,2.533330617,-88.15254646,0,0.6342821881,-196.4206171,51.45585684
0.1190504997,0.07099563267,1.648398331,2.078831828,1,34.75946897,2.653065929,-79.46693554,0,93.57348877,-144.98525,51.58753451
0.1190504997,0.07485934057,2.074403468,2.234533229,1,30.39253254,3.048981552,20.38918372,0,85.53150059,-61.51762652,47.12826042
0.1190504997,0.07872304847,2.096294933,2.395295818,1,-49.66876934,3.183063697,11.57899844,6.46176355,-35.4016293,-91.69107674,48.80850595
0.1190504997,0.08258675637,1.745716297,2.633538635,1,-112.6485777,3.159596672,0.9532739858,0,-145.5855681,-97.86418488,56.46045552
0.1190504997,0.08645046427,1.098553624,2.777097614,1,-168.5032041,2.98648476,-37.67808939,0,-232.280724,-157.5892426,68.41742938
0.1190504997,0.09031417218,0.1972042676,3.096840305,1,-130.807448,3.103112856,-4.140552674,0,-289.290835,-138.4575354,86.35637114
0.1190504997,0.09417788008,-0.5245834313,3.296059202,1,-0.6926618973,3.337543114,34.31718211,0,-250.2332371,-91.86467319,99.04304949
0.1190504997,0.09804158798,-0.7723001108,3.584370136,1,4.987775486,3.666627433,90.41935138,0,-157.4248328,-17.6766202,102.1592484
0.1190504997,0.1019052959,-1.113555694,3.713710461,1,-106.3151926,3.877067406,-46.83441237,0,-150.0285842,103.9195268,106.6913537
0.1190504997,0.1057690038,-1.762737587,3.00190095,1,-94.09110473,3.48118559,-50.05184884,0,-183.1746771,168.4800362,120.4217588
0.1190504997,0.1096327117,-2.184829686,2.86936709,1,-28.20270138,3.606486968,124.3472592,0,-278.4462177,152.8237616,127.2868282
0.1190504997,0.1134964196,-2.947539438,2.891876063,1,499.8862525,4.129277891,-333.1638889,66.18672659,160.0540912,-6.885257625,135.5461471
0.1190504997,0.1173601275,0.3649870339,1.608721765,1,474.9049459,1.649606393,-85.92409932,88.14887755,131.2936155,165.2676913,77.21712405
0.1190504997,0.1212238354,NaN,NaN,0,-107.8852102,2.01445557,153.1973153,0,-394.4055042,-8.627853715,107.488274
0.1229142076,0.01690372206,NaN,NaN,0,-25.65953993,0.5017566431,-2.333933169,0,13.45987262,-9.86038784,41.46795457
0.1229142076,0.02076742997,NaN,NaN,0,-26.65890913,0.4944357205,6.188415249,4.317831051,13.79615879,-5.497156046,44.54050339
0.1229142076,0.02463113787,NaN,NaN,0,-26.35055452,0.4988992841,17.67863251,1.84587468,17.13816633,-3.73037306,49.15592549
0.1229142076,0.02849484577,NaN,NaN,0,-22.58650338,0.5337250111,25.28747251,0,22.0438847,-7.780963049,53.5873356
0.1229142076,0.03235855367,NaN,NaN,0,-18.74213895,0.6002523788,30.24395918,0,24.94056678,-14.89421108,57.31083943
0.1229142076,0.03622226157,NaN,NaN,0,-16.4002691,0.6934293533,37.06083231,0,27.64155413,-22.22436266,60.56591878
0.1229142076,0.04008596947,NaN,NaN,0,-12.56643969,0.821128888,41.79440628,0,24.76856914,-33.8793534,63.40389464
0.1229142076,0.04394967737,NaN,NaN,0,-6.172672216,0.9766454536,50.3214272,0,15.32270648,-39.67080472,66.59749764
0.1229142076,0.04781338527,NaN,NaN,0,30.08329448,1.15455174,59.45860384,0,1.241680877,-15.3694639,69.57211526
0.1229142076,0.05167709317,NaN,NaN,0,32.54259931,1.290053318,7.872613898,5.809768785,11.1483119,-25.29437152,66.76441582
0.1229142076,0.05554080107,NaN,NaN,0,-21.3502319,1.338377847,-46.52694463,0,-9.537379352,-35.5587137,64.70882157
0.1229142076,0.05940450897,0.3896016748,1.143039698,1,11.57556357,1.207613024,-27.56910187,0,-13.76209955,-168.0300425,71.17847615
0.1229142076,0.06326821687,0.5633318554,1.752792151,1,74.9445823,1.841092911,-39.95589542,0,78.38807111,-227.6378334,72.18305531
0.1229142076,0.06713192477,0.9820342592,1.868187884,1,122.3097825,2.110572732,-44.72450331,12.41433208,94.73358692,-151.903436,62.27082792
0.1229142076,0.07099563267,1.401924036,2.16690024,1,102.2250154,2.580861805,-30.16929432,0,105.2939831,-158.5274093,57.09825898
0.1229142076,0.07485934057,1.783827053,2.364126147,1,30.74785661,2.961609595,-81.8037902,0,58.29799156,-166.3766256,52.96399686
0.1229142076,0.07872304847,1.745971183,2.493664973,1,-80.90727223,3.044138691,-105.9886511,0,-68.66094621,-169.8139448,55.00172415
0.1229142076,0.08258675637,1.205939146,2.610728439,1,-136.5058121,2.875794187,-109.8605665,0,-154.5808241,-163.1778058,65.20699479
0.1229142076,0.08645046427,0.6212974474,2.699667212,1,-138.0143248,2.770237097,-47.11639953,0,-157.5994637,-103.7244299,77.03969724
0.1229142076,0.09031417218,0.06377381582,2.829445333,1,-62.72598122,2.830163951,32.79689492,0,-152.4316554,-11.22813851,88.70880986
0.1229142076,0.09417788008,-0.2100088129,2.869767081,1,21.96817831,2.877441016,127.7317022,0,-158.6020638,47.12208381,94.18542959
0.1229142076,0.09804158798,-0.464139607,3.140897352,1,9.31137844,3.175005788,150.9570797,0,-221.0645646,2.530043222,98.40593122
0.1229142076,0.1019052959,-1.028161271,3.443245795,1,-93.57320077,3.593474252,49.62564814,0,-191.8782862,13.39921541,106.6257484
0.1229142076,0.1057690038,-1.567040773,3.280865707,1,-73.22638892,3.635890066,-32.94398025,12.84034468,-3.695910822,134.2065052,115.5305531
0.1229142076,0.1096327117,-1.325366569,2.797425143,1,-128.8764272,3.095510293,-21.87408805,11.68409867,-112.2529484,245.5363662,115.3506999
0.1229142076,0.1134964196,-2.498694246,2.247669822,1,158.3279421,3.360876755,175.1764257,0,-55.16294434,560.5121585,138.0274232
0.1229142076,0.1173601275,-0.9267671516,1.308600428,1,282.0946788,1.603537475,-279.452336,0,154.646389,-92.18933641,125.3066022
0.1229142076,0.1212238354,NaN,NaN,0,104.8078593,1.726597005,17.44624841,0,-45.01409505,-94.12526188,118.0250387
0.1267779155,0.01690372206,NaN,NaN,0,-17.93695628,0.5413866967,2.373576122,0,13.18611857,-6.092644619,47.72207149
0.1267779155,0.02076742997,NaN,NaN,0,-18.39529564,0.5476028921,7.28564217,2.023013734,13.39719611,-5.684038113,49.58413124
0.1267779155,0.02463113787,NaN,NaN,0,-18.09167098,0.5675057229,15.11629372,0,14.77720425,-7.412374075,52.57390673
0.1267779155,0.02849484577,NaN,NaN,0,-16.01835435,0.609178031,21.80220076,0,17.1408415,-11.15807488,55.82128074
0.1267779155,0.03235855367,NaN,NaN,0,-13.26334674,0.6753351093,27.34315629,0,18.97584932,-16.46208655,58.86051601
0.1267779155,0.03622226157,NaN,NaN,0,-10.29401535,0.7654611518,32.70021306,0,19.85895916,-22.29036347,61.58116972
0.1267779155,0.04008596947,NaN,NaN,0,-6.137305031,0.8797852141,37.13284017,0,18.25298068,-28.30274348,63.96266348
0.1267779155,0.04394967737,NaN,NaN,0,0.3557926707,1.01319252,40.96251438,0,14.26776698,-30.68272453,66.06176062
0.1267779155,0.04781338527,NaN,NaN,0,11.63689391,1.155476132,40.67349848,0,10.55639401,-25.95819528,67.47277241
0.1267779155,0.05167709317,NaN,NaN,0,9.834825883,1.283550993,26.21748772,0,14.24091536,-28.51379778,67.22629423
0.1267779155,0.05554080107,NaN,NaN,0,-10.32497508,1.386453841,22.82877099,0,20.33229667,-31.39293476,67.27000458
0.1267779155,0.05940450897,NaN,NaN,0,-29.52224783,1.492374764,75.23423801,0,56.73103519,-27.01056779,68.9712507
0.1267779155,0.06326821687,NaN,NaN,0,46.77643961,1.792302057,73.00984492,0,26.55497711,-51.70452557,69.05020255
0.1267779155,0.06713192477,NaN,NaN,0,36.23522354,2.045862076,21.74490577,0,35.84375731,-86.14864373,66.40640009
0.1267779155,0.07099563267,0.919329386,2.090689422,1,52.36784519,2.28388896,-18.89615076,8.318779258,24.41263606,-139.5407957,66.26368503
0.1267779155,0.07485934057,1.115506835,2.340978904,1,29.58925572,2.593171364,-80.53186141,0,-0.771114875,-171.61603,64.52159423
0.1267779155,0.07872304847,1.030674265,2.442612044,1,-42.24028949,2.65115881,-110.8837133,0,-67.68806561,-168.5286415,67.12240598
0.1267779155,0.08258675637,0.6907757808,2.563702068,1,-60.81365744,2.655134549,-86.96168069,0,-72.45872192,-153.9476746,74.92008675
0.1267779155,0.08645046427,0.5157487195,2.701426358,1,-55.89856068,2.750218375,-33.45614671,0,-50.27823869,-81.73663783,79.19132154
0.1267779155,0.09031417218,0.2805396422,2.750243783,1,-42.70366056,2.764515031,-4.014437996,0,-51.70000704,22.65368247,84.17566782
0.1267779155,0.09417788008,0.1510005231,2.598388531,1,0.6967329415,2.60277239,34.59389463,0,-119.7042655,49.08230825,86.67410283
0.1267779155,0.09804158798,-0.1792707014,2.694264785,1,-12.16578725,2.700222345,133.7136377,0,-252.1001925,-56.64749051,93.80672922
0.1267779155,0.1019052959,-0.8700460307,3.333888326,1,-63.2381275,3.445546613,148.6101285,0,-245.3302473,-0.542353499,104.6262809
0.1267779155,0.1057690038,-1.371488769,3.270546408,1,20.43724415,3.546470816,37.50790234,0,-137.0656114,141.1112231,112.7505191
0.1267779155,0.1096327117,-1.320663975,2.933595357,1,216.614539,3.217162577,-125.5997256,26.95683642,111.1626011,185.8981413,114.2366138
0.1267779155,0.1134964196,-0.1050536431,2.067009638,1,58.52781186,2.069677538,-47.06018351,6.736881376,6.10858121,423.2902163,92.90949575
0.1267779155,0.1173601275,-1.070927832,1.116298801,1,-125.7901555,1.546935498,-90.13254122,6.920924935,-80.37888068,97.39031731,133.8116493
0.1267779155,0.1212238354,NaN,NaN,0,61.56594137,1.617151738,57.05650513,0,26.0686621,-60.02133474,123.8860045
0.1306416234,0.01690372206,NaN,NaN,0,-12.00782122,0.579250328,4.150399964,0,10.44949902,-4.714888503,51.37119467
0.1306416234,0.02076742997,NaN,NaN,0,-12.0813556,0.590894255,7.580838777,0,10.6415934,-5.850532897,52.63603964
0.1306416234,0.02463113787,NaN,NaN,0,-11.60247942,0.6174124919,13.69869943,0,11.43261305,-9.077010246,54.78288676
0.1306416234,0.02849484577,NaN,NaN,0,-10.13189631,0.6626349247,19.46188053,0,12.76642773,-12.97687586,57.30399301
0.1306416234,0.03235855367,NaN,NaN,0,-7.998878303,0.728490179,24.62625216,0,13.96302984,-17.50569677,59.81991309
0.1306416234,0.03622226157,NaN,NaN,0,-5.375140529,0.8149620556,29.26402345,0,14.56545251,-22.17226118,62.12848057
0.1306416234,0.04008596947,NaN,NaN,0,-2.044557751,0.9207423222,33.07422696,0,14.11662746,-26.35853252,64.13091523
0.1306416234,0.04394967737,NaN,NaN,0,2.096254016,1.04186049,35.72229167,0,12.93898676,-28.79915464,65.76699662
0.1306416234,0.04781338527,NaN,NaN,0,6.27366262,1.171762944,36.05538799,0,12.47521283,-29.26679492,66.89465147
0.1306416234,0.05167709317,NaN,NaN,0,5.484785379,1.302281026,33.4950675,0,14.92665887,-31.40968956,67.41860345
0.1306416234,0.05554080107,NaN,NaN,0,-0.262246458,1.433601627,36.39030286,0,19.89461548,-34.48865975,67.92868874
0.1306416234,0.05940450897,NaN,NaN,0,-1.172200946,1.584658219,51.04401291,0,28.85514807,-38.53819345,68.68855902
0.1306416234,0.06326821687,NaN,NaN,0,19.31266041,1.794813929,49.45771568,0,21.39258483,-51.57947304,68.91635143
0.1306416234,0.06713192477,NaN,NaN,0,20.79056653,2.005506128,31.56255119,0,16.51053702,-67.88263488,68.5559791
0.1306416234,0.07099563267,NaN,NaN,0,17.56383731,2.205167219,20.41690775,0,2.2110077,-77.97230288,69.01367277
0.1306416234,0.07485934057,NaN,NaN,0,3.304185662,2.388234857,-14.53647056,0,-35.23374578,-101.616739,70.1843039
0.1306416234,0.07872304847,NaN,NaN,0,-54.09988942,2.486314104,-20.90724007,0,-84.22979291,-103.4478399,74.4530052
0.1306416234,0.08258675637,0.2751357664,2.565735311,1,-46.63348183,2.58044519,-1.030532642,0,-80.23358416,-85.41587009,83.87929598
0.1306416234,0.08645046427,0.1762261757,2.721382494,1,10.20311935,2.727082387,-7.432208291,0,-46.26830804,-66.68895667,86.29492066
0.1306416234,0.09031417218,0.1357904119,2.794686078,1,35.36869239,2.797983079,-59.83279877,0,-51.65734153,22.16348818,87.2182552
0.1306416234,0.09417788008,0.1132915933,2.404572793,1,21.43082392,2.407240183,-91.05973631,0,-99.63780667,59.26870408,87.30250068
0.1306416234,0.09804158798,-0.1663785252,2.213860895,1,85.66634461,2.220104024,60.72509071,0,-233.0279587,-26.01082439,94.29787656
0.1306416234,0.1019052959,-0.4560706392,2.739695033,1,161.716816,2.777396137,150.6559603,0,-345.6153247,31.99797788,99.45122814
0.1306416234,0.1057690038,-0.8769086463,2.67232068,1,118.7781792,2.812519616,74.37392375,0,-283.4698382,164.8842274,108.1669906
0.1306416234,0.1096327117,-1.092391103,2.389989658,1,137.6278528,2.627806859,2.310868377,0,-181.146321,164.6376978,114.5636893
0.1306416234,0.1134964196,-1.045051296,2.045137226,1,84.18899792,2.296675529,-191.2941471,0,-34.06463974,43.17837295,117.0667253
0.1306416234,0.1173601275,NaN,NaN,0,-6.361711419,1.734972685,-31.50243649,0,63.9079168,138.8386117,121.1985527
0.1306416234,0.1212238354,NaN,NaN,0,20.71485559,1.61263449,5.140575311,0,18.63369728,55.38617325,120.6748165
0.1345053313,0.01690372206,NaN,NaN,0,-6.843592883,0.6070894376,4.646387625,0,6.682344004,-4.351090624,53.39260531
0.1345053313,0.02076742997,NaN,NaN,0,-6.709406676,0.6209475053,7.404935664,0,6.89748486,-6.142516843,54.37214599
0.1345053313,0.02463113787,NaN,NaN,0,-6.104994779,0.6502627683,12.63578468,0,7.545226837,-10.06825815,56.09251305
0.1345053313,0.02849484577,NaN,NaN,0,-4.907873161,0.6970486797,17.72036978,0,8.529226521,-14.16672154,58.20348086
0.1345053313,0.03235855367,NaN,NaN,0,-3.225129636,0.7624610331,22.43594836,0,9.544389811,-18.41156347,60.38860614
0.1345053313,0.03622226157,NaN,NaN,0,-1.163110712,0.8463548822,26.65540162,0,10.32319357,-22.53445197,62.43202075
0.1345053313,0.04008596947,NaN,NaN,0,1.23796054,0.9472886265,30.17775257,0,10.70908987,-26.15997079,64.21036765
0.1345053313,0.04394967737,NaN,NaN,0,3.800118524,1.062361729,32.79703733,0,10.89633976,-28.88856658,65.65996562
0.1345053313,0.04781338527,NaN,NaN,0,5.876717173,1.187753127,34.33069433,0,11.47881166,-30.90014019,66.746865
0.1345053313,0.05167709317,NaN,NaN,0,6.092899473,1.320323513,35.31709142,0,13.09589182,-33.36950581,67.51670652
0.1345053313,0.05554080107,NaN,NaN,0,4.96340481,1.461310535,38.19336006,0,15.46435831,-36.61382121,68.18420086
0.1345053313,0.05940450897,NaN,NaN,0,5.783030092,1.618007275,43.09379507,0,17.40235679,-41.07407322,68.84838251
0.1345053313,0.06326821687,NaN,NaN,0,10.85583643,1.796906745,42.21445371,0,13.64967713,-48.19253826,69.3859386
0.1345053313,0.06713192477,NaN,NaN,0,10.05054484,1.978305157,34.63067556,0,6.59479824,-55.83011989,69.94145814
0.1345053313,0.07099563267,NaN,NaN,0,3.997220014,2.147605342,25.46747739,0,-7.049864637,-60.91926564,71.06318538
0.1345053313,0.07485934057,NaN,NaN,0,-8.263229037,2.291229986,12.3417914,0,-29.71831496,-63.96530333,73.08277142
0.1345053313,0.07872304847,NaN,NaN,0,-25.63640267,2.390381595,11.16905308,0,-54.5851456,-51.41370419,76.69271186
0.1345053313,0.08258675637,NaN,NaN,0,-14.94082153,2.459890953,32.90706903,0,-68.09764281,-7.737401025,81.66065055
0.1345053313,0.08645046427,NaN,NaN,0,17.58957359,2.493807556,6.905719254,0,-74.98928081,12.05115971,84.72280303
0.1345053313,0.09031417218,NaN,NaN,0,44.7788457,2.417772316,-44.22605397,0,-96.85238057,47.03926969,86.79922293
0.1345053313,0.09417788008,0.02816926074,2.130614706,1,33.61068359,2.130800913,-130.5554174,0,-80.2346392,115.6012657,89.24252578
0.1345053313,0.09804158798,-0.04514491632,1.462923087,1,65.39353116,1.463619494,-77.4930235,0,-115.2145405,118.4093584,91.76755195
0.1345053313,0.1019052959,-0.1643245665,1.373705125,1,157.5265834,1.383498585,87.25913745,0,-261.5510733,21.66036958,96.8213897
0.1345053313,0.1057690038,-0.4470651598,1.716377565,1,218.6069519,1.773645738,164.6152483,0,-350.9406912,79.6606022,104.5994464
0.1345053313,0.1096327117,-0.6756234806,1.701945063,1,152.7759418,1.831142835,137.7758009,0,-212.372727,165.2792881,111.6516611
0.1345053313,0.1134964196,-0.6773297298,1.610112124,1,169.9240608,1.746778926,99.4449665,0,-164.9000587,180.7515643,112.8151466
0.1345053313,0.1173601275,NaN,NaN,0,48.01297727,1.535123326,31.32059245,0,-45.53949078,102.6709716,115.3068193
0.1345053313,0.1212238354,NaN,NaN,0,17.515787,1.492192241,24.79258345,0,-23.50003686,52.41631662,116.5841238
0.1383690392,0.01690372206,NaN,NaN,0,-4.325638162,0.6215991993,4.701559602,0,4.701559602,-4.325638162,54.29748029
0.1383690392,0.02076742997,NaN,NaN,0,-4.112224979,0.6362569072,7.23437408,0,4.944692298,-6.321282322,55.16087051
0.1383690392,0.02463113787,NaN,NaN,0,-3.461121249,0.6665941801,12.13530876,0,5.582484304,-10.47060905,56.70082846
0.1383690392,0.02849484577,NaN,NaN,0,-2.384638734,0.7139329148,16.91670399,0,6.47602852,-14.64135023,58.62749066
0.1383690392,0.03235855367,NaN,NaN,0,-0.9270392056,0.7790397915,21.39296304,0,7.45849215,-18.78819048,60.65555454
0.1383690392,0.03622226157,NaN,NaN,0,0.8278791208,0.861662931,25.4188169,0,8.355829749,-22.71907761,62.57213252
0.1383690392,0.04008596947,NaN,NaN,0,2.788988793,0.9604443203,28.84735051,0,9.070602013,-26.19532593,64.2501336
0.1383690392,0.04394967737,NaN,NaN,0,4.755078165,1.073063482,31.58861576,0,9.692934969,-29.06379569,65.63260394
0.1383690392,0.04781338527,NaN,NaN,0,6.286380996,1.1968787,33.69204414,0,10.50160931,-31.53690987,66.71764837
0.1383690392,0.05167709317,NaN,NaN,0,6.813166578,1.330158159,35.59667955,0,11.74726238,-34.20693653,67.56686406
0.1383690392,0.05554080107,NaN,NaN,0,6.627619637,1.473525382,38.19685329,0,13.07688563,-37.29844368,68.30158149
0.1383690392,0.05940450897,NaN,NaN,0,6.907498274,1.62934325,40.90916044,0,13.21782546,-40.96593312,69.00666438
0.1383690392,0.06326821687,NaN,NaN,0,7.811181258,1.796757012,40.37019936,0,9.674897791,-45.59191606,69.72744429
0.1383690392,0.06713192477,NaN,NaN,0,5.203412883,1.964429775,35.75430951,0,2.623986965,-49.84995122,70.63767911
0.1383690392,0.07099563267,NaN,NaN,0,-1.399934837,2.119252351,28.76613407,0,-9.249287753,-51.62373724,72.05941392
0.1383690392,0.07485934057,NaN,NaN,0,-11.07462682,2.248299772,19.94490627,0,-25.64779618,-49.2337039,74.25361211
0.1383690392,0.07872304847,NaN,NaN,0,-19.71509018,2.339950401,15.24975166,0,-41.82141221,-35.58911281,77.38831979
0.1383690392,0.08258675637,NaN,NaN,0,-14.80229047,2.389547148,14.41826005,0,-52.86324543,-6.336965927,81.03455648
0.1383690392,0.08645046427,NaN,NaN,0,1.731584613,2.376813271,-9.405580439,0,-60.15322559,19.81207617,83.97514533
0.1383690392,0.09031417218,NaN,NaN,0,18.00285372,2.252244502,-48.61266437,0,-68.20253353,54.65009097,86.26641753
0.1383690392,0.09417788008,NaN,NaN,0,22.88790498,1.965491829,-87.57553995,0,-62.99176857,101.7297458,88.38152954
0.1383690392,0.09804158798,NaN,NaN,0,-25.4926813,1.516066726,-99.70940412,0,2.004725962,118.7870148,90.31329133
0.1383690392,0.1019052959,NaN,NaN,0,75.2643772,1.121055316,-101.7306376,0,-55.80337034,168.5509514,91.80124158
0.1383690392,0.1057690038,0.06690188712,0.4717549512,1,336.8536147,0.4764751793,114.7336443,0,-307.4096918,151.3149599,81.92842726
0.1383690392,0.1096327117,0.0785252383,0.9791618612,1,183.2709416,0.9823055347,231.3861662,0,-190.8687295,158.989472,85.41489863
0.1383690392,0.1134964196,0.03754625398,0.7514746304,1,162.7618885,0.7524120156,203.5851398,0,-281.7010553,166.4614591,87.13968456
0.1383690392,0.1173601275,NaN,NaN,0,-4.081155649,1.185496021,132.958274,0,-141.3602697,9.491026477,108.7477417
0.1383690392,0.1212238354,NaN,NaN,0,-9.694542349,1.335755864,64.52223279,0,-64.52223279,9.694542349,113.1154049
