PIVlab, ASCII chart output - 19-Sep-2021
FRAME: 679, filenames: A: 72_12_75_60 679.jpg & B: 72_12_75_60 680.jpg, conversion factor xy (px -> m): 0.00024148, conversion factor uv (px/frame -> m/s): 1
x [m],y [m],u [m/s],v [m/s],Vector type [-],vorticity [1/s],magnitude [m/s],divergence [1/s],dcev [1],simple shear [1/s],simple strain [1/s],vector direction [degrees]
0.03791263377,0.01690372206,NaN,NaN,0,-3.804745817,1.006306707,-5.16250149,0,5.16250149,3.804745817,-72.94925176
0.03791263377,0.02076742997,NaN,NaN,0,-3.243418413,1.023641015,-7.479894437,0,5.429272213,5.823698183,-73.09320506
0.03791263377,0.02463113787,NaN,NaN,0,-2.068086261,1.057948105,-11.90105023,0,6.116878306,9.831369991,-73.32822161
0.03791263377,0.02849484577,NaN,NaN,0,-0.6730336351,1.108569205,-15.99578879,0,6.937395942,13.6343285,-73.5817271
0.03791263377,0.03235855367,NaN,NaN,0,0.8415599739,1.174601304,-19.64979901,0,7.796844357,17.26317526,-73.79930381
0.03791263377,0.03622226157,NaN,NaN,0,2.410026805,1.254835767,-22.78680886,0,8.492557386,20.64507289,-73.9605307
0.03791263377,0.04008596947,NaN,NaN,0,4.010007758,1.347513666,-25.30037691,0,8.823799793,23.57966615,-74.07003892
0.03791263377,0.04394967737,NaN,NaN,0,5.550699033,1.450049697,-27.05902878,0,8.757358321,25.83123994,-74.13935279
0.03791263377,0.04781338527,NaN,NaN,0,6.729341069,1.559194257,-28.04855905,0,8.541364675,27.35105112,-74.17762786
0.03791263377,0.05167709317,NaN,NaN,0,7.205473185,1.672074592,-28.47614799,0,8.430953458,28.44221412,-74.19910225
0.03791263377,0.05554080107,NaN,NaN,0,6.911441664,1.787251259,-28.63276208,0,8.269618623,29.57742865,-74.23648036
0.03791263377,0.05940450897,NaN,NaN,0,5.726324228,1.904460949,-28.68557541,0,7.723935707,31.20250954,-74.34358128
0.03791263377,0.06326821687,NaN,NaN,0,3.626079932,2.024097774,-28.45345962,0,5.985797757,33.61328998,-74.60016173
0.03791263377,0.06713192477,NaN,NaN,0,1.010941817,2.145588856,-28.08798017,0,2.190745645,35.74853026,-75.11686916
0.03791263377,0.07099563267,NaN,NaN,0,-3.021092433,2.265806268,-28.52796553,0,-1.638407116,36.58978946,-75.9549545
0.03791263377,0.07485934057,NaN,NaN,0,-8.697056732,2.385530676,-31.65803047,0,-2.731309857,37.13394062,-77.0872407
0.03791263377,0.07872304847,NaN,NaN,0,-17.85046088,2.51522805,-40.27385792,0,2.886367726,41.86940091,-78.40084355
0.03791263377,0.08258675637,NaN,NaN,0,-29.901081,2.684980473,-57.10173206,0,14.00787327,57.36441822,-79.80429599
0.03791263377,0.08645046427,NaN,NaN,0,-54.48079757,2.939895442,-86.59115463,0,34.57351064,94.35662689,-81.30743588
0.03791263377,0.09031417218,NaN,NaN,0,-52.15326734,3.36537058,-120.8848446,0,18.77784337,140.0556464,-83.20202732
0.03791263377,0.09417788008,NaN,NaN,0,111.7950325,3.927007314,-57.03432325,0,-174.3806394,96.28388714,-85.39386416
0.03791263377,0.09804158798,NaN,NaN,0,13.85164584,3.937201069,18.76079134,0,-93.18008136,-24.52469781,-87.72132829
0.03791263377,0.1019052959,NaN,NaN,0,-73.83306921,3.747092183,179.9196217,0,-122.0725005,58.99855325,-89.86453854
0.03791263377,0.1057690038,-0.6003794103,-3.466884099,1,-40.86301719,3.518485582,652.7954021,0,157.1144173,80.22546886,-99.82478469
0.03791263377,0.1096327117,0.4580205015,-1.534838736,1,620.0112706,1.6017218,543.9203293,0,-159.3204122,-574.6606772,-73.38405264
0.03791263377,0.1134964196,1.179595499,0.8549861736,1,699.4542944,1.456862004,4.708972062,0,-621.2321022,-244.7239918,35.93508902
0.03791263377,0.1173601275,NaN,NaN,0,171.6066345,0.9508604192,-311.8264905,0,-322.4374894,179.3484505,-36.91407646
0.03791263377,0.1212238354,NaN,NaN,0,79.78052209,1.201488647,-164.372357,0,-164.372357,79.78052209,-60.21535513
0.04177634167,0.01690372206,NaN,NaN,0,-6.269417105,0.9889789744,-5.574608604,0,7.328732197,3.687195385,-72.80025313
0.04177634167,0.02076742997,NaN,NaN,0,-5.637864553,1.006681939,-8.060753336,0,7.467756074,5.633980654,-72.99012022
0.04177634167,0.02463113787,NaN,NaN,0,-4.312345645,1.041653796,-12.71446153,0,8.008505673,9.549089214,-73.2893838
0.04177634167,0.02849484577,NaN,NaN,0,-2.675029461,1.093177052,-16.96022805,0,8.780920006,13.28472933,-73.59328014
0.04177634167,0.03235855367,NaN,NaN,0,-0.8967321918,1.160412099,-20.69594252,0,9.644998686,16.98098125,-73.83281368
0.04177634167,0.03622226157,NaN,NaN,0,0.9568762238,1.242399656,-23.90165028,0,10.27866447,20.60097764,-73.99418599
0.04177634167,0.04008596947,NaN,NaN,0,2.950447977,1.337659043,-26.4674966,0,10.34033313,23.8504821,-74.09762907
0.04177634167,0.04394967737,NaN,NaN,0,5.057959183,1.44344262,-28.12575785,0,9.761699584,26.26539508,-74.16271575
0.04177634167,0.04781338527,NaN,NaN,0,6.776822001,1.555458961,-28.75155408,0,9.090811236,27.6386456,-74.19022478
0.04177634167,0.05167709317,NaN,NaN,0,7.489456749,1.669778851,-28.6768497,0,8.968057148,28.46843573,-74.17914671
0.04177634167,0.05554080107,NaN,NaN,0,7.33629888,1.785223627,-28.35197941,0,9.120195403,29.47214571,-74.15723513
0.04177634167,0.05940450897,NaN,NaN,0,6.211380262,1.902065842,-28.07361383,0,9.346461568,31.31370068,-74.17117582
0.04177634167,0.06326821687,NaN,NaN,0,3.93654938,2.022378811,-27.33240981,0,8.247136289,35.14324361,-74.29360006
0.04177634167,0.06713192477,NaN,NaN,0,1.787188124,2.147238838,-25.8922393,0,2.865496123,38.43278738,-74.71960272
0.04177634167,0.07099563267,NaN,NaN,0,-2.81787873,2.26704937,-24.56922688,0,-2.93394079,38.15555659,-75.55672211
0.04177634167,0.07485934057,NaN,NaN,0,-9.258058643,2.376696093,-25.12690377,0,-5.403448418,33.98799568,-76.77657803
0.04177634167,0.07872304847,NaN,NaN,0,-22.23771305,2.476630142,-31.02604791,0,4.667007897,32.14560722,-78.14464771
0.04177634167,0.08258675637,NaN,NaN,0,-33.84253019,2.601630367,-42.16560135,0,21.03428709,38.14180912,-79.46261697
0.04177634167,0.08645046427,NaN,NaN,0,-87.83448357,2.772399592,-78.86988332,0,77.38125446,88.56681998,-80.46358687
0.04177634167,0.09031417218,NaN,NaN,0,-146.7609184,3.234123416,-212.0679973,0,129.1275402,236.4874837,-82.26312986
0.04177634167,0.09417788008,0.3911853765,-4.467173799,1,-197.4312086,4.48426892,-101.6730916,18.48254894,122.3782477,140.6265377,-84.99543926
0.04177634167,0.09804158798,0.1454074617,-4.140857451,1,-94.9406408,4.143409678,146.1357554,0,115.4465108,-16.11785405,-87.98886773
0.04177634167,0.1019052959,0.4704140684,-3.840273246,1,37.16407115,3.868977643,222.0472665,0,136.3227478,-51.3783828,-83.01634777
0.04177634167,0.1057690038,0.8157098549,-3.08442061,1,-10.55454478,3.190459695,231.6840076,0,-8.023316504,24.6602001,-75.18661725
0.04177634167,0.1096327117,0.398634639,-3.040393726,1,253.362348,3.066415429,114.1793534,0,-279.1894349,-245.0697376,-82.53039575
0.04177634167,0.1134964196,0.7159215351,-1.696387059,1,525.0078563,1.841269317,23.4962094,26.18161092,-497.6545101,-368.580534,-67.11893078
0.04177634167,0.1173601275,NaN,NaN,0,189.7857047,1.606723761,-60.89992753,0,-262.9049672,-107.9917453,-71.70672908
0.04177634167,0.1212238354,NaN,NaN,0,102.2890332,1.575235484,-48.60314204,0,-138.994663,-54.34150774,-74.02965121
0.04564004958,0.01690372206,NaN,NaN,0,-11.46308344,0.9539757803,-6.254446899,0,11.74212019,3.697857759,-72.44272227
0.04564004958,0.02076742997,NaN,NaN,0,-10.62962093,0.9724835116,-9.203548836,0,11.53751564,5.377341769,-72.75415129
0.04564004958,0.02463113787,NaN,NaN,0,-8.914643446,1.008838225,-14.45323456,0,11.71470945,8.928856821,-73.21797741
0.04564004958,0.02849484577,NaN,NaN,0,-6.720613768,1.062098304,-19.02508445,0,12.43538712,12.38415328,-73.64167851
0.04564004958,0.03235855367,NaN,NaN,0,-4.449156599,1.131486432,-22.86874867,0,13.46238701,16.17838683,-73.92183281
0.04564004958,0.03622226157,NaN,NaN,0,-2.15687034,1.216699753,-26.19178715,0,14.15740131,20.39194032,-74.0690759
0.04564004958,0.04008596947,NaN,NaN,0,0.5735007349,1.317283939,-28.97237905,0,13.70061669,24.52571186,-74.15209481
0.04564004958,0.04394967737,NaN,NaN,0,4.152202901,1.430604594,-30.53189916,0,11.65996047,27.43426548,-74.21734443
0.04564004958,0.04781338527,NaN,NaN,0,7.377525099,1.549420947,-30.32942669,0,9.545129438,28.29532348,-74.24046723
0.04564004958,0.05167709317,NaN,NaN,0,8.332862862,1.666358497,-29.13620081,0,9.536638563,28.31225401,-74.17225648
0.04564004958,0.05554080107,NaN,NaN,0,8.393372606,1.781804026,-27.78852539,0,10.23618851,28.76518443,-74.04233202
0.04564004958,0.05940450897,NaN,NaN,0,7.346945691,1.896237661,-27.29525715,0,12.79398174,30.06613741,-73.88057823
0.04564004958,0.06326821687,NaN,NaN,0,3.531619747,2.016333585,-25.62036891,0,15.38071916,38.50315399,-73.64767635
0.04564004958,0.06713192477,NaN,NaN,0,4.72418907,2.154539904,-21.66420282,0,4.252994306,46.59895657,-73.84302115
0.04564004958,0.07099563267,NaN,NaN,0,-1.125223298,2.279547144,-16.71434294,0,-7.213732419,45.62710983,-74.67761537
0.04564004958,0.07485934057,NaN,NaN,0,-4.771022782,2.378948072,-11.88533227,0,-19.1241142,29.88585581,-76.2033287
0.04564004958,0.07872304847,NaN,NaN,0,-33.18400963,2.414399554,-16.13894285,4.506074696,5.335032338,14.98210893,-77.80428017
0.04564004958,0.08258675637,0.4597241747,-2.43055364,1,-21.60977729,2.473648583,18.12670317,0,14.29394691,-5.718163634,-79.28938721
0.04564004958,0.08645046427,0.4817799716,-2.267781008,1,-29.41447298,2.318392253,40.57360989,0,37.95046472,0.5097500652,-78.00608598
0.04564004958,0.09031417218,0.4927047535,-2.275758588,1,-135.6702222,2.328483439,-57.79132234,0,131.5513077,48.55545033,-77.78392614
0.04564004958,0.09417788008,0.4658656889,-2.678673874,1,-228.2313042,2.718882962,-41.35675937,0,271.2441122,177.4627581,-80.13399866
0.04564004958,0.09804158798,0.6588936798,-3.121213286,1,-56.10153453,3.190002078,-70.82100579,0,108.4885366,106.5442847,-78.0797733
0.04564004958,0.1019052959,0.6682737626,-3.363961548,1,-36.2190461,3.429697817,-128.4248665,0,-33.36021732,-41.49001163,-78.76408752
0.04564004958,0.1057690038,0.39005973,-3.457104172,1,62.24625441,3.479039501,-178.2227584,0,-247.5541222,-119.082232,-83.56262994
0.04564004958,0.1096327117,-0.04770171025,-3.592463267,1,124.3668832,3.592779951,-138.8885239,0,-265.104557,-232.2759359,-90.76074433
0.04564004958,0.1134964196,-0.153709532,-3.096282491,1,412.0754052,3.100095463,-10.95584386,28.02139273,-371.8545015,-340.2499189,-92.84201568
0.04564004958,0.1173601275,NaN,NaN,0,195.5516913,2.322665475,64.45251614,24.09252278,-104.2428715,-225.7512129,-87.34228823
0.04564004958,0.1212238354,NaN,NaN,0,98.19309423,1.98502833,40.50735649,0,-50.89088311,-138.1537156,-84.24405479
0.04950375748,0.01690372206,NaN,NaN,0,-17.66512288,0.9005713578,-6.647042612,0,16.18520212,4.690895478,-71.71378058
0.04950375748,0.02076742997,NaN,NaN,0,-16.43313311,0.9205213823,-10.53383672,0,15.29523604,5.736748006,-72.31051663
0.04950375748,0.02463113787,NaN,NaN,0,-13.99599344,0.9591798551,-16.86984341,0,14.87742936,8.404843021,-73.14152613
0.04950375748,0.02849484577,NaN,NaN,0,-10.84362556,1.014937011,-21.81812652,0,15.783532,11.14464015,-73.80263496
0.04950375748,0.03235855367,NaN,NaN,0,-8.022410098,1.086760574,-25.56218055,0,17.61176093,14.95647245,-74.12583273
0.04950375748,0.03622226157,NaN,NaN,0,-5.708701721,1.175638092,-29.0243706,0,19.18793706,20.26268497,-74.1969105
0.04950375748,0.04008596947,NaN,NaN,0,-2.651777598,1.284175944,-32.69833328,0,18.64477186,26.42615951,-74.21479593
0.04950375748,0.04394967737,NaN,NaN,0,3.599826586,1.412274299,-34.70003304,0,13.63239616,30.65063151,-74.30867139
0.04950375748,0.04781338527,NaN,NaN,0,10.24821263,1.545268615,-32.89805272,0,7.893107485,29.79612882,-74.38600402
0.04950375748,0.05167709317,NaN,NaN,0,10.071097,1.664437052,-29.75000144,0,9.397179153,27.72007242,-74.24093284
0.04950375748,0.05554080107,NaN,NaN,0,10.55738299,1.779412881,-26.37066419,0,9.493938347,27.21020058,-73.97775737
0.04950375748,0.05940450897,NaN,NaN,0,11.25141015,1.884806558,-27.69852047,0,16.21255772,21.68251054,-73.6835603
0.04950375748,0.06326821687,NaN,NaN,0,-1.881205151,1.992694211,-26.18960587,0,36.22876432,42.20427836,-72.55924108
0.04950375748,0.06713192477,NaN,NaN,0,14.70317171,2.176349638,-18.42986012,0,5.979494357,63.8327751,-72.28485028
0.04950375748,0.07099563267,0.6771611756,-2.218923584,1,-10.81859753,2.319950242,14.80233322,0,-1.867452207,91.40901335,-73.0290935
0.04950375748,0.07485934057,0.6132152412,-2.369135275,1,-46.47188919,2.447209612,99.14002453,0,1.740781317,113.6473729,-75.488322
0.04950375748,0.07872304847,0.5043332407,-2.27497574,1,-7.812170091,2.330207423,152.1171063,0,-15.35051906,165.0319458,-77.50040181
0.04950375748,0.08258675637,0.5237213761,-2.419034443,1,46.26172957,2.475078123,169.0204458,0,-16.8297788,220.4819606,-77.78398926
0.04950375748,0.08645046427,0.6180497015,-2.473808001,1,51.72604484,2.54984538,195.4605818,0,-83.82368551,131.5794794,-75.9725264
0.04950375748,0.09031417218,0.3997054683,-2.172216523,1,169.2375114,2.208684921,88.10824794,17.63605663,-91.84825081,104.5532503,-79.57374173
0.04950375748,0.09417788008,0.917059199,-2.537346686,1,170.9342582,2.697985504,3.715394283,0,-201.0280683,348.6464824,-70.12890389
0.04950375748,0.09804158798,0.2834317767,-3.504929493,1,44.38814628,3.516370902,-230.4821163,0,-329.9031531,103.8808619,-85.37674465
0.04950375748,0.1019052959,-0.1860873887,-3.829227567,1,94.05780901,3.833746506,-228.3016535,0,-253.5992593,-27.33685505,-92.78219052
0.04950375748,0.1057690038,-0.3329897852,-4.281398773,1,119.2829271,4.294328544,-100.689194,0,-339.11037,84.61726754,-94.4472798
0.04950375748,0.1096327117,-1.035436417,-4.545197607,1,260.3617399,4.661646689,-109.0624423,0,-340.0895992,5.817996764,-102.8334736
0.04950375748,0.1134964196,-0.6410349451,-4.725263233,1,397.1379817,4.768546783,203.2894364,47.64740138,-159.9188725,-278.4641844,-97.72565116
0.04950375748,0.1173601275,NaN,NaN,0,-3.043081742,2.686474413,327.2433773,0,183.4832229,-354.6943698,-92.53647757
0.04950375748,0.1212238354,NaN,NaN,0,-1.61364071,2.09120848,139.231903,0,92.21268632,-167.9276337,-88.46185904
0.05336746538,0.01690372206,NaN,NaN,0,-26.01012431,0.8276291904,-6.35548995,0,20.60727791,7.840726398,-70.2097069
0.05336746538,0.02076742997,NaN,NaN,0,-23.8117754,0.8501152578,-12.24939653,1.460415702,18.21081685,7.308396278,-71.49755365
0.05336746538,0.02463113787,NaN,NaN,0,-19.79257162,0.8925881306,-20.67417586,0,16.71623996,7.80912711,-73.16039186
0.05336746538,0.02849484577,NaN,NaN,0,-14.63548495,0.9518276008,-25.81539766,0,18.20955059,8.833091838,-74.27943145
0.05336746538,0.03235855367,NaN,NaN,0,-11.08815651,1.025038551,-28.53747642,0,22.01318766,12.24017786,-74.58951262
0.05336746538,0.03622226157,NaN,NaN,0,-10.00374885,1.114926039,-31.64518144,0,26.33781415,19.27616761,-74.38509612
0.05336746538,0.04008596947,NaN,NaN,0,-9.071735992,1.23151029,-38.09655042,0,28.05813752,30.2656097,-74.19128345
0.05336746538,0.04394967737,NaN,NaN,0,2.650668409,1.389054895,-42.671847,0,16.33174483,38.94597224,-74.40348812
0.05336746538,0.04781338527,NaN,NaN,0,19.94440185,1.554986301,-36.81274971,0,-1.00227481,32.51848787,-74.75653974
0.05336746538,0.05167709317,NaN,NaN,0,11.1459295,1.666744882,-30.59508805,0,10.66503222,25.56170626,-74.45606036
0.05336746538,0.05554080107,NaN,NaN,0,12.51365221,1.786647427,-20.24560947,0,2.129828,30.67303493,-73.97854394
0.05336746538,0.05940450897,0.503227919,-1.802518835,1,19.00642577,1.87144663,9.997387523,0,16.30963777,28.18536797,-74.40130875
0.05336746538,0.06326821687,0.6295608351,-1.78752424,1,51.62292169,1.895149006,189.2968309,0,18.70834213,267.1051788,-70.59788463
0.05336746538,0.06713192477,0.7749673787,-2.103147564,1,72.07106088,2.241384419,154.7301855,0,27.10279658,252.152169,-69.77217728
0.05336746538,0.07099563267,1.012739652,-2.163934328,1,76.35353617,2.389195132,108.5117495,0,82.69199054,113.9168545,-64.92000663
0.05336746538,0.07485934057,1.389472837,-2.12403131,1,77.15985851,2.538137855,168.1054609,0,109.8827101,226.3661433,-56.80858141
0.05336746538,0.07872304847,1.735417502,-2.389036587,1,204.8502803,2.952824024,47.05029319,30.25428587,-55.98424858,189.4755238,-54.00501046
0.05336746538,0.08258675637,1.9646477,-2.674320799,1,174.4832406,3.3184081,70.62842709,0,-171.908062,174.7949417,-53.69772108
0.05336746538,0.08645046427,1.74536724,-2.791505572,1,100.347411,3.292234828,154.2633891,0,-288.6523276,312.1937831,-57.9846366
0.05336746538,0.09031417218,1.237092506,-3.28451771,1,399.7547674,3.509765584,-143.7946982,0,-378.5518664,198.9646707,-69.36143929
0.05336746538,0.09417788008,1.827289056,-4.115827653,1,256.6297396,4.503223575,-244.4891435,0,-532.8796842,87.53591116,-66.0603886
0.05336746538,0.09804158798,0.169743413,-4.567365537,1,-26.02620797,4.570518655,-199.9466849,0,-529.5871753,-46.88665263,-87.87161611
0.05336746538,0.1019052959,-0.3194387627,-4.707206909,1,219.5712457,4.718033278,-8.637372282,20.14333684,-178.6211812,162.3994804,-93.88223316
0.05336746538,0.1057690038,0.3279625007,-5.228201976,1,125.2029523,5.238478338,67.10346413,0,-158.116757,379.0382614,-86.41056754
0.05336746538,0.1096327117,-0.4466080902,-5.91243185,1,130.2876496,5.929275602,168.21016,0,-330.1281449,173.486305,-94.31975482
0.05336746538,0.1134964196,-0.4441627999,-5.248587459,1,179.0036345,5.267347616,674.5019644,0,-62.98927771,-441.7697544,-94.83714222
0.05336746538,0.1173601275,0.001637496617,-1.599483991,1,-126.8769858,1.599484829,515.8430958,0,264.6648229,-425.2438145,-89.94134257
0.05336746538,0.1212238354,NaN,NaN,0,-99.61195958,1.614913391,16.13563815,0,144.4246942,22.87452124,-86.8688545
0.05723117328,0.01690372206,NaN,NaN,0,-39.15584178,0.7339717125,-4.587350658,0,24.82344763,15.94020738,-66.87104606
0.05723117328,0.02076742997,NaN,NaN,0,-34.36198414,0.7606724649,-14.98313767,3.87293584,18.87380187,11.39603769,-69.96375876
0.05723117328,0.02463113787,NaN,NaN,0,-26.72703269,0.8097946419,-27.76206583,0,15.56716305,6.690177301,-73.61290176
0.05723117328,0.02849484577,NaN,NaN,0,-16.81758612,0.8752032636,-32.23181185,0,18.32524275,4.138422233,-75.6104959
0.05723117328,0.03235855367,NaN,NaN,0,-11.69098213,0.9468662701,-31.12714601,0,25.89362496,5.894979543,-75.67416001
0.05723117328,0.03622226157,NaN,NaN,0,-14.14640117,1.027546428,-30.92232832,0,36.09199435,14.33619791,-74.62876983
0.05723117328,0.04008596947,NaN,NaN,0,-26.28208593,1.137939476,-45.37083995,0,50.91821925,36.41413942,-73.71581876
0.05723117328,0.04394967737,NaN,NaN,0,-3.869818807,1.357491242,-61.07805484,0,24.63872043,62.34915988,-74.29022903
0.05723117328,0.04781338527,0.3993251399,-1.569175172,1,24.30457885,1.619188466,-28.13849623,0,-7.470765759,48.71765901,-75.72237693
0.05723117328,0.05167709317,0.4326015304,-1.603732685,1,10.90379567,1.661054668,39.22387038,0,23.28616779,86.1310918,-74.90395495
0.05723117328,0.05554080107,0.5314251718,-1.750410974,1,23.41877249,1.829303499,111.2464559,0,39.84868613,167.0432114,-73.111698
0.05723117328,0.05940450897,0.6770485101,-1.81931505,1,256.0712063,1.941211461,99.47405212,14.51565396,217.3673458,171.3858385,-69.58751487
0.05723117328,0.06326821687,2.360653446,-2.028257111,1,236.8866024,3.112316115,169.9725816,0,166.1605558,280.6379421,-40.66894366
0.05723117328,0.06713192477,2.234304999,-2.246893678,1,-98.62104023,3.168698476,232.6738659,0,-114.6696994,275.6834672,-45.1609561
0.05723117328,0.07099563267,1.53656033,-2.194433647,1,-9.29821964,2.678909607,219.6999493,0,-15.79858038,218.6155135,-54.99997638
0.05723117328,0.07485934057,2.137338295,-2.242703735,1,61.44840593,3.098053426,88.15292278,0,-92.08230078,369.8332544,-46.37803037
0.05723117328,0.07872304847,1.418199909,-3.28276417,1,69.52219675,3.576007771,-120.5471956,0,-241.7331214,271.4817982,-66.63498206
0.05723117328,0.08258675637,1.471965585,-3.757389255,1,349.3334286,4.035425219,-95.32032523,51.19698301,-89.97012267,84.3063992,-68.60712736
0.05723117328,0.08645046427,2.420303963,-3.976789364,1,303.9345614,4.655397397,-178.3655788,0,-526.2855983,189.6686499,-58.67499122
0.05723117328,0.09031417218,0.612866127,-5.179366012,1,96.68645931,5.215499706,-178.9229036,0,-642.7076032,238.0317839,-83.25166084
0.05723117328,0.09417788008,0.3106377552,-5.587780485,1,110.3781593,5.596408363,-95.5054152,0,-442.4752794,-25.31999351,-86.81806916
0.05723117328,0.09804158798,-0.6702601397,-5.450541981,1,86.3462945,5.491598723,220.0006398,0,-61.14596094,163.0466212,-97.01053925
0.05723117328,0.1019052959,0.4080044831,-5.367726793,1,329.1188516,5.383210806,314.8535985,0,204.3147612,295.5771389,-85.6532681
0.05723117328,0.1057690038,1.390771525,-5.376063372,1,-91.63696019,5.553044463,488.7227588,0,59.74387426,736.2525879,-75.49573457
0.05723117328,0.1096327117,0.284778915,-6.324109749,1,-342.9796566,6.330518395,433.4073007,0,49.84228172,506.9609427,-87.42167432
0.05723117328,0.1134964196,0.2581743333,-5.660253159,1,-274.7669547,5.666137998,1022.480648,0,260.8888801,-311.2305765,-87.38844643
0.05723117328,0.1173601275,0.2311580886,-1.171039156,1,-125.2126513,1.193635944,657.7545591,0,111.9307418,-510.212754,-78.83361571
0.05723117328,0.1212238354,NaN,NaN,0,-129.6605119,1.166063262,33.63807718,0,117.0813137,21.48885043,-79.78178156
0.06109488118,0.01690372206,NaN,NaN,0,-63.68371992,0.6225551384,0.2386052831,0,28.40096009,35.92182843,-58.6297159
0.06109488118,0.02076742997,NaN,NaN,0,-51.33638523,0.6527464636,-20.46562718,7.14011981,13.31068143,20.77725929,-66.9168153
0.06109488118,0.02463113787,NaN,NaN,0,-35.93598889,0.713253404,-43.15913793,0,8.3533676,3.417122175,-75.61804089
0.06109488118,0.02849484577,NaN,NaN,0,-14.21684472,0.7946040412,-44.22263791,0,13.63063241,-4.864559752,-79.16657603
0.06109488118,0.03235855367,NaN,NaN,0,-4.711784703,0.8609214724,-32.81696746,0,27.14407507,-7.134879834,-78.27876177
0.06109488118,0.03622226157,0.2360210703,-0.8796705126,1,25.13843237,0.9107832653,1.59663667,3.786589413,7.471098875,12.90228762,-74.98091582
0.06109488118,0.04008596947,0.3008901217,-0.8866509047,1,14.85376172,0.9363144195,42.88523949,0,21.98987525,132.9772559,-71.25505887
0.06109488118,0.04394967737,0.3783741215,-1.227759748,1,18.86022049,1.284741598,54.65295242,0,29.65805606,245.2464215,-72.87161541
0.06109488118,0.04781338527,0.4883505701,-1.623048397,1,84.33124613,1.694925478,130.4342464,0,58.69473805,215.8916511,-73.25425836
0.06109488118,0.05167709317,0.9309847466,-1.557942198,1,163.147162,1.814915009,199.8243108,0,116.3743042,207.7758468,-59.13858564
0.06109488118,0.05554080107,1.568339867,-1.65377081,1,79.85489905,2.279177007,163.4473051,0,80.29350956,265.4521822,-46.51878269
0.06109488118,0.05940450897,1.549751418,-1.952059247,1,104.9064099,2.492441526,126.6978069,0,102.7305102,232.0417476,-51.55373062
0.06109488118,0.06326821687,2.370588276,-2.060789026,1,150.4739592,3.14110493,-21.23179361,0,157.3547471,33.92135289,-41.00093717
0.06109488118,0.06713192477,2.739111623,-2.165154895,1,40.01929907,3.491508013,84.42310967,0,46.8594975,117.6194073,-38.32491783
0.06109488118,0.07099563267,2.706262568,-2.189049823,1,89.58741558,3.480775232,220.3323583,0,19.08695521,363.2195107,-38.96880728
0.06109488118,0.07485934057,3.158997648,-2.717229115,1,41.19483379,4.166845354,5.823190204,0,-141.5331254,368.8388299,-40.70065132
0.06109488118,0.07872304847,2.318584718,-3.591636218,1,-159.9712212,4.275007114,41.34647759,0,-160.1628502,469.5445528,-57.15569061
0.06109488118,0.08258675637,1.922093107,-4.371661401,1,86.0058096,4.775548692,121.1403844,0,-223.0621626,744.2717407,-66.26629621
0.06109488118,0.08645046427,1.789039005,-5.999233762,1,246.0104123,6.260308802,-53.74804329,0,-364.1925224,404.272862,-73.39482748
0.06109488118,0.09031417218,1.465471954,-6.141320391,1,-22.15358075,6.313748823,970.5907311,0,-88.77199804,1035.983379,-76.57878645
0.06109488118,0.09417788008,1.36045497,-6.251891853,1,-360.3561722,6.398202049,847.0045497,0,408.0446082,587.1277973,-77.72343007
0.06109488118,0.09804158798,1.649726141,-5.13723253,1,-220.0932724,5.395623634,807.9822611,0,395.7360353,532.992945,-72.19655007
0.06109488118,0.1019052959,2.0390873,-5.18941346,1,231.4526056,5.575651448,748.9053693,0,651.4255446,621.0691321,-68.54854161
0.06109488118,0.1057690038,5.060909426,-4.64331065,1,-48.83278514,6.868270379,578.5804202,0,345.8564864,372.8891887,-42.53592825
0.06109488118,0.1096327117,3.186700121,-4.394682624,2,-731.0049419,5.428470597,812.2734099,0,17.43917092,433.2745545,-54.05314368
0.06109488118,0.1134964196,2.303899719,-3.178969778,2,-814.9613492,3.926041615,1119.689403,0,138.1492676,159.0962296,-54.06797093
0.06109488118,0.1173601275,0.5716959343,-0.6832311895,1,-364.504322,0.8908653656,332.9966339,0,-153.8309842,-319.176267,-50.07898172
0.06109488118,0.1212238354,NaN,NaN,0,-199.5312251,0.7247213088,-4.356599808,0,59.51420491,-16.81458179,-65.44208244
0.06495858908,0.01690372206,NaN,NaN,0,-116.8288407,0.5339304885,10.70701378,0,30.7988433,86.10979853,-36.71321924
0.06495858908,0.02076742997,NaN,NaN,0,-80.18453793,0.5335182909,-32.8796442,11.42640952,-11.20609381,41.29485467,-60.61043925
0.06495858908,0.02463113787,0.07491212381,-0.6057776446,1,-53.79687246,0.6103919897,-53.09623954,0.8539364771,-6.761826953,18.15559312,-82.95043658
0.06495858908,0.02849484577,0.02784031407,-0.7401524837,1,-12.22802662,0.7406758955,-38.3621523,0,13.52585171,10.4415785,-87.84587516
0.06495858908,0.03235855367,0.07992654086,-0.7943410049,1,37.81110091,0.79835198,-39.2223192,0,39.97766386,43.31461698,-84.254241
0.06495858908,0.03622226157,0.3283933791,-1.059051096,1,127.7314187,1.108797292,42.36608437,7.768479771,110.0285171,112.3443568,-72.77224316
0.06495858908,0.04008596947,0.9985614834,-1.064716609,1,187.8797834,1.459707674,130.8244009,9.029474211,122.1567995,184.1442112,-46.8364521
0.06495858908,0.04394967737,1.526284174,-1.265063268,1,90.00025565,1.982404715,97.53710324,0,101.2320481,253.7369396,-39.65369599
0.06495858908,0.04781338527,1.737427246,-1.668227151,1,45.87746028,2.408658395,77.61343218,0,78.65713653,212.0402808,-43.83595708
0.06495858908,0.05167709317,2.00744948,-1.784449346,1,96.02915917,2.685910065,147.8348345,0,20.73439407,168.6669374,-41.63433346
0.06495858908,0.05554080107,2.188567509,-1.748716311,1,26.41673463,2.801399022,142.2714037,0,-12.00987915,153.471201,-38.6256676
0.06495858908,0.05940450897,2.063113361,-1.827722091,1,-2.798670153,2.756266457,121.7440087,0,60.02729424,187.2136176,-41.53788809
0.06495858908,0.06326821687,2.409682196,-2.001671756,1,100.0822087,3.132612026,61.9991347,0,146.2679121,163.6483971,-39.71569146
0.06495858908,0.06713192477,3.014938269,-2.220465149,1,192.2805069,3.744371542,27.2396504,14.92311823,165.2910632,147.6305,-36.37119146
0.06495858908,0.07099563267,3.791234297,-2.466826833,1,183.5377328,4.523128576,116.9702538,21.62495487,-36.01502971,305.4539756,-33.05068021
0.06495858908,0.07485934057,3.584922902,-2.948711194,1,34.65003257,4.641828295,62.43058229,0,-137.9447661,273.8020825,-39.43836546
0.06495858908,0.07872304847,3.392133619,-3.283504569,1,106.3171917,4.721013953,103.2202216,0,212.2219886,621.5892283,-44.06773904
0.06495858908,0.08258675637,4.81566525,-4.951537621,1,-11.61343801,6.907123614,138.522514,0,110.6105322,928.1605442,-45.79699494
0.06495858908,0.08645046427,3.774629474,-6.334435264,1,172.6323449,7.373798057,754.1049236,0,746.1786031,879.6895974,-59.2096897
0.06495858908,0.09031417218,8.365682369,-5.436760118,1,0.0912185524,9.977123938,1317.440513,0,537.4951659,355.7914855,-33.01937318
0.06495858908,0.09417788008,5.851706235,-2.618904319,2,-1862.315986,6.411015964,1316.735016,157.0658001,864.6199622,704.472713,-24.110684
0.06495858908,0.09804158798,4.510876359,-3.071157419,2,-582.9030423,5.457106689,267.2292357,0,543.9455302,558.7030585,-34.24835999
0.06495858908,0.1019052959,5.701185787,-3.745074031,1,-193.1185106,6.821224148,322.9038588,0,337.0465261,524.7674354,-33.30066657
0.06495858908,0.1057690038,5.066972169,-3.851099315,1,-278.3339821,6.364367439,-3.373704064,39.54937971,122.0143592,-84.31504889,-37.23627083
0.06495858908,0.1096327117,5.097212426,-3.432340317,1,-208.6226884,6.145122827,558.6863509,0,242.8013374,73.81864759,-33.95537702
0.06495858908,0.1134964196,5.199028486,-1.977712139,1,-952.8171295,5.562485281,372.0802759,130.7324906,-292.7885426,-423.860173,-20.82683123
0.06495858908,0.1173601275,0.2845559493,-0.3570589162,1,-684.3553073,0.4565776582,-246.8793999,17.24636735,-628.8834165,-720.7815262,-51.44711795
0.06495858908,0.1212238354,NaN,NaN,0,-201.1417109,0.19276457,-11.78371407,0,118.5794157,-120.6771252,-49.55193666
0.06882229698,0.01690372206,0.6981534661,0.0388396609,1,-216.2891959,0.6992329952,-49.48937259,0,4.203232436,143.4923302,3.184195527
0.06882229698,0.02076742997,0.2884343597,-0.333972804,1,-138.1162932,0.4412847309,-39.67313091,20.30892749,-31.66686936,102.162394,-49.18459168
0.06882229698,0.02463113787,0.04216091967,-0.5091713773,1,-57.72919208,0.510913921,-16.39867628,8.696558845,-6.189213485,73.40214961,-85.2665357
0.06882229698,0.02849484577,0.04147231118,-0.6809369645,1,6.109313481,0.6821987263,-22.07036444,0,32.33741842,62.15619628,-86.51471873
0.06882229698,0.03235855367,0.1907078615,-0.8345982054,1,107.002235,0.8561096033,2.703512139,6.756582375,98.06107037,71.84237968,-77.12874618
0.06882229698,0.03622226157,0.8337770243,-0.9480693532,1,157.8953384,1.2625449,21.91307058,0,185.5905071,101.1082683,-48.67007478
0.06882229698,0.04008596947,1.517836837,-1.140585317,1,114.5539696,1.898621481,7.43513071,0,118.853269,68.59245306,-36.92319581
0.06882229698,0.04394967737,1.735594416,-1.184363383,1,5.547723122,2.101191233,20.81559439,0,17.65565434,112.9064033,-34.3094868
0.06882229698,0.04781338527,1.607487909,-1.496397303,1,18.71466217,2.196183569,-14.43637116,0,89.53905109,157.5475911,-42.95021184
0.06882229698,0.05167709317,2.153855143,-1.848859177,1,128.0501664,2.83855108,-4.920202881,0,157.5601914,74.23762323,-40.64263709
0.06882229698,0.05554080107,2.711002906,-1.802240021,1,94.26806046,3.255396419,27.88377743,10.8460707,58.33620246,-8.232075056,-33.61545119
0.06882229698,0.05940450897,2.74347344,-1.709318072,1,63.14967,3.232400777,134.311178,0,74.3921772,155.0428015,-31.92492399
0.06882229698,0.06326821687,3.242424427,-1.882340958,1,112.7639484,3.749203069,142.9550328,0,60.97728212,287.9235874,-30.13666624
0.06882229698,0.06713192477,3.414758805,-2.269434222,1,181.4516502,4.100110899,-82.28268137,19.81630347,102.2038439,216.6520822,-33.60784376
0.06882229698,0.07099563267,4.338386401,-3.037337566,1,230.1180791,5.295943358,-55.15876981,34.7543653,39.91880605,233.3337376,-34.99616003
0.06882229698,0.07485934057,4.458102451,-3.384085002,1,190.2381783,5.597026779,170.4458299,13.22762448,11.80875065,208.0039103,-37.20163946
0.06882229698,0.07872304847,5.119036717,-3.182451018,1,245.2744023,6.027647251,239.3182871,0,165.0419195,372.6975933,-31.86877989
0.06882229698,0.08258675637,6.043444866,-3.899423681,2,221.4785696,7.192268828,93.31721339,0,550.4501484,248.8071082,-32.83140011
0.06882229698,0.08645046427,8.101543803,-3.783218553,1,-70.55591082,8.941350827,460.0882519,0,558.9227411,502.9291801,-25.03139947
0.06882229698,0.09031417218,7.930351647,-4.064948514,1,-68.86266283,8.91146922,955.4995119,0,345.3502924,-1132.49753,-27.13882041
0.06882229698,0.09417788008,9.169811242,4.284192115,1,-387.3067284,10.12125191,511.9886197,0,-412.30454,-337.3327578,25.04227016
0.06882229698,0.09804158798,4.840887272,-0.7834187975,2,-740.3545977,4.903869349,-1496.93759,0,-257.5390745,424.8440059,-9.192689444
0.06882229698,0.1019052959,5.314241577,-3.141010618,1,-293.8538234,6.173095758,-1201.492846,0,263.1109265,-602.8288519,-30.58543534
0.06882229698,0.1057690038,4.722105698,-3.096481601,1,-291.6033202,5.646811536,-297.202003,0,373.4607257,-424.1522235,-33.2545265
0.06882229698,0.1096327117,5.630514681,-2.650512049,1,-769.4249262,6.22317521,-10.95483119,120.7713485,91.76801102,-649.6339321,-25.20827191
0.06882229698,0.1134964196,2.103837321,-0.6288121123,2,-1728.54291,2.19579966,-293.0541275,255,-548.4350961,-857.6951661,-16.64078373
0.06882229698,0.1173601275,-3.167063231,-0.468904007,1,-1473.679012,3.201587181,185.6249394,185.2115938,874.6627639,-126.2405014,-171.5781745
0.06882229698,0.1212238354,-0.2105864905,0.5761448549,1,682.1346986,0.6134244565,189.542472,0,848.2484548,-351.4139816,110.0778446
0.07268600488,0.01690372206,0.7912187998,0.5327292902,1,-156.5493742,0.95384888,-115.9980269,0,7.491987813,187.490767,33.95246577
0.07268600488,0.02076742997,0.503261699,-0.05356673508,1,-119.4615035,0.5061044683,-67.52074819,15.51736371,-8.928612508,175.6062005,-6.075637354
0.07268600488,0.02463113787,0.2951568941,-0.4066422222,1,-71.30146326,0.5024693911,-23.5805101,10.47801431,-11.66066742,127.8926414,-54.02638136
0.07268600488,0.02849484577,0.1827202593,-0.6388147474,1,-17.64418035,0.6644328218,9.722715785,0,36.48442392,119.0075898,-74.03787522
0.07268600488,0.03235855367,0.367950092,-0.8288870534,1,52.38681174,0.9068853386,70.78712931,0,108.3374601,151.8570017,-66.06315353
0.07268600488,0.03622226157,0.8037118982,-0.952045054,1,103.7427721,1.245930415,79.81376541,0,135.4988557,136.5515739,-49.82910214
0.07268600488,0.04008596947,1.292309859,-1.048105372,1,136.9404798,1.663907943,46.54469873,0,183.7967619,115.4517465,-39.04317776
0.07268600488,0.04394967737,2.042946913,-1.218281759,1,135.2316955,2.378621982,135.3796181,0,123.0842445,225.0543648,-30.80912407
0.07268600488,0.04781338527,2.290367197,-1.3945824,1,18.66718129,2.68153724,218.0372185,0,41.46283817,335.0619734,-31.33683019
0.07268600488,0.05167709317,2.275271744,-1.670431229,1,-33.99841156,2.822623248,94.9142964,0,27.30244721,222.5026462,-36.28491625
0.07268600488,0.05554080107,2.264495947,-1.887546515,1,139.0768776,2.948011828,-12.32504454,15.8862544,95.36653699,17.14227057,-39.81253714
0.07268600488,0.05940450897,3.181092617,-1.784284327,1,298.2193741,3.64733064,-8.707768457,38.68915879,170.2361679,72.61664877,-29.28819676
0.07268600488,0.06326821687,4.074471326,-2.201760308,1,120.44465,4.631313533,2.377389963,18.47608149,-29.07910794,194.5169658,-28.38587325
0.07268600488,0.06713192477,3.534102384,-2.526655524,1,117.6593157,4.344406496,-10.09427279,18.42360072,-12.79139806,248.7091836,-35.56232539
0.07268600488,0.07099563267,4.479650328,-3.201701267,1,218.0058003,5.506192701,-49.21039078,19.34406873,173.5972422,238.4549525,-35.5541981
0.07268600488,0.07485934057,5.047142153,-3.638110384,1,187.9087435,6.221695194,123.2181695,0,142.6374356,224.6228794,-35.78503682
0.07268600488,0.07872304847,5.756784211,-3.593499446,1,165.7409313,6.786295214,153.629878,0,116.4728304,164.5978782,-31.97323198
0.07268600488,0.08258675637,6.137533694,-3.680487533,1,136.8478651,7.15648715,24.31003268,0,313.1507807,104.2369281,-30.94980175
0.07268600488,0.08645046427,7.495447534,-3.902313623,1,58.30004752,8.450431075,-298.4139308,0,341.3885605,-258.0706333,-27.50258973
0.07268600488,0.09031417218,7.681813727,-3.83636225,1,-415.868633,8.586497391,-91.42220421,58.59231124,165.0934474,-398.5947682,-26.5379275
0.07268600488,0.09417788008,6.526525468,-2.715488561,1,-204.388001,7.06890464,145.7330471,0,-1688.403588,-535.1318243,-22.59070784
0.07268600488,0.09804158798,0.3686199094,-1.205699267,1,-951.3433046,1.260789975,559.7232113,0,-1066.591767,269.2344726,-72.99997172
0.07268600488,0.1019052959,-1.270186211,-1.593124926,1,-51.94929272,2.037503385,-198.4732108,0,546.6166655,-178.8581568,-128.5650852
0.07268600488,0.1057690038,2.279870146,-1.281486106,2,135.8786141,2.615342142,-14.39710796,0,851.5346975,-399.5666402,-29.33978885
0.07268600488,0.1096327117,2.544890402,-0.1049423618,2,-661.0051717,2.54705321,-32.46122687,95.55136431,265.7887536,-1032.372698,-2.361339319
0.07268600488,0.1134964196,0.7528693482,2.581879745,2,-647.6587088,2.689407979,590.8964283,37.21846853,122.026238,-1692.19286,73.74345439
0.07268600488,0.1173601275,0.5140000717,8.716247758,1,-145.3965498,8.731389984,341.4058413,0,-178.9643899,881.4977729,86.62515693
0.07268600488,0.1212238354,-0.5003665773,0.4951222825,1,-226.1094573,0.703926691,-2214.103926,0,-298.9647332,2041.458703,135.3018348
0.07654971278,0.01690372206,0.9743805309,0.6726475675,1,-39.17218184,1.184006828,-125.3427336,0,-99.72835728,174.6559113,34.61862036
0.07654971278,0.02076742997,0.7060449757,0.09309400032,1,-77.89918653,0.7121558822,-123.4225077,0,-59.06458476,122.8135834,7.511280134
0.07654971278,0.02463113787,0.4451925257,-0.2787367633,1,-47.94978924,0.5252528611,-35.0336004,5.123186722,4.676236988,111.1715123,-32.05084171
0.07654971278,0.02849484577,0.53884861,-0.4717998485,1,60.49115481,0.7162073174,43.80499715,0,96.28757679,131.7217053,-41.20442714
0.07654971278,0.03235855367,1.05093975,-0.6184212433,1,118.9540012,1.21939296,85.86107961,0,173.7443379,177.3724678,-30.4745112
0.07654971278,0.03622226157,1.669749495,-0.8253731221,1,108.2954071,1.86260682,157.8087899,0,174.5427527,246.098354,-26.30362694
0.07654971278,0.04008596947,2.143743782,-0.9595463296,1,156.208785,2.348694651,230.9284088,0,221.2670972,335.9892657,-24.11343659
0.07654971278,0.04394967737,3.128206044,-1.231297585,1,161.0246777,3.361810047,200.9782561,0,253.2814464,317.1296901,-21.48516484
0.07654971278,0.04781338527,3.744501627,-1.408321543,1,-8.239889015,4.000582708,247.1966574,0,73.47656188,345.7323099,-20.61147446
0.07654971278,0.05167709317,3.380261492,-1.612010564,1,-163.0684525,3.744962725,252.405477,0,-99.60315552,398.0693007,-25.4959752
0.07654971278,0.05554080107,2.72961526,-1.971124009,1,-34.683522,3.366916887,16.96406741,0,-66.22027732,170.1322798,-35.83400004
0.07654971278,0.05940450897,2.990398685,-2.203807797,1,250.1087672,3.714734594,-75.29185105,35.5527054,79.51020977,51.2531898,-36.38877397
0.07654971278,0.06326821687,4.003166705,-2.460057083,1,220.7413433,4.69864071,-73.01994257,26.02112456,127.7059178,74.41611966,-31.57187969
0.07654971278,0.06713192477,4.336697121,-2.773457675,1,140.1589803,5.147718853,-6.24030196,5.364650897,135.8467196,187.5792618,-32.60022655
0.07654971278,0.07099563267,5.069572109,-3.208919263,1,171.7513897,5.999810347,-41.74701406,0,207.5116337,161.5660875,-32.3328431
0.07654971278,0.07485934057,5.80205866,-3.559000112,1,152.1342089,6.806641352,15.97291061,0,178.8959146,58.39053369,-31.52507711
0.07654971278,0.07872304847,6.348575812,-3.372808568,1,15.25320853,7.188897863,15.49482458,0,175.7690251,-72.70009268,-27.98037298
0.07654971278,0.08258675637,6.540112774,-3.218240714,1,-232.3789391,7.289043036,121.2067486,23.72352382,129.5953368,-55.65997037,-26.20074949
0.07654971278,0.08645046427,5.951449996,-2.689447229,1,-330.5471264,6.530917505,-43.8273519,40.98636901,200.3500236,-405.6455886,-24.31810651
0.07654971278,0.09031417218,6.037069199,-1.820280734,1,-102.4167082,6.305523488,-146.3013306,0,545.9901246,-467.1942725,-16.77896705
0.07654971278,0.09417788008,7.665288109,-1.449610634,1,10.91088974,7.801154581,163.2659113,0,508.4524982,10.15507674,-10.7089446
0.07654971278,0.09804158798,8.043737624,-1.228705193,1,-592.710025,8.137040704,1001.413508,0,-393.1162375,840.6135582,-8.684968266
0.07654971278,0.1019052959,3.856343391,-0.8283265968,2,-822.2815091,3.944300863,996.0182707,0,-451.3828199,763.7777186,-12.12270014
0.07654971278,0.1057690038,3.122670694,-0.331395537,2,-449.7497931,3.140206246,558.6560025,0,-155.8953589,103.477815,-6.057878607
0.07654971278,0.1096327117,1.516307432,0.9303489627,1,-589.1129598,1.778970888,649.8452587,0,-775.8766386,-42.86270566,31.53170598
0.07654971278,0.1134964196,-2.151250402,2.345025698,1,378.6922032,3.182298511,21.74550625,13.74762718,-367.9326701,417.4662331,132.53226
0.07654971278,0.1173601275,1.557879125,-0.5986003361,1,1294.593517,1.668924723,-223.631759,131.7917949,-964.9585563,307.043023,-21.01879996
0.07654971278,0.1212238354,-0.8776372005,0.2946533499,1,-594.3507656,0.9257794836,243.364863,0,-666.3637543,-219.0167192,161.441306
0.08041342068,0.01690372206,0.9817505142,0.2987579168,1,-29.18346494,1.026201912,-47.35159182,0,-219.7181256,97.35564763,16.92560523
0.08041342068,0.02076742997,0.5009089934,0.01920466459,1,-34.96828542,0.5012770081,-84.91628164,0,-66.59709651,45.02846536,2.195623506
0.08041342068,0.02463113787,0.5893315457,-0.2033106289,1,33.56453983,0.6234154975,-31.83901586,0,59.60895627,102.6723155,-19.03367376
0.08041342068,0.02849484577,0.8609041664,-0.500507829,1,83.88164914,0.995823313,70.64001719,0,122.05423,177.7605808,-30.1726322
0.08041342068,0.03235855367,1.385007629,-0.6171931967,1,181.7909779,1.5163026,141.1915101,0,207.3137353,191.8104589,-24.01891924
0.08041342068,0.03622226157,2.364291121,-0.6960846613,1,243.428063,2.46463108,112.8126758,0,299.4976918,159.2825087,-16.40526185
0.08041342068,0.04008596947,3.482714157,-0.7967390575,1,189.8393906,3.572686808,208.3335674,0,245.0986534,251.2311921,-12.88579067
0.08041342068,0.04394967737,4.044764678,-0.8618285526,1,92.60845063,4.135561601,220.3580585,0,191.7187821,293.3746665,-12.02828611
0.08041342068,0.04781338527,4.581271533,-1.078853903,1,62.4426918,4.706588425,282.7353949,0,130.0541592,428.5516215,-13.25127561
0.08041342068,0.05167709317,4.788516282,-1.425219859,1,-233.0838283,4.996112472,-91.21597377,18.57837543,-179.4447561,149.6255822,-16.57473544
0.08041342068,0.05554080107,2.987381582,-2.009395325,1,-245.4928563,3.600294195,-64.43049056,21.36222413,-194.577168,199.100679,-33.92586597
0.08041342068,0.05940450897,3.088214252,-2.443427321,1,182.6771473,3.937944177,-75.06351083,21.04721123,100.0782245,67.75957655,-38.3514125
0.08041342068,0.06326821687,4.079865746,-2.561222017,1,67.45041926,4.817173728,-61.24085532,0,229.2927439,-35.38757619,-32.11941651
0.08041342068,0.06713192477,4.234743156,-2.54331684,1,22.55603743,4.939788472,-25.70184169,0,200.7347766,104.3059452,-30.98833236
0.08041342068,0.07099563267,4.942596229,-3.06353413,1,55.40357047,5.815023546,-61.66694267,0,229.2239565,194.9244342,-31.791581
0.08041342068,0.07485934057,5.334460781,-3.53471097,1,-22.23168282,6.39926976,-63.80758642,0,175.7535203,-87.1584491,-33.52918086
0.08041342068,0.07872304847,5.535759765,-2.973313217,1,0.8637594269,6.283727211,15.28529673,0,272.5333363,-308.9592733,-28.24070048
0.08041342068,0.08258675637,6.390787299,-2.281924663,1,-182.5710228,6.785966584,22.00739362,0,240.3019962,-268.4470444,-19.64985336
0.08041342068,0.08645046427,5.758815383,-1.85108211,1,-348.6196594,6.049004843,133.7645038,49.70850192,69.26588606,-112.3247556,-17.8191983
0.08041342068,0.09031417218,5.311445918,-1.331107648,1,25.55345393,5.475701354,71.13581583,0,346.565289,-202.6812066,-14.06919605
0.08041342068,0.09417788008,7.19657351,-0.7931331175,1,41.052815,7.240147127,-113.9999921,0,521.6782653,-346.0518183,-6.289176659
0.08041342068,0.09804158798,7.485674439,-0.4345271736,1,-471.5808977,7.498275514,-211.0861737,66.37319377,40.02082714,-374.9319931,-3.322167736
0.08041342068,0.1019052959,5.529151456,-0.1600807308,2,-549.2765748,5.53146831,306.5049975,68.78640176,-135.9493015,231.8594049,-1.658371794
0.08041342068,0.1057690038,4.838161807,-0.1461184076,2,-220.5133837,4.840367782,261.61382,0,55.11325912,434.1066558,-1.72987684
0.08041342068,0.1096327117,4.890093688,-0.826542663,1,-240.549425,4.959454511,140.3580394,0,-377.5890714,180.9258755,-9.593680534
0.08041342068,0.1134964196,2.449855216,-0.3028606763,1,-252.9165782,2.468504642,537.0776418,0,-796.2871816,326.7767481,-7.047371982
0.08041342068,0.1173601275,0.8362768313,-0.01400143869,1,-488.9532516,0.8363940332,-129.4894074,63.17829059,-250.2712837,-264.0093605,-0.9591900293
0.08041342068,0.1212238354,-0.4062924615,0.2168851293,1,-264.7555652,0.4605569711,153.8545437,0,-378.4448655,34.33900381,151.9060184
0.08427712858,0.01690372206,1.167581596,-0.06352270603,1,-122.8175681,1.169308308,235.5809156,0,-195.8667152,217.7678615,-3.114127824
0.08427712858,0.02076742997,0.5519301048,-0.029110487,1,-58.80255212,0.5526972598,20.75402305,0,-57.33197536,50.41103714,-3.019157668
0.08427712858,0.02463113787,0.718871705,-0.1781087457,1,110.1389675,0.7406073545,2.363424016,0,134.8758945,78.76714472,-13.91546897
0.08427712858,0.02849484577,1.498595963,-0.3243121463,1,174.5415032,1.53328674,2.459209652,0,244.4058978,90.89757689,-12.21111172
0.08427712858,0.03235855367,2.337562088,-0.5198087639,1,145.1069225,2.39466024,103.8171632,0,171.2860031,177.4315035,-12.53699475
0.08427712858,0.03622226157,2.721045809,-0.6087364543,1,201.8603589,2.788306003,197.5175588,0,207.5405913,256.0706176,-12.61024053
0.08427712858,0.04008596947,3.919367774,-0.7460406796,1,298.3683328,3.989739395,221.7940309,0,320.7450898,283.8141852,-10.77716581
0.08427712858,0.04394967737,5.113119232,-0.8483642146,1,336.87278,5.183021331,61.64267557,5.787785098,329.1556011,165.441905,-9.420643181
0.08427712858,0.04781338527,6.492706892,-1.147090582,1,-177.6459883,6.593258647,-189.0466733,0,-212.4404554,-45.03976163,-10.01926567
0.08427712858,0.05167709317,3.605939157,-1.404764857,1,-431.9564483,3.869904587,-217.3194187,0,-407.3319877,-54.95981594,-21.28438405
0.08427712858,0.05554080107,3.249941531,-1.774400662,1,-131.1103294,3.702785123,-32.52835097,19.28078077,-35.50701265,256.8778564,-28.63362471
0.08427712858,0.05940450897,2.962178417,-2.522945907,1,-54.90288552,3.890984069,11.96660151,0,153.2232426,27.58500605,-40.42169288
0.08427712858,0.06326821687,3.629822671,-1.834745615,1,29.99413987,4.067173969,-64.89933464,0,404.361159,-178.2409343,-26.81496638
0.08427712858,0.06713192477,4.640400417,-2.085027073,1,124.4491539,5.087303207,-95.78149142,0,381.4424692,86.06001088,-24.19536119
0.08427712858,0.07099563267,5.584440132,-2.537328064,1,-99.27291051,6.13384099,-119.2489399,0,248.9657948,64.25769767,-24.43499349
0.08427712858,0.07485934057,5.218769996,-2.794043119,1,-288.0689482,5.919648404,28.02564049,33.64016738,192.1676036,-27.40592725,-28.16385982
0.08427712858,0.07872304847,5.213905349,-2.323156678,1,-169.7161523,5.708052727,139.9039391,0,265.2647707,-173.1787941,-24.01628992
0.08427712858,0.08258675637,5.587941948,-1.584382889,1,-95.46220463,5.808215247,139.1483022,0,307.792327,-183.9343853,-15.82994413
0.08427712858,0.08645046427,6.03428692,-1.074859546,1,-182.7717649,6.129269262,232.3434393,0,167.4689221,-27.6136134,-10.09990184
0.08427712858,0.09031417218,5.528816233,-0.5799847706,1,-213.9028371,5.559153827,203.8359297,0,175.984695,-179.7969171,-5.98854826
0.08427712858,0.09417788008,5.887782295,0.4073857153,1,-180.3971718,5.901859323,-261.6446813,0,245.2877837,-605.3454056,3.958084475
0.08427712858,0.09804158798,5.779534603,0.7479744332,1,-223.693583,5.827734207,-101.9546844,0,236.2835333,-195.4564575,7.374104315
0.08427712858,0.1019052959,5.936426185,0.7686492547,1,-208.7109727,5.985981752,49.29635485,0,216.7852863,53.03088475,7.377619045
0.08427712858,0.1057690038,5.810731393,0.7335453005,1,-693.1694815,5.856849667,-80.23383429,106.9143015,-129.5561579,14.95489786,7.194945495
0.08427712858,0.1096327117,2.757654632,0.4008677983,1,-912.3440562,2.786638488,-150.8853864,134.9632096,-284.5116281,-24.59610453,8.270895601
0.08427712858,0.1134964196,1.18643063,0.2456004045,1,-482.0284742,1.211584581,-66.56611164,66.82535315,-221.9946756,-46.56699911,11.69548191
0.08427712858,0.1173601275,0.03751482634,0.3235970692,1,-233.2456944,0.3257643709,-127.1560865,25.25547602,-112.7801874,-26.16260764,83.38718148
0.08427712858,0.1212238354,-0.150512304,-0.1446088977,1,35.68230894,0.2087239491,-140.9070841,0,-133.0121978,101.4538701,-136.1459535
0.08814083648,0.01690372206,2.733357766,0.01651735024,1,-507.9409599,2.733407672,390.8067697,0,-505.3280644,386.4745615,0.3462272485
0.08814083648,0.02076742997,0.7758699987,0.02488654363,1,-241.8747511,0.7762690223,97.95993144,0,-231.9088392,130.1186043,1.837170159
0.08814083648,0.02463113787,0.902796365,-0.1077343682,1,35.60863847,0.9092018317,1.373935837,0,79.75658399,67.49144934,-6.805157334
0.08814083648,0.02849484577,1.22160752,-0.2305722156,1,166.2304963,1.243176769,-99.51655314,0,239.8234808,6.161856985,-10.68854598
0.08814083648,0.03235855367,2.471670324,-0.5160448763,1,358.264423,2.524966635,46.67721024,0,391.07168,161.4803212,-11.79302634
0.08814083648,0.03622226157,4.116823342,-0.6741379024,1,383.6579453,4.171653909,254.3559708,0,383.627359,304.6281273,-9.299759094
0.08814083648,0.04008596947,5.436236617,-0.7102818046,1,102.2274414,5.482441864,245.1154273,0,106.2070068,301.4104632,-7.443920908
0.08814083648,0.04394967737,4.922153166,-0.8916454775,1,-217.4269765,5.002261833,123.2303753,0,-237.9404419,253.4182075,-10.26775426
0.08814083648,0.04781338527,3.676829925,-1.21328956,1,-178.0344146,3.871840628,-439.1676499,0,-128.8325496,-325.6930627,-18.26198615
0.08814083648,0.05167709317,3.736508852,-1.330078137,1,-22.6171228,3.966182831,-119.5573593,0,68.52447889,-9.113587184,-19.59410978
0.08814083648,0.05554080107,3.854202539,-1.640012035,1,-127.0940095,4.188617515,-40.90761512,19.02435035,-1.145172699,39.12188693,-23.05036759
0.08814083648,0.05940450897,3.241030111,-1.639288756,2,-253.2911201,3.632016493,73.80903852,36.74386542,68.55671754,-62.1315765,-26.82994464
0.08814083648,0.06326821687,3.140442768,-1.114777207,1,-44.70680369,3.332432895,-46.12679924,0,292.1768787,-69.14070738,-19.5435665
0.08814083648,0.06713192477,4.197182195,-1.550369737,1,47.52155293,4.474369754,-209.6616142,0,363.9182878,-53.52551345,-20.27339669
0.08814083648,0.07099563267,4.730126131,-1.718041493,1,-78.15615092,5.032470545,-174.8748474,0,373.1248717,-141.5267069,-19.96166023
0.08814083648,0.07485934057,5.336855172,-1.679217211,1,-214.1984638,5.594800583,66.52086466,0,389.4366886,-43.57221577,-17.46594509
0.08814083648,0.07872304847,5.407195445,-1.292673988,1,-160.9342587,5.559565506,227.2339246,0,388.9255581,-20.02862524,-13.44509681
0.08814083648,0.08258675637,6.217746956,-0.7238669436,1,-49.38060717,6.259741254,229.2809996,0,345.1162614,23.56679768,-6.640452771
0.08814083648,0.08645046427,6.549831629,-0.4978544011,1,-209.0915178,6.568725399,128.2693105,26.10655928,-1.437159836,-104.4529493,-4.346708798
0.08814083648,0.09031417218,5.404325641,0.1753038905,1,-543.6236573,5.407168121,-100.2439414,80.79741461,-155.9775126,-449.5052324,1.857891827
0.08814083648,0.09417788008,3.846777062,0.8515892084,1,0.05796471347,3.939910905,-298.9218474,0,241.222961,-601.0632578,12.48266839
0.08814083648,0.09804158798,6.33656466,1.342690045,1,144.5123344,6.477257773,-79.42393403,0,393.2449215,-243.0810568,11.96376076
0.08814083648,0.1019052959,5.92451402,1.483912527,1,-436.7530975,6.107525093,21.39299278,68.92279546,-16.34057325,-156.8888072,14.06158107
0.08814083648,0.1057690038,4.585943065,2.031518844,1,-427.8311461,5.015769393,-106.3125172,65.47662868,-15.37770899,-136.1558506,23.8927793
0.08814083648,0.1096327117,4.212084465,1.59921845,1,-592.3336416,4.505458377,58.37869149,92.4661123,-73.65902905,402.5260525,20.79046163
0.08814083648,0.1134964196,2.012741922,0.7018339659,1,-781.0521996,2.131595872,183.0438646,113.5767988,-245.9887635,480.1098921,19.22343139
0.08814083648,0.1173601275,0.2438981814,0.4514420926,1,-491.2853968,0.513114301,104.1643982,70.73357377,-174.2592418,398.3727505,61.61921728
0.08814083648,0.1212238354,-0.5587281563,-0.4349011693,1,-194.1100914,0.7080368491,-260.8937653,0,-221.3593791,197.9107224,-142.103629
0.09200454438,0.01690372206,4.170769617,-0.05342724139,1,-698.6531341,4.171111802,-70.12034707,0,-718.4367401,-102.6394344,-0.7339144334
0.09200454438,0.02076742997,1.433158945,0.009394885886,1,-413.9307831,1.433189738,-7.188410122,8.182733567,-410.6196904,-19.06644614,0.3755896034
0.09200454438,0.02463113787,0.9849474377,-0.007533979781,1,-60.10709135,0.9849762515,-15.37201887,8.817975837,-16.31127856,-2.595370718,-0.4382536665
0.09200454438,0.02849484577,1.137900686,-0.03997035054,1,244.8911907,1.138602477,-57.83219497,0,313.3483566,41.9468608,-2.011767119
0.09200454438,0.03235855367,3.141821987,-0.3930511058,1,454.618938,3.166312456,-60.98588226,0,514.1127819,86.25202878,-7.130822457
0.09200454438,0.03622226157,4.880797086,-0.6088546307,1,359.808595,4.918626246,84.11145377,0,387.9607143,171.4922042,-7.110625606
0.09200454438,0.04008596947,6.030984175,-0.7306648015,1,217.4530586,6.075083635,35.75180999,0,219.3248487,118.2548434,-6.907822981
0.09200454438,0.04394967737,6.568379337,-0.9276222528,1,-367.809985,6.633557881,185.218869,24.46594655,-277.548237,243.7957987,-8.038461527
0.09200454438,0.04781338527,3.537508514,-0.9569889476,1,-538.2837272,3.664668379,278.200599,46.04644842,-357.1222458,310.5524436,-15.13767511
0.09200454438,0.05167709317,3.108792205,-1.052620331,1,-132.1771194,3.282163697,-180.4710417,0,55.96366785,-94.85841073,-18.70582408
0.09200454438,0.05554080107,3.243041999,-1.287771146,1,-134.9327274,3.489366122,-162.463562,0,108.6637939,-103.7635905,-21.65740383
0.09200454438,0.05940450897,3.007296719,-1.279419874,1,-103.002893,3.268141486,65.82441573,0,87.84147161,-129.4920254,-23.04677018
0.09200454438,0.06326821687,3.184462695,-0.5331254697,1,-58.05144652,3.228780795,-81.3172279,0,217.5421557,-189.2077247,-9.504010992
0.09200454438,0.06713192477,3.623522232,-0.8625625089,1,-87.41980681,3.724772134,-39.47602794,0,392.1773821,27.96813421,-13.38979106
0.09200454438,0.07099563267,4.361956947,-0.7937100119,1,-59.82538473,4.433581395,75.02132722,0,495.6540456,-28.71045283,-10.3128177
0.09200454438,0.07485934057,5.307436872,-0.4617732108,1,-120.1899732,5.327487274,107.1645249,0,547.8954823,-46.84583712,-4.97249389
0.09200454438,0.07872304847,6.014486101,-0.1986589594,1,-153.0481035,6.017766068,120.0954371,0,478.4958703,16.15098779,-1.891796428
0.09200454438,0.08258675637,6.56487198,-0.06016222095,1,-229.585408,6.565147646,-1.769692424,0,258.5265922,17.35307896,-0.5250589597
0.09200454438,0.08645046427,6.126306383,-0.2725437622,1,-590.1421184,6.132365775,20.75460545,86.01464661,-227.7576955,-232.3517233,-2.547263679
0.09200454438,0.09031417218,3.404746007,0.9177667013,1,-728.9345298,3.526271557,216.7542019,103.6992518,-232.7850787,-200.3892832,15.08581439
0.09200454438,0.09417788008,2.410502734,1.339176817,1,-30.56535589,2.757520258,244.7632449,0,322.7001507,39.97607828,29.05476088
0.09200454438,0.09804158798,4.533469522,1.709004495,1,97.78623404,4.844898582,-986.2533225,0,679.2930071,-1259.002624,20.65518681
0.09200454438,0.1019052959,5.412909937,2.393000446,1,667.8443803,5.918280588,-1147.353827,0,-579.7334436,-1307.340147,23.84980517
0.09200454438,0.1057690038,4.873904445,2.327144904,1,-186.9045944,5.400976573,-32.53120801,28.42472636,-39.42048672,-35.60456416,25.52309236
0.09200454438,0.1096327117,4.538455933,2.404874997,1,-281.1114496,5.136244348,-166.2457204,35.80489864,-10.12211031,-162.5664376,27.91859598
0.09200454438,0.1134964196,3.748663038,2.31292923,1,-701.465947,4.404783332,27.71294743,110.6483351,39.07520205,249.3605175,31.67463159
0.09200454438,0.1173601275,1.979171578,1.548493529,1,-909.5676356,2.512956893,-17.79481304,141.4653925,-162.5950458,645.5113896,38.03944103
0.09200454438,0.1212238354,-0.3938603844,-0.2498921859,1,-805.6404075,0.466446253,-382.4573237,0,-422.7298647,548.4545161,-147.6061413
0.09586825228,0.01690372206,2.065864433,-0.05992072458,1,-381.9320271,2.066733256,-437.4285087,0,-338.3271469,-487.9501144,-1.661407336
0.09586825228,0.02076742997,0.6744289031,0.03767963892,1,-167.2077805,0.6754806441,-149.2438874,0,-151.7834179,-180.6646333,3.197731098
0.09586825228,0.02463113787,0.8333756199,0.06147985967,1,48.95091156,0.8356402917,-63.97069208,0,76.78383299,-62.99925172,4.219186316
0.09586825228,0.02849484577,1.160231229,0.03392627714,1,228.6223644,1.160727142,7.970565515,9.36920388,220.6651489,97.95094455,1.674906446
0.09586825228,0.03235855367,2.569291334,-0.2861780417,1,504.5662988,2.585180039,-99.98738747,0,516.2587964,55.12077003,-6.355638098
0.09586825228,0.03622226157,5.104401214,-0.5653663364,1,419.7172481,5.135615917,-263.1393058,0,476.3085631,-155.2450955,-6.320350819
0.09586825228,0.04008596947,6.03127334,-0.7030497545,1,139.6031455,6.072111417,-432.6024736,0,242.2423125,-438.4170663,-6.648812882
0.09586825228,0.04394967737,6.579740527,-0.5429004485,1,-127.2000921,6.602100143,-431.7108831,0,106.5790629,-480.8127423,-4.716842711
0.09586825228,0.04781338527,5.951599707,-0.513334513,1,-633.8677822,5.973696627,-59.87575436,79.96807788,-377.3433021,-44.28020639,-4.929647735
0.09586825228,0.05167709317,2.672716271,-0.6031570904,1,-528.7845544,2.739928967,-59.07287158,70.27568538,-280.2882846,-11.06413928,-12.71702292
0.09586825228,0.05554080107,2.825578586,-0.6988262313,1,-175.9773779,2.910713392,468.8206789,0,259.4000385,546.1466035,-13.89171143
0.09586825228,0.05940450897,2.995037064,-0.9019218765,1,-280.9911914,3.127892276,258.2885008,9.729279235,91.95898864,90.35080481,-16.75908656
0.09586825228,0.06326821687,2.095213371,-0.04996402864,1,40.87735342,2.095809027,177.593261,0,258.7524376,-134.1734715,-1.366059202
0.09586825228,0.06713192477,4.152719055,0.3026537108,1,136.0943701,4.163733279,127.8958082,0,592.1812976,4.14608091,4.168395452
0.09586825228,0.07099563267,4.909057823,0.4281687703,1,-84.95900892,4.927694918,141.1287278,0,451.7543112,-14.01139834,4.98473194
0.09586825228,0.07485934057,5.569908962,0.9020698416,1,-175.9375265,5.642483128,61.65131381,0,441.1113018,-124.5063101,9.199413019
0.09586825228,0.07872304847,5.933611833,1.147427452,1,-229.4156025,6.043536973,-73.66103267,0,412.6716007,-140.9501272,10.94462878
0.09586825228,0.08258675637,6.27795661,1.162055248,1,-357.4487243,6.384599564,-270.9848802,0,305.3408358,-207.5395313,10.48680637
0.09586825228,0.08645046427,5.732282173,0.9022931568,1,-432.5886241,5.802860661,11.2357452,58.595617,222.8414786,-229.5239656,8.94527924
0.09586825228,0.09031417218,5.467554907,2.092280445,1,-415.7951463,5.854211657,401.7663662,0,212.5304176,61.62399151,20.94045161
0.09586825228,0.09417788008,4.946926634,2.216503937,1,-1271.977091,5.420790794,341.7319169,153.3807463,-748.3628484,-45.76681531,24.13508821
0.09586825228,0.09804158798,-2.338448477,3.589462358,1,-1353.846757,4.283991281,-1130.901495,0,-847.8292836,306.2847123,123.083277
0.09586825228,0.1019052959,-3.559706479,-3.336363768,1,709.1954806,4.878814755,-494.2970502,0,1014.831023,-238.5561848,-136.8549874
0.09586825228,0.1057690038,4.322686344,2.601354356,1,723.3680874,5.045063103,362.6495909,0,959.3048731,-1185.760906,31.03915642
0.09586825228,0.1096327117,2.941650332,2.646242101,1,-224.2382622,3.956754217,-72.93592158,29.84939499,-96.54517136,-321.845602,41.97383162
0.09586825228,0.1134964196,3.083272857,3.563068654,1,-235.1671659,4.711902986,-74.02452213,23.82802008,164.6549375,-252.9417451,49.12898877
0.09586825228,0.1173601275,2.669211678,3.337525989,1,-719.0794836,4.273613308,-250.4824465,106.1824325,-57.5414275,401.3565121,51.34866236
0.09586825228,0.1212238354,0.08263650746,1.04455332,1,-962.8950042,1.047816984,-396.4900146,0,-376.0132346,790.4385669,85.47664801
0.09973196018,0.01690372206,0.5953769195,0.1150492787,1,-106.2381613,0.6063909735,-239.1647188,0,-119.9115079,-215.3227709,10.93690449
0.09973196018,0.02076742997,0.1584887877,0.06899011753,1,-11.65810915,0.1728534991,-84.13374473,0,-14.48368504,-80.23982198,23.52347663
0.09973196018,0.02463113787,0.4943726627,0.1000042986,1,177.0988074,0.5043859528,-84.48069686,0,182.3128534,-48.3224706,11.43577629
0.09973196018,0.02849484577,1.547150461,-0.07071470693,1,304.9797979,1.548765676,-84.24453324,0,335.3630757,31.67494641,-2.616963563
0.09973196018,0.03235855367,2.968470482,-0.3478747107,1,188.3266981,2.988784673,-83.812377,0,256.0991104,-1.122996509,-6.683998836
0.09973196018,0.03622226157,3.264281969,-0.3902023196,1,-91.37549166,3.287521045,-315.5228544,0,12.99187853,-319.0887734,-6.81661795
0.09973196018,0.04008596947,2.665619097,-0.334097041,1,-118.9319344,2.686474642,-411.3146033,0,61.57061762,-505.9994098,-7.143949733
0.09973196018,0.04394967737,3.042654596,-0.02436788481,1,-29.51584943,3.042752173,-454.5816891,0,151.0212065,-549.8900725,-0.4588582312
0.09973196018,0.04781338527,3.135080305,0.03414671299,1,-153.2258489,3.13526626,-394.6551311,0,100.2064905,-377.0204013,0.6240303237
0.09973196018,0.05167709317,2.837803282,-0.09250332963,1,330.7918677,2.839310538,26.3742043,0,712.1179239,-66.86610095,-1.866998469
0.09973196018,0.05554080107,7.164579107,0.394400017,1,-51.16301996,7.175426478,90.12916685,0,443.6704029,24.3752281,3.150872011
0.09973196018,0.05940450897,4.354337158,0.161550683,2,-719.4282571,4.357332982,106.7305731,104.2489117,-267.2806572,128.9164642,2.124761696
0.09973196018,0.06326821687,3.352224079,0.3086802142,1,-195.3630746,3.366406058,351.0145496,0,138.2563673,159.9873052,5.261085874
0.09973196018,0.06713192477,4.133693522,0.8996241564,1,38.42589632,4.230454557,155.6544658,0,350.0292189,-95.73960797,12.2779438
0.09973196018,0.07099563267,4.853101177,1.279993483,1,-74.7317531,5.019061102,93.83877966,0,315.6635286,-170.8549011,14.77515419
0.09973196018,0.07485934057,5.064583527,1.922323222,1,-186.7854898,5.41713327,23.78461324,0,272.7625096,-235.5996318,20.78485654
0.09973196018,0.07872304847,5.185291267,2.28217844,1,-321.4503401,5.665296458,-121.9022015,29.58073324,231.2286916,-271.5873826,23.75551416
0.09973196018,0.08258675637,4.715993431,2.500663039,1,-248.8232859,5.337968684,-289.597975,0,274.0874096,-283.8181032,27.93484261
0.09973196018,0.08645046427,5.282904461,2.259846704,1,-328.1822774,5.745953939,-229.0535313,0,452.1972328,-447.6958639,23.15959044
0.09973196018,0.09031417218,5.195150993,3.345433146,1,-519.0563554,6.179119418,-63.55536247,80.65903329,71.59006882,-348.8829872,32.77963235
0.09973196018,0.09417788008,3.554025435,3.362269302,2,-757.5996919,4.892438211,-246.087263,106.8397858,-238.2726541,-328.5663396,43.41186593
0.09973196018,0.09804158798,1.347391142,3.664108206,2,-195.9255558,3.903991782,536.1009029,0,-55.81353975,481.3303022,69.81016736
0.09973196018,0.1019052959,2.581379103,3.573886904,1,-843.9364704,4.408648963,500.8769605,0,933.5528755,610.9713284,54.15983363
0.09973196018,0.1057690038,1.693642755,3.238735727,1,-16.61939791,3.654837191,-371.2560702,0,128.3660283,-196.3869752,62.39343381
0.09973196018,0.1096327117,3.013135441,2.8982438,1,0.2608055885,4.180765757,96.06840071,0,204.650682,-64.1376341,43.88655808
0.09973196018,0.1134964196,2.485360888,3.85772505,1,-119.4518828,4.589015287,79.10216827,14.14532333,2.716727017,-233.0952269,57.20811517
0.09973196018,0.1173601275,2.562104898,4.104483343,1,-297.821262,4.838508553,-276.227722,15.44394607,-53.42659983,200.0188144,58.02672195
0.09973196018,0.1212238354,1.12824175,2.017647544,2,-352.9095645,2.311672783,-455.0453025,0,-389.3117343,625.1791101,60.78665829
0.1035956681,0.01690372206,0.3098575288,-0.112750542,1,-18.63857256,0.3297337909,22.76229175,0,-121.3927554,-49.45485542,-19.99536675
0.1035956681,0.02076742997,0.03933745479,0.02676243903,1,14.874466,0.04757797277,21.95730932,0,-12.18134218,-28.35082925,34.22861778
0.1035956681,0.02463113787,0.3202629726,0.08162541048,1,122.5819065,0.3305012545,-28.51127925,4.995709266,114.956818,-60.74869256,14.2985557
0.1035956681,0.02849484577,0.9571177011,0.1513183875,1,216.7291797,0.9690054428,-152.2546102,0,280.4261275,-124.8325974,8.983988699
0.1035956681,0.03235855367,2.241125861,-0.02432523703,1,124.3310958,2.24125787,-275.6160067,0,314.4519584,-194.4919416,-0.6218654266
0.1035956681,0.03622226157,2.652447254,-0.1621213037,1,-38.85573538,2.657397176,-148.0174157,0,102.502907,-152.8533452,-3.497647358
0.1035956681,0.04008596947,2.487039941,-0.005640618274,1,-53.0764364,2.487046337,-5.33608648,0,65.06176057,-87.32036497,-0.1299468744
0.1035956681,0.04394967737,2.698755046,0.1546420008,1,-4.886473684,2.703182004,-53.88805017,0,129.9039252,-175.9196969,3.279532769
0.1035956681,0.04781338527,2.970070856,0.4658540192,1,-185.0964105,3.006383351,-126.0748863,0,137.8651911,-311.2683386,8.914184231
0.1035956681,0.05167709317,2.51626741,0.8701754057,1,-158.7620326,2.662481346,85.86144312,0,235.8691209,-107.530908,19.07640511
0.1035956681,0.05554080107,3.267990122,1.213065574,1,98.5164992,3.485869694,-418.6337636,0,261.0450953,-412.1293825,20.36473543
0.1035956681,0.05940450897,3.905508384,0.8450443773,1,-27.63737314,3.99588485,14.79321237,0,235.1026302,8.069497319,12.20901963
0.1035956681,0.06326821687,4.069575275,1.239044045,1,-107.9723268,4.25401846,179.7094022,0,231.8699384,8.486946987,16.93366771
0.1035956681,0.06713192477,4.384212565,1.50659793,1,-82.47912446,4.635855599,138.4771547,0,222.736816,-42.04841232,18.96485439
0.1035956681,0.07099563267,4.611490026,1.936542104,1,-118.0796147,5.001603301,116.1076275,0,213.1450405,-186.9771753,22.7794093
0.1035956681,0.07485934057,4.751517601,2.677629078,1,-195.4178132,5.454045929,87.87611611,15.56850561,144.1181258,-260.5652577,29.40262217
0.1035956681,0.07872304847,4.413283018,3.282817793,1,-281.5078627,5.500359958,-87.53652631,39.03101711,103.1628012,-218.188317,36.64369171
0.1035956681,0.08258675637,4.062444378,3.182429434,1,-344.2436468,5.160553403,-112.0547522,51.4442773,8.875947322,-276.3098819,38.07436682
0.1035956681,0.08645046427,3.117520188,3.917451636,1,-293.0851841,5.006531678,-183.3386098,0,244.3157673,-491.8340492,51.48711672
0.1035956681,0.09031417218,3.874013597,4.3743657,1,-225.8246258,5.843206023,-331.1928227,0,124.6556896,-410.282725,48.47134591
0.1035956681,0.09417788008,2.72663297,4.223031916,2,-510.3665042,5.02678087,-247.390924,69.43348029,-80.10388004,-184.3552481,57.15138077
0.1035956681,0.09804158798,1.592608508,4.130814261,2,-444.0236392,4.427191923,-61.96480524,68.60039564,-71.15051007,117.0590944,68.91617997
0.1035956681,0.1019052959,0.736150539,3.531335861,1,-69.79637142,3.607249725,-262.852143,0,208.7486241,-11.98468778,78.22462715
0.1035956681,0.1057690038,2.129479425,3.161535692,1,199.1381458,3.811822472,33.67018184,0,403.6172923,58.35915471,56.03742542
0.1035956681,0.1096327117,3.065021487,3.435944881,1,-110.8229289,4.604353803,-44.47225531,0,203.6894821,-270.5651193,48.26556494
0.1035956681,0.1134964196,2.48828866,4.035092477,1,-89.97438507,4.740627781,14.24102332,0.849689306,-88.67751766,-204.6809854,58.33943786
0.1035956681,0.1173601275,2.374762719,4.281795576,1,-287.5182242,4.896250742,-503.9897972,0,-164.9758206,306.4199409,60.98644225
0.1035956681,0.1212238354,0.7399838439,0.9039059693,1,-535.368261,1.168170403,-893.9435869,0,-310.8545474,854.5786583,50.69448209
0.107459376,0.01690372206,0.4922446503,-0.2819628692,1,-106.8829831,0.5672811079,67.01401305,0,-78.66859861,-60.5407883,-29.80453123
0.107459376,0.02076742997,0.1337860943,-0.03554562229,1,-49.31101407,0.1384276355,64.4590404,0,-39.39818826,-26.77613115,-14.87915868
0.107459376,0.02463113787,0.1494982044,0.07054318397,1,47.06445477,0.1653059404,-15.09969063,2.510116486,41.65351834,-69.69422031,25.2610515
0.107459376,0.02849484577,0.4765664279,0.1753916934,1,137.6653215,0.5078167054,-60.64592161,3.283802975,121.8295756,-142.472393,20.2052297
0.107459376,0.03235855367,1.152110688,0.386696768,1,184.7604435,1.215275043,-215.944801,0,235.8818118,-210.9171151,18.55391687
0.107459376,0.03622226157,2.101805233,0.1559661839,1,53.46593025,2.107584088,-217.0836241,0,245.6019535,-148.6668776,4.243902104
0.107459376,0.04008596947,2.307621634,0.122354444,1,-95.77033796,2.310863089,-87.4627559,0,109.4720351,-175.5793188,3.035088038
0.107459376,0.04394967737,2.154744588,0.4964228442,1,-223.0873333,2.211189698,-0.9139115155,35.27155737,-0.09408314637,-301.0456995,12.97376415
0.107459376,0.04781338527,1.445313832,1.281976004,1,-46.5068961,1.931940617,-91.16730891,0,201.6258199,-333.3733337,41.57264041
0.107459376,0.05167709317,2.754078799,1.432236176,1,227.0239815,3.104231064,-74.55244322,0,422.465889,-7.359743068,27.4763181
0.107459376,0.05554080107,3.954752976,1.022363038,1,216.7148424,4.084764042,1.523860705,0,220.3247151,67.66107211,14.49449167
0.107459376,0.05940450897,4.44267199,1.17670131,1,-47.7881056,4.595863399,69.90061761,0,80.03868653,-85.22716037,14.83491499
0.107459376,0.06326821687,4.0793598,1.621731459,1,-51.09454525,4.389896275,94.21739205,0,67.55387062,-139.2857895,21.68007604
0.107459376,0.06713192477,4.506266016,2.078889397,1,-31.27365225,4.962682191,40.29146644,0,160.6628705,-202.4849973,24.76543688
0.107459376,0.07099563267,4.579281945,2.5597488,1,-130.6805546,5.246154501,81.63502032,0,102.4944461,-217.3786591,29.20452489
0.107459376,0.07485934057,4.397363126,3.234190912,1,-139.7891129,5.458643908,32.83119973,21.43542084,-9.089162805,-279.9990541,36.33389272
0.107459376,0.07872304847,4.004059775,3.768433523,1,-201.9723413,5.498507607,-87.03107993,23.67294886,-103.9247997,-250.2999161,43.26358727
0.107459376,0.08258675637,3.215465926,3.865014004,1,-288.3089823,5.027678826,-132.1104153,39.5417955,-55.8747097,-279.060831,50.24152115
0.107459376,0.08645046427,2.674234525,4.336207005,1,-173.2635291,5.094528583,-14.7538692,25.82792776,-55.8324292,-230.756923,58.33694949
0.107459376,0.09031417218,2.330306062,4.69958671,1,-145.5937155,5.24561165,-221.8104609,0,-58.44608421,-399.9997584,63.62532992
0.107459376,0.09417788008,1.885884339,5.024678402,1,-228.31487,5.366931412,-299.4651472,0,29.01236084,-404.3370375,69.42766196
0.107459376,0.09804158798,1.560259382,5.104781061,1,-203.1578386,5.337902118,-312.777859,0,108.3280844,-215.830831,73.00440163
0.107459376,0.1019052959,1.519489868,4.650103404,1,-105.4354453,4.892066141,-184.8236265,0,231.9868979,93.66472407,71.90443297
0.107459376,0.1057690038,2.049217229,4.028783421,1,-144.7037733,4.519998574,-110.5604898,0,216.2498599,28.34118969,63.04010044
0.107459376,0.1096327117,1.795923048,4.113427888,1,70.90391334,4.488388194,-252.062341,0,-148.4617243,-209.0860967,66.4139133
0.107459376,0.1134964196,1.749556502,3.862735766,1,743.7234094,4.240480581,-97.98287001,0,-742.9910469,-218.2102578,65.63270808
0.107459376,0.1173601275,1.798752683,4.577951396,1,-183.45865,4.918653291,-313.9957413,0,-16.71417835,-60.96605102,68.54931706
0.107459376,0.1212238354,0.9761471642,2.885102953,1,-539.0630389,3.045764655,-437.5021308,0,113.2515956,438.7796618,71.30723983
0.1113230839,0.01690372206,NaN,NaN,0,-101.9121773,0.3348890451,-3.521975076,0,24.30021838,-39.13600495,-0.639612139
0.1113230839,0.02076742997,NaN,NaN,0,-79.79193158,0.1960445027,27.06026698,11.78658623,-8.782080289,10.37744929,19.38275411
0.1113230839,0.02463113787,-0.00735593107,0.06071913265,1,-28.00932232,0.06116308356,15.15515281,0,24.74682288,8.666311224,96.90754093
0.1113230839,0.02849484577,0.1723278641,0.0901336909,1,56.61488968,0.1944761553,-4.667529866,0,98.47241234,-33.77782179,27.61119048
0.1113230839,0.03235855367,0.591856103,0.1731927976,1,131.0105215,0.6166760834,-24.02582444,0,145.1403456,-150.8735285,16.31087603
0.1113230839,0.03622226157,1.239294151,0.5802361673,1,57.76100678,1.368401989,-130.1294706,0,169.7060062,-289.0864047,25.08894222
0.1113230839,0.04008596947,1.470722198,0.7873559599,1,-66.12402255,1.668218569,-164.0681209,0,141.9002374,-276.9096263,28.16251622
0.1113230839,0.04394967737,1.532071311,1.016222783,1,-126.2133636,1.838464372,-78.2857117,6.612772902,89.73224716,-243.2077014,33.55631365
0.1113230839,0.04781338527,1.32976982,1.424566354,1,17.84773337,1.94876296,48.18353881,0,154.968472,-109.4585709,46.97118212
0.1113230839,0.05167709317,2.199782649,1.625305848,1,266.4765764,2.735080036,-15.73379939,0,304.3560874,35.39669276,36.45878199
0.1113230839,0.05554080107,3.535300493,1.227013068,1,153.4394941,3.742179933,-207.0398821,0,272.707744,-132.9203857,19.14058992
0.1113230839,0.05940450897,3.8462911,1.338929764,1,8.072023395,4.072675795,-152.7818322,0,85.13990343,-274.5440904,19.19348318
0.1113230839,0.06326821687,3.895444152,1.697466867,1,-30.5098236,4.249220976,-10.48555564,4.370313829,7.540447096,-245.8177415,23.54549934
0.1113230839,0.06713192477,3.757544138,2.24818459,1,4.373278985,4.378752322,-22.81145755,0,45.20917121,-317.8636093,30.89259884
0.1113230839,0.07099563267,4.087016256,2.837462197,1,-19.08042787,4.975428986,-58.0505313,0,29.17153018,-299.8987615,34.77079848
0.1113230839,0.07485934057,3.79653321,3.182615507,1,-136.9008862,4.954059535,-57.53235949,7.033740197,-115.9861584,-270.8462742,39.97294174
0.1113230839,0.07872304847,3.109934584,3.661644854,1,-143.5860753,4.804095769,-42.84017275,0,-198.7623782,-275.226286,49.6578502
0.1113230839,0.08258675637,2.473798785,4.080487569,1,-138.3932645,4.771798323,-74.55009715,7.964565843,-105.1542313,-258.1887851,58.77362871
0.1113230839,0.08645046427,2.1689382,4.371171104,1,-133.3259747,4.87969566,-43.14088425,0.669008231,-126.0824151,-206.3496823,63.60978074
0.1113230839,0.09031417218,1.47152054,4.711078692,1,-284.2751792,4.935548109,-116.3429404,0,-275.1851495,-335.3289736,72.653638
0.1113230839,0.09417788008,0.007346908068,5.217269171,1,-251.0176924,5.217274344,-179.6383828,0,-246.2511626,-340.9409986,89.91931669
0.1113230839,0.09804158798,-0.4497810638,5.334304883,1,104.5001568,5.353233751,-215.6886896,0,-7.031023767,-116.7599023,94.81969881
0.1113230839,0.1019052959,0.3839391673,4.835037234,1,298.4203027,4.850257142,-430.7357717,0,286.92134,-229.3360265,85.45980103
0.1113230839,0.1057690038,1.811808065,4.556155096,1,91.10470824,4.903182408,-576.5196889,0,141.6611946,4.957264843,68.31418243
0.1113230839,0.1096327117,1.283278625,2.588380134,2,22.66671481,2.889033705,-1009.70928,0,-163.7739893,611.8659453,63.62850097
0.1113230839,0.1134964196,1.266610774,-1.709137914,1,61.14526342,2.127311745,110.9424444,0,-153.6105207,-494.0896735,-53.45853374
0.1113230839,0.1173601275,0.92601988,4.926047508,1,226.4977195,5.012330483,452.8835853,0,-361.5211056,-875.7357675,79.3535379
0.1113230839,0.1212238354,NaN,NaN,0,7.929666006,3.504348226,-471.9729616,0,-101.673828,305.4089578,77.72698736
0.1151867918,0.01690372206,NaN,NaN,0,-62.59535676,0.3866710893,12.9889033,0,37.23516766,-4.160809315,32.1364766
0.1151867918,0.02076742997,NaN,NaN,0,-55.77080664,0.3668224459,31.52412974,4.978791019,33.54104836,13.74520865,40.61998037
0.1151867918,0.02463113787,NaN,NaN,0,-45.36430543,0.3655452508,61.17223753,0,58.19921062,35.73003648,48.64220147
0.1151867918,0.02849484577,NaN,NaN,0,-28.17491227,0.4703701832,53.89489323,0,88.94899237,10.69474295,45.78315246
0.1151867918,0.03235855367,NaN,NaN,0,-43.88490484,0.6493435756,21.08857227,0,83.75663646,-43.9712187,42.81195895
0.1151867918,0.03622226157,0.4820775434,0.5884889628,1,-17.90958524,0.760735182,-24.54294056,0,50.89907475,-150.0206299,50.67640079
0.1151867918,0.04008596947,0.6038124279,0.9260994208,1,12.8367299,1.105553972,-9.370220228,0,98.58742941,-201.4873944,56.89584037
0.1151867918,0.04394967737,0.9125879481,1.330773607,1,20.46509575,1.613621751,14.31659321,0,136.0562029,-214.9116734,55.55932759
0.1151867918,0.04781338527,1.208565006,1.811770485,1,187.2565294,2.177875494,-52.9996995,0,309.0187008,-117.1396245,56.29421534
0.1151867918,0.05167709317,2.830050476,1.578591542,1,168.1114993,3.24054578,-169.8902272,0,202.6931355,-84.84503836,29.15261424
0.1151867918,0.05554080107,2.641245803,1.483180717,1,-99.87187729,3.029192043,-248.4237094,0,89.92261883,-221.4748671,29.31620943
0.1151867918,0.05940450897,2.791609447,1.474469087,1,-77.02517149,3.157078142,-192.0590176,0,192.9327231,-265.9688164,27.84206701
0.1151867918,0.06326821687,3.089078726,1.768746591,1,-19.8196486,3.559616816,-128.4677867,0,122.9298296,-325.7389804,29.79461582
0.1151867918,0.06713192477,3.189997068,2.236667356,1,-15.44963512,3.89599309,-6.548804378,0,43.19285777,-259.5269555,35.03622887
0.1151867918,0.07099563267,3.196270434,2.746180272,1,-22.42890549,4.213982769,-59.00186227,0,6.539230165,-338.0943772,40.66860152
0.1151867918,0.07485934057,3.128604004,3.314999311,1,-50.70574765,4.558221523,-0.8190829055,0,-58.289694,-210.2210757,46.65694357
0.1151867918,0.07872304847,2.775143885,3.555248406,1,-112.0601347,4.510123592,29.73801563,0,-198.1972548,-145.8551259,52.02523301
0.1151867918,0.08258675637,1.929860077,3.99343992,1,-93.06330951,4.435304083,28.92125203,0,-182.5444904,-180.4490262,64.20749241
0.1151867918,0.08645046427,1.710275851,4.364194004,1,-155.3024134,4.687348162,9.038524408,0,-192.7265766,-182.8155259,68.60037644
0.1151867918,0.09031417218,0.5851777191,4.73470793,1,-206.0381614,4.770732873,-10.43391008,0,-269.0904531,-186.1461778,82.95436081
0.1151867918,0.09417788008,-0.12548233,5.043094881,1,47.09855633,5.044655765,-33.24858295,0,-127.1777434,-17.49926304,91.42533998
0.1151867918,0.09804158798,0.2757751315,4.673857158,1,24.50937308,4.681985973,-73.62225427,0,-258.8315441,39.59026625,86.62324878
0.1151867918,0.1019052959,-1.030834754,4.605674771,1,-31.79937031,4.719625026,-344.1230597,0,-80.76300929,-227.722376,102.6159287
0.1151867918,0.1057690038,-0.1591330239,4.224118917,2,194.6565538,4.227115321,-608.3127285,0,139.1179963,-294.4693076,92.15745371
0.1151867918,0.1096327117,0.2587726125,3.393075466,2,-91.89617857,3.402928795,-366.5724927,0,202.7535625,-58.28397799,85.6387846
0.1151867918,0.1134964196,0.2691875261,3.032982147,1,-624.7978086,3.044904371,-371.7982415,0,600.5213237,-90.44750838,84.92809341
0.1151867918,0.1173601275,0.1649753658,2.306018415,1,479.0002035,2.311912153,-188.8823124,0,-462.5898065,-41.00491226,85.90796187
0.1151867918,0.1212238354,NaN,NaN,0,272.3924662,2.48399388,-44.75237921,0,-185.6275527,-125.3012489,82.30531519
0.1190504997,0.01690372206,NaN,NaN,0,-44.34839634,0.5310848926,19.22480731,0,39.61892626,4.648116278,45.99178237
0.1190504997,0.02076742997,NaN,NaN,0,-41.67168004,0.54561727,29.16253932,0,41.17184819,8.746730004,48.73739398
0.1190504997,0.02463113787,NaN,NaN,0,-36.2128413,0.5891631833,43.47047032,0,52.27063965,9.169579096,51.46476951
0.1190504997,0.02849484577,NaN,NaN,0,-30.12809149,0.6873661453,47.4282099,0,65.43047307,-5.760107272,52.13754379
0.1190504997,0.03235855367,NaN,NaN,0,-32.50271903,0.8351616556,48.88920811,0,69.50037942,-29.64325131,52.92854658
0.1190504997,0.03622226157,NaN,NaN,0,-34.91118296,1.017304053,76.09347347,0,74.40322775,-40.9726189,56.27386348
0.1190504997,0.04008596947,NaN,NaN,0,-15.70548597,1.296842897,92.05837195,0,65.4501912,-67.56558063,59.61108035
0.1190504997,0.04394967737,NaN,NaN,0,-20.66957225,1.647111336,84.2277997,0,24.90674646,-116.7056618,62.63799006
0.1190504997,0.04781338527,0.6724011702,1.895019818,1,63.73952242,2.010776826,-5.040666053,5.04782562,54.93649749,-81.67330475,70.46402223
0.1190504997,0.05167709317,1.215559991,1.758919189,1,89.81030732,2.138079232,-213.5713375,0,181.2631039,-230.4731701,55.35228984
0.1190504997,0.05554080107,1.719749651,1.960323562,1,18.34634825,2.607759063,-91.84541395,0,204.5083214,-253.1021759,48.74022038
0.1190504997,0.05940450897,2.076605339,2.381968214,1,-101.9077865,3.160073149,-165.7852375,0,210.8115227,-240.5024778,48.91800744
0.1190504997,0.06326821687,2.140521877,2.249009154,1,-18.23636048,3.104814983,-190.1217436,0,187.2190582,-214.1385278,46.4157772
0.1190504997,0.06713192477,2.729505123,2.474762053,1,-34.90547706,3.684378568,-103.2457239,0,141.5984549,-284.5165331,42.19767223
0.1190504997,0.07099563267,2.552752378,2.949386611,1,-80.03624858,3.90069559,-128.3943531,0,145.1629521,-304.0161441,49.12316465
0.1190504997,0.07485934057,2.981135682,3.153313354,1,5.117807501,4.339418747,-73.13869295,0,22.9742771,-171.347352,46.60771809
0.1190504997,0.07872304847,2.661291987,3.328836183,1,-135.1151565,4.261880498,6.417786852,0,-147.7209125,-144.0710918,51.35884596
0.1190504997,0.08258675637,1.888339727,3.734758424,1,-115.1320746,4.185002677,115.3352239,0,-186.0753124,-117.016421,63.17827871
0.1190504997,0.08645046427,1.497514627,4.226575069,1,-89.95860132,4.484025744,94.92075302,0,-214.5021022,-94.71693421,70.49029311
0.1190504997,0.09031417218,0.7119925017,4.467463054,1,-128.0497519,4.523843439,46.05357716,0,-308.3814213,-36.08031954,80.94476034
0.1190504997,0.09417788008,-0.1887279454,4.543916455,1,-21.70792169,4.547834098,-60.74796338,0,-313.0128336,-1.761953768,92.3783675
0.1190504997,0.09804158798,-0.5812707248,4.239558343,1,-68.627743,4.279220793,16.3534531,0,-355.0007137,-10.03042038,97.80694407
0.1190504997,0.1019052959,-1.825504561,4.645856035,1,-104.1515546,4.991637527,-5.42261466,0,-179.2568508,-31.82522919,111.4514417
0.1190504997,0.1057690038,-1.67627802,4.341570333,1,226.0791583,4.65393822,-305.7153175,0,153.6757096,-67.85174382,111.1115485
0.1190504997,0.1096327117,-0.3582426774,3.726820666,1,250.4065519,3.743999211,-113.5731582,34.42301352,49.0224598,227.1443774,95.49071802
0.1190504997,0.1134964196,-0.519371782,3.025137299,2,-80.71262533,3.069397779,-612.6529667,0,183.2166141,18.55466635,99.74187073
0.1190504997,0.1173601275,0.03780279383,1.288018748,1,264.0980995,1.288573376,-204.2995595,20.35579794,-106.9293638,150.420239,88.31887622
0.1190504997,0.1212238354,NaN,NaN,0,174.394792,1.656935849,38.02420345,0,-148.4717608,-151.7338592,86.95965964
0.1229142076,0.01690372206,NaN,NaN,0,-33.25770638,0.6761177665,19.89176567,0,35.97020876,4.989641775,51.63290469
0.1229142076,0.02076742997,NaN,NaN,0,-31.53704342,0.7020769878,26.07492267,0,38.07441098,3.779843233,52.7559607
0.1229142076,0.02463113787,NaN,NaN,0,-27.68728823,0.7600808845,36.11889453,0,44.28102672,-2.038342831,54.17136796
0.1229142076,0.02849484577,NaN,NaN,0,-23.62189335,0.8590908406,43.45826795,0,51.00188083,-13.26149983,55.30362021
0.1229142076,0.03235855367,NaN,NaN,0,-21.08669683,1.00058833,50.94657678,0,54.41118039,-27.86906036,56.60639047
0.1229142076,0.03622226157,NaN,NaN,0,-16.61752199,1.18467656,64.2566691,0,54.85384602,-40.37359901,58.56903646
0.1229142076,0.04008596947,NaN,NaN,0,-4.433301474,1.422879483,74.1339395,0,48.25874407,-54.24514271,60.60237845
0.1229142076,0.04394967737,NaN,NaN,0,11.73728874,1.700052887,77.70706697,0,33.57724782,-61.56249753,62.41995584
0.1229142076,0.04781338527,NaN,NaN,0,57.60034468,1.980776234,87.07748506,0,27.10824008,-22.93891781,63.83212886
0.1229142076,0.05167709317,NaN,NaN,0,26.56004813,2.230304037,34.8305628,0,86.01096759,-75.0892464,60.02253649
0.1229142076,0.05554080107,NaN,NaN,0,-21.62093004,2.56181667,27.03867976,0,49.4284638,-167.2789906,59.28564842
0.1229142076,0.05940450897,1.221832392,2.682725152,1,11.59983326,2.947861706,-63.16634584,0,44.99503673,-156.3695901,65.51336906
0.1229142076,0.06326821687,1.527135121,2.562566315,1,7.702471751,2.983100367,-73.24113608,0,113.9331677,-134.2969525,59.20760533
0.1229142076,0.06713192477,1.691796973,2.918626993,1,-54.86860929,3.373508636,-39.31065639,0,54.46160614,-312.0325895,59.90105675
0.1229142076,0.07099563267,1.52556258,3.616284203,1,40.58433136,3.924901606,-111.7296522,0,86.80220536,-232.1747049,67.12710574
0.1229142076,0.07485934057,2.183981341,3.383991494,1,51.92212085,4.027551729,-228.6325705,0,133.8396297,-200.2296066,57.16236093
0.1229142076,0.07872304847,2.243291723,3.506543447,1,-72.88130556,4.162716024,-122.74815,0,5.428763943,-209.5415841,57.39114526
0.1229142076,0.08258675637,1.923364423,3.719335971,1,-80.03931943,4.187217545,-31.8249092,7.181067909,-57.71135665,-129.2574426,62.65535095
0.1229142076,0.08645046427,1.711063348,3.882994296,1,-116.0821157,4.243274971,-15.76672719,0,-220.2924196,-98.23234586,66.21904062
0.1229142076,0.09031417218,0.6237114734,4.037959034,1,-153.4483864,4.085844975,-8.363694092,0,-384.393964,-17.31455074,81.219368
0.1229142076,0.09417788008,-0.3670023908,3.917577791,1,43.62357271,3.934730805,-33.13525015,0,-127.3529847,88.65537101,95.35190295
0.1229142076,0.09804158798,0.3002054829,3.567395648,1,-66.58902583,3.580004894,47.45698896,0,-142.4710719,-55.53010617,85.18974686
0.1229142076,0.1019052959,-1.174749542,4.315489844,1,-153.7170913,4.472526029,109.436431,0,-338.7353823,11.86759273,105.2279008
0.1229142076,0.1057690038,-1.60248703,3.94437314,1,424.0705049,4.257469219,-94.8854868,64.64454999,60.52310823,345.23673,112.1105136
0.1229142076,0.1096327117,0.6975786296,2.614986158,1,68.77332737,2.706430962,102.542576,0,-178.4471825,74.49840264,75.06348968
0.1229142076,0.1134964196,-2.026234771,4.052727634,1,-128.0682852,4.531029532,-358.4297918,0,-63.65873955,92.56431259,116.5635916
0.1229142076,0.1173601275,-0.04319859058,0.8724766741,1,289.8448818,0.8735454568,-456.604967,0,206.9541599,278.0682253,92.83454836
0.1229142076,0.1212238354,NaN,NaN,0,53.32820965,1.218848598,29.83733604,0,-86.22396651,-147.0333546,95.02447829
0.1267779155,0.01690372206,NaN,NaN,0,-24.44386079,0.7988238614,18.13015119,0,29.66110763,2.786381645,54.3913436
0.1267779155,0.02076742997,NaN,NaN,0,-22.85337342,0.8288411234,22.85202214,0,31.55268583,-0.3041869891,55.01796732
0.1267779155,0.02463113787,NaN,NaN,0,-19.37737486,0.8914774605,31.47191719,0,35.77717542,-7.841293822,55.98328582
0.1267779155,0.02849484577,NaN,NaN,0,-15.58549686,0.9902458702,39.33939059,0,39.88484316,-17.37848886,57.05322461
0.1267779155,0.03235855367,NaN,NaN,0,-11.60465294,1.126531143,47.18216195,0,42.2886153,-28.19789129,58.26120485
0.1267779155,0.03622226157,NaN,NaN,0,-6.038906697,1.300464623,55.85268663,0,42.34223186,-38.40757406,59.64955104
0.1267779155,0.04008596947,NaN,NaN,0,2.85251332,1.51177775,62.51364999,0,39.15369126,-47.47889366,61.00216353
0.1267779155,0.04394967737,NaN,NaN,0,14.45168401,1.750802207,65.38904362,0,34.03526066,-52.36026777,62.09422827
0.1267779155,0.04781338527,NaN,NaN,0,28.87480754,2.001314342,64.15904476,0,33.39795933,-50.08455431,62.6254903
0.1267779155,0.05167709317,NaN,NaN,0,23.18100418,2.253494189,47.9822635,0,43.51352897,-70.46106752,61.94064217
0.1267779155,0.05554080107,NaN,NaN,0,17.28260242,2.526252688,42.53072669,0,26.29481486,-92.67031926,62.20790819
0.1267779155,0.05940450897,NaN,NaN,0,48.72323197,2.795359083,48.90692415,0,-7.117273459,-60.99161822,63.93207149
0.1267779155,0.06326821687,NaN,NaN,0,5.064168263,2.977363124,11.14674631,0,32.11121948,-88.80504984,63.28126871
0.1267779155,0.06713192477,NaN,NaN,0,-10.1859037,3.205635011,1.335448817,0,-19.48738702,-119.9225385,64.65918608
0.1267779155,0.07099563267,1.224006397,3.127958976,1,60.32036478,3.358916346,29.18795198,0,-72.71259251,-119.0211324,68.62902112
0.1267779155,0.07485934057,1.3241375,3.46981868,1,26.14586033,3.713890385,-69.45481736,0,13.56084726,-199.7556719,69.11235733
0.1267779155,0.07872304847,1.377421516,3.631403417,1,-9.545956743,3.883861585,-111.1237881,0,-5.51028694,-202.0231207,69.22784692
0.1267779155,0.08258675637,1.265964572,3.82102715,1,-43.16910602,4.025284434,-132.9250772,0,-39.74761991,-182.7563486,71.66917891
0.1267779155,0.08645046427,1.057055507,3.823936895,1,-42.1285489,3.967349206,-189.2391402,0,-126.9280476,-125.603287,74.54753974
0.1267779155,0.09031417218,0.6127792643,3.575156801,1,-95.8996089,3.627291631,-39.41858386,0,-171.0123704,-54.78622714,80.2740524
0.1267779155,0.09417788008,0.02578558418,3.883312979,1,-157.1384709,3.883398588,101.722087,0,-159.9771567,5.644565088,89.61955592
0.1267779155,0.09804158798,-0.6124628916,3.946372282,1,1526.326673,3.993615527,595.1426629,0,-1884.171227,582.800523,98.82172325
0.1267779155,0.1019052959,-1.356821246,3.930999402,1,606.8833969,4.158571894,126.5517153,0,-631.8674419,387.8144514,109.0425935
0.1267779155,0.1057690038,-0.7089939439,2.936929384,2,585.7422827,3.02129552,31.14378885,89.37623588,-150.25046,331.2095814,103.5719083
0.1267779155,0.1096327117,0.3257919506,2.771632829,1,330.3564734,2.790714771,-188.1225753,0,-547.1441841,-275.361982,83.29592343
0.1267779155,0.1134964196,-1.546598335,3.273996969,1,194.7637255,3.620914603,-2.749389494,0,-447.8374572,464.1284556,115.285509
0.1267779155,0.1173601275,-0.6520110258,0.9677532106,1,106.5109359,1.166903875,-321.8139607,0,199.3272605,236.8675596,123.9696023
0.1267779155,0.1212238354,NaN,NaN,0,80.75186571,1.173594131,8.546747932,0,67.85261189,-67.88840612,108.1164801
0.1306416234,0.01690372206,NaN,NaN,0,-16.35291193,0.8926543677,15.41233073,0,22.32801894,-0.09197482801,55.89820126
0.1306416234,0.02076742997,NaN,NaN,0,-14.75090292,0.9239560501,19.5670399,0,24.00236102,-3.777621398,56.34685454
0.1306416234,0.02463113787,NaN,NaN,0,-11.38334091,0.9876049268,27.57736151,0,27.39014598,-11.64415661,57.1149774
0.1306416234,0.02849484577,NaN,NaN,0,-7.738066288,1.08485896,35.24521525,0,30.47170107,-20.21327049,58.06343578
0.1306416234,0.03235855367,NaN,NaN,0,-3.707511384,1.215982033,42.58999381,0,32.51620579,-29.13644187,59.12173361
0.1306416234,0.03622226157,NaN,NaN,0,1.214034823,1.379906149,49.45826549,0,33.07277488,-37.5799123,60.22872134
0.1306416234,0.04008596947,NaN,NaN,0,7.430577448,1.573696441,54.67893022,0,31.97852843,-44.90259009,61.26640164
0.1306416234,0.04394967737,NaN,NaN,0,14.34212642,1.790452047,57.17641276,0,30.01214425,-50.31512559,62.11316259
0.1306416234,0.04781338527,NaN,NaN,0,20.2661973,2.020860737,56.18738685,0,28.93480759,-54.57796416,62.66680024
0.1306416234,0.05167709317,NaN,NaN,0,20.00655861,2.257861712,50.40871974,0,28.35037411,-64.00015011,62.92897892
0.1306416234,0.05554080107,NaN,NaN,0,18.84710359,2.499612417,46.19503938,0,19.35454013,-71.94960073,63.51478432
0.1306416234,0.05940450897,NaN,NaN,0,22.10141396,2.732565656,42.93265062,0,6.974745058,-68.30543244,64.52924803
0.1306416234,0.06326821687,NaN,NaN,0,7.605019175,2.935812194,30.79905437,0,7.528224616,-76.79578416,65.29340779
0.1306416234,0.06713192477,NaN,NaN,0,-2.025482643,3.135552731,28.47853175,0,-10.55639742,-84.16339286,66.83209401
0.1306416234,0.07099563267,NaN,NaN,0,-3.227715341,3.318578585,44.14373669,0,-20.00914753,-73.01778619,69.19957429
0.1306416234,0.07485934057,NaN,NaN,0,10.02930105,3.5260487,17.47583198,0,-47.58127882,-91.18983127,71.07110772
0.1306416234,0.07872304847,NaN,NaN,0,-25.6207668,3.670602705,-9.267550744,0,-88.30271129,-112.0674841,73.64847907
0.1306416234,0.08258675637,0.7036636042,3.732555594,1,-24.27955265,3.79830406,-69.07844503,0,-115.1666419,-77.6758099,79.32386533
0.1306416234,0.08645046427,0.4946041743,3.555353803,1,-1.964068565,3.589592449,-70.62568312,0,-112.933852,-74.55705415,82.08010979
0.1306416234,0.09031417218,0.2597316009,3.747745263,1,-16.44955424,3.756734628,3.743331744,0,-99.18371682,-87.16833779,86.0355449
0.1306416234,0.09417788008,0.04783099134,3.906609938,1,742.5904547,3.906902739,-1720.519392,0,445.8281303,1736.656367,89.29852812
0.1306416234,0.09804158798,4.851433877,-9.609772033,1,261.1177601,10.7649491,-478.8613389,0,-63.17834319,654.063719,-63.21335561
0.1306416234,0.1019052959,0.8126110802,-0.4706815581,2,-494.1144952,0.9390835409,1556.224861,0,-813.9277941,-1215.849134,-30.08033183
0.1306416234,0.1057690038,-0.2024594508,1.100712165,2,-217.5232903,1.119176974,75.57388254,0,-275.7338206,154.4459181,100.4222041
0.1306416234,0.1096327117,-1.093190316,-0.7754200649,2,1459.015713,1.340276593,-531.7550901,0,-1469.663872,-653.1908234,-144.6512187
0.1306416234,0.1134964196,-0.243600828,1.569904367,1,316.1144252,1.588691627,434.6878153,0,-129.3032937,-84.63506236,98.82020057
0.1306416234,0.1173601275,NaN,NaN,0,-44.9124143,1.285896588,-0.9776729284,6.275822401,20.99073171,103.9935905,106.7879768
0.1306416234,0.1212238354,NaN,NaN,0,5.13781943,1.211845488,-5.221510473,0,13.1759096,29.3389556,106.0982634
0.1345053313,0.01690372206,NaN,NaN,0,-8.514594113,0.9555870021,12.37177602,0,14.66996615,-3.116659642,56.72394579
0.1345053313,0.02076742997,NaN,NaN,0,-6.920208646,0.9871480573,16.3025216,0,16.23237006,-6.946243553,57.09979937
0.1345053313,0.02463113787,NaN,NaN,0,-3.667019591,1.050601738,24.0252737,0,19.30934642,-14.74444073,57.7713831
0.1345053313,0.02849484577,NaN,NaN,0,-0.2759159969,1.146155834,31.4741151,0,22.09560933,-22.69399463,58.63070387
0.1345053313,0.03235855367,NaN,NaN,0,3.298638872,1.273243169,38.47433255,0,24.23173191,-30.55469339,59.58509905
0.1345053313,0.03622226157,NaN,NaN,0,7.171979926,1.430056124,44.71145131,0,25.45413343,-37.8730432,60.55477088
0.1345053313,0.04008596947,NaN,NaN,0,11.31363523,1.613097108,49.56739263,0,25.67550333,-44.23642879,61.46184053
0.1345053313,0.04394967737,NaN,NaN,0,15.22004692,1.816720202,52.45029035,0,25.09998031,-49.41968035,62.24903355
0.1345053313,0.04781338527,NaN,NaN,0,17.84129664,2.033939987,53.00537014,0,23.97875268,-53.9120266,62.90375937
0.1345053313,0.05167709317,NaN,NaN,0,17.73192936,2.258079278,51.27018923,0,21.59861974,-59.01196804,63.50145039
0.1345053313,0.05554080107,NaN,NaN,0,15.99783935,2.483183428,48.90806045,0,15.79822648,-62.82250109,64.2605875
0.1345053313,0.05940450897,NaN,NaN,0,13.23030112,2.700500683,45.8295846,0,8.133488948,-63.48472667,65.25563769
0.1345053313,0.06326821687,NaN,NaN,0,5.279977117,2.901532463,40.6382888,0,1.58333134,-65.90926149,66.41483176
0.1345053313,0.06713192477,NaN,NaN,0,-2.293330703,3.089029743,37.63588711,0,-10.25727973,-66.91746258,68.00607132
0.1345053313,0.07099563267,NaN,NaN,0,-6.988650052,3.258871236,36.18891122,0,-23.43271586,-62.94050807,70.04029774
0.1345053313,0.07485934057,NaN,NaN,0,-9.015634068,3.409500571,22.6059585,0,-43.73864363,-61.79438375,72.25188556
0.1345053313,0.07872304847,NaN,NaN,0,-17.58511672,3.50890164,6.737968178,0,-70.51138259,-50.88485508,74.99242973
0.1345053313,0.08258675637,NaN,NaN,0,-5.494535241,3.539562071,-1.332663867,0,-101.2698932,-2.876096368,78.61108709
0.1345053313,0.08645046427,NaN,NaN,0,-19.82009267,3.431237123,-26.98564552,0,-85.90725496,28.49728104,81.68664381
0.1345053313,0.09031417218,NaN,NaN,0,25.54803715,3.268427164,-77.69525611,0,-131.1403039,92.72964158,84.90167418
0.1345053313,0.09417788008,0.08813414308,2.736710042,1,104.7044843,2.738128828,-57.89440846,0,-163.1927258,87.59001026,88.15546049
0.1345053313,0.09804158798,0.06446792866,2.693386865,1,-1614.402298,2.694158295,-622.5969535,0,1580.796496,-611.8881188,88.62885087
0.1345053313,0.1019052959,-0.04170885959,2.695334233,1,-387.8556973,2.695656925,-100.3930251,0,417.6890727,-105.215862,90.88655087
0.1345053313,0.1057690038,0.1797353769,2.712020898,1,-725.2514212,2.717970228,-1426.381701,0,-364.5783967,1482.550377,86.2083474
0.1345053313,0.1096327117,-4.252492937,-8.543929621,1,-354.6059192,9.543711519,-10.9787737,38.44901926,257.8511609,288.9890083,-116.4604929
0.1345053313,0.1134964196,-0.1940967473,1.553033009,1,642.7353321,1.565115036,1288.014365,0,392.1527673,-1239.690521,97.12384018
0.1345053313,0.1173601275,NaN,NaN,0,25.17064676,1.248491753,-27.67492474,0,-45.26775818,77.55078648,101.7379332
0.1345053313,0.1212238354,NaN,NaN,0,9.848577213,1.178237275,-5.308440793,0,-19.04104445,33.98651682,103.3346277
0.1383690392,0.01690372206,NaN,NaN,0,-4.631456039,0.9870931995,10.8088864,0,10.8088864,-4.631456039,57.09479327
0.1383690392,0.02076742997,NaN,NaN,0,-3.057537258,1.018638191,14.66797786,0,12.33471195,-8.468489183,57.44268592
0.1383690392,0.02463113787,NaN,NaN,0,0.1074506399,1.081774654,22.27396084,0,15.32319685,-16.16650391,58.07303152
0.1383690392,0.02849484577,NaN,NaN,0,3.31934556,1.176279325,29.59567139,0,18.0530954,-23.81954139,58.88833482
0.1383690392,0.03235855367,NaN,NaN,0,6.578514863,1.301190825,36.42500801,0,20.28846718,-31.21205584,59.79310435
0.1383690392,0.03622226157,NaN,NaN,0,9.874154361,1.454390024,42.45815269,0,21.82398003,-38.00880016,60.70696826
0.1383690392,0.04008596947,NaN,NaN,0,13.06321938,1.632278332,47.26814721,0,22.53808839,-43.91115298,61.56880934
0.1383690392,0.04394967737,NaN,NaN,0,15.70793358,1.829684479,50.47040862,0,22.40871678,-48.79671767,62.3481791
0.1383690392,0.04781338527,NaN,NaN,0,17.07971794,2.040366066,51.85117424,0,21.34889813,-52.90093375,63.05994653
0.1383690392,0.05167709317,NaN,NaN,0,16.48947142,2.257799504,51.48131269,0,18.85967712,-56.59048824,63.77745646
0.1383690392,0.05554080107,NaN,NaN,0,14.21990646,2.47540741,50.08428846,0,14.06837399,-59.09684909,64.62065552
0.1383690392,0.05940450897,NaN,NaN,0,10.22413464,2.685976733,47.80815192,0,7.495492337,-59.93289824,65.66235066
0.1383690392,0.06326821687,NaN,NaN,0,3.402432539,2.883213488,44.21340742,0,0.1043778623,-60.51429425,66.93769878
0.1383690392,0.06713192477,NaN,NaN,0,-3.847082349,3.064131893,40.52838107,0,-10.21542188,-59.3661235,68.55088656
0.1383690392,0.07099563267,NaN,NaN,0,-10.26398387,3.223330796,35.53889397,0,-22.87972878,-54.86356838,70.51615723
0.1383690392,0.07485934057,NaN,NaN,0,-15.5625072,3.351510183,23.95051364,0,-39.38476061,-48.23294955,72.77584839
0.1383690392,0.07872304847,NaN,NaN,0,-20.94715502,3.428003913,9.018465168,0,-57.99665805,-32.72911979,75.42213928
0.1383690392,0.08258675637,NaN,NaN,0,-19.10747105,3.432051724,-5.27029749,0,-74.68020105,-0.7067659386,78.44614093
0.1383690392,0.08645046427,NaN,NaN,0,-23.19567185,3.337742672,-27.36937708,0,-72.45910299,29.61223504,81.37683602
0.1383690392,0.09031417218,NaN,NaN,0,-14.43960184,3.158378705,-48.36514804,0,-73.00970294,62.5332302,84.22468828
0.1383690392,0.09417788008,NaN,NaN,0,-65.44524027,2.876131368,-33.37992149,0,4.344367513,71.9087034,86.75977268
0.1383690392,0.09804158798,NaN,NaN,0,-29.59327928,2.736763867,-25.27012907,0,-7.77179273,34.21294865,88.28838303
0.1383690392,0.1019052959,NaN,NaN,0,5.185168504,2.641770817,-15.72076585,0,-22.57370978,46.73100774,89.60530275
0.1383690392,0.1057690038,0.01455990569,2.494247379,1,51.54487263,2.494289875,-178.7303696,0,-61.18286186,93.22935583,89.66554574
0.1383690392,0.1096327117,-0.01903997645,1.590935194,1,-2632.339409,1.591049123,850.7870216,0,2613.846419,1340.606878,90.68567106
0.1383690392,0.1134964196,-0.05689160776,0.601726532,1,225.5543205,0.6044100217,-46.2750427,0,-266.8775619,117.2975646,95.40110454
0.1383690392,0.1173601275,NaN,NaN,0,46.40085368,0.9754470292,77.84644865,0,-89.96830487,-38.87523109,100.5561477
0.1383690392,0.1212238354,NaN,NaN,0,12.22762903,1.076528432,36.30947144,0,-36.30947144,-12.22762903,102.0762235
