PIVlab, ASCII chart output - 19-Sep-2021
FRAME: 494, filenames: A: 72_12_75_60 494.jpg & B: 72_12_75_60 495.jpg, conversion factor xy (px -> m): 0.00024148, conversion factor uv (px/frame -> m/s): 1
x [m],y [m],u [m/s],v [m/s],Vector type [-],vorticity [1/s],magnitude [m/s],divergence [1/s],dcev [1],simple shear [1/s],simple strain [1/s],vector direction [degrees]
0.03791263377,0.01690372206,NaN,NaN,0,-0.6540899148,0.3473911775,-1.542879077,0,1.542879077,0.6540899148,-44.37478573
0.03791263377,0.02076742997,NaN,NaN,0,-0.3735650871,0.3515914337,-2.124707018,0,1.7561484,1.137118717,-44.67347851
0.03791263377,0.02463113787,NaN,NaN,0,0.1890307258,0.3600617785,-3.239602244,0,2.248692339,2.116911041,-45.21379135
0.03791263377,0.02849484577,NaN,NaN,0,0.7608054449,0.3729277978,-4.326098926,0,2.84911317,3.104399029,-45.91735289
0.03791263377,0.03235855367,NaN,NaN,0,1.269404247,0.3904000998,-5.441625425,0,3.578411915,4.187530227,-46.7293424
0.03791263377,0.03622226157,NaN,NaN,0,1.66442061,0.4128708283,-6.696451212,0,4.424935817,5.467465878,-47.64229421
0.03791263377,0.04008596947,NaN,NaN,0,1.946621516,0.4410051767,-8.200351342,0,5.337717561,7.039371374,-48.68938855
0.03791263377,0.04394967737,NaN,NaN,0,2.180182218,0.4757189075,-9.991513447,0,6.202856381,8.955094373,-49.91614989
0.03791263377,0.04781338527,NaN,NaN,0,2.506752893,0.5179297572,-11.96865109,0,6.808689683,11.14026221,-51.34487151
0.03791263377,0.05167709317,NaN,NaN,0,3.055306928,0.5679979857,-13.80881929,0,6.893628214,13.37022304,-52.93914155
0.03791263377,0.05554080107,NaN,NaN,0,3.669228034,0.6249596748,-14.96089919,0,6.262487951,15.43393375,-54.60815085
0.03791263377,0.05940450897,NaN,NaN,0,3.561863722,0.6860142717,-15.10389295,0,5.02556993,17.31942305,-56.29463785
0.03791263377,0.06326821687,NaN,NaN,0,0.8159387777,0.7476869215,-15.34586821,0,4.508798544,19.65573077,-58.09749039
0.03791263377,0.06713192477,NaN,NaN,0,-5.537480955,0.8120030003,-19.21768777,0,6.493272078,23.64571761,-60.38575204
0.03791263377,0.07099563267,NaN,NaN,0,-13.83714813,0.8942249431,-31.86580337,0,13.23683978,30.54997248,-63.51246276
0.03791263377,0.07485934057,NaN,NaN,0,-17.9141434,1.027681637,-57.08113472,0,26.07837157,40.86789258,-67.15791478
0.03791263377,0.07872304847,NaN,NaN,0,-7.768271073,1.254911416,-87.83113716,0,39.96443785,55.98050209,-69.9433202
0.03791263377,0.08258675637,NaN,NaN,0,14.28458813,1.591255065,-110.5131888,0,51.26578813,75.65540489,-70.79907397
0.03791263377,0.08645046427,NaN,NaN,0,68.77783604,2.017466689,-132.359904,0,49.1409587,62.480851,-70.19256357
0.03791263377,0.09031417218,NaN,NaN,0,168.8808714,2.458819903,-75.07327518,0,7.007827763,29.01251936,-66.53844838
0.03791263377,0.09417788008,NaN,NaN,0,106.3665069,2.67387117,125.4450883,0,-14.30042214,88.26089648,-59.34745212
0.03791263377,0.09804158798,NaN,NaN,0,124.6783414,2.49826279,6.713930377,0,-53.00061278,-179.643203,-57.70806753
0.03791263377,0.1019052959,NaN,NaN,0,502.6385449,2.277559286,-14.31468176,0,-53.53884536,-567.5999874,-43.93389983
0.03791263377,0.1057690038,3.0698453,0.02585867348,1,963.9725055,3.069954207,-269.251101,0,-300.465496,-762.1358986,0.4826164414
0.03791263377,0.1096327117,4.20376047,0.3241284124,1,1509.634993,4.216237815,-362.7832859,0,-358.0706923,-1386.578068,4.409032925
0.03791263377,0.1134964196,7.519153388,3.981502663,1,1215.689166,8.508233138,-1114.425328,0,-1188.433487,-1349.070444,27.90187992
0.03791263377,0.1173601275,NaN,NaN,0,-96.00924188,4.481379676,-1007.784911,0,-1035.05623,-53.40466602,15.94006287
0.03791263377,0.1212238354,NaN,NaN,0,-57.80696613,3.162746388,-542.663717,0,-542.663717,-57.80696613,5.334776792
0.04177634167,0.01690372206,NaN,NaN,0,-1.269545609,0.3432005934,-1.774004335,0,2.059535631,0.4902201615,-44.06879021
0.04177634167,0.02076742997,NaN,NaN,0,-0.9651680614,0.3473456892,-2.396854998,0,2.230800354,0.9336244267,-44.41212313
0.04177634167,0.02463113787,NaN,NaN,0,-0.3597380801,0.3557120976,-3.539650038,0,2.680405348,1.837566129,-45.01024285
0.04177634167,0.02849484577,NaN,NaN,0,0.2538909731,0.3683895406,-4.585840734,0,3.290325645,2.719984193,-45.74451679
0.04177634167,0.03235855367,NaN,NaN,0,0.7480328691,0.3854937042,-5.601473644,0,4.096140574,3.691578266,-46.53709012
0.04177634167,0.03622226157,NaN,NaN,0,1.04233894,0.4073345595,-6.743899327,0,5.093575102,4.878973575,-47.38366829
0.04177634167,0.04008596947,NaN,NaN,0,1.14723839,0.4346117947,-8.189195477,0,6.233383817,6.419447762,-48.3413555
0.04177634167,0.04394967737,NaN,NaN,0,1.169582576,0.4684967518,-10.04377536,0,7.379751567,8.447412093,-49.49152409
0.04177634167,0.04781338527,NaN,NaN,0,1.395004868,0.5104553591,-12.26727713,0,8.219349118,10.9338126,-50.90246629
0.04177634167,0.05167709317,NaN,NaN,0,2.225721001,0.5615829541,-14.47609712,0,8.373925862,13.55728365,-52.55219192
0.04177634167,0.05554080107,NaN,NaN,0,3.713321559,0.6214155947,-15.64401049,0,7.545457604,15.93812998,-54.27193717
0.04177634167,0.05940450897,NaN,NaN,0,4.994820986,0.6860562199,-14.36306969,0,5.511026665,17.51044638,-55.86622486
0.04177634167,0.06326821687,NaN,NaN,0,1.973033697,0.7461092958,-11.13259957,0,4.457953493,18.585476,-57.26513944
0.04177634167,0.06713192477,NaN,NaN,0,-8.275257172,0.7962493923,-10.79989128,0,6.418201571,20.37295003,-59.02405719
0.04177634167,0.07099563267,NaN,NaN,0,-25.29714006,0.846540195,-21.91593298,0,14.37619572,24.51896191,-62.08745918
0.04177634167,0.07485934057,NaN,NaN,0,-39.84055647,0.9372096224,-55.78476959,0,32.73738254,31.83489721,-66.90567026
0.04177634167,0.07872304847,NaN,NaN,0,-27.98550946,1.147487756,-100.7041857,0,50.85940535,46.61311105,-71.25038496
0.04177634167,0.08258675637,NaN,NaN,0,-15.93445847,1.502175359,-128.0665013,0,62.47062574,91.78688555,-72.32866894
0.04177634167,0.08645046427,NaN,NaN,0,49.48179016,2.012279624,-214.2531198,0,62.83551863,80.01475706,-74.17813947
0.04177634167,0.09031417218,NaN,NaN,0,326.105962,2.718082305,-170.8330879,61.35912451,-8.424743944,-16.23226753,-70.88770921
0.04177634167,0.09417788008,1.776070139,-2.533374886,1,211.3822946,3.093931714,-50.50340265,20.65332035,-182.7504683,-79.78463914,-54.96690056
0.04177634167,0.09804158798,1.000581144,-2.455123923,1,-54.8590052,2.651187678,310.8338935,0,-271.2735931,342.2319908,-67.82673986
0.04177634167,0.1019052959,0.5159890427,-2.654687962,1,252.4301321,2.704369218,-162.1446924,0,-232.559296,-172.0504744,-79.00062441
0.04177634167,0.1057690038,1.07735625,-2.416850874,1,559.7773482,2.646103671,-519.9575686,0,-479.9936812,-357.0782184,-65.97418766
0.04177634167,0.1096327117,0.824249827,-3.284006194,1,891.3677124,3.385865393,-569.1385165,113.2926519,-455.8577978,-1023.090973,-75.91043019
0.04177634167,0.1134964196,2.760039348,-0.662911182,1,1234.966316,2.838532797,-901.4801259,0,-863.6247483,-1600.454591,-13.50558122
0.04177634167,0.1173601275,NaN,NaN,0,351.7874202,2.333115615,-557.8690037,0,-551.340347,-563.1217103,-14.47989957
0.04177634167,0.1212238354,NaN,NaN,0,180.2191092,2.090257548,-350.5065459,0,-319.9708987,-319.8400319,-17.90465982
0.04564004958,0.01690372206,NaN,NaN,0,-2.581447221,0.3348992419,-2.203461005,0,3.111343588,0.2597336366,-43.39527619
0.04564004958,0.02076742997,NaN,NaN,0,-2.192754336,0.3389235172,-2.962011799,0,3.157037913,0.5887517485,-43.8609189
0.04564004958,0.02463113787,NaN,NaN,0,-1.431621361,0.3471109512,-4.216974976,0,3.466718457,1.299072053,-44.61834557
0.04564004958,0.02849484577,NaN,NaN,0,-0.6556132729,0.3594973663,-5.181565303,0,4.057720419,1.940968375,-45.4418856
0.04564004958,0.03235855367,NaN,NaN,0,-0.1507546001,0.3759391526,-5.948052891,0,4.999501551,2.66630127,-46.19682893
0.04564004958,0.03622226157,NaN,NaN,0,-0.08046491164,0.3964837613,-6.795723307,0,6.309969001,3.630156061,-46.88769517
0.04564004958,0.04008596947,NaN,NaN,0,-0.4173634835,0.4218031012,-8.059000876,0,7.97026505,5.021789013,-47.62484955
0.04564004958,0.04394967737,NaN,NaN,0,-1.049763711,0.4535162423,-9.986220131,0,9.869085491,7.222188866,-48.56029785
0.04564004958,0.04781338527,NaN,NaN,0,-1.397521198,0.4942775894,-12.78768219,0,11.39051356,10.38319524,-49.90195068
0.04564004958,0.05167709317,NaN,NaN,0,-0.22032967,0.5470227742,-16.29393064,0,11.79684883,13.8773199,-51.73628232
0.04564004958,0.05554080107,NaN,NaN,0,3.315201234,0.6136211929,-18.65771733,0,10.68270492,17.36911479,-53.7209144
0.04564004958,0.05940450897,NaN,NaN,0,10.36513841,0.6911943495,-15.01789323,0,5.381052183,18.75263902,-55.36426588
0.04564004958,0.06326821687,NaN,NaN,0,9.433417254,0.7553310788,-2.944103455,1.913262144,2.317002132,17.88024247,-55.85767523
0.04564004958,0.06713192477,NaN,NaN,0,-7.24712963,0.7832430202,10.17366266,0,3.353073252,15.84865207,-55.97693156
0.04564004958,0.07099563267,NaN,NaN,0,-46.00409545,0.7654346896,10.45777461,9.545942382,11.88085596,14.9890702,-57.71127694
0.04564004958,0.07485934057,NaN,NaN,0,-99.16356169,0.7337101306,-47.49113551,15.64883173,50.63368628,11.28631275,-65.31634712
0.04564004958,0.07872304847,NaN,NaN,0,-60.33192907,0.9017680591,-139.0969935,0,80.19835249,-1.112499431,-75.78893351
0.04564004958,0.08258675637,0.3831611669,-1.199800881,1,-75.10806325,1.25949777,-201.0946451,0,60.51115142,50.56513496,-72.28891155
0.04564004958,0.08645046427,0.1649810093,-1.84651199,1,-6.879164856,1.853867649,-310.2986918,0,-25.98778009,297.4778533,-84.8943295
0.04564004958,0.09031417218,0.256172892,-3.54807192,1,176.4690035,3.557307816,-314.4564354,0,3.370016648,197.1158506,-85.87037668
0.04564004958,0.09417788008,0.8598264521,-3.823077873,1,535.3628284,3.918574479,-0.1397324587,79.41505219,396.834496,-155.4400423,-77.32483847
0.04564004958,0.09804158798,3.857911059,-2.948036886,1,45.64371029,4.855347487,130.0562876,0,-177.8731066,34.5558194,-37.38538661
0.04564004958,0.1019052959,0.3489306888,-3.454091959,1,-468.6765288,3.471671627,-9.856446017,0,-612.325443,260.2146899,-84.23157726
0.04564004958,0.1057690038,-0.3187647997,-3.991512868,1,63.07127657,4.004221019,-657.9247496,0,-657.5985897,-288.5734651,-94.5659876
0.04564004958,0.1096327117,-1.948149188,-4.881157435,1,39.99371275,5.255566874,-368.1887452,0,-513.3283413,-333.1634931,-111.7577446
0.04564004958,0.1134964196,-2.147591544,-4.126840211,1,776.4892668,4.652199433,-210.4000916,153.3297677,-277.9948127,-889.1429505,-117.492293
0.04564004958,0.1173601275,NaN,NaN,0,622.3645853,2.258801524,-68.5329808,135.6065612,78.15808207,-712.5537922,-90.56089812
0.04564004958,0.1212238354,NaN,NaN,0,327.915735,1.731269481,-134.3974551,0,-27.0981459,-455.416223,-71.16172665
0.04950375748,0.01690372206,NaN,NaN,0,-4.23428714,0.322679938,-2.562179749,0,4.165211799,0.3880418676,-42.18978039
0.04950375748,0.02076742997,NaN,NaN,0,-3.660306608,0.3264372021,-3.646554877,0,3.951763346,0.4783755385,-42.94671584
0.04950375748,0.02463113787,NaN,NaN,0,-2.518379756,0.3344004469,-5.184672765,0,3.971710146,0.8290019588,-44.08380036
0.04950375748,0.02849484577,NaN,NaN,0,-1.293968103,0.3466287114,-5.97539261,0,4.474336024,1.078515984,-45.12615636
0.04950375748,0.03235855367,NaN,NaN,0,-0.6149730852,0.3623561177,-6.213449311,0,5.534176211,1.402502379,-45.8278907
0.04950375748,0.03622226157,NaN,NaN,0,-0.7960805027,0.3809613706,-6.431940134,0,7.176534302,1.953560386,-46.2229606
0.04950375748,0.04008596947,NaN,NaN,0,-1.686463702,0.4028021786,-7.264864589,0,9.468621891,2.815363361,-46.52410681
0.04950375748,0.04394967737,NaN,NaN,0,-3.553752738,0.4299171396,-9.054422101,0,12.73581179,5.036359124,-46.92071606
0.04950375748,0.04781338527,NaN,NaN,0,-5.714996277,0.4668660437,-12.60330086,0,15.67677079,9.499459574,-47.96197307
0.04950375748,0.05167709317,NaN,NaN,0,-5.024719718,0.5194611947,-19.25422591,0,16.740251,14.19968593,-50.25527513
0.04950375748,0.05554080107,NaN,NaN,0,-0.5973253651,0.5955326504,-27.67503494,0,18.00746105,20.90837027,-53.06147921
0.04950375748,0.05940450897,NaN,NaN,0,23.71711418,0.7100938119,-24.10668246,0,3.013475017,22.25075242,-55.77436527
0.04950375748,0.06326821687,NaN,NaN,0,32.64262654,0.8011524859,4.200416317,7.101081549,-3.924070399,18.33420278,-54.85608505
0.04950375748,0.06713192477,NaN,NaN,0,15.85741685,0.8199303506,43.98087078,0,-7.203766653,10.15234557,-51.50570336
0.04950375748,0.07099563267,0.4946043146,-0.5244058643,1,-18.76159271,0.7208570861,106.3048234,0,-54.38648912,13.54267316,-46.67517116
0.04950375748,0.07485934057,0.2277319453,-0.283329133,1,-148.9365459,0.363506859,141.1494107,9.0887345,-23.82296576,146.1237473,-51.20866338
0.04950375748,0.07872304847,-0.1728879754,-0.5436252481,1,-111.9401129,0.5704547856,140.5263428,0,20.48932146,302.0216729,-107.6421138
0.04950375748,0.08258675637,-0.1256072003,-0.9072999155,1,41.74119077,0.9159532223,53.64737551,0,132.1836309,433.1396591,-97.88196564
0.04950375748,0.08645046427,0.4991067323,-2.009872583,1,12.12456402,2.070916543,-23.51343415,0,133.3816701,579.4726442,-76.05397962
0.04950375748,0.09031417218,0.4365863862,-3.23706199,1,-63.60596201,3.266370769,90.32992818,0,238.5282438,364.3504656,-82.31880081
0.04950375748,0.09417788008,1.174955334,-3.068607898,1,25.14149958,3.285859776,96.68390169,0,285.4430185,117.8204953,-69.04839518
0.04950375748,0.09804158798,1.636594243,-3.318727614,1,71.17851207,3.700323458,-216.3077213,0,8.626908313,-179.7890423,-63.75029303
0.04950375748,0.1019052959,1.483300168,-3.209705407,1,-618.5288779,3.53587163,182.174947,78.42467976,-472.7106079,669.4222143,-65.19693954
0.04950375748,0.1057690038,-2.57963638,-5.20130873,1,-421.0445736,5.805870853,-108.086947,0,-450.8822415,464.4655431,-116.3795306
0.04950375748,0.1096327117,-1.885570357,-5.421880986,1,160.6366413,5.740397983,322.2769774,0,121.8284459,202.1387343,-109.1761677
0.04950375748,0.1134964196,-1.488273791,-4.737129651,2,480.5763906,4.965416016,481.7130754,0,-188.969358,-226.3769405,-107.4412618
0.04950375748,0.1173601275,NaN,NaN,0,87.18836118,2.79117436,195.3616237,0,222.9880761,-509.3612815,-105.7766266
0.04950375748,0.1212238354,NaN,NaN,0,131.719766,2.035032587,14.85552363,0,111.0746343,-332.863207,-98.18828378
0.05336746538,0.01690372206,NaN,NaN,0,-6.6759113,0.3070161508,-2.724279774,0,5.217724753,1.313772837,-40.0696213
0.05336746538,0.02076742997,NaN,NaN,0,-5.713074036,0.3099797267,-4.6149106,0,4.495824689,0.8452619833,-41.50838169
0.05336746538,0.02463113787,NaN,NaN,0,-3.687622951,0.317576473,-6.899768595,0,3.994022759,0.4600442602,-43.53062714
0.05336746538,0.02849484577,NaN,NaN,0,-1.386906299,0.3303490568,-7.321883063,0,4.33373732,0.1415912217,-45.06794659
0.05336746538,0.03235855367,NaN,NaN,0,-0.2190891347,0.3459390138,-6.498411607,0,5.486332965,-0.08836812293,-45.69501354
0.05336746538,0.03622226157,NaN,NaN,0,-0.8024203119,0.3622688474,-5.453723329,0,7.393370105,-0.03378025772,-45.5557684
0.05336746538,0.04008596947,NaN,NaN,0,-1.978658084,0.3787292836,-5.514095245,0,9.991876422,-0.7502550781,-45.15082736
0.05336746538,0.04394967737,NaN,NaN,0,-5.76378726,0.397195634,-6.363302827,0,15.92876898,0.6084246958,-44.22628335
0.05336746538,0.04781338527,NaN,NaN,0,-12.88399146,0.4256165374,-9.316873226,0,21.84050681,8.378598007,-43.95972502
0.05336746538,0.05167709317,NaN,NaN,0,-13.56622756,0.4703385253,-20.44463721,0,21.47992333,12.51359398,-47.2556528
0.05336746538,0.05554080107,NaN,NaN,0,-24.39689716,0.5406286387,-48.68151408,0,41.59341326,29.81392792,-51.44613258
0.05336746538,0.05940450897,0.38567438,-0.6486951227,1,1.433709436,0.7546854243,-37.92167979,0,43.61376493,51.02033581,-59.26687675
0.05336746538,0.06326821687,0.5109971581,-0.7664297525,1,-4.446288595,0.9211583257,57.83071885,0,72.18585437,81.01260911,-56.30765586
0.05336746538,0.06713192477,0.6474002754,-0.7382631752,1,15.32211306,0.9819163063,122.494954,0,78.09670798,127.2281429,-48.75171765
0.05336746538,0.07099563267,0.871940195,-0.7847174118,1,96.54780941,1.173056316,260.0011049,0,102.4688927,116.3576369,-41.98616823
0.05336746538,0.07485934057,1.41634268,-0.183266773,1,154.642148,1.428150306,285.7628077,0,119.5284958,176.4859252,-7.372786299
0.05336746538,0.07872304847,1.931255477,-0.3625034573,1,103.6062535,1.964982564,191.9139435,0,115.7740466,364.5695775,-10.63091985
0.05336746538,0.08258675637,2.263964079,-0.8503577102,1,34.08345126,2.41839649,208.1295636,0,64.73083129,470.961672,-20.58646236
0.05336746538,0.08645046427,2.313045002,-1.378009951,1,-152.1349433,2.692413156,72.9253187,22.35187595,87.16135752,469.0100982,-30.78461628
0.05336746538,0.09031417218,2.012925122,-2.380713602,1,-270.7461662,3.117637696,80.17860685,51.81129895,109.1303733,452.70648,-49.78503452
0.05336746538,0.09417788008,1.688608786,-2.817348837,1,-43.1880593,3.284639113,58.34343878,0,124.6082263,267.7289385,-59.0631751
0.05336746538,0.09804158798,2.327508864,-3.189718012,1,183.870445,3.948619823,99.62251912,0,320.9929229,118.6052998,-53.8821032
0.05336746538,0.1019052959,3.639253369,-2.890692757,1,-246.5263097,4.64760903,12.69386885,51.3019499,-82.00030239,250.0510689,-38.46044239
0.05336746538,0.1057690038,1.058177998,-4.106796901,2,-706.372887,4.240934032,457.3693618,109.0298993,-215.3358757,1011.347112,-75.55116701
0.05336746538,0.1096327117,0.07803994041,-5.031100966,2,-486.4691918,5.031706188,204.3629218,95.60628952,-87.90789804,879.0962546,-89.11132758
0.05336746538,0.1134964196,-1.161047302,-6.71376941,1,-280.0279773,6.81342282,716.5785966,0,-59.89293813,-136.7721726,-99.81141853
0.05336746538,0.1173601275,-1.235315186,-1.734002857,1,-115.5539702,2.129030182,672.1786077,0,242.7328193,-620.7428206,-125.4663248
0.05336746538,0.1212238354,NaN,NaN,0,67.76138355,1.844180589,-21.04031975,0,225.0401545,-29.16939438,-111.2921475
0.05723117328,0.01690372206,NaN,NaN,0,-10.9299346,0.2893801581,-2.303715293,0,6.142575897,4.015980978,-36.16198366
0.05723117328,0.02076742997,NaN,NaN,0,-9.193001923,0.2895226801,-6.198552307,1.132040677,4.455241263,2.138368451,-39.1939977
0.05723117328,0.02463113787,NaN,NaN,0,-5.132131714,0.2959064519,-10.47760795,0,3.17481888,0.02432187685,-43.30743223
0.05723117328,0.02849484577,NaN,NaN,0,-0.3469450069,0.3114180617,-9.913959439,0,3.380257533,-0.8838272343,-45.8741504
0.05723117328,0.03235855367,NaN,NaN,0,1.927943157,0.328824181,-7.004590727,0,4.684048223,-1.863785835,-46.33196937
0.05723117328,0.03622226157,NaN,NaN,0,-0.2158535262,0.3434918721,-3.370446329,0,6.918736733,-1.250058216,-45.12205025
0.05723117328,0.04008596947,NaN,NaN,0,0.3380389373,0.3528746757,-2.974490234,0,7.176744707,-6.391028112,-44.20825648
0.05723117328,0.04394967737,NaN,NaN,0,-4.638746763,0.3558821813,-1.567820735,0,19.14688092,-10.23100327,-40.30439264
0.05723117328,0.04781338527,0.3089993372,-0.2125763553,1,-23.30161483,0.3750590583,-8.809222832,0,31.08722424,-0.06005704559,-34.52606008
0.05723117328,0.05167709317,0.3014837415,-0.2640059866,1,-26.23982974,0.4007388268,15.31276078,1.608938497,20.02605008,17.50086048,-41.20827504
0.05723117328,0.05554080107,0.2849911076,-0.2210305334,1,-0.7275136246,0.360658326,25.86087402,0,39.16734857,67.31037462,-37.79607982
0.05723117328,0.05940450897,0.4500040355,-0.4241547495,1,19.33454446,0.6183937932,66.42255454,0,165.1069589,102.1381569,-43.30623045
0.05723117328,0.06326821687,0.9976192011,-0.3590251883,1,47.89732343,1.060256175,122.6359621,0,217.4456736,116.1752091,-19.79289065
0.05723117328,0.06713192477,1.47521187,-0.3991922873,1,52.34825494,1.528268479,117.4954593,0,193.8208091,154.3779937,-15.1416103
0.05723117328,0.07099563267,1.948744559,-0.5015285279,1,6.060994169,2.01224656,132.6287853,0,133.31656,137.7548822,-14.432432
0.05723117328,0.07485934057,2.013726027,-0.4189980283,1,21.86878094,2.056854846,111.7079376,0,-14.50351334,110.4355645,-11.75388391
0.05723117328,0.07872304847,1.977201801,-0.4966124501,1,58.81681618,2.038614944,26.22778501,0,66.574895,121.9620829,-14.09928269
0.05723117328,0.08258675637,2.498202972,-0.7888873912,1,31.09212,2.619801787,-13.84443728,0,128.2845976,138.5193385,-17.52517608
0.05723117328,0.08645046427,2.592986884,-1.085301574,1,-76.67792661,2.810953662,-35.60633154,0,75.97801199,218.1505874,-22.7118779
0.05723117328,0.09031417218,2.495498706,-1.769330004,1,-174.0071148,3.05909177,-26.7707419,24.06207744,133.066357,318.7498108,-35.33696809
0.05723117328,0.09417788008,2.434803755,-2.420292064,1,-126.6786012,3.433086512,118.8994271,0,122.6058513,382.7900822,-44.82874567
0.05723117328,0.09804158798,2.479762791,-2.788926413,1,-140.2484511,3.731934355,204.1642339,0,156.726432,243.9531913,-48.35823216
0.05723117328,0.1019052959,2.49846986,-2.574024973,1,-34.59754468,3.58719336,-81.54466251,0,193.8467135,51.78807151,-45.85336095
0.05723117328,0.1057690038,3.095055062,-3.30408515,2,-213.6684784,4.527288871,537.9370651,0,162.4559018,876.4542687,-46.87092085
0.05723117328,0.1096327117,2.300599423,-3.881956567,2,-526.4604977,4.512465456,597.46065,0,-79.98446461,748.224379,-59.34735802
0.05723117328,0.1134964196,0.7519288701,-3.886592161,1,-811.3633129,3.958660841,1013.102178,0,70.94695639,345.2866664,-79.05041024
0.05723117328,0.1173601275,-0.5601531037,-1.301712499,1,-214.2485933,1.417119236,469.8749579,0,-105.5911074,-171.9916791,-113.2831833
0.05723117328,0.1212238354,NaN,NaN,0,-47.34562864,1.487495433,30.82272372,0,86.84902644,85.12003009,-108.9819609
0.06109488118,0.01690372206,NaN,NaN,0,-19.33936894,0.2751175474,-0.1395496883,0,6.336283306,10.74703754,-28.59337995
0.06109488118,0.02076742997,NaN,NaN,0,-16.19370702,0.264887012,-8.977899451,2.91286183,2.81090591,5.247833033,-35.2027749
0.06109488118,0.02463113787,NaN,NaN,0,-7.300956974,0.2662278248,-18.89815147,0,0.8697539652,-1.617297969,-44.5093987
0.06109488118,0.02849484577,NaN,NaN,0,3.203314828,0.291333199,-14.85175601,0,1.328425708,-1.837436201,-48.8790783
0.06109488118,0.03235855367,NaN,NaN,0,8.493660297,0.3148489848,-8.235545531,0,2.950865662,-5.232889767,-48.80529235
0.06109488118,0.03622226157,0.2358136908,-0.2310694716,1,0.5916877128,0.3301532939,-6.228189721,0,5.502120297,-4.890847353,-44.4178107
0.06109488118,0.04008596947,0.2309105191,-0.2420833256,1,-14.26541988,0.3345504512,13.05966092,0,15.10031876,1.172463665,-46.35315849
0.06109488118,0.04394967737,0.2390394962,-0.1851408137,1,-5.764250056,0.3023524461,52.2330771,0,16.42547025,11.65467132,-37.75848977
0.06109488118,0.04781338527,0.2721023598,-0.08530021864,1,3.933815379,0.2851592915,23.91261942,0,49.63514524,19.12783852,-17.40546586
0.06109488118,0.05167709317,0.4460143126,-0.1666538179,1,26.07065892,0.4761326097,10.94792439,0,83.88356537,58.40013247,-20.48826631
0.06109488118,0.05554080107,0.6969333649,-0.2686416899,1,41.1956759,0.7469166437,83.34695603,0,111.7479304,62.33586345,-21.07978141
0.06109488118,0.05940450897,1.036943732,-0.08547309351,1,24.79738695,1.040460453,97.9014627,0,165.89001,57.18999028,-4.712118069
0.06109488118,0.06326821687,1.433693767,-0.1113444522,1,12.84844034,1.438010919,46.37309859,0,158.203867,73.8548491,-4.440827921
0.06109488118,0.06713192477,1.697839884,-0.19165455,1,-21.86482203,1.708622761,4.341110051,0,146.8561393,51.36708335,-6.440365542
0.06109488118,0.07099563267,1.916623707,-0.2930390768,1,24.19260837,1.938896164,-49.10982088,0,125.0941429,-14.90844047,-8.692826916
0.06109488118,0.07485934057,2.274640284,-0.3237986938,1,38.88638383,2.29757133,1.30877837,0,113.0904603,11.52938279,-8.101714429
0.06109488118,0.07872304847,2.503817841,-0.3325285069,1,17.05251748,2.525802642,42.19063309,0,104.8591817,81.28149524,-7.565100696
0.06109488118,0.08258675637,2.74567148,-0.4748343667,1,1.243893589,2.78642774,3.334397256,0,131.9247769,121.2686458,-9.811641801
0.06109488118,0.08645046427,3.018342685,-0.7881919947,1,-21.51174973,3.11955753,35.05881089,0,123.8423316,221.2625961,-14.6350604
0.06109488118,0.09031417218,3.141046957,-1.194271403,1,-29.44833804,3.360425594,34.32419955,0,186.9777986,310.2235588,-20.81752634
0.06109488118,0.09417788008,3.626990506,-1.854186529,1,-17.81198951,4.07345895,168.2227598,0,255.3705129,387.7068482,-27.0769821
0.06109488118,0.09804158798,4.058903701,-2.042293809,1,-176.0391283,4.543749911,327.3962171,0,149.4563959,367.219192,-26.70988999
0.06109488118,0.1019052959,3.524282593,-2.008050872,1,179.0529217,4.056209573,193.6647607,0,458.6943747,351.8724637,-29.67344287
0.06109488118,0.1057690038,6.522972968,-2.653562161,1,13.86472295,7.042057121,63.88502694,0,439.8681343,399.8310019,-22.13661805
0.06109488118,0.1096327117,5.277373818,-3.30604799,1,-621.8368581,6.227409391,181.133409,131.4491554,-8.542721245,349.6808528,-32.06537614
0.06109488118,0.1134964196,4.087370407,-3.304780251,1,-955.4598211,5.256250504,570.4679804,139.8766352,-432.2628445,54.93575837,-38.9567368
0.06109488118,0.1173601275,-0.08438120833,-1.31418207,1,-499.4574117,1.316888265,436.7978596,0,-615.8098296,-108.0079545,-93.67381327
0.06109488118,0.1212238354,NaN,NaN,0,-103.8636101,1.220119947,79.6790549,0,32.78409827,20.47564188,-100.4688267
0.06495858908,0.01690372206,NaN,NaN,0,-37.20615027,0.2837842178,7.089244693,0,3.743683034,26.75101959,-14.60376716
0.06495858908,0.02076742997,NaN,NaN,0,-32.19227165,0.2368245469,-13.39699114,6.417972879,-3.6684263,12.44487092,-27.54955183
0.06495858908,0.02463113787,0.1360606241,-0.1713967682,1,-23.34470497,0.2188363443,-16.78275556,3.064398277,8.42826634,14.59867632,-51.55625015
0.06495858908,0.02849484577,0.1523385248,-0.2307837254,1,-5.776865343,0.2765287581,-4.761044677,0,15.85719201,17.9825931,-56.57151132
0.06495858908,0.03235855367,0.1750080619,-0.2592715412,1,-2.77858359,0.3128091332,30.53791865,0,14.96073011,28.89340184,-55.98068468
0.06495858908,0.03622226157,0.1994067806,-0.2244297928,1,-1.243902219,0.3002195797,35.34447022,0,35.64734531,2.556325055,-48.3787803
0.06495858908,0.04008596947,0.3079329168,-0.1325877257,1,17.13131517,0.3352643528,19.78545272,0,65.39025397,-0.9103728748,-23.2954262
0.06495858908,0.04394967737,0.5182460193,-0.1444671679,1,27.42683554,0.5380052965,60.36197017,0,15.88963197,35.36319642,-15.57643673
0.06495858908,0.04781338527,0.4752950946,-0.03599976605,1,13.87562092,0.4766564906,46.6575368,0,-0.6297030791,19.78351645,-4.331422454
0.06495858908,0.05167709317,0.5694243767,-0.04063380318,1,23.77243222,0.5708723384,-5.764605727,0,72.65614965,-28.42743064,-4.081675782
0.06495858908,0.05554080107,0.8478669682,0.05156276963,1,12.28791882,0.8494334082,-4.557220387,0,111.8953123,-46.38743637,3.480139135
0.06495858908,0.05940450897,1.049232108,0.1209859328,1,34.95622927,1.056184459,-4.610508692,0,124.0304023,-43.6980786,6.577670591
0.06495858908,0.06326821687,1.462144873,0.2025857223,1,27.05974679,1.476112666,-4.752987333,0,138.8999907,-38.84207863,7.888325781
0.06495858908,0.06713192477,1.690452057,0.2526962241,1,-28.45644258,1.709234781,-42.74154374,0,90.37929756,38.59488289,8.501872207
0.06495858908,0.07099563267,1.701396697,-0.1116744719,1,-12.88307495,1.705057743,-51.444438,0,109.3905968,48.19854374,-3.755332873
0.06495858908,0.07485934057,2.063328931,-0.1322951516,1,38.60928741,2.067565788,-20.10924791,0,156.2463699,-8.286750735,-3.668630883
0.06495858908,0.07872304847,2.454262039,-0.1573531477,1,81.80410925,2.459301155,-18.24009217,0,155.3524838,21.01739884,-3.66845435
0.06495858908,0.08258675637,2.979632734,-0.2839746298,1,122.0935537,2.99313428,-34.29751928,0,170.1324426,60.51883949,-5.444144861
0.06495858908,0.08645046427,3.58333793,-0.5236958622,1,79.7219202,3.621404158,-45.651214,0,139.5228805,122.3604516,-8.314769473
0.06495858908,0.09031417218,3.826730602,-0.9331226297,1,79.01901166,3.938855791,-26.17567685,0,179.6484315,191.5164547,-13.70376296
0.06495858908,0.09417788008,4.582753373,-1.364794671,1,61.74545051,4.781662156,-11.43036423,0,284.2494503,143.3909033,-16.58411389
0.06495858908,0.09804158798,5.163553834,-1.531306784,1,-130.3538441,5.385832217,39.57969092,0,136.4394414,72.90969779,-16.51828333
0.06495858908,0.1019052959,4.606266344,-1.493572082,1,-169.1593057,4.842359672,92.73674798,22.65237174,97.50909425,125.5615948,-17.96517641
0.06495858908,0.1057690038,4.886718346,-1.658132404,1,-229.3290596,5.160370071,-266.5196806,0,163.3935204,-261.6551609,-18.74279857
0.06495858908,0.1096327117,4.35151068,-1.512367165,1,-546.4018484,4.606831844,-96.93181768,116.6937223,101.644596,-43.36165387,-19.16489107
0.06495858908,0.1134964196,3.168306236,-1.865111869,2,-783.452092,3.676521004,-103.801673,167.976192,-158.9886214,-41.9706299,-30.48438169
0.06495858908,0.1173601275,0.7101950499,-1.751264255,1,-493.7831704,1.889789274,356.9174385,0,-351.3055723,101.6000697,-67.92583317
0.06495858908,0.1212238354,NaN,NaN,0,-404.9339533,0.8839639396,153.7171888,0,-12.83306537,-297.9857573,-96.29143409
0.06882229698,0.01690372206,0.3723126341,0.02654957435,1,-57.60166375,0.3732580574,-45.49311519,0,-24.98619091,-9.754552053,4.078851505
0.06882229698,0.02076742997,0.2127649609,-0.04249211002,1,-39.17888458,0.2169666057,-27.36282431,5.769767201,-10.22826006,-3.960229833,-11.29416714
0.06882229698,0.02463113787,0.181417859,-0.06387121482,1,-17.76407426,0.1923329708,7.154024164,0,25.5065399,31.32466566,-19.39547659
0.06882229698,0.02849484577,0.2426795865,-0.1358804085,1,-2.339407187,0.2781310251,31.77673512,0,68.48654745,58.82471254,-29.24520282
0.06882229698,0.03235855367,0.4369910875,-0.1683766989,1,-23.47457387,0.4683075093,72.79274223,0,59.59834668,60.53820782,-21.07213433
0.06882229698,0.03622226157,0.382251293,-0.08853246712,1,-57.60901564,0.3923697857,88.17716954,0,23.14658301,58.9948868,-13.04023781
0.06882229698,0.04008596947,0.3038383143,-0.05562488253,1,-5.251173232,0.3088880846,31.92412695,0,63.91044343,68.46538079,-10.37447925
0.06882229698,0.04394967737,0.6088935786,-0.2297171983,1,4.475239975,0.6507852037,26.62217708,0,53.75195362,48.8080341,-20.66997972
0.06882229698,0.04781338527,0.5288111822,-0.1413445536,1,-43.86468377,0.5473751449,39.08026235,0,-32.48355858,-26.12543957,-14.964615
0.06882229698,0.05167709317,0.3139062715,0.02221858737,1,-21.0672795,0.3146916156,-40.64320899,0,13.63579378,-107.3037184,4.048698059
0.06882229698,0.05554080107,0.5000980921,0.1162121831,1,44.17236946,0.5134231912,-70.22037748,0,94.65468588,-131.4219256,13.08214325
0.06882229698,0.05940450897,0.850293462,0.2586834924,1,63.1390466,0.8887722548,-57.88977114,0,134.8979411,-110.834094,16.92125483
0.06882229698,0.06326821687,1.265255166,0.3207735818,1,76.37360309,1.305284002,-84.16937057,0,138.8406307,-86.44918721,14.22616245
0.06882229698,0.06713192477,1.681818398,0.267492038,1,67.84277723,1.702957754,-67.76046389,0,97.49771177,-31.16791846,9.037157584
0.06882229698,0.07099563267,1.90408252,0.1793906749,1,1.742367697,1.912514381,-5.318172161,0,123.2950457,30.08186592,5.382160952
0.06882229698,0.07485934057,2.16492644,0.1307166312,1,18.82531133,2.168869136,-11.05704687,0,139.1747338,47.88885475,3.455281255
0.06882229698,0.07872304847,2.514548542,-0.04835907086,1,57.77590162,2.515013513,-31.97938174,0,118.7531165,76.70967389,-1.101760055
0.06882229698,0.08258675637,2.846983002,-0.2892261318,1,90.68278515,2.861636589,-68.78917622,0,116.4178163,62.89248663,-5.800799655
0.06882229698,0.08645046427,3.314724773,-0.557138552,1,111.279564,3.361220565,-111.8621204,0,130.1704756,21.751134,-9.541087026
0.06882229698,0.09031417218,3.779875427,-0.8054687184,1,67.15271142,3.864742954,-70.54007422,0,145.6280505,42.65624552,-12.02945782
0.06882229698,0.09417788008,4.136847483,-0.9944960669,1,-0.681012773,4.25470675,-73.56119049,0,185.388147,-20.24096779,-13.51737435
0.06882229698,0.09804158798,4.49352984,-1.011482484,1,-102.0192273,4.605964312,-97.75639983,0,161.7742986,-102.097825,-12.68570237
0.06882229698,0.1019052959,4.367723625,-0.9777220683,1,-129.1738257,4.475818373,-51.36067685,0,126.2568918,-19.08226825,-12.61774201
0.06882229698,0.1057690038,4.48225966,-1.136196826,1,-73.31660771,4.624023669,-16.16297941,0,168.4576507,-61.59504896,-14.22415394
0.06882229698,0.1096327117,4.735320824,-0.8021858222,1,-244.3264733,4.802787253,35.41260263,53.41833071,-3.650567446,-27.7808443,-9.614894492
0.06882229698,0.1134964196,3.524148809,-0.8920358062,1,-549.6476133,3.635292658,67.46849638,108.334915,-239.2640725,57.50512076,-14.20441674
0.06882229698,0.1173601275,1.687196511,-0.7636902491,1,-662.0440664,1.851986734,204.4696676,96.94644123,-451.7194404,-107.9735638,-24.35334256
0.06882229698,0.1212238354,-0.779108052,0.3151535754,1,-746.6800426,0.8404350854,114.5760331,0,-529.9716226,-443.8739597,157.9763918
0.07268600488,0.01690372206,0.06115503773,0.05446529846,1,11.810874,0.08189265764,-58.48865529,0,2.575884963,-31.49718374,41.6885846
0.07268600488,0.02076742997,0.08894815486,0.002321717522,1,15.329424,0.08897845034,-23.16923484,0,42.53623512,-7.982514098,1.495190287
0.07268600488,0.02463113787,0.284731042,-0.004211754473,1,35.25880674,0.2847621906,30.7641264,0,71.74925643,20.27022815,-0.8474599605
0.07268600488,0.02849484577,0.502396054,0.0428670751,1,21.02336586,0.5042215596,73.10788392,0,83.90922103,56.0492153,4.876964889
0.07268600488,0.03235855367,0.690159907,0.06169795825,1,-22.23812166,0.6929122133,96.96569981,0,90.99087686,85.39153899,5.108468977
0.07268600488,0.03622226157,0.7680366174,0.0875862517,1,-50.11546726,0.7730146164,148.7871429,0,51.57746804,129.9103016,6.505857048
0.07268600488,0.04008596947,0.695808651,0.134632559,1,-29.01734072,0.7087140501,118.2143859,0,39.7970647,128.9974453,10.95088118
0.07268600488,0.04394967737,0.8096863221,0.04592365987,1,-82.66590953,0.8109876218,41.44229572,13.31523217,38.54769208,74.22401343,3.246214948
0.07268600488,0.04781338527,0.5253487456,0.007973577276,1,-156.6704564,0.5254092524,46.27004561,30.89697244,-53.46076423,33.96966561,0.8695504723
0.07268600488,0.05167709317,-0.002199335361,0.09344873525,1,-93.26322721,0.09347461257,40.67644907,17.71147448,-24.90531677,-21.08756707,91.34821916
0.07268600488,0.05554080107,0.06878000865,0.2466116944,1,7.527549488,0.2560234704,7.560334791,0,95.87874374,-71.32570242,74.41621209
0.07268600488,0.05940450897,0.3973323767,0.3982413405,1,63.00105514,0.5625559375,-27.14154589,0,127.0093217,-78.21382704,45.06546189
0.07268600488,0.06326821687,0.8029246028,0.4439400706,1,90.18061523,0.9174806287,-92.89844242,0,145.5746051,-84.88357373,28.93837295
0.07268600488,0.06713192477,1.308221684,0.367274229,1,96.88589753,1.358798857,-110.0337094,0,160.419209,-87.7829331,15.68172073
0.07268600488,0.07099563267,1.797076376,0.3579695705,1,74.67978547,1.832382524,-42.4704137,0,157.5879266,-33.52191988,11.26560536
0.07268600488,0.07485934057,2.205636278,0.3326998627,1,66.17323991,2.230587499,-22.84942763,0,148.6490158,49.54853272,8.577872028
0.07268600488,0.07872304847,2.627086822,0.07824499911,1,59.76557275,2.628251786,-30.61976828,0,134.6625229,103.252114,1.705989788
0.07268600488,0.08258675637,2.956849648,-0.1845419864,1,41.11344729,2.962602839,-51.17435057,0,116.2712705,85.72831146,-3.5712943
0.07268600488,0.08645046427,3.2351754,-0.4507068978,1,57.7908371,3.266419534,-62.04133981,0,139.4668245,53.23001795,-7.931086481
0.07268600488,0.09031417218,3.718995633,-0.6299168421,1,71.02875573,3.771965502,-37.97450603,0,183.9475155,12.53937742,-9.613416771
0.07268600488,0.09417788008,4.220329233,-0.6458777883,1,7.665009262,4.269465652,28.47494876,0,166.3594955,-2.021970594,-8.701017011
0.07268600488,0.09804158798,4.391375487,-0.5120856539,1,-79.39698888,4.421132252,15.14267792,0,108.8417993,-20.888873,-6.651316581
0.07268600488,0.1019052959,4.33409538,-0.5066624004,1,-74.08370182,4.363609693,-35.90476936,0,124.5296868,18.93934503,-6.667700915
0.07268600488,0.1057690038,4.586284038,-0.7239872919,1,-114.4201866,4.643076445,-37.77117266,0,126.5593508,-18.15184124,-8.970642003
0.07268600488,0.1096327117,4.380997565,-0.5824657662,1,-185.4957243,4.419548171,-107.2507773,31.02603818,-56.52988258,-122.2898959,-7.573218555
0.07268600488,0.1134964196,3.651167788,-0.6658805305,1,-462.566223,3.711390993,-157.0080042,42.17855652,-391.010145,-64.82568124,-10.33570772
0.07268600488,0.1173601275,1.083027808,-0.9386313356,1,-688.408331,1.433170617,70.63755801,68.34887401,-610.9519556,-91.00469004,-40.9146018
0.07268600488,0.1212238354,-1.369180816,-0.0413420996,1,-565.3091047,1.369804832,320.4653115,0,-704.0459747,-144.0052226,-178.2704926
0.07654971278,0.01690372206,0.02463363692,-0.009131725741,1,37.19192923,0.02627174305,62.59586643,0,-2.111603704,25.45082926,-20.33981793
0.07654971278,0.02076742997,0.09240370237,0.06262706106,1,41.4065005,0.1116270262,7.125758829,0,50.20654845,-15.19708541,34.12764845
0.07654971278,0.02463113787,0.3785996979,0.07711722393,1,72.27188785,0.3863739089,-0.4274675746,0,95.77942596,-11.93587012,11.51311384
0.07654971278,0.02849484577,0.7417048912,0.1070921669,1,86.79588413,0.7493963423,44.88586701,0,110.6741404,-4.804704407,8.215956621
0.07654971278,0.03235855367,1.141566192,0.2691070773,1,79.36401978,1.172856338,82.39279315,0,106.3000983,31.33117861,13.26445173
0.07654971278,0.03622226157,1.459056811,0.3043793304,1,-6.865398446,1.490467563,104.4123478,0,37.25755822,119.6446582,11.78368709
0.07654971278,0.04008596947,1.25899262,0.2102538793,1,-79.06342923,1.276428263,137.7837822,0,-25.30843595,154.8043698,9.48099712
0.07654971278,0.04394967737,1.055794411,0.2386167519,1,-97.15176048,1.082423112,152.6657692,0,-11.59316592,140.4563394,12.73527926
0.07654971278,0.04781338527,0.8388339884,0.2574275496,1,-145.932445,0.8774459547,125.986513,15.18562899,-26.49322444,113.6365022,17.06058819
0.07654971278,0.05167709317,0.3895919897,0.286333586,1,-132.1976478,0.4834964745,134.4060205,0,-19.23891672,82.60400909,36.31430839
0.07654971278,0.05554080107,0.2537273374,0.4575753904,1,-46.37727345,0.5232139138,146.6154828,0,60.26007386,89.76357851,60.9914608
0.07654971278,0.05940450897,0.4432310753,0.5059927376,1,2.091095728,0.6726681475,91.99363231,0,81.92924347,72.00651377,48.78282953
0.07654971278,0.06326821687,0.5783573858,0.5347997782,1,30.12169423,0.7877233451,21.27180056,0,92.63127007,19.46693901,42.75917131
0.07654971278,0.06713192477,0.9175126733,0.5129661954,1,89.47917055,1.051172594,-17.22872451,0,177.651001,-8.150330367,29.20883534
0.07654971278,0.07099563267,1.61047034,0.499723515,1,136.1235845,1.686220124,0.4899292059,0,213.4295764,16.94750291,17.23894031
0.07654971278,0.07485934057,2.268083983,0.4493789379,1,124.8450114,2.312173519,12.8915808,0,181.7797129,79.84867347,11.20695737
0.07654971278,0.07872304847,2.79517871,0.241020867,1,57.6044305,2.805550762,-29.30087364,0,126.7794434,86.70613468,4.928273483
0.07654971278,0.08258675637,2.980489413,0.00116174333,1,24.91840623,2.98048964,-53.65399168,0,100.7385277,71.2486339,0.0223329048
0.07654971278,0.08645046427,3.280680399,-0.2415663942,1,43.44743722,3.289562007,-10.95604469,0,138.0135128,84.89627303,-4.211261155
0.07654971278,0.09031417218,3.681601519,-0.3691836139,1,81.00036068,3.700065714,22.36759726,0,167.0447013,58.54541817,-5.726362867
0.07654971278,0.09417788008,4.239054064,-0.3813469267,1,45.63437992,4.256172557,39.27332495,0,158.7616878,17.27351926,-5.140512894
0.07654971278,0.09804158798,4.471328221,-0.2841827909,1,-37.88729854,4.480349977,39.7296813,0,54.22396736,-4.530646258,-3.636638291
0.07654971278,0.1019052959,4.302174181,-0.2103379494,1,-112.4767606,4.307312937,11.72545386,20.95036928,59.38300794,-8.736886671,-2.799023853
0.07654971278,0.1057690038,4.266189469,-0.2051222841,1,-169.2421699,4.271117856,-64.02141658,32.67425943,51.80796399,-39.80593921,-2.75271347
0.07654971278,0.1096327117,3.848442711,-0.3038994806,1,-261.8853451,3.860423059,-140.6442269,35.4268718,-152.0023671,-34.4142145,-4.515098972
0.07654971278,0.1134964196,2.667048246,-0.6155640222,1,-333.9300942,2.737163753,-64.67459469,47.8617715,-245.8080504,-23.12850398,-12.99648001
0.07654971278,0.1173601275,1.608503862,-0.4644214395,1,-454.1663793,1.674207856,222.3543638,65.76042028,-261.3033532,120.2040804,-16.10495362
0.07654971278,0.1212238354,-0.09731781215,-0.220885165,1,-412.7222104,0.2413731814,337.4059037,0,-470.2750128,211.3424016,-113.7773791
0.08041342068,0.01690372206,0.4013417515,-0.09739207227,1,-78.86603979,0.4129896091,140.0104758,0,-98.9832458,70.79478561,-13.64008704
0.08041342068,0.02076742997,0.05776290656,0.03632253231,1,-11.87843176,0.06823400712,49.84689219,0,-30.66594252,2.222541885,32.16254629
0.08041342068,0.02463113787,0.2369627165,0.08661450625,1,74.84923206,0.2522962578,-6.946525901,0,80.31132031,-32.51863246,20.07834632
0.08041342068,0.02849484577,0.6572579586,0.1351256824,1,103.2320231,0.6710044517,11.04488174,0,127.7878733,-9.442327331,11.61756519
0.08041342068,0.03235855367,1.129556115,0.1657710978,1,131.8344675,1.14165541,42.35948554,6.884968853,120.8941311,10.54062431,8.348999508
0.08041342068,0.03622226157,1.633727442,0.2580644679,1,96.52502537,1.653983864,31.94310864,7.888215562,83.80115565,-13.75264736,8.976305081
0.08041342068,0.04008596947,1.826283805,0.3423261513,1,16.34607666,1.858090345,73.37388281,0,63.49874998,42.72130432,10.616562
0.08041342068,0.04394967737,1.942224529,0.3764970776,1,-79.03293773,1.978379683,114.8689427,0,-18.0504165,81.96643309,10.97062938
0.08041342068,0.04781338527,1.451182083,0.4694518375,1,-179.6268216,1.525226037,127.4706461,15.06968078,-106.6164781,87.77012957,17.92619531
0.08041342068,0.05167709317,0.8362640304,0.5298882771,1,-125.9717788,0.9900096539,133.4846793,0,4.559280851,84.52253644,32.35988145
0.08041342068,0.05554080107,0.9820796552,0.6586272557,1,-23.83841749,1.182484804,183.4645119,0,74.2348272,137.6990581,33.84760162
0.08041342068,0.05940450897,1.030981037,0.7067126227,1,-55.19724548,1.249945851,153.9195204,0,49.56730061,146.9750107,34.42969688
0.08041342068,0.06326821687,0.9603271927,0.6854588126,1,-11.20904454,1.179865289,113.6924702,0,57.58506393,113.3736561,35.5183473
0.08041342068,0.06713192477,1.210164429,0.707944427,1,77.98692965,1.402028266,65.80831001,0,156.0168694,73.26267023,30.32757189
0.08041342068,0.07099563267,1.86444952,0.6566573422,1,132.7305285,1.976707079,28.24183356,0,217.6564927,68.42745636,19.40221509
0.08041342068,0.07485934057,2.563957532,0.5526789187,1,95.23713926,2.622848111,2.578903858,0,159.5529453,83.10784321,12.16437879
0.08041342068,0.07872304847,2.848883983,0.345517043,1,35.25336462,2.869759916,-29.48299342,0,84.02911896,85.50346886,6.915147023
0.08041342068,0.08258675637,3.024830206,0.108404816,1,81.78877991,3.026772105,-17.70006337,0,92.13090514,93.81153602,2.052505726
0.08041342068,0.08645046427,3.520858844,-0.08533120458,1,98.19185696,3.521892732,11.74125572,0,162.3841778,116.7883944,-1.388343351
0.08041342068,0.09031417218,4.03161989,-0.2974666436,1,65.66999237,4.042579046,26.34679536,0,171.9128948,58.29944648,-4.219831222
0.08041342068,0.09417788008,4.438809722,-0.2087869151,1,14.4452623,4.443717332,-6.643750043,0,113.8652621,-43.20759471,-2.693018911
0.08041342068,0.09804158798,4.527374277,-0.1561946281,1,-72.83730715,4.530067837,1.414329066,11.96075558,48.72384059,-93.34968252,-1.97592342
0.08041342068,0.1019052959,4.345642331,0.1573535451,1,-148.8422279,4.348490244,15.24070057,29.88748445,60.26182208,-58.85405308,2.07374565
0.08041342068,0.1057690038,4.185125463,0.1300858569,1,-162.6802206,4.187146698,-51.76731991,34.07501591,-3.227623765,29.828802,1.780346057
0.08041342068,0.1096327117,3.704622882,-0.1579100358,1,-173.5533112,3.707986823,-26.7287859,36.08055977,-52.44803859,91.16018556,-2.440762616
0.08041342068,0.1134964196,3.311922262,-0.3254026935,1,-263.2868673,3.327869587,106.2727689,50.75388679,-72.67261515,115.4750438,-5.611409649
0.08041342068,0.1173601275,2.406573575,-0.193464938,1,-409.4812061,2.414337395,97.44564322,67.75689152,-253.3276764,81.47824143,-4.596135375
0.08041342068,0.1212238354,0.7510223466,-0.263709317,1,-435.7050058,0.7959756082,69.85537516,0,-421.2703511,106.2164981,-19.3478974
0.08427712858,0.01690372206,0.839123591,-0.08685873353,1,-154.0724682,0.8436070416,51.03872824,0,-128.318861,11.23430057,-5.909711155
0.08427712858,0.02076742997,0.2935847862,-0.009962392694,1,-71.50827022,0.2937537675,45.60592036,0,-87.14910063,-2.296218142,-1.943507096
0.08427712858,0.02463113787,0.2261178538,0.09822113744,1,55.28436458,0.2465292592,27.78162078,0,62.30006957,-27.07014275,23.47917608
0.08427712858,0.02849484577,0.7478966934,0.2019687994,1,133.442656,0.7746875886,14.90707284,0,156.3926367,-18.38107396,15.11219506
0.08427712858,0.03235855367,1.345956764,0.2268368132,1,91.78651238,1.364937563,13.49032273,0,110.4655126,-0.2915718765,9.566278994
0.08427712858,0.03622226157,1.52933944,0.2552180145,1,39.21255593,1.550488748,-7.60045738,0,54.37468112,-50.46115669,9.474281927
0.08427712858,0.04008596947,1.707550511,0.3924380358,1,16.44042254,1.752066312,-1.584449181,0,57.83262678,-58.27025258,12.94324879
0.08427712858,0.04394967737,1.816308808,0.4742354009,1,-29.0888645,1.877199217,-0.408190831,4.771382454,19.48952667,-38.47529088,14.63315145
0.08427712858,0.04781338527,1.670461474,0.539518191,1,-95.58933182,1.755426277,89.39265059,0,-55.66449771,7.494101406,17.89918737
0.08427712858,0.05167709317,1.231908191,0.7906674725,1,-60.97517855,1.463814484,157.7634001,0,15.46140825,80.89848757,32.69329613
0.08427712858,0.05554080107,1.49460956,0.8365017607,1,18.09609957,1.712773462,122.9182808,0,78.67401628,91.83289009,29.2348284
0.08427712858,0.05940450897,1.605799653,0.910772342,1,-42.75837512,1.846103676,104.6084058,0,32.68127067,113.9004235,29.5609025
0.08427712858,0.06326821687,1.455674572,0.8006001186,1,-58.51006768,1.661309426,61.23779106,0,19.43948105,86.16753582,28.81016228
0.08427712858,0.06713192477,1.454842318,0.8144510902,1,34.67868258,1.667302237,46.24666367,0,102.0546526,39.19320213,29.2410125
0.08427712858,0.07099563267,1.983972239,0.8278526337,1,97.68494805,2.149764133,9.141050403,0,198.4839798,39.31275782,22.64932663
0.08427712858,0.07485934057,2.599152545,0.6978764259,1,86.52152182,2.691212637,-27.76569703,0,179.4543881,75.34160547,15.02952243
0.08427712858,0.07872304847,3.011625464,0.4294761344,1,42.45053531,3.042094292,18.71240408,0,132.3580642,188.6930932,8.116005322
0.08427712858,0.08258675637,3.274561911,0.04112069429,1,63.37846657,3.27482009,90.57060707,0,134.787642,200.0566661,0.7194606376
0.08427712858,0.08645046427,3.777281423,0.006453983125,1,30.54786818,3.777286937,-0.6654584655,0,159.447851,-0.7139179139,0.09789729513
0.08427712858,0.09031417218,4.008649873,0.04130792744,1,-75.77683158,4.0088627,-110.09903,0,145.4408987,-109.148888,0.5903948237
0.08427712858,0.09417788008,4.04644303,0.00278291195,1,-97.19424472,4.046443987,-196.1764013,0,125.0087171,-233.4944523,0.03940475207
0.08427712858,0.09804158798,4.11611687,0.1854939761,1,-98.24939034,4.120294419,-46.56601345,0,120.8240514,-200.5103912,2.580304763
0.08427712858,0.1019052959,4.133664926,0.5975790206,1,-94.76907397,4.176635776,-8.009646874,0,111.6721568,-66.36343649,8.225917593
0.08427712858,0.1057690038,4.181425444,0.410955974,1,-97.74986061,4.201571558,-111.4454633,0,88.36040684,0.7687915027,5.613077992
0.08427712858,0.1096327117,4.097386819,0.1640159179,1,-181.2723682,4.100668234,-40.65213416,38.96293227,11.07098664,34.4162229,2.292291594
0.08427712858,0.1134964196,3.523817022,0.1209137698,1,-341.8865184,3.525890886,-38.80624061,69.94123044,-123.3591413,-32.3084071,1.965235884
0.08427712858,0.1173601275,2.299813488,0.1389101872,1,-472.6420491,2.304004801,-112.4649243,78.91290255,-288.5036228,-38.4356103,3.456501973
0.08427712858,0.1212238354,0.5829724756,-0.1651138756,1,-490.2025493,0.6059038696,-240.3246105,0,-398.4986967,-82.95036238,-15.81358413
0.08814083648,0.01690372206,0.6419465449,0.002112343193,1,-114.9026924,0.6419500203,-87.6969421,0,-100.8732464,-74.12375718,0.1885326964
0.08814083648,0.02076742997,0.2250989452,-0.02410906771,1,-53.61995797,0.2263863562,-17.73747083,0.7542697961,-50.48596708,-46.62391896,-6.113320163
0.08814083648,0.02463113787,0.2397116598,0.113721141,1,54.87295651,0.2653190113,29.51527148,0,53.50389252,-34.64764624,25.38003915
0.08814083648,0.02849484577,0.643835433,0.2237977044,1,128.7787447,0.6816226796,2.07138533,12.91832263,114.7284245,-30.07911898,19.16749177
0.08814083648,0.03235855367,1.180552233,0.2379412985,1,93.09509694,1.204292172,-8.533928826,0,105.0458887,-32.56493449,11.39534616
0.08814083648,0.03622226157,1.409394324,0.3166464908,1,39.48014447,1.444526691,27.18769273,0,67.79258394,-41.22126729,12.66230318
0.08814083648,0.04008596947,1.595022721,0.5022535378,1,42.36905548,1.672230875,40.90845371,0,56.65390352,-23.16039077,17.47859003
0.08814083648,0.04394967737,1.791990114,0.5641897914,1,22.58673112,1.878706653,56.5010268,0,37.07136841,25.06588734,17.4760762
0.08814083648,0.04781338527,1.825524192,0.6237097345,1,-10.67463113,1.929132553,113.1989816,0,1.976700788,45.64026938,18.86327753
0.08814083648,0.05167709317,1.758383851,0.8252169214,1,-1.083330473,1.942394588,130.5759896,0,-2.464748633,60.96076418,25.14086235
0.08814083648,0.05554080107,1.811815451,0.892682631,1,2.485328574,2.019791451,56.97514386,0,27.75802277,12.20663104,26.22949723
0.08814083648,0.05940450897,1.875235327,0.9981893781,1,-51.19496414,2.124356271,38.42273746,5.721186988,-21.7808247,14.10659573,28.02641122
0.08814083648,0.06326821687,1.529858319,0.9866330999,1,-78.79345812,1.820415159,8.485487178,17.22333126,-7.89948597,16.2303489,32.81869625
0.08814083648,0.06713192477,1.540279114,0.9682654947,1,27.96154641,1.81933994,26.2694262,0,107.090734,10.87430345,32.15469617
0.08814083648,0.07099563267,2.051660882,1.046115357,1,95.43586935,2.30296976,-6.930646421,0,217.0871946,7.698080134,27.01644656
0.08814083648,0.07485934057,2.747776945,0.9117443683,1,132.4686002,2.895091697,-44.36768245,0,281.2731735,47.05275975,18.35644497
0.08814083648,0.07872304847,3.650238241,0.6928934725,1,79.29595057,3.715419301,-26.64874621,0,283.0378977,109.8614068,10.74809239
0.08814083648,0.08258675637,4.147729097,0.3843090114,1,-160.1796934,4.165495178,-20.91209729,21.55847823,125.3145048,51.60704815,5.293642522
0.08814083648,0.08645046427,3.515529337,0.4127006774,1,-494.9025331,3.539670658,-29.94746646,94.72111331,245.6033767,-74.70888256,6.695513045
0.08814083648,0.09031417218,3.184509977,0.5572540485,1,-233.0262495,3.232898988,-175.9929793,32.43182783,42.31765936,-237.3433072,9.925631049
0.08814083648,0.09417788008,2.77868705,0.6497404241,1,-119.0431729,2.853640542,-190.6325369,0,219.5252106,-225.0520931,13.16100753
0.08814083648,0.09804158798,3.57274322,0.6902411596,1,53.43325698,3.638808455,19.56497521,0,277.7510467,-59.43730535,10.93462269
0.08814083648,0.1019052959,4.058286461,0.9549821596,1,-62.9507859,4.169134194,-0.1766729921,0,110.770113,-41.30825234,13.24174031
0.08814083648,0.1057690038,3.757503132,0.8491615676,1,-132.0338822,3.852259746,-193.6080094,0,34.26320998,-97.91401153,12.73441146
0.08814083648,0.1096327117,3.680529142,0.5852485041,1,-160.7882719,3.726769456,-238.4166049,0,-25.65105379,-152.9447431,9.035076297
0.08814083648,0.1134964196,3.037156036,0.5189232601,1,-318.2561501,3.081168307,-195.7433343,42.28327773,-162.3679557,-178.3361308,9.695833154
0.08814083648,0.1173601275,1.823537987,0.5179921547,1,-688.4074112,1.895681055,-55.60020792,143.1320466,-226.5617964,55.25591488,15.85766806
0.08814083648,0.1212238354,-0.4980177202,0.09060758257,1,-655.0335717,0.50619303,-575.3804668,0,-546.6906618,-354.1501963,169.6885935
0.09200454438,0.01690372206,0.2138956768,-0.03265305208,1,-19.72463353,0.2163737099,-106.0631779,0,-67.74807673,-124.0766953,-8.679691647
0.09200454438,0.02076742997,0.04491117591,0.00214643264,1,-13.31178375,0.04496243871,-26.18475232,0,11.34273742,-58.6883808,2.736245947
0.09200454438,0.02463113787,0.2062878569,0.09293147407,1,66.75815219,0.2262541464,14.97657396,0,87.17993811,-22.69087845,24.25128614
0.09200454438,0.02849484577,0.6396829916,0.1476824661,1,132.2069873,0.6565092844,21.50495427,10.39991767,121.6618168,-25.10304824,13.00000093
0.09200454438,0.03235855367,1.187162761,0.2730111816,1,103.3700095,1.218150453,22.47402163,0,112.8561746,-33.67063267,12.95110272
0.09200454438,0.03622226157,1.475117807,0.3646090105,1,66.26211177,1.519510538,36.6980873,0,86.17205153,-8.496668332,13.88368477
0.09200454438,0.04008596947,1.776123842,0.447630516,1,93.27238351,1.831662901,72.92268669,0,76.60115452,30.06468546,14.14547845
0.09200454438,0.04394967737,2.131459538,0.5301998085,1,79.61907211,2.196413349,63.33609177,0,51.87277806,26.90250785,13.96879784
0.09200454438,0.04781338527,2.284169943,0.5883992421,1,-9.628862757,2.358738221,73.63197421,0,-31.65512712,7.599480479,14.44526924
0.09200454438,0.05167709317,1.97195026,0.7853300762,1,-64.51210018,2.122576538,82.03985596,0,-70.65914616,-7.446418823,21.71494196
0.09200454438,0.05554080107,1.76190773,0.9341480689,1,-22.40030391,1.994229542,21.18215607,0,-19.83700086,-40.69879221,27.932144
0.09200454438,0.05940450897,1.808757652,1.024419985,1,-24.80694465,2.078711271,9.418641515,0,-29.73609862,-26.91061876,29.52576839
0.09200454438,0.06326821687,1.551169343,1.074513719,1,-46.95119792,1.886983323,9.761444929,10.01275064,-7.504992245,-15.02385848,34.71081271
0.09200454438,0.06713192477,1.59835484,1.120183158,1,16.9034939,1.951806471,16.28318445,0,95.8814389,-41.52763015,35.02411976
0.09200454438,0.07099563267,1.986937379,1.29787782,1,79.1025885,2.373269261,12.28367398,0,182.607687,-27.22000425,33.15277815
0.09200454438,0.07485934057,2.609526899,1.272813831,1,82.00123476,2.9033921,-22.91803628,0,266.4199021,-1.901355751,26.00110894
0.09200454438,0.07872304847,3.333134878,1.216675505,1,-57.12915511,3.548251316,-47.78590464,0,259.9476281,-14.49484039,20.05331499
0.09200454438,0.08258675637,3.393158236,1.144186883,1,-127.0174447,3.580877886,165.2915407,0,137.3145437,-261.9863629,18.63431745
0.09200454438,0.08645046427,3.372919861,2.867552517,1,-482.2237324,4.427126136,37.9657557,93.50625802,228.1882142,48.06758558,40.37016362
0.09200454438,0.09031417218,2.411639197,1.105156363,1,-229.0284218,2.652804969,-144.1698825,39.23298172,-12.33579199,258.7177858,24.62006463
0.09200454438,0.09417788008,2.440359041,1.31091225,1,88.3962366,2.770170243,661.8959454,0,312.8821921,675.6040135,28.24380604
0.09200454438,0.09804158798,3.962061833,1.052192393,1,160.8242056,4.099395418,293.6112381,0,235.95016,304.5143449,14.87257131
0.09200454438,0.1019052959,3.973379292,1.26878583,1,-127.9820246,4.171038298,-53.58896824,10.14874267,-106.7645833,-53.92206033,17.70940571
0.09200454438,0.1057690038,3.055069509,1.053479363,1,-179.64538,3.231604628,-140.9398169,0,-179.6204965,9.858118655,19.02572535
0.09200454438,0.1096327117,2.585280887,0.6861466553,1,-141.4261814,2.674784944,-135.9102856,0,-111.3326444,-50.43303066,14.8639108
0.09200454438,0.1134964196,2.078483237,0.7232202178,1,-51.91252871,2.200713532,108.9348007,0,-22.31607594,-211.2757625,19.1856357
0.09200454438,0.1173601275,2.298483241,1.923346738,2,-1393.433063,2.997046527,777.3759896,255,76.83619348,898.9505881,39.92224052
0.09200454438,0.1212238354,-3.008462491,0.2534914811,1,-1410.21701,3.019123133,-477.2452134,0,-1336.856976,387.1344446,175.1836641
0.09586825228,0.01690372206,-0.2472467014,-0.1834362137,1,65.70082079,0.3078632421,24.30827711,0,9.056720591,-107.4744667,-143.4276995
0.09586825228,0.02076742997,-0.1028260498,0.07114880051,1,49.51998779,0.1250413865,36.14243612,0,68.79965587,-61.18924113,145.3193377
0.09586825228,0.02463113787,0.2099058406,0.1926249566,1,72.0711752,0.2848944293,39.48165378,0,117.580713,10.5184277,42.54176794
0.09586825228,0.02849484577,0.6299334489,0.1830542459,1,93.02343636,0.6559916211,3.818997121,0,147.0014263,-17.39588633,16.20349429
0.09586825228,0.03235855367,1.137291799,0.2745930694,1,107.0458503,1.16997179,-14.57998253,0,122.8946482,-69.06609844,13.57397425
0.09586825228,0.03622226157,1.51835637,0.3935726824,1,104.9523569,1.568536108,0.07105537139,0,116.5043547,-42.1805106,14.53179376
0.09586825228,0.04008596947,1.992935845,0.4378407787,1,80.74305115,2.040465101,-1.276046364,1.80860399,80.31708849,-17.68865703,12.3908241
0.09586825228,0.04394967737,2.140645704,0.4569862159,1,23.12841968,2.188881091,-7.758229885,3.539138719,14.7737624,-33.83833397,12.05064246
0.09586825228,0.04781338527,2.139378805,0.5386066829,1,-27.69024722,2.20613663,16.69964252,4.824893811,3.3471544,-72.45831774,14.13102912
0.09586825228,0.05167709317,2.046591104,0.8014665313,1,-67.69815737,2.197927148,33.2167898,10.22383893,-36.59801257,-60.98800305,21.38583184
0.09586825228,0.05554080107,1.736408869,0.9025864853,1,-28.97643301,1.956981892,-2.528349035,0,-32.86563004,-48.51475385,27.46544078
0.09586825228,0.05940450897,1.807651436,0.979144567,1,-26.29150872,2.055803443,-15.63092851,0,-32.43005752,-76.82997286,28.44292958
0.09586825228,0.06326821687,1.50952589,1.139041716,1,-60.1082981,1.891053792,-9.51238594,10.6981992,-34.33711445,-85.67462319,37.03707922
0.09586825228,0.06713192477,1.44274195,1.273413205,1,27.72522789,1.924340283,7.489469094,0,97.65313582,-71.96454645,41.43272104
0.09586825228,0.07099563267,1.993951264,1.446028824,1,122.8461713,2.463095817,45.49705171,0,190.1019462,-45.31494404,35.94991166
0.09586825228,0.07485934057,2.651882064,1.62428423,1,114.2317363,3.109787411,53.25932562,0,252.1656227,-68.89191697,31.48757096
0.09586825228,0.07872304847,3.409603635,1.917985545,1,11.70383614,3.912041091,-46.91675713,0,278.754582,9.680074861,29.35881944
0.09586825228,0.08258675637,3.774128549,1.405610603,1,-117.3239167,4.027379728,221.2182155,0,230.7728144,-99.59780235,20.426999
0.09586825228,0.08645046427,3.847937037,3.157524928,1,469.5225047,4.977608172,15.79846598,0,-507.5789356,18.67640839,39.37148189
0.09586825228,0.09031417218,3.627089616,1.394491074,1,343.2726828,3.885921312,-23.1768377,0,717.4853447,401.3988254,21.03003303
0.09586825228,0.09417788008,7.946396208,1.517088584,1,34.17096945,8.089917829,405.1465625,0,549.888748,512.2936818,10.80857396
0.09586825228,0.09804158798,5.883725761,0.980505903,1,-667.0167943,5.964865519,55.78008041,108.7505968,-446.8098894,180.0463141,9.461232059
0.09586825228,0.1019052959,3.642895251,1.036960155,1,-371.2212441,3.787607711,4.332420803,45.06483875,-310.1667101,38.30191227,15.88914899
0.09586825228,0.1057690038,3.251041739,0.8492577105,1,-92.89386154,3.36013557,-58.77876125,0,-83.7090984,28.03914087,14.64001113
0.09586825228,0.1096327117,2.960552999,0.7015211407,1,-80.8528817,3.042532822,-53.13277837,0,-76.8457076,2.767514188,13.33071649
0.09586825228,0.1134964196,2.641740454,0.6332753085,1,745.7556921,2.716584297,782.4290116,0,636.290096,-640.3395048,13.48050759
0.09586825228,0.1173601275,8.300374229,6.198683098,1,-460.0177849,10.35953109,-39.22792784,26.21867213,-442.7212298,27.86461297,36.75221434
0.09586825228,0.1212238354,-0.8461794096,0.3740493285,1,-2378.958351,0.9251661977,-1136.370653,0,-2355.640575,1878.678062,156.1524172
0.09973196018,0.01690372206,-0.1074341871,-0.2515093095,1,14.12515002,0.2734941267,251.2853304,0,14.6409089,81.42427648,-113.1301333
0.09973196018,0.02076742997,-0.05186236249,0.07663743851,1,67.81930915,0.09253648807,112.4446551,0,63.37791561,-22.21261131,124.0871391
0.09973196018,0.02463113787,0.3994735668,0.2687670347,1,81.23508433,0.4814715459,28.47565953,0,84.17292178,-43.89011471,33.93278638
0.09973196018,0.02849484577,0.5872258575,0.3562376522,1,32.82134524,0.6868329292,-20.67364723,0,87.40129649,-37.62090986,31.24288644
0.09973196018,0.03235855367,0.8639787374,0.3342463072,1,75.19590059,0.926379972,-53.63764586,0,112.4977175,-67.35630802,21.14989282
0.09973196018,0.03622226157,1.312419172,0.4092425556,1,103.1343773,1.374744905,-36.33755891,0,113.9811635,-65.25755399,17.31868245
0.09973196018,0.04008596947,1.702849768,0.4459847207,1,83.81881085,1.760283984,-51.79435132,0,86.56761854,-74.74569751,14.67640125
0.09973196018,0.04394967737,1.970742566,0.4979198532,1,33.57151335,2.032670765,-29.76188107,0,61.12636499,-97.65882928,14.17937748
0.09973196018,0.04781338527,2.068734709,0.7083186959,1,-51.07149976,2.186636383,7.504974328,9.869302139,23.61286048,-97.98232148,18.90080552
0.09973196018,0.05167709317,1.864650404,0.9054919514,1,-89.00882516,2.072881281,-28.56183118,16.22302233,-41.44684884,-83.12150732,25.90165007
0.09973196018,0.05554080107,1.56469209,0.9191213477,1,-77.87190332,1.814675009,-46.0603559,12.30098449,-29.05508956,-70.70261058,30.43055368
0.09973196018,0.05940450897,1.451515737,1.000702425,1,-70.7062226,1.763038082,-33.76084098,12.25798232,-27.98072692,-99.75048193,34.58311479
0.09973196018,0.06326821687,1.183394544,1.174086045,1,-19.98549126,1.667003505,20.19153577,0,-6.484874888,-80.66022436,44.7737691
0.09973196018,0.06713192477,1.349241974,1.390364168,1,85.90893244,1.937412301,53.5199006,0,122.2451172,-45.77550525,45.85995982
0.09973196018,0.07099563267,1.98764099,1.557734489,1,138.1566051,2.525322443,20.53931489,0,172.3961564,-86.97034182,38.08616062
0.09973196018,0.07485934057,2.549127132,1.805750078,1,131.6136803,3.123905005,51.04622946,0,179.3886666,-127.732061,35.31298489
0.09973196018,0.07872304847,3.189263215,2.248481582,1,134.9110757,3.902187755,-7.664400714,0,205.1604019,-184.5361811,35.18444884
0.09973196018,0.08258675637,3.863063987,2.489130973,1,-126.4675278,4.595545274,-532.4499035,0,208.4761834,284.424379,32.79534817
0.09973196018,0.08645046427,3.506120705,-0.9076820368,1,-72.48771972,3.621708033,-46.08791231,0,75.0537761,-62.10201335,-14.51435999
0.09973196018,0.09031417218,3.872978479,2.551004782,1,23.81504476,4.637627378,624.2755605,0,617.7861112,-465.65599,33.37159482
0.09973196018,0.09417788008,5.985080161,3.303495106,1,-167.8478186,6.836246371,-506.9548603,0,426.7306542,-339.2410352,28.89672276
0.09973196018,0.09804158798,4.873226136,1.903007551,1,-531.1636376,5.23161263,-545.1599351,0,53.13209216,-79.5935837,21.33077522
0.09973196018,0.1019052959,4.138105902,1.504682716,1,-490.199745,4.403179593,-168.3097234,101.7156662,-11.11287776,42.37932626,19.9820907
0.09973196018,0.1057690038,2.936300595,1.088966605,1,-449.6003968,3.131726273,-154.3109959,93.32145926,-2.665076927,53.53429951,20.34797695
0.09973196018,0.1096327117,2.390684218,0.7016292055,1,-483.168927,2.49151652,-322.5701666,0,403.2392284,-118.4425525,16.35615601
0.09973196018,0.1134964196,2.627475587,0.3002771296,1,-320.2164244,2.644578287,231.1296469,0,284.989769,-102.3702972,6.519677022
0.09973196018,0.1173601275,2.254578711,1.990175574,1,79.74544943,3.007311753,-407.8967719,0,-796.1244173,-419.105546,41.43568614
0.09973196018,0.1212238354,-0.140403491,0.3435845587,1,-549.2301093,0.3711650432,-297.9729388,0,-690.5024294,554.3642762,112.2270455
0.1035956681,0.01690372206,1.038246035,-0.181443472,1,-221.487113,1.053981292,285.1502216,0,-188.7104718,163.2817826,-9.912880894
0.1035956681,0.02076742997,0.2458042108,0.05398855322,1,-111.0132153,0.251663414,115.1921052,0,-118.7912031,15.43834941,12.38776867
0.1035956681,0.02463113787,0.1503488883,0.2039759024,1,43.00364015,0.2533988102,-3.570594383,9.461611084,-1.878352896,-91.55516525,53.60639103
0.1035956681,0.02849484577,0.4047003081,0.3939352348,1,78.17838899,0.5647719085,-29.67483667,10.04315978,56.26697493,-85.25369953,44.22773796
0.1035956681,0.03235855367,0.6698065031,0.418716394,1,84.99349326,0.7899140271,-50.63065341,0,101.6464495,-61.38360426,32.01075475
0.1035956681,0.03622226157,1.125822529,0.435481496,1,100.2880048,1.207112464,-42.65006147,0,115.6226118,-50.34861826,21.14706094
0.1035956681,0.04008596947,1.504022058,0.4484613687,1,62.62067236,1.56945849,-34.35781899,0,72.61386982,-67.47849508,16.60325081
0.1035956681,0.04394967737,1.648329298,0.5634501139,1,24.4771541,1.74197173,-28.8628381,0,49.48772964,-126.8784947,18.87202041
0.1035956681,0.04781338527,1.789800764,0.8271652356,1,-17.51134824,1.971697011,-36.90275659,0,8.905627271,-146.0678415,24.80425176
0.1035956681,0.05167709317,1.615079306,0.985232115,1,-78.14114324,1.891867724,-52.24710872,5.530390106,-52.44064603,-120.5843551,31.38406334
0.1035956681,0.05554080107,1.285270873,1.091200394,1,-79.49766503,1.686012906,-17.88219313,17.09338752,-4.172382432,-59.03211732,40.33139749
0.1035956681,0.05940450897,1.291802683,1.144223402,1,-44.57907787,1.725688664,20.20559367,0,42.15178951,-5.677253287,41.53314547
0.1035956681,0.06326821687,1.27589254,1.191204155,1,-4.253072299,1.745528319,82.71561158,0,51.06337801,12.94268529,43.03397146
0.1035956681,0.06713192477,1.472664031,1.413805609,1,57.83096298,2.041466543,71.50500164,0,61.58506239,-28.68794889,43.83183531
0.1035956681,0.07099563267,1.737281181,1.578320449,1,123.0325276,2.347177314,-18.86913578,13.35831932,105.4853631,-121.1199331,42.25515565
0.1035956681,0.07485934057,2.355590411,1.808872822,1,120.4040569,2.969987722,-3.640095795,1.213197296,120.2237471,-161.8011132,37.52088721
0.1035956681,0.07872304847,2.666996728,2.189408422,1,58.86376764,3.450562387,-53.55504179,0,60.25495754,-284.1269348,39.38348144
0.1035956681,0.08258675637,2.81583037,2.699735267,1,106.9652252,3.900957727,40.52748216,8.866935772,90.49432857,-357.5807053,43.79418036
0.1035956681,0.08645046427,3.429922766,3.727582171,1,-333.8482535,5.065494944,-30.69240329,0,702.4369175,-286.8418161,47.38138933
0.1035956681,0.09031417218,4.239949304,3.689421777,1,25.75845966,5.620409517,-216.8112082,0,296.9935981,-239.272522,41.02839031
0.1035956681,0.09417788008,4.676942442,3.814366127,1,-184.6190027,6.035161933,-479.8722674,0,-14.69436904,-363.0498114,39.19959498
0.1035956681,0.09804158798,3.469860654,3.23805393,1,-451.5311742,4.746043217,-334.0987458,65.89089463,57.96998868,-94.34090659,43.02080608
0.1035956681,0.1019052959,3.15633698,2.888011869,1,-338.0023379,4.278209402,-210.3728016,42.72422436,180.5912061,-39.04290025,42.45815314
0.1035956681,0.1057690038,2.861670021,2.576085237,1,-521.8450288,3.850372768,250.3064886,100.9723654,30.15974694,-70.19689741,41.99365221
0.1035956681,0.1096327117,1.256608672,4.126343334,1,-306.7462647,4.313441163,188.3276778,0,378.5837215,85.95709689,73.06276502
0.1035956681,0.1134964196,3.13922897,2.971615259,2,-64.25375757,4.322644535,-48.07407472,0,1060.309947,291.4354309,43.42883396
0.1035956681,0.1173601275,5.10507884,2.814577775,1,-1216.8618,5.829552128,-77.5721727,249.9854287,441.7547728,735.9988817,28.86922038
0.1035956681,0.1212238354,0.1444418264,-0.1717856512,1,-1777.016836,0.2244409748,-447.8362171,0,-790.79478,1098.017405,-49.94200745
0.107459376,0.01690372206,1.62517609,-0.1248699418,1,-331.0698264,1.629966204,21.32887536,0,-275.7672137,-67.42292059,-4.39367234
0.107459376,0.02076742997,0.4528555571,0.04658556578,1,-208.4427584,0.455245396,49.23217374,0,-203.9177807,-7.766458431,5.873396617
0.107459376,0.02463113787,0.03193541772,0.0953561236,1,-18.38536646,0.1005617284,1.914343222,0,-61.76561827,-56.31800471,71.48394992
0.107459376,0.02849484577,0.1431755642,0.2715783486,1,88.80843618,0.307008211,-7.657640703,19.28769085,14.5257075,-86.13985259,62.20189115
0.107459376,0.03235855367,0.4311883651,0.3985884657,1,113.6200654,0.58719347,-28.36649767,11.87664433,96.0034091,-79.33118085,42.75014624
0.107459376,0.03622226157,0.9530994388,0.4684909976,1,97.93162769,1.062018058,-61.47324559,0,129.3618568,-83.73348192,26.17618048
0.107459376,0.04008596947,1.309383997,0.4845955167,1,34.46077925,1.396180241,-70.10261082,0,73.18299704,-102.7299256,20.30922453
0.107459376,0.04394967737,1.369003548,0.5945534115,1,-11.14687788,1.492536255,-51.25767976,0,24.71047217,-135.578406,23.47513618
0.107459376,0.04781338527,1.361789763,0.8103861729,1,-29.46141909,1.584675711,-46.39999288,0,-15.08735115,-152.5772104,30.75641346
0.107459376,0.05167709317,1.196880112,1.004791165,1,-22.50499363,1.562730715,-29.75403603,0,-1.894392699,-133.2220193,40.01374831
0.107459376,0.05554080107,1.267517661,1.210156237,1,26.04512838,1.752449469,20.92891156,0,54.38768293,-64.7437133,43.67376392
0.107459376,0.05940450897,1.507649001,1.335805163,1,10.85273003,2.014294155,38.71287327,0,63.03292777,-7.267935396,41.54154234
0.107459376,0.06326821687,1.552990261,1.387812651,1,-26.5317115,2.082739231,38.29354014,0,28.35005771,20.41854798,41.7852159
0.107459376,0.06713192477,1.514674559,1.404868911,1,-13.33314374,2.065888593,-1.216787461,0,-14.16017236,-27.64857853,42.84608921
0.107459376,0.07099563267,1.446764119,1.489937371,1,58.69017906,2.076785926,0.03507550633,8.681416888,43.60432061,-103.540172,45.84226026
0.107459376,0.07485934057,1.909910626,1.805053414,1,52.28668653,2.627922454,-5.082244443,0,61.02275257,-202.7988893,43.38321961
0.107459376,0.07872304847,1.884558694,2.253856733,1,95.89715389,2.937929823,-27.60701421,0,92.56230952,-188.1882077,50.09937232
0.107459376,0.08258675637,2.638062944,2.42549224,1,95.08032546,3.583627868,-11.25015031,20.80585047,7.076087401,-229.269849,42.59610462
0.107459376,0.08645046427,2.279261233,3.096221166,1,67.25220499,3.844686889,-88.074663,0,-203.7166556,-391.7947991,53.64162125
0.107459376,0.09031417218,2.110804167,3.598978129,1,112.6938833,4.172306054,-241.5161905,0,3.519413279,-465.0872037,59.6083356
0.107459376,0.09417788008,2.728275465,3.960034255,1,147.848526,4.808883272,-286.8088153,0,138.6783874,-357.3610146,55.4350041
0.107459376,0.09804158798,3.217860467,3.871571219,1,-39.59090145,5.034251651,-147.9643817,0,155.0657329,-31.06694069,50.26829982
0.107459376,0.1019052959,3.174436484,3.508376689,1,-69.45176872,4.731358577,-89.31066674,0,176.6883894,78.87477006,47.8606909
0.107459376,0.1057690038,3.632191445,3.221751818,1,-120.6736141,4.855151849,23.67611621,0,192.108617,64.78496958,41.57300807
0.107459376,0.1096327117,3.450440469,3.349544087,1,57.70235893,4.808844458,461.0018892,0,-74.38029252,92.57057452,44.14992268
0.107459376,0.1134964196,3.567752782,4.645262799,2,59.32328086,5.857245631,620.2082422,0,289.5919981,-686.5782883,52.47425597
0.107459376,0.1173601275,4.798547189,8.398585529,1,-440.8240101,9.672760414,-367.8423934,45.17538476,131.2648736,-240.709519,60.25843356
0.107459376,0.1212238354,2.3717067,4.154058508,2,-1198.439752,4.783429184,-836.1611371,0,-57.78382977,1360.965111,60.27634487
0.1113230839,0.01690372206,NaN,NaN,0,-153.1210625,0.8607557154,-129.0764404,0,-81.95700116,-149.3896095,2.145853649
0.1113230839,0.02076742997,NaN,NaN,0,-135.1191657,0.4122582882,-10.0696215,19.19955755,-102.994869,-11.14051289,9.983608081
0.1113230839,0.02463113787,-0.05985096839,0.03636728075,1,-59.98859077,0.07003368851,24.35741771,9.47743074,-34.14933058,15.18055319,148.7158533
0.1113230839,0.02849484577,0.0422941922,0.1069284691,1,40.63050455,0.1149891134,43.67905416,0,40.52084234,-37.66340423,68.41935757
0.1113230839,0.03235855367,0.2536941317,0.3506507799,1,65.69697903,0.4328009726,29.38347673,0,69.5337295,-87.08243191,54.11444485
0.1113230839,0.03622226157,0.5647861491,0.5569187205,1,62.78229771,0.7931846289,-67.69780176,0,87.99346105,-131.7352326,44.59814468
0.1113230839,0.04008596947,0.8362476221,0.5980727075,1,31.18109514,1.028105563,-122.8736528,0,62.42408877,-160.4214498,35.57182452
0.1113230839,0.04394967737,0.9264492378,0.7019924406,1,3.525354645,1.16236895,-104.1560055,0,44.29486227,-177.8235123,37.15206782
0.1113230839,0.04781338527,1.021010972,0.8827024355,1,-9.927674519,1.349676626,-70.60445179,0,25.18198405,-164.5227876,40.84464934
0.1113230839,0.05167709317,0.985387434,1.064865457,1,7.975509126,1.450836599,-27.87396824,0,16.60510312,-110.1797012,47.21995849
0.1113230839,0.05554080107,1.115983278,1.200707746,1,59.89186974,1.639243047,-14.4967875,6.212370898,50.85907596,-87.21630849,47.09444936
0.1113230839,0.05940450897,1.413296738,1.345832444,1,48.32359386,1.951582086,-18.65712579,0,51.77600763,-71.0791874,43.59932284
0.1113230839,0.06326821687,1.502738899,1.40325128,1,2.21490633,2.05604921,-22.74545069,0,-15.71490448,-39.51115063,43.03922419
0.1113230839,0.06713192477,1.361136688,1.410610212,1,-18.03761437,1.960233214,-23.60099469,0,-24.7635449,-53.82631755,46.02257645
0.1113230839,0.07099563267,1.337367722,1.520033099,1,14.99284689,2.024611825,24.3828391,0,34.50927611,-87.43105285,48.65777631
0.1113230839,0.07485934057,1.552398432,1.842626429,1,66.85750444,2.409400973,-10.06917225,5.362115709,61.48017422,-179.9812038,49.8861229
0.1113230839,0.07872304847,1.833227025,2.176523557,1,84.59229199,2.845694312,-39.57345265,16.5173063,1.887567606,-173.4050416,49.89346988
0.1113230839,0.08258675637,1.886531349,2.359712597,1,-13.84419572,3.021132912,-89.74601377,0,-52.77049069,-220.220185,51.3585363
0.1113230839,0.08645046427,1.575847334,2.680637643,1,5.973921428,3.109519737,22.94642716,0,-103.4686523,-212.0327536,59.55031062
0.1113230839,0.09031417218,1.509840187,3.267603514,1,149.2398752,3.599562489,62.01655137,29.92944031,9.211814764,-222.2434845,65.20006655
0.1113230839,0.09417788008,2.188058381,3.77893539,1,222.1333709,4.366686634,-48.1703379,41.79073497,106.1253291,-235.1789863,59.92853654
0.1113230839,0.09804158798,2.77813592,3.990150306,1,130.7960155,4.862030302,-142.9862567,0,109.3767323,-158.5387143,55.15249504
0.1113230839,0.1019052959,3.116015724,3.839025543,1,3.799233891,4.944458627,-97.53633102,0,106.2820425,-44.33202645,50.93485318
0.1113230839,0.1057690038,3.203457817,3.784584414,1,-75.46173646,4.958348634,-97.65128339,0,147.784815,-39.93185976,49.75378696
0.1113230839,0.1096327117,3.395450974,3.61601455,1,-143.8655615,4.960307303,-29.26356396,28.07188727,60.87188641,-49.120631,46.80179107
0.1113230839,0.1134964196,2.882794499,3.861306321,1,-48.11131509,4.818733301,84.87928092,0,-117.9568717,-279.7827486,53.25552276
0.1113230839,0.1173601275,2.753812008,5.024962114,2,528.4226009,5.730071974,-422.2242839,0,-712.3556081,-519.0404343,61.27609448
0.1113230839,0.1212238354,NaN,NaN,0,-69.41643454,4.759890789,-331.2886421,0,-231.6834092,77.43090319,62.84878048
0.1151867918,0.01690372206,NaN,NaN,0,-73.9982762,0.5694012504,-52.04607345,0,-18.32693275,-62.71834021,15.28305458
0.1151867918,0.02076742997,NaN,NaN,0,-72.3607642,0.4083027331,-2.234511596,15.22655926,-21.99575396,-13.90834259,24.71362346
0.1151867918,0.02463113787,NaN,NaN,0,-60.90778136,0.2687252897,54.56188844,5.716162352,7.982580955,28.56349949,46.58215626
0.1151867918,0.02849484577,NaN,NaN,0,-30.87704313,0.3181507274,52.58559481,0,36.97426073,-3.894107348,58.46092136
0.1151867918,0.03235855367,NaN,NaN,0,-12.83278317,0.4629046198,35.12374175,0,17.00757334,-41.16176697,63.2633322
0.1151867918,0.03622226157,0.1825484481,0.5658995686,1,-0.7568626897,0.5946143772,-18.91357046,0,2.454199799,-68.58004994,72.12128504
0.1151867918,0.04008596947,0.2148144709,0.605309318,1,5.830414875,0.6422963704,-53.20579092,0,19.26687798,-101.39145,70.46105053
0.1151867918,0.04394967737,0.2795170568,0.7520748802,1,24.99135581,0.8023380899,-43.20549388,0,36.74010165,-131.3928851,69.61185263
0.1151867918,0.04781338527,0.4533267907,0.9460396381,1,57.56237642,1.049045364,-67.21160529,0,41.8147017,-141.2489091,64.39701793
0.1151867918,0.05167709317,0.6634810587,1.038133396,1,71.10462078,1.232042233,-52.46888491,6.502263085,37.91013629,-111.7944158,57.41696197
0.1151867918,0.05554080107,0.8745279689,1.17525616,1,75.08690216,1.464932152,-33.72029971,8.898218064,53.66326542,-114.2157443,53.34644146
0.1151867918,0.05940450897,1.160934098,1.349144281,1,63.13514132,1.779875915,-56.72556717,0,50.20701115,-93.8093588,49.2881161
0.1151867918,0.06326821687,1.312448939,1.318537099,1,20.95265833,1.86039305,-76.22768211,0,-6.825311151,-83.92432997,45.13258347
0.1151867918,0.06713192477,1.215518041,1.37888188,1,-1.183394228,1.838151068,-18.31666759,0,-27.10153431,-82.19469869,48.60303631
0.1151867918,0.07099563267,1.203164237,1.565343153,1,-8.275348176,1.974310859,29.77901991,0,-2.053215945,-75.14482793,52.45316555
0.1151867918,0.07485934057,1.175611487,1.78427698,1,-0.8232822822,2.136751438,-11.87254138,0,-35.79755912,-107.3680326,56.62020133
0.1151867918,0.07872304847,1.061672003,1.934309836,1,79.02369389,2.206513536,-64.79815452,9.723997783,-10.48005325,-191.8303833,61.2392253
0.1151867918,0.08258675637,1.440444092,2.275092406,1,77.74812657,2.692754099,7.400913985,13.3642902,48.30045409,-183.8809353,57.66060546
0.1151867918,0.08645046427,1.5486869,2.673367029,1,16.96512833,3.089550515,87.37079985,0,-3.690313307,-115.2475709,59.91620089
0.1151867918,0.09031417218,1.4917341,3.057950606,1,77.34676452,3.402400995,115.4072115,0,-55.39646561,-101.5983336,63.99588412
0.1151867918,0.09417788008,1.633496443,3.511813068,1,140.9349573,3.87313073,-7.351932563,31.08883378,4.293918239,-196.5129091,65.05482026
0.1151867918,0.09804158798,2.052856054,3.788813365,1,107.2501669,4.30921393,-140.1818069,0,149.7056312,-241.7752163,61.55026539
0.1151867918,0.1019052959,2.62629859,3.904340326,1,117.4488868,4.705456159,-46.49049046,0,153.7295618,-122.9708883,56.07280542
0.1151867918,0.1057690038,3.100610368,4.084311283,1,31.45493545,5.127902428,-60.35033754,0,103.4642299,-121.4961235,52.79600066
0.1151867918,0.1096327117,3.147586835,4.140589782,1,-96.49721319,5.201133207,-97.59603813,0,22.49895507,-172.9352447,52.75868809
0.1151867918,0.1134964196,2.814702714,4.375399971,1,-310.5269119,5.202564394,-196.6946,28.25871106,-203.4383325,-57.96547362,57.24675
0.1151867918,0.1173601275,1.16177526,3.604580961,1,115.7464195,3.787179116,-374.6086671,0,-484.2598272,-155.0543747,72.1355979
0.1151867918,0.1212238354,NaN,NaN,0,252.634507,3.79143917,-192.6081257,0,-134.0441299,-152.5043465,68.47876292
0.1190504997,0.01690372206,NaN,NaN,0,-41.65995173,0.4846026443,-19.99191706,0,3.825006987,-29.69241975,30.68859212
0.1190504997,0.02076742997,NaN,NaN,0,-42.49913577,0.4346070845,1.283826818,9.374278103,2.274902673,-13.00608344,37.74891058
0.1190504997,0.02463113787,NaN,NaN,0,-38.54355399,0.3997736302,26.50798868,5.836719826,9.239974291,-0.1551694585,49.18088972
0.1190504997,0.02849484577,NaN,NaN,0,-25.42979825,0.4351088409,33.72128865,0,17.41773199,-8.571163929,58.02308349
0.1190504997,0.03235855367,NaN,NaN,0,-13.22975411,0.5197816349,32.09688265,0,12.27535477,-19.72878462,63.69204456
0.1190504997,0.03622226157,NaN,NaN,0,-2.718324367,0.6128137601,33.20600385,0,4.934867441,-14.42753363,68.28485919
0.1190504997,0.04008596947,NaN,NaN,0,-6.147363392,0.6925103218,29.18952525,0,12.64778875,-16.89595515,69.81706006
0.1190504997,0.04394967737,NaN,NaN,0,-4.77497273,0.788679629,21.44773421,0,-1.268083879,-23.03563475,71.37735631
0.1190504997,0.04781338527,0.2155804354,0.8218580202,1,24.75341491,0.849662009,2.786009286,5.432446427,0.8359728868,-46.18909618,75.30195548
0.1190504997,0.05167709317,0.3507220213,0.9366116646,1,53.10768337,1.000123666,-3.316009478,9.338374769,31.99739925,-79.94578045,69.47116974
0.1190504997,0.05554080107,0.5444016155,1.117933072,1,75.54281458,1.243441785,-16.42978888,12.18874635,48.93650585,-109.4156642,64.03523484
0.1190504997,0.05940450897,0.8316737551,1.295881926,1,68.86993223,1.539802325,-88.52163738,0,19.01370124,-134.5893662,57.30838095
0.1190504997,0.06326821687,0.8839583045,1.29592532,1,30.91547808,1.568695228,-120.7425538,0,5.60808345,-124.5182438,55.70187105
0.1190504997,0.06713192477,0.9727901284,1.310470089,1,47.85352752,1.632070001,-49.58959965,0,24.13151728,-113.8150242,53.4127067
0.1190504997,0.07099563267,1.162087491,1.5440736,1,29.27020605,1.932514067,28.74787102,1.170363623,1.502709279,-74.00988417,53.03446182
0.1190504997,0.07485934057,1.091687684,1.70749604,1,-18.64584748,2.026653578,42.0263339,0,-64.27920362,-32.15981825,57.40718299
0.1190504997,0.07872304847,0.8416893157,1.830707222,1,24.5468943,2.014926757,56.88041822,0,4.693517948,-82.47777509,65.30883336
0.1190504997,0.08258675637,1.204664096,2.245935392,1,97.22230163,2.548615579,52.8185494,10.93515886,64.91477871,-146.5039274,61.79199358
0.1190504997,0.08645046427,1.468139634,2.60083105,1,91.35818371,2.986596079,59.17609969,15.37842906,1.435984536,-72.50752343,60.55576481
0.1190504997,0.09031417218,1.563193657,2.754722447,1,76.3016061,3.16734434,93.65522337,0,-93.83798682,-74.61921505,60.42684104
0.1190504997,0.09417788008,1.400384181,3.250994328,1,36.3100871,3.53977965,149.6205529,0,-103.8172882,-212.58679,66.6957657
0.1190504997,0.09804158798,1.302365551,4.154185819,1,117.0819574,4.353552096,-19.04099902,0,157.4942533,-207.5151706,72.59343659
0.1190504997,0.1019052959,2.461266456,3.979203473,1,75.55753581,4.678877306,-233.6823765,0,234.6343029,-210.031902,58.26186437
0.1190504997,0.1057690038,2.500856209,4.062807294,1,-65.98686349,4.770815956,-323.922386,0,37.24003792,-348.9184557,58.38567454
0.1190504997,0.1096327117,2.350197119,4.075780985,1,-104.6790839,4.704829129,-243.1805276,0,-51.12820389,-298.1168796,60.03117691
0.1190504997,0.1134964196,1.89886236,4.275065311,1,-192.138401,4.67780522,-474.1448909,0,-233.0615447,-119.8045056,66.05056925
0.1190504997,0.1173601275,0.7073487291,2.706713239,1,157.4552049,2.797613051,-306.5339329,0,-431.8406106,90.41713308,75.35436219
0.1190504997,0.1212238354,NaN,NaN,0,232.8819925,2.866795109,-116.9404809,0,-164.8806971,-134.876155,72.98855677
0.1229142076,0.01690372206,NaN,NaN,0,-26.20527142,0.48355581,-6.657956975,0,9.804222846,-15.90838317,42.36229834
0.1229142076,0.02076742997,NaN,NaN,0,-26.89100932,0.4734482555,3.27887292,5.585947307,8.57164719,-10.69352764,46.54767192
0.1229142076,0.02463113787,NaN,NaN,0,-25.3375006,0.4757632187,16.4649508,3.728764786,9.284681542,-7.606929952,52.97032833
0.1229142076,0.02849484577,NaN,NaN,0,-19.06884176,0.5100896669,23.69468846,0,11.18133818,-10.50659429,58.88521485
0.1229142076,0.03235855367,NaN,NaN,0,-11.93811064,0.5724141093,26.33649637,0,9.741246304,-14.75467393,63.42915151
0.1229142076,0.03622226157,NaN,NaN,0,-6.091455951,0.6478126066,27.76532632,0,7.714265122,-15.19119643,66.80938784
0.1229142076,0.04008596947,NaN,NaN,0,-4.188462253,0.7269078397,27.57263566,0,8.91938435,-16.46672044,68.84687156
0.1229142076,0.04394967737,NaN,NaN,0,-1.663032218,0.8129689318,28.15707749,0,7.697832673,-17.31771954,70.34985552
0.1229142076,0.04781338527,NaN,NaN,0,2.561189456,0.9001488797,37.15862515,0,15.14199929,-12.26150573,71.49942881
0.1229142076,0.05167709317,NaN,NaN,0,9.796337301,1.015795195,27.25140507,0,16.77605359,-29.3852591,70.33821418
0.1229142076,0.05554080107,NaN,NaN,0,2.101328972,1.140587396,3.06093644,0,-13.20037509,-48.68856131,70.09651285
0.1229142076,0.05940450897,0.298898351,1.156514368,1,16.81855537,1.194514842,-40.55378032,0,-22.89174744,-78.93648606,75.50912974
0.1229142076,0.06326821687,0.3648328575,1.220756719,1,47.61137123,1.274107523,-43.23629659,0,26.22235569,-77.06716521,73.3608061
0.1229142076,0.06713192477,0.584170305,1.287226962,1,91.21988016,1.413579922,-29.21695097,6.946922029,80.49397577,-90.63487992,65.59046712
0.1229142076,0.07099563267,1.028285039,1.458057656,1,115.9186962,1.784181115,-37.30676855,21.91528012,47.02387925,-120.3192705,54.80686188
0.1229142076,0.07485934057,1.213732821,1.607963022,1,23.7687955,2.014619676,1.484256483,0,-40.72498063,-101.9253551,52.95353395
0.1229142076,0.07872304847,0.9627712928,1.857602189,1,4.144807446,2.092274948,54.37743355,0,-39.15306042,-85.98062841,62.60287432
0.1229142076,0.08258675637,1.078471157,2.150265575,1,103.6013682,2.405564815,3.458657347,21.55823519,34.71314564,-117.7543691,63.3638299
0.1229142076,0.08645046427,1.497178173,2.325933917,1,104.3592601,2.766136488,-26.84228987,21.76779828,21.63694118,-91.62859059,57.23106016
0.1229142076,0.09031417218,1.565283676,2.400580917,1,13.21767508,2.865816066,21.03062016,0,-40.90218956,-145.7697488,56.89389247
0.1229142076,0.09417788008,1.390213295,2.970401821,1,-44.96419849,3.279631074,153.3404101,0,-55.39910387,-246.3724553,64.91937363
0.1229142076,0.09804158798,1.177509192,3.944954672,1,-23.31720474,4.116940036,63.76061468,0,-100.4750385,-337.036937,73.38043286
0.1229142076,0.1019052959,0.9119162268,4.518966488,1,-149.3307283,4.610059579,-442.7816056,0,-25.7754952,-582.076609,78.59107274
0.1229142076,0.1057690038,0.5009498924,4.483149877,1,-79.78247339,4.511051276,-424.96319,0,117.1185101,-380.5830889,83.62418306
0.1229142076,0.1096327117,1.056171767,4.34749474,1,-80.32673264,4.473947845,-326.2338714,0,85.2199197,-257.4230329,76.34520508
0.1229142076,0.1134964196,0.5198557379,4.217284897,1,-130.7021454,4.249204854,-764.8400993,0,-58.08249149,16.73572246,82.97272115
0.1229142076,0.1173601275,0.3267630736,1.327714063,1,165.3334865,1.36733271,-393.0167081,0,-191.7141337,183.3771302,76.17374354
0.1229142076,0.1212238354,NaN,NaN,0,132.2521606,2.033673754,74.37091832,0,-85.06145574,-268.5915541,78.14098037
0.1267779155,0.01690372206,NaN,NaN,0,-17.30622073,0.5078879835,-0.9966008686,0,9.774646848,-9.603428051,49.54459173
0.1267779155,0.02076742997,NaN,NaN,0,-17.62239165,0.5115662241,4.337277589,3.232100667,8.822519556,-8.565320541,51.99365029
0.1267779155,0.02463113787,NaN,NaN,0,-16.84659732,0.5269852605,12.37825314,1.771166282,8.145766505,-9.072428417,55.8871884
0.1267779155,0.02849484577,NaN,NaN,0,-13.56995754,0.5615469692,18.25601802,0,8.281692881,-11.09360937,59.9286558
0.1267779155,0.03235855367,NaN,NaN,0,-9.362390755,0.6147083472,21.78908804,0,7.794027143,-13.59212037,63.41329044
0.1267779155,0.03622226157,NaN,NaN,0,-5.520926543,0.6808188566,23.94616941,0,7.261562395,-15.11585772,66.14683674
0.1267779155,0.04008596947,NaN,NaN,0,-2.851997453,0.7551944683,25.17861357,0,7.61765086,-16.46201064,68.08685547
0.1267779155,0.04394967737,NaN,NaN,0,-0.249883343,0.8368005662,26.44931494,0,7.998030935,-17.50701725,69.4503956
0.1267779155,0.04781338527,NaN,NaN,0,2.752686958,0.9246167515,28.42586001,0,9.863488863,-18.16809685,70.29396361
0.1267779155,0.05167709317,NaN,NaN,0,5.750223807,1.022631782,25.20969732,0,8.830114526,-23.53755976,70.43365891
0.1267779155,0.05554080107,NaN,NaN,0,5.593109638,1.120975986,20.99555351,0,1.529798439,-25.30030271,70.82932188
0.1267779155,0.05940450897,NaN,NaN,0,8.585575459,1.200873591,32.27707231,0,4.622221077,-7.703345074,72.05477793
0.1267779155,0.06326821687,NaN,NaN,0,18.06249739,1.283642525,25.07400221,0,18.09949963,-7.68608623,70.94203165
0.1267779155,0.06713192477,NaN,NaN,0,15.97362299,1.367569008,-4.7981897,0,18.68884456,-21.5178129,68.11665518
0.1267779155,0.07099563267,0.5530665184,1.277884152,1,35.3421859,1.392433294,-40.93347087,0,14.84146165,-89.92335432,66.59710482
0.1267779155,0.07485934057,0.703612618,1.458310927,1,33.55548194,1.61917926,-34.08538234,0,9.542311162,-133.8684835,64.24340481
0.1267779155,0.07872304847,0.7195838021,1.663416908,1,31.964193,1.812389764,11.8760431,5.439432806,-16.57839386,-123.0877038,66.60699141
0.1267779155,0.08258675637,0.7630588517,1.979771423,1,82.9701061,2.121733654,-10.79907859,18.10005767,-7.700711374,-170.6971042,68.92195282
0.1267779155,0.08645046427,1.010402757,2.281216173,1,85.32914938,2.494967126,-63.20611982,12.65114201,-2.978398044,-209.6581008,66.11035295
0.1267779155,0.09031417218,1.0812381,2.545619099,1,-6.400184135,2.765728191,-28.25722524,0,14.30263863,-268.8190772,66.98690114
0.1267779155,0.09417788008,1.040935533,3.210676901,1,-99.58311057,3.375202653,17.94213959,0,-116.4612842,-321.2272341,72.03675544
0.1267779155,0.09804158798,0.2465056654,3.856070487,1,-257.1421318,3.863941595,18.61105254,0,-400.1078269,-303.8532575,86.34224999
0.1267779155,0.1019052959,-1.498486325,4.456584804,1,12.81494989,4.701766623,-67.82331114,0,-234.8930678,-318.231654,108.5847528
0.1267779155,0.1057690038,-0.6115393131,4.82357518,1,353.7679149,4.862186529,-148.4635207,69.76756974,58.68656979,-215.4510096,97.22548714
0.1267779155,0.1096327117,0.09511732623,4.715404894,1,36.81541399,4.716364131,-189.7844405,0,-135.1807997,-120.4394629,88.84440838
0.1267779155,0.1134964196,-0.9915944312,4.555646442,1,52.83099246,4.662314235,-539.135474,0,-104.0136117,337.7991838,102.2796225
0.1267779155,0.1173601275,-0.102637364,1.327185528,1,-20.35926292,1.331148322,-403.826747,0,299.8575983,283.0575892,94.42214454
0.1267779155,0.1212238354,NaN,NaN,0,-2.015140596,1.903775108,88.09899412,0,100.8543202,-209.3046877,87.34141485
0.1306416234,0.01690372206,NaN,NaN,0,-11.22263695,0.534199672,1.486404898,0,7.565560309,-6.492108556,53.68799674
0.1306416234,0.02076742997,NaN,NaN,0,-11.32863269,0.5426384883,4.840291957,1.669789561,6.915124208,-7.043604852,55.25304385
0.1306416234,0.02463113787,NaN,NaN,0,-10.85653949,0.5625916862,10.45476616,0,6.194172043,-9.023853807,57.86025775
0.1306416234,0.02849484577,NaN,NaN,0,-9.002000336,0.5970050183,15.16204244,0,6.005639697,-11.20329438,60.7989221
0.1306416234,0.03235855367,NaN,NaN,0,-6.420568291,0.6458681389,18.61766834,0,5.891606993,-13.40434047,63.54668761
0.1306416234,0.03622226157,NaN,NaN,0,-3.777862014,0.7067455437,21.05164973,0,5.920306452,-15.21810344,65.84359392
0.1306416234,0.04008596947,NaN,NaN,0,-1.448717672,0.7769689939,22.74633428,0,6.291625762,-16.75844715,67.60703669
0.1306416234,0.04394967737,NaN,NaN,0,0.7628093401,0.8548776522,24.03570867,0,6.813151342,-18.08024195,68.88713506
0.1306416234,0.04781338527,NaN,NaN,0,2.949217914,0.93922292,24.88580264,0,7.483810708,-19.36630468,69.73817403
0.1306416234,0.05167709317,NaN,NaN,0,4.858761329,1.029177077,24.1659707,0,7.151117209,-21.29658036,70.22241351
0.1306416234,0.05554080107,NaN,NaN,0,5.935310315,1.120210772,23.43450796,0,5.867233241,-21.27174469,70.62303764
0.1306416234,0.05940450897,NaN,NaN,0,7.519694658,1.207250241,25.34370796,0,8.099778454,-17.13931121,70.95974815
0.1306416234,0.06326821687,NaN,NaN,0,9.128264743,1.295080201,21.99398328,0,13.81573235,-18.51546128,70.51370242
0.1306416234,0.06713192477,NaN,NaN,0,4.867325605,1.38451107,14.72400283,0,18.60178916,-26.15619964,69.60480816
0.1306416234,0.07099563267,NaN,NaN,0,-8.335382401,1.474595395,20.03272317,0,29.64009452,-36.25138643,69.23933958
0.1306416234,0.07485934057,NaN,NaN,0,-10.97710211,1.617030673,11.31450574,0,13.66608144,-64.05324328,69.55627572
0.1306416234,0.07872304847,NaN,NaN,0,-29.22315783,1.753064754,4.643970476,4.733998047,-19.3274121,-69.05644478,72.29683419
0.1306416234,0.08258675637,0.3772229218,1.799940021,1,3.498717648,1.839043559,-5.881685215,0,-26.83676378,-87.32975111,78.16353007
0.1306416234,0.08645046427,0.4429105274,1.984739349,1,33.6326422,2.033558462,4.802634591,5.271892368,-23.21656052,-171.3573064,77.42010767
0.1306416234,0.09031417218,0.4174676189,2.480570576,1,0.05309063339,2.515454153,15.56787791,0,-58.15847897,-222.6618649,80.44692687
0.1306416234,0.09417788008,0.2184082794,2.905189488,1,53.58227936,2.913387742,-6.090434027,0,-142.1114842,-242.1347816,85.70066708
0.1306416234,0.09804158798,0.07541663071,3.392576987,1,29.69616215,3.393415135,71.37585456,0,-236.258276,-98.59185311,88.72653057
0.1306416234,0.1019052959,-0.5796873919,3.561895063,2,54.44018043,3.608757946,188.7281348,0,-308.2187293,201.5487815,99.24366828
0.1306416234,0.1057690038,-0.9051095534,3.343041753,1,337.7455619,3.463401719,83.85507803,52.57831443,-224.5784635,52.52337529,105.1493162
0.1306416234,0.1096327117,-0.1424427799,3.68295161,1,208.36349,3.685705158,-31.70785226,44.60447069,-40.89206283,-101.1337548,92.21488231
0.1306416234,0.1134964196,-0.2580488773,3.611283161,1,119.758813,3.620491029,-49.17295464,0,-119.0887043,240.1897922,94.08719656
0.1306416234,0.1173601275,NaN,NaN,0,-181.0049588,2.568748422,-164.2560073,0,234.7549083,152.4237661,93.12097099
0.1306416234,0.1212238354,NaN,NaN,0,-79.69375209,2.388256347,-70.17980783,0,126.0113853,21.55252067,91.20861227
0.1345053313,0.01690372206,NaN,NaN,0,-6.483379828,0.5540344734,2.652088654,0,4.556587472,-4.865857813,55.950904
0.1345053313,0.02076742997,NaN,NaN,0,-6.527231842,0.5640954962,5.07734754,0,4.163975764,-6.087764868,57.09019207
0.1345053313,0.02463113787,NaN,NaN,0,-6.248927627,0.5855247554,9.438477117,0,3.710157762,-8.776087574,59.05624811
0.1345053313,0.02849484577,NaN,NaN,0,-5.160936017,0.6195935983,13.31971724,0,3.655086871,-11.2913739,61.39158886
0.1345053313,0.03235855367,NaN,NaN,0,-3.540020057,0.6662717784,16.46789316,0,3.846454679,-13.60384368,63.69513744
0.1345053313,0.03622226157,NaN,NaN,0,-1.72123555,0.72422444,18.89642687,0,4.23643066,-15.59376841,65.71480051
0.1345053313,0.04008596947,NaN,NaN,0,0.07217944042,0.7916413842,20.71936517,0,4.815394392,-17.27343258,67.34115761
0.1345053313,0.04394967737,NaN,NaN,0,1.800620461,0.8668694728,22.06138281,0,5.479137964,-18.68919874,68.5686298
0.1345053313,0.04781338527,NaN,NaN,0,3.422614028,0.9484077793,22.9156712,0,6.107485416,-19.92029955,69.43794412
0.1345053313,0.05167709317,NaN,NaN,0,4.80029328,1.034717204,23.13387488,0,6.423310361,-21.01071233,70.01945697
0.1345053313,0.05554080107,NaN,NaN,0,5.769675634,1.123499943,23.23279966,0,6.688238863,-21.35078447,70.42239557
0.1345053313,0.05940450897,NaN,NaN,0,6.429628114,1.213130578,23.66926829,0,8.093927151,-21.06669378,70.66293743
0.1345053313,0.06326821687,NaN,NaN,0,6.063541314,1.305166991,22.83422013,0,10.46186214,-23.08024806,70.64397056
0.1345053313,0.06713192477,NaN,NaN,0,2.702797093,1.4016659,21.66749456,0,12.2624852,-28.34013795,70.60138413
0.1345053313,0.07099563267,NaN,NaN,0,-3.989133737,1.506654894,23.58648244,0,12.86624057,-36.31212101,71.00468601
0.1345053313,0.07485934057,NaN,NaN,0,-9.985449074,1.631957555,24.03023268,0,4.889431116,-47.67313733,72.16445828
0.1345053313,0.07872304847,NaN,NaN,0,-19.06828529,1.765555802,28.85360284,0,-6.018614355,-51.13147909,74.53742665
0.1345053313,0.08258675637,NaN,NaN,0,-24.71536646,1.905646025,49.11626727,0,-2.157436281,-44.03680994,77.7936376
0.1345053313,0.08645046427,NaN,NaN,0,-27.86833627,2.093959019,46.05079843,0,-3.663463058,-72.52509441,79.9090766
0.1345053313,0.09031417218,NaN,NaN,0,-11.71967031,2.337667481,30.23913995,0,-62.04841904,-71.47815119,83.09389088
0.1345053313,0.09417788008,0.08186580629,2.454573361,1,39.60891906,2.45593819,57.20835099,0,-75.77532538,-74.21815414,88.08975882
0.1345053313,0.09804158798,0.1413509968,2.828500223,1,88.34697365,2.832029947,83.26857362,0,-107.0948004,-72.23059028,87.13909032
0.1345053313,0.1019052959,0.00942967998,3.055376709,1,92.07072483,3.05539126,59.82086867,0,-150.5543908,105.7821131,89.82317102
0.1345053313,0.1057690038,-0.08461280558,2.6509194,1,95.10353271,2.652269404,214.1797141,0,-205.7675713,33.78886819,91.82816246
0.1345053313,0.1096327117,-0.4181438403,3.752354245,1,101.0926252,3.775580307,155.2601475,0,-144.8196267,-98.87138297,96.35852594
0.1345053313,0.1134964196,-0.2535611668,3.632809402,1,137.5534665,3.641647624,-79.41371878,19.80022045,-67.7267198,132.5055193,93.99262935
0.1345053313,0.1173601275,NaN,NaN,0,-15.66615368,2.937309028,-116.0632416,0,55.52036438,126.2684399,92.89505056
0.1345053313,0.1212238354,NaN,NaN,0,-36.61849846,2.698348506,-67.77485211,0,61.86758599,54.93092534,92.11484475
0.1383690392,0.01690372206,NaN,NaN,0,-4.265683524,0.5644227783,3.015310542,0,3.015310542,-4.265683524,56.95358152
0.1383690392,0.02076742997,NaN,NaN,0,-4.290695725,0.5749776619,5.114530646,0,2.75334594,-5.688484252,57.91973363
0.1383690392,0.02463113787,NaN,NaN,0,-4.090202915,0.5968161263,9.00243743,0,2.466596131,-8.600997824,59.61768549
0.1383690392,0.02849484577,NaN,NaN,0,-3.308241747,0.6306378934,12.52454936,0,2.513541044,-11.26817681,61.6872654
0.1383690392,0.03235855367,NaN,NaN,0,-2.087357653,0.6763545084,15.49369431,0,2.832711475,-13.66995782,63.78439824
0.1383690392,0.03622226157,NaN,NaN,0,-0.6406429142,0.7329738602,17.88035217,0,3.36497046,-15.74614121,65.66980992
0.1383690392,0.04008596947,NaN,NaN,0,0.8598841918,0.7990033058,19.73381705,0,4.052549515,-17.49181568,67.22492968
0.1383690392,0.04394967737,NaN,NaN,0,2.327058202,0.8728578344,21.12076888,0,4.798341538,-18.93683818,68.42534057
0.1383690392,0.04781338527,NaN,NaN,0,3.688645369,0.9529901882,22.06494545,0,5.495361721,-20.13166145,69.30140594
0.1383690392,0.05167709317,NaN,NaN,0,4.851983217,1.03786888,22.59399445,0,6.044538868,-21.10224846,69.91339949
0.1383690392,0.05554080107,NaN,NaN,0,5.685963892,1.125985708,23.01332774,0,6.595991632,-21.73420686,70.33390001
0.1383690392,0.05940450897,NaN,NaN,0,5.9854867,1.216631808,23.55130241,0,7.505943292,-22.41147436,70.61089184
0.1383690392,0.06326821687,NaN,NaN,0,5.152561022,1.310799988,23.80985199,0,8.516218167,-24.59498165,70.80066145
0.1383690392,0.06713192477,NaN,NaN,0,2.244158322,1.410633186,24.38191773,0,8.745345794,-28.95533822,71.10930934
0.1383690392,0.07099563267,NaN,NaN,0,-2.844226568,1.519632712,26.43130784,0,7.178677434,-35.16799385,71.84405032
0.1383690392,0.07485934057,NaN,NaN,0,-8.38292114,1.642378794,28.95165662,0,1.519662792,-42.61038903,73.24521189
0.1383690392,0.07872304847,NaN,NaN,0,-14.78423161,1.777589632,34.55614923,0,-5.04397634,-46.82731602,75.43560863
0.1383690392,0.08258675637,NaN,NaN,0,-20.11690822,1.928373621,44.73095957,0,-7.417557649,-47.8723086,78.12399453
0.1383690392,0.08645046427,NaN,NaN,0,-22.27151205,2.10598844,44.83938451,0,-13.63087485,-58.43387754,80.69212079
0.1383690392,0.09031417218,NaN,NaN,0,-15.36749225,2.300642074,43.37905049,0,-33.27340326,-55.26157466,83.55784636
0.1383690392,0.09417788008,NaN,NaN,0,-19.36975774,2.464113613,63.79560845,0,-16.88245253,-27.1357138,86.44742442
0.1383690392,0.09804158798,NaN,NaN,0,37.4734739,2.640088284,15.33635219,0,-61.42280288,-27.39048427,87.4368904
0.1383690392,0.1019052959,NaN,NaN,0,103.1046999,2.62515178,-45.99654328,0,-119.9526498,72.25343347,88.68697839
0.1383690392,0.1057690038,0.05296861691,2.180563691,1,123.7133113,2.181206933,49.63093326,0,-119.7604301,21.58636682,88.60848757
0.1383690392,0.1096327117,0.07542693528,2.7328185,1,250.1722769,2.733859209,210.253775,0,-277.5776316,45.23695477,88.41901386
0.1383690392,0.1134964196,-0.05291766826,2.818140483,1,188.0948522,2.818637271,65.79830853,0,-233.6083097,38.06228535,91.0757458
0.1383690392,0.1173601275,NaN,NaN,0,18.12680414,2.841757364,5.948409401,0,-30.31258188,18.86191211,92.02517517
0.1383690392,0.1212238354,NaN,NaN,0,-18.45690635,2.770052088,-18.67628936,0,18.67628936,18.45690635,92.06884938
