PIVlab, ASCII chart output - 19-Sep-2021
FRAME: 787, filenames: A: 72_12_75_60 787.jpg & B: 72_12_75_60 788.jpg, conversion factor xy (px -> m): 0.00024148, conversion factor uv (px/frame -> m/s): 1
x [m],y [m],u [m/s],v [m/s],Vector type [-],vorticity [1/s],magnitude [m/s],divergence [1/s],dcev [1],simple shear [1/s],simple strain [1/s],vector direction [degrees]
0.03791263377,0.01690372206,NaN,NaN,0,-0.8621138096,0.3334768326,-1.17360339,0,1.17360339,0.8621138096,-47.00328162
0.03791263377,0.02076742997,NaN,NaN,0,-0.8762948443,0.3367710176,-1.687016826,0,1.310295152,1.441995371,-47.38469119
0.03791263377,0.02463113787,NaN,NaN,0,-0.9191982852,0.3435343046,-2.801892697,0,1.549319079,2.654673181,-48.17387104
0.03791263377,0.02849484577,NaN,NaN,0,-1.052431031,0.3541544869,-4.093508051,0,1.792919677,4.019991862,-49.40459591
0.03791263377,0.03235855367,NaN,NaN,0,-1.229759715,0.3692795455,-5.622044608,0,2.0428188,5.550419918,-51.0879067
0.03791263377,0.03622226157,NaN,NaN,0,-1.395400906,0.3898248306,-7.406360213,0,2.317924345,7.259056195,-53.18527952
0.03791263377,0.04008596947,NaN,NaN,0,-1.524026288,0.4169021148,-9.436049202,0,2.651363879,9.173724916,-55.6028334
0.03791263377,0.04394967737,NaN,NaN,0,-1.593676663,0.4517375705,-11.70046473,0,3.044389889,11.31603775,-58.21426075
0.03791263377,0.04781338527,NaN,NaN,0,-1.524680674,0.4955513565,-14.1651086,0,3.427022354,13.64627867,-60.884133
0.03791263377,0.05167709317,NaN,NaN,0,-1.30521887,0.5492615192,-16.72782157,0,3.779898376,16.10197584,-63.47424084
0.03791263377,0.05554080107,NaN,NaN,0,-1.310492324,0.6133461571,-19.49837907,0,4.466138137,18.76229219,-65.87568496
0.03791263377,0.05940450897,NaN,NaN,0,-1.82289353,0.689180465,-23.03499447,0,5.881088503,21.96598303,-68.06085125
0.03791263377,0.06326821687,NaN,NaN,0,-2.396097147,0.7805057694,-27.38217686,0,7.476372921,26.4070267,-70.0455776
0.03791263377,0.06713192477,NaN,NaN,0,-2.007960694,0.8912737815,-31.88626631,0,7.677894714,31.68209998,-71.88487031
0.03791263377,0.07099563267,NaN,NaN,0,1.000004141,1.020806326,-35.03331469,0,4.679745419,35.21784994,-73.5967117
0.03791263377,0.07485934057,NaN,NaN,0,10.8761217,1.157817945,-31.59522265,0,-5.615923464,32.24979004,-75.03068502
0.03791263377,0.07872304847,NaN,NaN,0,12.46848033,1.264179524,-26.36839576,0,-4.679636003,20.65653618,-75.87088946
0.03791263377,0.08258675637,NaN,NaN,0,-13.74501824,1.34123493,-46.28504408,0,38.410516,18.2435968,-75.7935959
0.03791263377,0.08645046427,NaN,NaN,0,-67.70598228,1.529546043,-122.3643501,0,133.2214834,68.7057907,-74.68872507
0.03791263377,0.09031417218,NaN,NaN,0,-8.114341707,2.119992814,-224.6178592,0,141.8251676,141.8857691,-74.05780534
0.03791263377,0.09417788008,NaN,NaN,0,768.8576381,3.034315756,111.5679795,0,-587.0968229,-124.935868,-72.33996315
0.03791263377,0.09804158798,NaN,NaN,0,333.5079665,1.707336137,347.1009848,0,38.76267108,-714.7527409,-41.20313528
0.03791263377,0.1019052959,NaN,NaN,0,760.238506,2.651726213,348.6012757,0,193.5436377,-1143.972532,27.18240271
0.03791263377,0.1057690038,4.969699226,4.6421946,1,1785.44676,6.800579468,-1112.80011,0,-1756.666485,-442.8306663,43.0485244
0.03791263377,0.1096327117,2.470059446,-1.377192098,2,1375.413892,2.828047337,-853.3963975,0,-2424.001047,362.7562619,-29.14203715
0.03791263377,0.1134964196,0.9182647506,-0.05666403809,2,-525.2238386,0.9200113941,-68.68771629,0,0.892730214,-489.1842418,-3.531115354
0.03791263377,0.1173601275,NaN,NaN,0,-139.1304231,0.5084872761,-40.55315965,0,-17.42002545,-137.1362019,29.12428505
0.03791263377,0.1212238354,NaN,NaN,0,-51.7168056,0.4454149224,-15.98896216,0,-15.98896216,-51.7168056,45.28243426
0.04177634167,0.01690372206,NaN,NaN,0,-1.300090848,0.3301977195,-1.192656417,0,1.678048553,0.6921879848,-46.61427915
0.04177634167,0.02076742997,NaN,NaN,0,-1.349111185,0.333351354,-1.647905603,0,1.865246525,1.264706512,-46.95297606
0.04177634167,0.02463113787,NaN,NaN,0,-1.469724815,0.3398040189,-2.667982745,0,2.185598242,2.459202777,-47.67337406
0.04177634167,0.02849484577,NaN,NaN,0,-1.732271386,0.3499054164,-3.892918853,0,2.510557445,3.818550484,-48.83654987
0.04177634167,0.03235855367,NaN,NaN,0,-2.062971568,0.3642937926,-5.403564438,0,2.839136739,5.334912816,-50.48025635
0.04177634167,0.03622226157,NaN,NaN,0,-2.366077574,0.3839328659,-7.20764807,0,3.193251215,7.006362513,-52.57776514
0.04177634167,0.04008596947,NaN,NaN,0,-2.627001703,0.4099809238,-9.268674341,0,3.635777811,8.878729127,-55.02443436
0.04177634167,0.04394967737,NaN,NaN,0,-2.854579689,0.4437489439,-11.5994182,0,4.177040094,11.02892785,-57.68637063
0.04177634167,0.04781338527,NaN,NaN,0,-2.868016682,0.4867211408,-14.18990019,0,4.649648989,13.39796173,-60.43928059
0.04177634167,0.05167709317,NaN,NaN,0,-2.491287671,0.5399420802,-16.6772448,0,4.857338699,15.74008889,-63.12347699
0.04177634167,0.05554080107,NaN,NaN,0,-2.556481776,0.6025888562,-18.97201375,0,5.490544735,17.97922512,-65.56539863
0.04177634167,0.05940450897,NaN,NaN,0,-3.748370742,0.6746135572,-22.38498388,0,7.687034076,20.56807382,-67.75127676
0.04177634167,0.06326821687,NaN,NaN,0,-5.236779062,0.7619504345,-27.2997767,0,10.74947739,25.49849017,-69.68929133
0.04177634167,0.06713192477,NaN,NaN,0,-5.594378059,0.8733839175,-33.38991953,0,11.84415479,33.27481116,-71.5277896
0.04177634167,0.07099563267,NaN,NaN,0,-3.246665828,1.014090339,-41.55198866,0,9.355782249,41.78812626,-73.46396765
0.04177634167,0.07485934057,NaN,NaN,0,18.40396311,1.188944252,-34.92943043,0,-16.09196228,39.32951107,-75.36840258
0.04177634167,0.07872304847,NaN,NaN,0,27.07143619,1.293747824,-6.643675615,0,-33.63059919,6.057466621,-76.70294926
0.04177634167,0.08258675637,NaN,NaN,0,-18.90350654,1.230578536,2.045370717,0,19.59565437,-42.46377941,-77.08751455
0.04177634167,0.08645046427,NaN,NaN,0,-181.5504814,1.127791093,-110.4688916,0,219.7206611,31.7092617,-74.56079235
0.04177634167,0.09031417218,NaN,NaN,0,-399.2530548,1.799100486,-659.1307965,0,553.1092161,485.8137952,-76.4189273
0.04177634167,0.09417788008,0.8946910611,-5.510824477,1,-269.3348617,5.582979358,-127.3538012,0,308.635844,-141.5152463,-80.77839901
0.04177634167,0.09804158798,0.574314125,-1.694079476,1,100.1371796,1.788782263,882.8956799,0,-118.8682258,-573.587842,-71.27269855
0.04177634167,0.1019052959,0.8223197699,0.1166024139,1,764.318223,0.8305455598,513.5740341,67.42644746,-404.5255893,644.6842013,8.070562391
0.04177634167,0.1057690038,1.964447767,-2.200650864,2,1318.213368,2.949901567,-1715.948919,0,-1137.067533,570.3805598,-48.24577201
0.04177634167,0.1096327117,1.522214362,-8.717106855,1,9.675494542,8.849016244,209.3951929,0,-559.3832407,-608.5670546,-80.09466976
0.04177634167,0.1134964196,-0.1594623953,0.9597163336,1,-214.6786898,0.9728739366,977.7733677,0,-153.1770315,-1403.285826,99.43383813
0.04177634167,0.1173601275,NaN,NaN,0,32.58942929,0.4930507914,-140.0229307,0,55.94321731,8.588389708,78.18808483
0.04177634167,0.1212238354,NaN,NaN,0,15.83866899,0.4265834495,-48.41078276,0,26.43915704,1.843928015,64.6557054
0.04564004958,0.01690372206,NaN,NaN,0,-2.078086814,0.3238061731,-1.262870999,0,2.624115078,0.3004095821,-45.8649616
0.04564004958,0.02076742997,NaN,NaN,0,-2.202492305,0.3267109672,-1.576432888,0,2.928181078,0.8753956529,-46.10100156
0.04564004958,0.02463113787,NaN,NaN,0,-2.495447746,0.3325891196,-2.366018704,0,3.434399261,2.062076052,-46.65473647
0.04564004958,0.02849484577,NaN,NaN,0,-3.055295807,0.3416796923,-3.424999228,0,3.935912798,3.441715435,-47.65214573
0.04564004958,0.03235855367,NaN,NaN,0,-3.741922228,0.3545680535,-4.909552392,0,4.428064125,4.946412175,-49.19845351
0.04564004958,0.03622226157,NaN,NaN,0,-4.30726743,0.3723642117,-6.788819291,0,4.908497277,6.515925911,-51.30024365
0.04564004958,0.04008596947,NaN,NaN,0,-4.807170803,0.3962794629,-8.897162966,0,5.5653036,8.240320158,-53.80584149
0.04564004958,0.04394967737,NaN,NaN,0,-5.489140345,0.4276638439,-11.33474028,0,6.537860324,10.42687604,-56.54778958
0.04564004958,0.04781338527,NaN,NaN,0,-5.839444452,0.4688268714,-14.44753665,0,7.375120568,13.04684403,-59.4834579
0.04564004958,0.05167709317,NaN,NaN,0,-4.506712669,0.5223256234,-16.97570513,0,6.780542006,15.32473143,-62.438616
0.04564004958,0.05554080107,NaN,NaN,0,-4.119933982,0.5834751553,-17.51146895,0,6.395825643,16.66242386,-64.9715663
0.04564004958,0.05940450897,NaN,NaN,0,-7.303324109,0.6456516442,-20.50040348,0,10.55302119,16.56134409,-67.17374994
0.04564004958,0.06326821687,NaN,NaN,0,-11.67638781,0.7202193105,-26.28581406,0,18.45846529,21.50026147,-68.88900995
0.04564004958,0.06713192477,NaN,NaN,0,-14.30757051,0.8273524279,-32.87268802,0,22.01492865,34.07948664,-70.46320469
0.04564004958,0.07099563267,NaN,NaN,0,-27.71618782,0.9744634424,-62.8091562,0,37.91112639,59.37646668,-72.73672642
0.04564004958,0.07485934057,NaN,NaN,0,43.03797166,1.291093919,-59.76319294,0,-38.60012001,77.38630321,-75.82965666
0.04564004958,0.07872304847,NaN,NaN,0,100.6038369,1.492251062,31.24978811,0,-137.6334819,5.27963375,-78.15403978
0.04564004958,0.08258675637,0.1729952403,-1.151467671,1,144.5373085,1.164390463,231.7738619,0,-198.0452316,-165.670675,-81.45584791
0.04564004958,0.08645046427,0.09959209059,0.07513895266,1,34.22318081,0.1247575517,483.5202508,0,-101.6062723,-239.2727183,37.03335101
0.04564004958,0.09031417218,-0.08735334258,1.641193234,1,39.84355863,1.643516303,-221.0880492,0,-96.24215033,-31.28398411,93.04672203
0.04564004958,0.09417788008,-0.1183155937,-0.6582085133,1,201.6172341,0.6687578236,-852.994663,0,462.7684203,81.86916587,-100.1903191
0.04564004958,0.09804158798,2.479638759,-1.970847527,2,968.5868939,3.167467183,-76.64637528,83.77670417,830.8110265,608.314417,-38.47811124
0.04564004958,0.1019052959,6.834032368,-3.304696938,1,658.5290802,7.59111456,-0.8908419147,0,-1159.623133,742.8108463,-25.80677234
0.04564004958,0.1057690038,0.5435577074,-4.844293616,1,-1098.108832,4.874693387,604.2577102,137.8533507,-430.5409906,674.4420766,-83.59786111
0.04564004958,0.1096327117,0.9277759708,-3.575868829,2,-1172.891513,3.694266657,760.1716692,49.60848078,844.3602584,-540.458231,-75.45505281
0.04564004958,0.1134964196,-0.7257910957,0.1809604049,1,8.083320427,0.7480102825,610.2412737,0,-264.6771081,-402.667775,165.9999732
0.04564004958,0.1173601275,NaN,NaN,0,130.968674,0.3436574763,40.43385085,14.40820027,91.42648087,-5.248021175,100.6697577
0.04564004958,0.1212238354,NaN,NaN,0,55.72292516,0.3815698425,17.90405206,0,46.30667956,7.682808571,69.52400524
0.04950375748,0.01690372206,NaN,NaN,0,-2.548493412,0.3145918375,-1.356890002,0,3.449299481,-0.3289885809,-44.83330719
0.04950375748,0.02076742997,NaN,NaN,0,-2.750816409,0.3172260396,-1.419756391,0,3.925470513,0.2652106103,-44.86604909
0.04950375748,0.02463113787,NaN,NaN,0,-3.254278055,0.3224035013,-1.794659956,0,4.687904924,1.471990343,-45.08511633
0.04950375748,0.02849484577,NaN,NaN,0,-4.251541869,0.3300941548,-2.531506962,0,5.370630363,2.93982303,-45.74053646
0.04950375748,0.03235855367,NaN,NaN,0,-5.542154104,0.3406331879,-4.020826612,0,6.028709687,4.493094539,-47.08105527
0.04950375748,0.03622226157,NaN,NaN,0,-6.313899118,0.3556226241,-6.140913738,0,6.447370169,5.870608796,-49.22460716
0.04950375748,0.04008596947,NaN,NaN,0,-6.805273732,0.3762683737,-8.196417953,0,7.179078986,7.139749553,-51.84130248
0.04950375748,0.04394967737,NaN,NaN,0,-8.455366437,0.4031953413,-10.3948433,0,9.033977033,9.391412131,-54.57623205
0.04950375748,0.04781338527,NaN,NaN,0,-10.49390811,0.4401167712,-15.28980099,0,11.53243095,13.03780692,-57.77198002
0.04950375748,0.05167709317,NaN,NaN,0,-5.57618457,0.4983558225,-19.26657013,0,8.493883116,15.84956896,-61.51079389
0.04950375748,0.05554080107,NaN,NaN,0,-2.113217376,0.5644103285,-13.59775346,0,2.759194643,16.78439479,-64.16232344
0.04950375748,0.05940450897,NaN,NaN,0,-9.668603896,0.6051155893,-15.81934702,0,9.670759741,7.514617203,-66.61157298
0.04950375748,0.06326821687,NaN,NaN,0,-19.85787758,0.6467511296,-24.47038803,0,30.51643393,9.861724978,-67.64467792
0.04950375748,0.06713192477,NaN,NaN,0,-12.24332833,0.743361748,-9.005862302,0,19.84596812,22.16640727,-67.75692414
0.04950375748,0.07099563267,0.2753657324,-0.718583736,1,50.5390768,0.7695380902,-59.36854733,0,-28.01364873,141.9321584,-69.03285854
0.04950375748,0.07485934057,0.3684214249,-1.465812545,1,104.03766,1.511403574,28.01767448,13.43442969,-61.76354777,406.1412491,-75.89136852
0.04950375748,0.07872304847,0.4387005538,-2.179542778,1,175.0554531,2.223255473,7.708028087,19.31098293,-133.1345395,281.3536187,-78.61951187
0.04950375748,0.08258675637,0.5303915901,-2.523099175,1,255.3290656,2.578244497,462.6740529,0,-46.91880713,315.757037,-78.12846014
0.04950375748,0.08645046427,1.243936916,-1.611898343,2,92.80783262,2.036073506,653.1686421,0,-373.1128731,588.8499643,-52.34185203
0.04950375748,0.09031417218,-0.5526252095,-2.274590592,2,380.2549858,2.340759916,-528.6285599,0,-1241.771854,219.3353925,-103.6557624
0.04950375748,0.09417788008,-2.084712615,-4.501812576,1,778.5555885,4.961082861,265.5322683,124.3950439,44.7854688,253.0609816,-114.8480498
0.04950375748,0.09804158798,2.628524138,-2.226405183,1,119.4647075,3.444708868,-340.2068805,0,1374.849748,282.6129971,-40.26517343
0.04950375748,0.1019052959,3.688881952,-6.908206657,1,1092.636934,7.83142192,-551.7167187,160.5815783,14.1874443,-1225.95026,-61.89843096
0.04950375748,0.1057690038,6.904970235,0.3786362786,1,-614.777663,6.915343764,810.61547,0,273.7169314,-738.4590361,3.138689218
0.04950375748,0.1096327117,2.371122909,-0.9230352499,2,-1221.306084,2.544448452,-50.64540192,196.3399382,-399.5279501,71.72062052,-21.27006307
0.04950375748,0.1134964196,0.6425409717,-0.09415028905,2,-257.3862067,0.6494021691,345.0848631,0,-294.9971231,20.81963374,-8.336117698
0.04950375748,0.1173601275,NaN,NaN,0,-97.05405265,0.4060766048,76.87518142,10.06959536,3.600061142,-37.85768111,54.31517702
0.04950375748,0.1212238354,NaN,NaN,0,11.19345986,0.4484667224,49.06939558,0,11.88642809,39.07221139,51.1260132
0.05336746538,0.01690372206,NaN,NaN,0,-2.503097998,0.3028555055,-1.573460537,0,4.111791867,-1.367168014,-43.69597532
0.05336746538,0.02076742997,NaN,NaN,0,-2.772800346,0.305383438,-1.208018072,0,4.861698088,-0.7005796181,-43.34722694
0.05336746538,0.02463113787,NaN,NaN,0,-3.519306197,0.3100732075,-0.861357767,0,6.02111956,0.6208516789,-42.92761502
0.05336746538,0.02849484577,NaN,NaN,0,-5.154439511,0.3163534657,-0.8855420506,0,6.829994042,2.352491801,-42.89977906
0.05336746538,0.03235855367,NaN,NaN,0,-7.861253203,0.3233691581,-2.501333357,0,7.86877409,4.215534156,-43.76952218
0.05336746538,0.03622226157,NaN,NaN,0,-8.600901204,0.3345801768,-5.557591095,0,7.673194724,5.333665179,-46.15371864
0.05336746538,0.04008596947,NaN,NaN,0,-7.644658571,0.3514307398,-7.352751812,0,7.669665144,5.056657128,-49.13588534
0.05336746538,0.04394967737,NaN,NaN,0,-11.03314356,0.370710663,-6.758413967,0,10.88653787,6.961216007,-51.28318993
0.05336746538,0.04781338527,NaN,NaN,0,-22.10463698,0.3927212476,-17.05025389,0,21.2267431,13.86340257,-54.26511059
0.05336746538,0.05167709317,NaN,NaN,0,-5.190900126,0.4682168242,-31.20302093,0,12.90336486,18.25134268,-60.79257472
0.05336746538,0.05554080107,NaN,NaN,0,10.91185295,0.5719459558,-1.793627727,0,-13.52368993,27.11096913,-63.05576624
0.05336746538,0.05940450897,0.2183856911,-0.5203661158,1,-7.215171648,0.5643343021,35.04622044,0,-7.330435659,26.60606852,-67.23332752
0.05336746538,0.06326821687,0.2029619262,-0.4772497814,1,49.54385779,0.5186144014,19.14018944,6.884944684,-21.29650553,54.17633216,-66.9612118
0.05336746538,0.06713192477,0.3275252092,-0.6557355372,1,92.2658143,0.7329814851,152.271037,0,12.61381799,348.1502487,-63.4588991
0.05336746538,0.07099563267,0.60818619,-1.234069839,1,205.5675923,1.375797518,113.5647514,0,225.6257248,433.6408785,-63.76455582
0.05336746538,0.07485934057,1.993530235,-1.892416198,1,62.94176303,2.748709127,106.1778624,0,147.9941243,472.9646256,-43.50947492
0.05336746538,0.07872304847,1.423180845,-2.651226754,1,98.96787677,3.00906082,221.4897668,0,208.2746446,331.9662774,-61.77305761
0.05336746538,0.08258675637,3.180625592,-2.319265165,1,406.6670307,3.936415891,313.9111575,0,492.7820058,74.19733374,-36.0989779
0.05336746538,0.08645046427,4.898389193,-1.725042559,1,-472.0475027,5.193263763,-58.46734667,0,-683.0598461,538.5186512,-19.40049348
0.05336746538,0.09031417218,-1.282371797,-4.625844682,1,-262.7224703,4.800303787,189.3924084,0,-517.1014779,647.0458874,-105.4943817
0.05336746538,0.09417788008,1.885377243,-3.493281922,1,371.4265981,3.969592666,1705.412141,0,544.6583403,-237.1359105,-61.6435904
0.05336746538,0.09804158798,2.257112817,2.879593571,1,96.1835391,3.658772664,-681.5571636,0,-593.0458476,348.0829992,51.90957466
0.05336746538,0.1019052959,-0.03435358361,-7.471510754,1,-188.5702637,7.471589731,-901.4311042,0,-182.7734721,209.1610299,-90.2634409
0.05336746538,0.1057690038,0.8223490911,-1.411410032,1,-513.4351074,1.633504302,-378.4422456,0,783.5274824,-2208.485503,-59.77305513
0.05336746538,0.1096327117,1.009204459,-0.40075816,2,-226.8801393,1.085864054,-99.4745526,11.64712712,192.0969478,-473.9989419,-21.65817746
0.05336746538,0.1134964196,0.6879569995,0.03564281015,2,-119.9748728,0.6888797014,193.8279242,0,-118.6766332,-97.95710423,2.96582242
0.05336746538,0.1173601275,0.08712475036,0.7266139599,1,2.760574489,0.7318186721,146.4873965,0,-58.12830949,62.50163988,83.16258443
0.05336746538,0.1212238354,NaN,NaN,0,144.7183908,0.5953207892,5.05970617,0,55.55942728,194.7607538,37.22523556
0.05723117328,0.01690372206,NaN,NaN,0,-1.623755238,0.2886921871,-2.108046832,0,4.588623029,-3.119362549,-42.82556669
0.05723117328,0.02076742997,NaN,NaN,0,-1.915807311,0.2916136031,-1.029070724,0,5.790583879,-2.269639617,-41.77898365
0.05723117328,0.02463113787,NaN,NaN,0,-2.895706878,0.2967301318,0.4427890106,0,7.704881187,-0.6404958098,-40.18077848
0.05723117328,0.02849484577,NaN,NaN,0,-4.985656773,0.3030780601,2.352029883,0,8.059452154,1.633758339,-38.84727336
0.05723117328,0.03235855367,NaN,NaN,0,-12.14751799,0.3041705369,0.4586263303,0.8945850063,10.94319791,4.682885106,-38.33769119
0.05723117328,0.03622226157,NaN,NaN,0,-12.58379393,0.3100857495,-6.235365474,1.125191231,8.706969494,6.191860637,-41.73652153
0.05723117328,0.04008596947,NaN,NaN,0,-4.139315786,0.3256082317,-8.898584232,0,4.939848997,0.791997774,-46.62868786
0.05723117328,0.04394967737,NaN,NaN,0,-5.927912246,0.3383102615,7.764193134,0,5.615766204,-0.4666078027,-46.12387538
0.05723117328,0.04781338527,0.2223968259,-0.2048892703,1,-29.78818636,0.3023904119,6.102554662,3.948988578,17.67222892,38.25557902,-42.65368389
0.05723117328,0.05167709317,0.1876708331,-0.3680974606,1,2.976562399,0.4131780271,3.023419749,0,28.44532887,105.9064818,-62.98569101
0.05723117328,0.05554080107,0.3438018354,-0.6023993699,1,-27.16516072,0.6936026982,53.82529801,0,102.4151052,102.4169753,-60.2856993
0.05723117328,0.05940450897,0.4784146381,-0.5558415078,1,-21.61280914,0.7333759935,128.0065374,0,69.61414518,197.745322,-49.28131193
0.05723117328,0.06326821687,0.5292649767,-0.8718496632,1,224.8092916,1.019923159,243.384677,0,224.6182614,357.2535223,-58.73974098
0.05723117328,0.06713192477,2.214871425,-0.9957974651,1,196.6374598,2.428429127,368.0519148,0,284.8542882,308.3256885,-24.20849577
0.05723117328,0.07099563267,2.389608448,-0.6410849709,1,-68.31121704,2.474109632,195.9577769,0,169.5578474,232.5541251,-15.01770101
0.05723117328,0.07485934057,2.606058831,-1.137195064,1,-114.7895985,2.843370403,-87.78537723,0,163.314125,201.089562,-23.57481252
0.05723117328,0.07872304847,2.577093044,-1.757213356,1,-304.0285112,3.119167731,68.15000491,43.00880402,154.9154282,340.7329818,-34.28846239
0.05723117328,0.08258675637,2.029929434,-2.190376066,1,-76.52628276,2.986362472,-81.98331057,0,211.5318016,91.41878475,-47.17720961
0.05723117328,0.08645046427,3.098714934,-2.427188402,2,188.9446997,3.936150122,-411.26774,0,-20.91993561,-135.0924352,-38.07119711
0.05723117328,0.09031417218,2.679128042,-3.257436773,2,-257.7916767,4.217655913,671.4994745,0,384.4997341,1035.219341,-50.56389621
0.05723117328,0.09417788008,3.588277857,-3.832495725,1,-297.0864908,5.250120138,257.0290526,23.92978665,-49.4849122,679.4081451,-46.88492542
0.05723117328,0.09804158798,1.340077375,-4.88938621,1,631.6952463,5.069704614,-315.7381424,0,-1297.927096,474.5166858,-74.67282732
0.05723117328,0.1019052959,1.014152597,-6.885809548,1,-807.7719893,6.960091854,1265.656897,0,-338.8572166,-1394.768622,-81.62162399
0.05723117328,0.1057690038,-3.090162947,5.389720884,1,349.0143468,6.212744824,829.4051228,0,-571.2784985,-1132.849679,119.8275351
0.05723117328,0.1096327117,0.155388838,0.6957698315,2,753.0475752,0.7129104778,-620.97132,49.95108616,308.9169598,797.0590527,77.41052146
0.05723117328,0.1134964196,1.012957816,-0.08913427026,2,272.6817646,1.016871898,113.2312498,41.61377303,-42.60256354,268.8319915,-5.028735826
0.05723117328,0.1173601275,1.044347665,0.09457401647,1,176.7262316,1.048621137,295.5645902,0,-166.2305831,271.2889308,5.174476082
0.05723117328,0.1212238354,NaN,NaN,0,106.0118549,1.053520242,127.8938809,0,-101.2691198,174.4368557,0.2534236845
0.06109488118,0.01690372206,NaN,NaN,0,0.5751191014,0.2716920164,-3.330577963,0,4.890972847,-6.112311287,-42.97861875
0.06109488118,0.02076742997,NaN,NaN,0,0.3702501643,0.2759785864,-0.9901780748,0,6.74835016,-4.870949419,-40.66721482
0.06109488118,0.02463113787,NaN,NaN,0,-1.16205723,0.2831564402,1.30955465,0,10.94836916,-2.546953641,-36.95374433
0.06109488118,0.02849484577,NaN,NaN,0,0.2550372869,0.2971306778,9.392246242,0,6.759735479,0.1401522598,-33.71940708
0.06109488118,0.03235855367,NaN,NaN,0,-23.15936806,0.2868542416,8.219174269,1.724474572,19.13759589,6.69038729,-27.95654816
0.06109488118,0.03622226157,0.2316042837,-0.1590382357,1,-22.67707602,0.2809514276,10.97829831,3.053098554,8.501271643,35.8811057,-34.47664217
0.06109488118,0.04008596947,0.1986081525,-0.2306949642,1,-0.5348238144,0.3044098631,25.06233396,0,7.900920557,47.21882787,-49.27443194
0.06109488118,0.04394967737,0.2600647299,-0.2446444563,1,12.7098725,0.3570498197,37.99934842,0,39.60824195,13.3377279,-43.24999849
0.06109488118,0.04781338527,0.4007500647,-0.1354096662,1,32.57131514,0.4230087375,41.58871703,0,68.18310718,58.57728547,-18.66962584
0.06109488118,0.05167709317,0.6493503874,-0.3102833224,1,11.02989252,0.7196746944,94.8116604,0,108.5667118,62.14617337,-25.540174
0.06109488118,0.05554080107,0.8628364096,-0.009199765867,1,20.19989295,0.8628854533,83.25366384,0,194.0102279,46.40007285,-0.6108780039
0.06109488118,0.05940450897,1.476995724,-0.1678918117,1,117.5295864,1.486507325,65.98283499,0,312.3207323,187.3139791,-6.485041742
0.06109488118,0.06326821687,2.523652482,-0.4779878661,1,51.81759502,2.568519856,238.6533233,0,327.0555012,276.699592,-10.72496098
0.06109488118,0.06713192477,2.940850699,-0.3148914805,1,-187.5516126,2.95766115,92.51569956,18.76492038,120.3049476,50.33481665,-6.111657655
0.06109488118,0.07099563267,2.263831011,-0.3150132555,1,-161.7883287,2.28564306,-9.089108883,27.03128514,29.90822724,121.1001231,-7.921868672
0.06109488118,0.07485934057,2.431304509,-0.8179046446,1,-36.88539006,2.565191927,6.058070481,0,228.1923621,151.7699587,-18.59323173
0.06109488118,0.07872304847,3.002985271,-0.8780014294,1,-98.77929885,3.128706929,45.87248208,0,302.1531096,146.3946318,-16.29766374
0.06109488118,0.08258675637,3.217081509,-1.206292869,1,-250.457322,3.435804988,-11.88999218,26.759258,194.6631965,417.2047588,-20.55428553
0.06109488118,0.08645046427,2.787413067,-2.535898209,1,142.4666231,3.768348621,100.8565046,0,399.7093699,343.6091761,-42.29491097
0.06109488118,0.09031417218,5.311891176,-2.144218283,1,159.8291197,5.72833832,376.284755,0,543.144305,376.4720201,-21.98214729
0.06109488118,0.09417788008,5.503497042,-2.536621746,1,-487.9936538,6.059944684,-121.7145242,76.65306354,-143.8616803,507.6511771,-24.74549096
0.06109488118,0.09804158798,2.87058673,-4.575903516,1,-921.7322737,5.40177389,-235.4036235,105.4823843,-640.6789575,572.9233452,-57.89885109
0.06109488118,0.1019052959,-0.5332035757,-5.659761042,1,-1173.043962,5.684821994,190.7793963,188.4259215,339.4771264,292.0420339,-95.38192515
0.06109488118,0.1057690038,-0.3500720373,-4.967152769,1,1310.981057,4.979473573,1348.214298,0,-735.6892243,431.2164281,-94.03139195
0.06109488118,0.1096327117,1.689556023,-2.116749127,2,805.3234905,2.708362314,1089.369323,0,-154.5988846,109.8364167,-51.40368037
0.06109488118,0.1134964196,2.164137763,-1.182523739,2,313.7312021,2.466141653,541.1998604,0,-161.6169198,148.2410313,-28.65298474
0.06109488118,0.1173601275,2.277281178,-0.5984709948,1,225.5364138,2.354607631,283.2787569,0,-360.6366536,91.28964693,-14.72441872
0.06109488118,0.1212238354,NaN,NaN,0,-69.52030244,1.700265468,110.9844305,0,-259.2474484,29.33379814,-15.02347364
0.06495858908,0.01690372206,NaN,NaN,0,4.885654164,0.2509132679,-6.052161329,0,5.242737138,-11.18796955,-45.69735032
0.06495858908,0.02076742997,NaN,NaN,0,5.350269083,0.2583284945,-0.2151849316,0,6.729997744,-9.250326464,-41.04948615
0.06495858908,0.02463113787,0.2219245884,-0.1446595505,1,1.080846087,0.2649092458,2.69953634,0,19.12185422,1.489653323,-33.09795829
0.06495858908,0.02849484577,0.2728738716,-0.1649724323,1,4.804564626,0.3188668268,52.9440754,0,14.4161913,22.03926628,-31.1560645
0.06495858908,0.03235855367,0.296187975,-0.02525239538,1,0.6110972825,0.2972625102,66.41701218,0,35.51158815,45.96762148,-4.873139068
0.06495858908,0.03622226157,0.4124413767,-0.08596195989,1,-1.442797618,0.421304341,17.00876672,0,54.93757345,63.29721242,-11.7731715
0.06495858908,0.04008596947,0.502876163,-0.2040974287,1,-33.94287922,0.5427155754,28.15184984,0,39.22108474,42.12241005,-22.0902765
0.06495858908,0.04394967737,0.432834821,-0.1399401238,1,-33.90341398,0.4548947357,22.33232323,0,61.47610862,-13.07452537,-17.91657453
0.06495858908,0.04781338527,0.6094090011,-0.06729570802,1,6.206761579,0.6131134014,4.844912588,0,87.29803842,-33.64051287,-6.30151664
0.06495858908,0.05167709317,0.7941100555,0.008756318656,1,-49.24708438,0.7941583302,2.788110667,0,110.1567098,-32.52737022,0.6317509366
0.06495858908,0.05554080107,0.8447460022,0.0691529945,1,44.23230113,0.8475717934,-4.865074673,0,127.3566237,-53.52772412,4.679938518
0.06495858908,0.05940450897,1.45707954,0.1967745818,1,147.5329565,1.470306438,-24.22063852,0,286.1675581,-55.90942507,7.691106401
0.06495858908,0.06326821687,2.520438107,0.1915892095,1,42.73243905,2.527709373,-93.61065529,0,296.248816,-92.80722422,4.346936065
0.06495858908,0.06713192477,2.766804093,0.1936703588,1,-63.09181155,2.773574066,-149.4504569,0,141.2416585,-125.6353328,4.004050786
0.06495858908,0.07099563267,2.822386288,0.09957452663,1,-42.69813892,2.82414225,-22.20572019,0,158.9222823,57.16943599,2.020572036
0.06495858908,0.07485934057,3.215860235,-0.1130120592,1,-112.4548914,3.217845362,78.85414848,0,241.2355177,158.4932352,-2.012665356
0.06495858908,0.07872304847,3.319957011,-0.2081276419,1,-110.5742496,3.32647436,73.57948414,0,208.9479039,166.1196946,-3.587170125
0.06495858908,0.08258675637,3.5959473,-0.4705604016,1,42.89847253,3.626605034,-17.48081864,0,344.3056132,299.6109383,-7.455279832
0.06495858908,0.08645046427,4.816000496,-1.433277569,1,28.9845287,5.024753264,128.1195444,0,486.4822439,466.1001824,-16.57339669
0.06495858908,0.09031417218,5.587560342,-1.776418863,1,-120.5537052,5.863147154,-58.20703585,0,188.7327348,218.6236043,-17.63670309
0.06495858908,0.09417788008,5.079424352,-2.5028703,1,-513.5687014,5.662588762,-202.3960445,68.3623408,-248.239755,322.2449171,-26.23162723
0.06495858908,0.09804158798,2.64415499,-3.803478291,1,-534.2876215,4.632278351,385.3070396,62.74609277,-35.0594504,7.172753222,-55.19320812
0.06495858908,0.1019052959,2.879633572,-1.04186987,2,-1595.960907,3.062316498,962.9625313,0,1891.242705,630.2606107,-19.89044837
0.06495858908,0.1057690038,3.785037607,-2.518015252,2,-259.8628477,4.546087383,802.4249759,0,753.9830056,1312.613638,-33.63403605
0.06495858908,0.1096327117,4.788769529,-3.013089833,1,-64.18405818,5.657828554,621.3917909,0,36.15875887,468.1000042,-32.17806888
0.06495858908,0.1134964196,3.676756036,-1.925740564,2,-277.272709,4.150543539,510.0373738,0,-317.2854259,291.8888078,-27.64378325
0.06495858908,0.1173601275,2.491570566,-2.170227495,2,355.7126419,3.304211141,172.9757269,0,-894.3396564,-136.9209084,-41.05677393
0.06495858908,0.1212238354,NaN,NaN,0,-344.0151098,1.75404647,245.2022069,0,-119.7425054,-501.1466613,-24.53587586
0.06882229698,0.01690372206,0.1321612647,-0.1838396818,1,-133.9767277,0.2264147268,13.37099818,0,154.9920586,8.543973482,-54.28786456
0.06882229698,0.02076742997,0.1727598148,-0.174514575,1,-29.31253347,0.2455632108,24.45414786,0,57.86045434,2.889451354,-45.28951027
0.06882229698,0.02463113787,0.2424620921,-0.1005199935,1,38.69497814,0.2624731133,10.20755166,0,55.54018686,-1.880854645,-22.51793029
0.06882229698,0.02849484577,0.5368569663,-0.1278085041,1,52.42275244,0.5518608665,30.93007021,0,62.78746432,4.818493493,-13.39102486
0.06882229698,0.03235855367,0.6876007169,0.0003675117179,1,-11.41053543,0.6876008151,71.09832133,0,12.71140071,22.80078996,0.03062368586
0.06882229698,0.03622226157,0.5418831298,0.05879904945,1,-80.95874833,0.5450638995,17.81417282,12.77517601,24.67257018,4.453507107,6.192862814
0.06882229698,0.04008596947,0.4701273656,0.05198922139,1,-95.71255323,0.4729932548,28.84310521,14.5523057,32.03046869,12.00044759,6.310436166
0.06882229698,0.04394967737,0.2958341566,0.1238741588,1,-83.9560842,0.3207220844,42.75851743,10.54701578,37.20433848,10.16958404,22.72044449
0.06882229698,0.04781338527,0.2894922763,0.1779033408,1,-112.6019982,0.3397872522,237.4892564,0,174.3593631,190.4535532,31.57221006
0.06882229698,0.05167709317,0.5344465753,0.3056063768,1,-23.39937009,0.6156528237,-19.47548087,0,113.3987759,-54.17401364,29.76171531
0.06882229698,0.05554080107,0.6372236916,0.311968336,1,12.5337881,0.7094915615,-43.25972661,0,151.2855287,-59.34412495,26.08518179
0.06882229698,0.05940450897,1.167396564,0.3677517937,1,42.41310939,1.223951028,-44.84899723,0,259.4121286,-93.90990751,17.48540407
0.06882229698,0.06326821687,1.803388248,0.5015253626,1,5.931334218,1.871827146,-154.4426386,0,177.9860359,-182.0952385,15.5413402
0.06882229698,0.06713192477,1.87799956,0.4745933621,1,-10.04830264,1.937039289,-163.5874123,0,164.183233,-153.8723394,14.18240535
0.06882229698,0.07099563267,2.398920596,0.4639891589,1,96.16766399,2.443380029,-19.65090442,0,284.385408,-38.81861151,10.94674038
0.06882229698,0.07485934057,3.348345471,0.5486517834,1,78.53000311,3.392998109,36.47872219,0,317.5124319,64.28887818,9.305652348
0.06882229698,0.07872304847,3.929112881,0.3565388395,1,29.64837674,3.945256389,14.73031309,0,218.50817,167.5357313,5.18498105
0.06882229698,0.08258675637,4.307149881,-0.04174371804,1,64.1105532,4.307352161,5.341593953,0,234.6158694,296.4607832,-0.5552776314
0.06882229698,0.08645046427,5.08330452,-0.7682606719,1,85.76915493,5.14103193,-5.62980095,0,334.6932868,229.2435713,-8.594304498
0.06882229698,0.09031417218,5.931693939,-0.9492258219,1,-33.77859704,6.007164277,-16.0421095,0,262.3811675,176.3139245,-9.091734766
0.06882229698,0.09417788008,5.966558078,-1.5114682,1,-394.5892475,6.155026516,6.581442946,67.17809893,-5.202862248,446.0054131,-14.21531344
0.06882229698,0.09804158798,4.387014006,-2.647031687,1,-356.5027469,5.123735809,1748.641135,0,267.4657852,-664.9065618,-31.10589489
0.06882229698,0.1019052959,5.622545266,7.813775103,1,469.6539793,9.626426992,665.8652868,0,419.338006,252.5102423,54.26240406
0.06882229698,0.1057690038,7.821819363,-1.049948535,1,-211.9236645,7.891973776,-851.5521375,0,283.4841502,1618.310787,-7.645300343
0.06882229698,0.1096327117,5.89903408,-1.729053792,1,-618.1696629,6.147213197,95.23719583,103.7363631,-44.21816316,169.5628596,-16.33628047
0.06882229698,0.1134964196,5.262546287,-1.33712119,1,-609.710171,5.42975934,-307.236758,74.67690803,-291.6125232,650.1995282,-14.25618451
0.06882229698,0.1173601275,2.416586465,-5.428307936,1,-893.4849737,5.941920328,212.6740327,138.6967243,-299.4859019,-243.6003986,-66.00221934
0.06882229698,0.1212238354,0.6532552893,0.4257899353,1,-578.9125016,0.7797689029,1365.502163,0,-333.8537949,-1664.798275,33.09619411
0.07268600488,0.01690372206,0.2599230152,0.9369222847,1,-212.2446153,0.9723082543,-170.1293722,0,233.2302616,228.3264167,74.49480594
0.07268600488,0.02076742997,0.3004642191,0.1671638949,1,-64.75324688,0.3438350109,-112.525628,0,63.24523907,150.5628081,29.08946647
0.07268600488,0.02463113787,0.2540965135,-0.07957458451,1,3.987001848,0.2662651924,-33.28936729,0,24.62066295,42.30902562,-17.3888223
0.07268600488,0.02849484577,0.4109958796,-0.1249262131,1,45.4815429,0.4295627681,9.862185278,0,59.3116273,-28.31935127,-16.90716178
0.07268600488,0.03235855367,0.6589867131,0.06794771988,1,-5.251699682,0.6624804757,46.37749536,0,27.89350134,-69.33850196,5.886929468
0.07268600488,0.03622226157,0.4984771875,0.3221666,1,-53.01297241,0.5935240725,49.54018662,0,53.45218975,-7.792453468,32.87465041
0.07268600488,0.04008596947,0.6606837206,0.2894642943,1,-49.81900467,0.7213130779,131.2676014,0,85.75763173,129.7090575,23.65959055
0.07268600488,0.04394967737,0.6373335448,0.3281883586,1,159.3264241,0.7168693368,275.9244278,0,255.3455274,81.29923986,27.24573768
0.07268600488,0.04781338527,2.262855016,1.04143917,1,-76.62293518,2.491005493,123.1348657,0,43.5501392,69.01171688,24.7134188
0.07268600488,0.05167709317,0.5095499217,0.5373043961,1,-298.8292847,0.7404978979,85.25802916,39.14916865,-170.8077511,198.1521689,46.51868487
0.07268600488,0.05554080107,0.4483146903,0.605249191,1,3.99569314,0.7532015964,25.81273331,0,102.4838215,-103.0507893,53.47224758
0.07268600488,0.05940450897,0.9209556635,1.035195407,1,26.15438646,1.385564457,-74.56886148,0,173.6121026,-139.5606091,48.34229249
0.07268600488,0.06326821687,1.220154052,0.8563583196,1,18.18529874,1.490679537,-117.3832321,0,142.0951094,-73.81231751,35.06288344
0.07268600488,0.06713192477,1.540232343,0.8668501196,1,89.39293907,1.767411893,-2.383507031,0,266.8252691,5.268574645,29.37101703
0.07268600488,0.07099563267,2.596477157,0.8267929112,1,185.013153,2.724936724,63.41613826,0,349.4383425,78.0404013,17.66296949
0.07268600488,0.07485934057,3.605196808,0.8103462389,1,124.5456057,3.695146148,9.603084586,0,244.9705808,88.60012207,12.66793291
0.07268600488,0.07872304847,4.024179767,0.5215714334,1,92.86287758,4.057839272,-45.82371744,0,206.5455535,115.1936057,7.384901947
0.07268600488,0.08258675637,4.762023529,0.1882223356,1,201.1042082,4.765741887,-63.39309829,0,227.4476035,193.63432,2.26347782
0.07268600488,0.08645046427,5.679978787,-0.4715074335,1,156.3310503,5.699515618,-17.1438796,0,217.6051602,195.1823101,-4.745367497
0.07268600488,0.09031417218,6.20680382,-0.6321440412,1,99.253753,6.238911744,-26.56295385,0,197.8983623,109.805433,-5.815348585
0.07268600488,0.09417788008,6.828087763,-0.9983950471,1,-30.75092961,6.900693818,-33.82212684,0,192.4052309,163.0100671,-8.318771509
0.07268600488,0.09804158798,6.831388821,-1.392646144,1,-303.2708512,6.971896191,276.7748445,0,199.7124524,338.3429167,-11.52242296
0.07268600488,0.1019052959,6.427968359,-1.236276094,1,1084.117341,6.545773889,234.7560952,0,-1105.811466,30.61489203,-10.88663015
0.07268600488,0.1057690038,6.747569059,-0.6039041646,1,-150.5807287,6.774539722,-188.1983475,0,-8.874587183,-302.2771588,-5.114318072
0.07268600488,0.1096327117,5.811879595,-0.7955088893,1,-397.8247479,5.866070135,-114.4670188,64.2245412,-53.99643076,-90.44863869,-7.794004311
0.07268600488,0.1134964196,5.001864001,-0.6967041694,1,-536.2724949,5.050152491,-75.42906121,67.38149117,-354.0120613,-313.6251993,-7.929647073
0.07268600488,0.1173601275,2.372080122,0.1248114114,1,-1262.039003,2.375361445,-17.82410824,214.4421652,81.15310555,-254.6818025,3.011946589
0.07268600488,0.1212238354,0.4392658302,0.218444775,1,-470.3679017,0.4905839269,-147.1857454,0,-530.129207,-195.6538833,26.44093674
0.07654971278,0.01690372206,0.3570176451,1.53734512,1,27.73986288,1.578255878,-310.8913127,0,-47.04426076,319.2344446,76.92594501
0.07654971278,0.02076742997,0.3197243678,0.3200341864,1,-5.969197917,0.452377665,-220.0250818,0,-14.66026733,183.2514375,45.02774686
0.07654971278,0.02463113787,0.2773114173,-0.02079755412,1,-5.093257184,0.2780902019,-28.54209975,0,42.83407615,73.53789549,-4.288988517
0.07654971278,0.02849484577,0.4655438683,-0.07437309773,1,16.07999812,0.4714471879,71.11355018,0,67.14955372,32.49043355,-9.076605769
0.07654971278,0.03235855367,0.5988860943,0.1284308868,1,-0.5624942677,0.6125022829,179.7662192,0,62.06825869,38.83361007,12.1037348
0.07654971278,0.03622226157,0.7031841762,0.4701493376,1,53.59567832,0.8458772874,362.0614844,0,174.055809,246.2693833,33.76670969
0.07654971278,0.04008596947,1.478464944,0.5758177425,1,92.28771206,1.586639425,192.8985059,0,159.5061379,186.5019071,21.27942116
0.07654971278,0.04394967737,1.676042064,0.4948639269,1,-103.9000905,1.747571831,241.8165513,0,-11.68173157,224.6311799,16.44962882
0.07654971278,0.04781338527,1.031890545,0.6422169978,1,1.060409666,1.21541794,50.82189019,0,-13.11651438,-28.21624325,31.89686641
0.07654971278,0.05167709317,1.629460796,0.8002441875,2,-192.1399655,1.815360363,540.715706,0,12.75473279,527.7021193,26.15610772
0.07654971278,0.05554080107,0.3387984044,0.6924976955,1,-236.7042535,0.7709328227,68.64363387,34.85882135,-97.01609825,33.12305295,63.93021494
0.07654971278,0.05940450897,0.340062837,0.9374853366,1,77.40612842,0.9972569827,-104.1234097,0,110.4616159,-178.6060023,70.06229847
0.07654971278,0.06326821687,1.064664492,0.9802766771,1,149.2023913,1.447222459,-29.64349277,0,251.7295169,-87.27070642,42.63693746
0.07654971278,0.06713192477,1.889146618,1.160140057,1,177.7874578,2.216934798,82.92376754,0,308.9995618,52.12346155,31.55441871
0.07654971278,0.07099563267,2.945467346,1.099280063,1,172.241887,3.143913889,41.26552829,0,303.6293241,79.10517611,20.46611469
0.07654971278,0.07485934057,3.727773976,1.013938711,1,110.7640086,3.863207285,-5.445260897,0,213.1917751,73.10740869,15.21610045
0.07654971278,0.07872304847,4.197137867,0.7957754926,1,102.7956283,4.271911154,-63.389625,0,177.3989335,183.4973729,10.73582134
0.07654971278,0.08258675637,4.810363918,0.06003946658,1,240.1753165,4.810738588,-183.9668789,0,167.2196484,159.5608762,0.7150871502
0.07654971278,0.08645046427,5.771193011,-0.5315154091,1,176.4811487,5.795617085,-123.7133853,0,196.9825504,38.85877294,-5.261983491
0.07654971278,0.09031417218,6.253318563,-0.5680918655,1,74.87350841,6.279070108,-52.28599885,0,104.8785717,-21.81201541,-5.190869913
0.07654971278,0.09417788008,6.465702543,-0.6492579796,1,-14.80405861,6.498218625,-91.73157592,0,146.8872309,-56.64630007,-5.734173611
0.07654971278,0.09804158798,6.76364936,-0.703651123,1,-112.9266998,6.80015276,-56.39417336,0,160.0727851,-56.85690288,-5.939356927
0.07654971278,0.1019052959,6.647861246,-0.6474701279,1,-234.9165248,6.679317084,2.212325609,39.87960747,18.31524262,-49.8655569,-5.562791972
0.07654971278,0.1057690038,5.926765275,-0.5024373969,1,-223.1871408,5.948024038,-98.06329661,16.49421558,-175.5390182,-161.9574955,-4.845623965
0.07654971278,0.1096327117,5.107299835,-0.4006016069,1,-344.5913715,5.122986751,-130.5081735,39.89675232,-216.3752087,-96.73680183,-4.484930144
0.07654971278,0.1134964196,3.759354267,-0.6329201126,1,-552.6377377,3.812260795,-197.7492249,51.93566461,-416.2752099,-239.6767298,-9.556624155
0.07654971278,0.1173601275,1.363703225,-0.2386059748,1,-552.0792589,1.384420202,24.92195629,0,-594.6769849,-189.3307361,-9.924529659
0.07654971278,0.1212238354,-0.6713768925,0.1948897079,1,-521.2896859,0.6990915034,111.3028257,0,-532.1440465,-113.0907847,163.8128531
0.08041342068,0.01690372206,0.2921584398,0.6479782753,1,202.2965848,0.7107970169,-130.6984516,0,-271.5444909,135.5712288,65.73048627
0.08041342068,0.02076742997,0.158381599,0.1335841413,1,77.32483576,0.2071942415,-88.53625168,0,-42.18017974,51.84072747,40.14536174
0.08041342068,0.02463113787,0.427947125,0.105602632,1,65.80885163,0.4407841395,5.708777195,0,103.1764412,21.54654509,13.86169509
0.08041342068,0.02849484577,0.81129141,0.07239163238,1,93.32787937,0.8145147638,71.16334363,0,185.0693244,18.27838747,5.099005287
0.08041342068,0.03235855367,1.503592601,0.3099346549,1,226.8526095,1.535203634,166.9850357,0,300.5160762,-18.12153673,11.64721302
0.08041342068,0.03622226157,2.848889967,0.7875893586,1,59.29695327,2.955752196,191.2034742,0,101.9428477,129.2831613,15.45371683
0.08041342068,0.04008596947,2.126576094,0.5491766573,1,-68.69602955,2.196342615,71.62982583,0,-37.24847987,98.31305363,14.47996406
0.08041342068,0.04394967737,2.439551329,0.6844931605,1,-34.50730599,2.533760363,154.034884,0,92.38449143,40.80504597,15.67314121
0.08041342068,0.04781338527,2.350196632,0.986663677,1,204.2819584,2.548907496,246.7625467,0,364.6153396,79.96305857,22.77372392
0.08041342068,0.05167709317,4.637604314,1.328957661,1,-258.6342407,4.824261834,38.06898225,37.33131773,-131.8417551,-2.901957322,15.99025056
0.08041342068,0.05554080107,0.8415114422,1.14496342,1,-774.7474765,1.420944313,122.0182484,102.8114359,-469.9202461,164.9939365,53.68530504
0.08041342068,0.05940450897,-0.1714281992,1.162912155,1,-137.4338984,1.175479607,-66.32621385,3.580224282,118.5195015,-94.15693184,98.38574015
0.08041342068,0.06326821687,0.7684317373,1.252493185,1,206.5610109,1.469430677,24.70008739,0,371.4960383,-29.88561447,58.46998131
0.08041342068,0.06713192477,2.062015389,1.373815362,1,241.7866103,2.477756266,-1.319608416,0,351.7165014,-22.52783822,33.67349072
0.08041342068,0.07099563267,3.061554399,1.33443559,1,179.4622709,3.339735571,-61.04389459,0,287.6041433,-17.63529411,23.5508778
0.08041342068,0.07485934057,3.866623583,1.20609721,1,140.7213414,4.050363985,-92.66332616,0,228.5318887,43.11784317,17.32401447
0.08041342068,0.07872304847,4.488241021,0.8098168133,1,96.40117492,4.560713841,-127.0083009,0,110.9391056,209.3924569,10.22787902
0.08041342068,0.08258675637,4.667725863,-0.09365705593,1,92.29746769,4.668665374,-72.60220323,0,131.2919837,238.5271186,-1.149474975
0.08041342068,0.08645046427,5.352125351,-0.3922960056,1,104.3874354,5.366483199,-88.24559528,0,219.8567636,21.11986297,-4.192125735
0.08041342068,0.09031417218,5.920510736,-0.516213241,1,70.30446798,5.942972614,-68.98373798,0,163.3243837,-73.80523896,-4.983054939
0.08041342068,0.09417788008,6.254798991,-0.3736671342,1,-8.199513799,6.26595065,-37.53051217,0,130.7007531,-83.69273982,-3.418836343
0.08041342068,0.09804158798,6.393819743,-0.3378558773,1,-77.89645408,6.402739843,-68.02437991,0,75.06269996,-97.99678557,-3.0247536
0.08041342068,0.1019052959,6.243850193,-0.2578625137,1,-188.9096348,6.24917261,-104.3431974,26.58944216,20.44579401,-83.13303828,-2.364893809
0.08041342068,0.1057690038,5.74292467,-0.4198057367,1,-274.3024006,5.758248052,-23.70605337,45.21037566,-64.74465939,-12.76926017,-4.180864648
0.08041342068,0.1096327117,4.933871389,-0.300119088,1,-389.587125,4.94299083,29.30045205,52.0678206,-239.6392163,-35.39557302,-3.480916782
0.08041342068,0.1134964196,3.311777884,-0.1698391935,1,-538.2858467,3.316129989,-34.93652119,77.08479525,-289.1625139,-102.3187705,-2.935749891
0.08041342068,0.1173601275,1.73685262,-0.03977375897,1,-448.8329807,1.737307968,107.6814202,54.38358779,-296.4149208,18.04061435,-1.311838594
0.08041342068,0.1212238354,0.4323576791,0.1765066964,1,-319.0368365,0.4669986901,199.8231818,0,-356.2186304,87.86831314,22.20736045
0.08427712858,0.01690372206,0.3758446329,-0.2934383884,1,47.17744721,0.4768283505,43.25331032,0,-149.6184479,-35.29305297,-37.98071962
0.08427712858,0.02076742997,0.177943581,-0.1416982862,1,25.72551404,0.2274693877,44.05013749,0,-23.97243421,-63.88200854,-38.53066704
0.08427712858,0.02463113787,0.3826180213,0.123579897,1,69.80939094,0.4020802671,30.58934297,0,94.06868333,-78.57712231,17.89968044
0.08427712858,0.02849484577,0.8111205913,0.2800890482,1,65.12166696,0.8581179922,12.72263202,0,139.7160615,-62.19636169,19.05036822
0.08427712858,0.03235855367,1.174051171,0.4130450049,1,133.0344826,1.244589221,8.825674246,0,159.5161862,-83.01138436,19.38247144
0.08427712858,0.03622226157,1.941450922,0.634920617,1,141.3185707,2.042634542,-54.51671918,12.58447758,107.4122972,-128.0929033,18.10950877
0.08427712858,0.04008596947,2.13507459,0.6973218887,1,13.43555256,2.246063517,74.25521313,0,112.7115918,-16.38728859,18.08719617
0.08427712858,0.04394967737,2.42884664,0.9851367671,1,-28.60654818,2.62102851,48.72957363,0,69.80745194,-97.34162926,22.07740508
0.08427712858,0.04781338527,2.294262848,1.261698349,1,-110.3139208,2.6183057,9.068957919,15.52796121,-61.41508896,-69.8698637,28.80799018
0.08427712858,0.05167709317,1.765335909,1.290133316,1,-106.5811216,2.1865166,-317.1156592,0,-112.5175315,-474.6230952,36.15988121
0.08427712858,0.05554080107,1.447729651,1.870261074,1,-331.9317888,2.36512106,18.69409842,45.32543295,-197.4387335,-145.9873969,52.25730168
0.08427712858,0.05940450897,-0.2799971609,1.92641451,1,-131.9423212,1.946656435,15.07689344,21.81997663,27.61235353,80.48650379,98.26981746
0.08427712858,0.06326821687,1.044629131,1.617537446,1,208.0881568,1.925533019,19.55332871,0,329.4794505,107.949624,57.14503967
0.08427712858,0.06713192477,1.79700705,1.584877046,1,159.7223767,2.396052919,-43.97521213,0,253.5709812,-17.98236312,41.41080206
0.08427712858,0.07099563267,2.641473943,1.51710867,1,178.2582669,3.046145648,-96.08081985,0,271.9149078,-36.12182829,29.87054841
0.08427712858,0.07485934057,3.536344702,1.353213016,1,209.1789579,3.78641246,-128.0649057,0,275.8401704,44.09170559,20.93978371
0.08427712858,0.07872304847,4.515446181,0.8519458103,1,216.6333343,4.59511326,-131.3892231,0,279.0316259,164.3138062,10.68460403
0.08427712858,0.08258675637,5.451449325,0.2107028862,1,42.16632495,5.455519723,-19.64347669,0,215.7187517,222.952881,2.213426043
0.08427712858,0.08645046427,5.511838789,-0.08537565346,1,-50.28823602,5.512499962,-37.85634958,0,115.0380429,70.69040894,-0.8874122865
0.08427712858,0.09031417218,5.701623665,-0.2086900823,1,-12.2585349,5.70544161,-36.46848044,0,137.9130953,-29.42543571,-2.096196859
0.08427712858,0.09417788008,5.997331307,-0.112587921,1,-16.10439173,5.99838802,-35.35275239,0,124.9553755,-60.20671487,-1.075487532
0.08427712858,0.09804158798,6.122192071,-0.1126616311,1,-89.16506591,6.123228593,-10.07501331,9.234431451,70.05816754,-80.99290468,-1.054247793
0.08427712858,0.1019052959,5.923507833,0.1614180962,1,-171.8324327,5.92570678,53.17778809,23.78616919,84.77700244,-55.49868158,1.560947946
0.08427712858,0.1057690038,5.785835317,0.3072325033,1,-281.9817189,5.793986722,54.02343519,45.82491705,64.63667465,49.53675642,3.039597152
0.08427712858,0.1096327117,5.083750068,0.1787533124,1,-481.0339038,5.086891733,31.78000484,75.72044885,-180.7126546,25.98578496,2.01378757
0.08427712858,0.1134964196,3.229039912,0.3296196765,1,-598.7905355,3.245820063,-37.64762276,93.32321026,-238.3052565,-82.04527893,5.828551341
0.08427712858,0.1173601275,1.849456443,0.3502928873,1,-525.0319609,1.882337441,0.1843728791,82.88906127,-196.7774962,72.23680717,10.72495833
0.08427712858,0.1212238354,0.4401790095,0.05123011684,1,-330.1640988,0.4431501837,-62.62535282,0,-399.3307127,92.18074443,6.63848788
0.08814083648,0.01690372206,0.322914549,-0.1123835794,1,-114.4668696,0.3419120865,32.53024924,0,-10.3652932,4.604035954,-19.18937106
0.08814083648,0.02076742997,0.08175704213,-0.05843421399,1,-39.1971885,0.100492643,46.18498051,0,18.39380784,-34.49322786,-35.55453156
0.08814083648,0.02463113787,0.2425363628,0.1993334516,1,65.74540265,0.3139390263,63.88711651,0,73.59803157,-44.56745845,39.41577224
0.08814083648,0.02849484577,0.6201393698,0.3606025841,1,125.8155904,0.7173611794,12.56746959,0,126.3836826,-42.53989782,30.17741704
0.08814083648,0.03235855367,1.216960686,0.4122522225,1,188.9340796,1.284891127,29.70333359,0,205.2987132,-46.90257074,18.71409716
0.08814083648,0.03622226157,2.143339726,0.6565854219,1,127.0805155,2.241653318,40.2387004,0,166.2129202,-94.47594818,17.03179288
0.08814083648,0.04008596947,2.350160851,0.9327502745,1,-17.22134612,2.528493445,79.22783819,0,45.27440357,-26.40920761,21.64752629
0.08814083648,0.04394967737,2.251728546,1.06473611,1,-28.92914551,2.490771854,51.76887372,0,-31.86249936,-11.08375688,25.30725607
0.08814083648,0.04781338527,2.115279692,1.17559448,1,-52.61724297,2.420006314,76.11033568,0,-121.6121577,13.66125763,29.06369181
0.08814083648,0.05167709317,1.578557034,1.306021107,1,-243.1032894,2.048788286,101.4613193,9.429837567,-213.8650991,-25.10384366,39.60269688
0.08814083648,0.05554080107,0.3496873193,1.6646053,1,-154.6187191,1.700938572,57.8781179,0,-202.7468519,-64.63727861,78.13625819
0.08814083648,0.05940450897,0.1978008537,1.779384812,1,139.7100642,1.790345075,195.143957,0,96.17179,180.4150006,83.65690014
0.08814083648,0.06326821687,1.261065903,1.721513685,1,186.2701889,2.133986078,38.81411058,0,234.2658878,49.93447899,53.77598622
0.08814083648,0.06713192477,1.822629416,1.736418957,1,145.6618529,2.517365444,-5.45371433,0,188.135658,1.072708554,43.61240163
0.08814083648,0.07099563267,2.550761983,1.696297494,1,191.8763928,3.063300815,-72.67037537,0,253.1743965,-2.074382938,33.6245412
0.08814083648,0.07485934057,3.542175666,1.463656663,1,202.5775019,3.832662166,-119.7754517,0,331.8029594,47.26406703,22.45082401
0.08814083648,0.07872304847,4.615451993,1.050905585,1,136.8232316,4.733582116,-118.5947722,0,357.7996533,110.9147714,12.82715494
0.08814083648,0.08258675637,5.453254015,0.5768988263,1,-11.68961415,5.483684127,-130.6301039,0,235.1885418,77.57123066,6.038849826
0.08814083648,0.08645046427,5.478986566,0.2464764443,1,-46.68116105,5.48452773,-113.5947715,0,101.7220396,19.15148327,2.575758313
0.08814083648,0.09031417218,5.665915892,0.06400607315,1,-5.297131511,5.666277409,-53.09579148,0,110.5324565,-33.65078085,0.6472249036
0.08814083648,0.09417788008,5.885585122,0.171346603,1,-13.03490571,5.888078795,-6.421872063,0,110.3621432,-61.63570293,1.66757676
0.08814083648,0.09804158798,6.041959908,0.2773361877,1,-72.201346,6.048321659,39.16884867,0,162.6061656,-106.3532248,2.628128514
0.08814083648,0.1019052959,6.234882938,0.7336013882,1,-154.9867295,6.27789266,89.41158858,0,181.1509983,-76.77341239,6.710614038
0.08814083648,0.1057690038,6.143051001,0.9194264889,1,-331.710729,6.211474919,-47.4670967,55.17821023,52.75035231,-80.24211753,8.512237094
0.08814083648,0.1096327117,5.157061527,0.8602344951,1,-691.075009,5.228315884,-92.97936286,113.3255047,-161.4044255,-171.5422733,9.470150988
0.08814083648,0.1134964196,2.849319474,1.222970627,1,-599.7102065,3.100690023,41.35277916,95.19893118,-213.0827639,-53.96268564,23.22973483
0.08814083648,0.1173601275,2.016666906,1.228505609,1,-659.9598746,2.361391844,56.13014165,111.4442042,63.96026635,396.1412286,31.34878107
0.08814083648,0.1212238354,0.5465510792,-0.09073289626,1,-662.3447745,0.554031173,-100.6482991,0,-98.64226925,582.2389894,-9.42570602
0.09200454438,0.01690372206,0.519320664,0.108779695,1,-79.56117084,0.5305911553,-6.127786893,0,-73.76489497,8.347010014,11.83043773
0.09200454438,0.02076742997,0.2231170981,0.08081650139,1,-17.09372931,0.2373026472,19.30937444,0,1.032182006,7.626175926,19.91117876
0.09200454438,0.02463113787,0.4572635368,0.1539201614,1,68.53444103,0.4824742046,73.30462843,0,53.67945237,21.16106733,18.60382445
0.09200454438,0.02849484577,0.6953158836,0.2822839904,1,87.92383526,0.7504321616,83.67299245,0,80.39499803,0.2419940588,22.09614378
0.09200454438,0.03235855367,1.107598343,0.476273169,1,116.1405608,1.205657588,43.77340746,0,152.1452885,-86.62796369,23.26796158
0.09200454438,0.03622226157,1.731894039,0.7861167983,1,141.1908756,1.901955989,-31.21804955,0,177.5578599,-150.9253498,24.4135749
0.09200454438,0.04008596947,2.339150351,0.9387872105,1,117.819348,2.520505066,-64.76432792,0,103.250161,-113.3410711,21.86740947
0.09200454438,0.04394967737,2.586042048,0.9738031446,1,52.59056964,2.763314321,-29.68892366,5.97425646,25.56329686,-44.2694621,20.63442794
0.09200454438,0.04781338527,2.641114062,0.9951221521,1,-83.00306789,2.82236631,79.16520066,0,-53.05358302,-31.94516509,20.64546637
0.09200454438,0.05167709317,2.060358891,1.403101143,1,-199.3165611,2.492743784,166.9102257,0,-116.312846,-11.46399213,34.25480123
0.09200454438,0.05554080107,1.421614228,1.684308027,1,-125.272682,2.204060013,219.6672162,0,-104.8963585,127.7621854,49.83447695
0.09200454438,0.05940450897,1.171052951,1.758195336,1,-10.3531841,2.112490439,180.1873165,0,1.530966745,149.4730952,56.33424351
0.09200454438,0.06326821687,1.387527757,1.802978807,1,59.45195942,2.275074912,33.72405173,0,98.17568453,36.10826776,52.41901219
0.09200454438,0.06713192477,1.780080124,1.748983422,1,108.8467342,2.49552164,-0.5306407686,0,140.9532758,12.15990346,44.49514549
0.09200454438,0.07099563267,2.35268203,1.753946251,1,154.9982468,2.934525546,-5.648746823,0,227.044549,-32.44140767,36.70487027
0.09200454438,0.07485934057,3.256181892,1.852502437,1,133.9162406,3.746262911,-35.10400315,0,418.1676453,-22.62580992,29.63635281
0.09200454438,0.07872304847,4.485772901,1.705734157,1,26.52241581,4.79913404,-106.2636729,0,488.5950558,71.78665784,20.81951868
0.09200454438,0.08258675637,5.246445337,1.164567968,1,773.2050234,5.374142464,-443.066319,33.64358844,-602.0832342,-127.8967402,12.51518664
0.09200454438,0.08645046427,5.14693751,0.4880109652,1,-1075.219334,5.170021319,-226.6692884,0,1106.281442,12.92603793,5.416352475
0.09200454438,0.09031417218,5.366460248,0.2388416122,1,-652.0125541,5.371772604,-125.1904128,0,804.0528278,-93.14121638,2.548344882
0.09200454438,0.09417788008,5.734376717,0.3641822317,1,51.31706338,5.745929431,-32.50641602,0,77.09611658,-176.3383021,3.633894352
0.09200454438,0.09804158798,5.862611266,0.7945660067,1,89.51140278,5.916210442,-80.91559566,4.457768052,-27.92254998,-364.574166,7.718329384
0.09200454438,0.1019052959,5.972338054,1.460156091,1,-226.8513917,6.148241833,-44.97211586,35.37504259,79.27112336,-303.3021552,13.7385426
0.09200454438,0.1057690038,5.292404217,1.792677821,1,-433.4060492,5.587775601,-106.5005841,70.77974413,-61.09880743,-304.5201185,18.71260509
0.09200454438,0.1096327117,4.061715732,2.225245731,1,-545.5899038,4.631333852,-217.7888509,85.18338305,-1.057346872,-225.7494321,28.71650857
0.09200454438,0.1134964196,3.180318916,1.823435181,1,-269.2344624,3.665971122,-626.2331521,0,148.9316769,-864.8803657,29.82779426
0.09200454438,0.1173601275,3.596900909,3.147308855,2,-900.5586617,4.779461181,683.1291391,0,672.9498014,578.1065108,41.18611065
0.09200454438,0.1212238354,2.300904765,2.22921194,2,-817.0629366,3.203677357,48.72487844,0,146.2067652,523.966247,44.09332283
0.09586825228,0.01690372206,0.3314889789,-0.08998846259,1,10.89782238,0.3434863412,-27.16852137,0,-86.29733074,-79.75400557,-15.18791113
0.09586825228,0.02076742997,0.1858281409,0.01159901278,1,53.41696876,0.1861897823,8.275705309,8.445848169,18.02612322,-51.75123854,3.571651886
0.09586825228,0.02463113787,0.6075242179,0.1419381146,1,100.8415989,0.6238846878,28.71141434,2.571326147,95.48127148,-54.08841207,13.15034091
0.09586825228,0.02849484577,0.9443623662,0.3315133562,1,42.00749982,1.000860322,47.04577363,0,72.87152117,-58.9213101,19.34335092
0.09586825228,0.03235855367,1.051383199,0.5513639732,1,51.1892073,1.187185269,33.73329836,0,76.98519974,-86.7684275,27.67331265
0.09586825228,0.03622226157,1.439590835,0.7970968264,1,100.8236408,1.645534905,-28.62896275,13.26901487,57.21895213,-112.7696967,28.97315831
0.09586825228,0.04008596947,1.662013614,0.8764591917,1,91.95715068,1.878954488,-100.9229657,0,44.2809203,-143.1657544,27.80482348
0.09586825228,0.04394967737,1.965974947,0.960310623,1,82.50058117,2.187979429,-64.65028858,0,82.03320852,-172.021591,26.03390588
0.09586825228,0.04781338527,2.297724117,1.291310541,1,-12.49760161,2.635719832,-5.503900405,0,67.67282025,-177.9839663,29.33578938
0.09586825228,0.05167709317,2.179155875,1.626723216,1,-93.76906426,2.719365505,26.08984843,10.96231238,-62.98995827,-90.90215324,36.74105832
0.09586825228,0.05554080107,1.692053043,1.743333462,1,-72.52117672,2.429455713,52.23730781,0,-110.6302162,0.8414755248,45.85519734
0.09586825228,0.05940450897,1.471512391,1.8253017,1,-16.93289267,2.344584187,62.83513313,0,-24.78233521,29.75877516,51.12511198
0.09586825228,0.06326821687,1.530877587,1.871130848,1,41.65368768,2.417584918,32.27930321,0,60.85123998,23.17728085,50.71146719
0.09586825228,0.06713192477,1.86756149,1.860469255,1,84.1678979,2.636120591,65.23017953,0,141.707139,38.43402527,44.8910002
0.09586825228,0.07099563267,2.403592752,1.974663361,1,140.0792267,3.110715916,112.9098651,0,235.6124868,-68.63900557,39.40469707
0.09586825228,0.07485934057,3.319124532,2.561921061,1,170.3124739,4.1928543,70.81613054,0,367.6811268,-152.1706885,37.66334791
0.09586825228,0.07872304847,4.482242878,2.836219295,1,-276.1015208,5.304209753,-1041.948617,0,257.4911597,847.1005889,32.32431419
0.09586825228,0.08258675637,3.247219532,-4.73681328,1,-194.2914263,5.742981346,544.9197427,0,238.5241185,-966.3070592,-55.56825962
0.09586825228,0.08645046427,4.65314508,8.675158229,1,-744.2700664,9.844294258,1219.962181,0,1151.942375,-1478.645204,61.79196716
0.09586825228,0.09031417218,4.822346251,5.689817393,1,-636.5351312,7.45848814,-1182.215609,0,746.6689886,992.951125,49.71739945
0.09586825228,0.09417788008,5.078670135,0.2709493345,1,-135.0330627,5.085892634,-1016.663189,0,5.202167799,501.6223151,3.053860416
0.09586825228,0.09804158798,4.320717597,-0.1763943034,2,555.5040379,4.324316767,-357.7981571,0,-604.5287712,-783.6636924,-2.337815323
0.09586825228,0.1019052959,4.889252886,1.916369368,1,232.665564,5.251406034,-54.60584215,25.0016417,-172.032236,-710.5320376,21.4029674
0.09586825228,0.1057690038,4.554987065,2.35791292,1,-296.5124599,5.129099385,150.4521872,41.4481508,-77.71192879,-120.7328755,27.36858009
0.09586825228,0.1096327117,3.443359159,2.964149237,1,-1105.571654,4.543446159,335.8387172,111.0878823,-827.0005956,211.4169092,40.72287953
0.09586825228,0.1134964196,-2.911907605,2.838642443,1,236.4113337,4.066582941,1018.968294,0,655.5696289,-105.3230772,135.7299402
0.09586825228,0.1173601275,6.889713051,7.30808269,1,690.1257344,10.04371537,138.8568946,0,777.6793006,-66.23558095,46.6878592
0.09586825228,0.1212238354,2.759262305,3.631059861,2,-956.0213523,4.560496046,-1367.569909,0,-1182.05474,535.7949023,52.7685988
0.09973196018,0.01690372206,0.1062032519,-0.266753986,1,-14.13897075,0.2871181286,9.279401423,0,-12.29310764,-99.85441682,-68.2909244
0.09973196018,0.02076742997,0.05514033689,-0.05592338815,1,32.80136004,0.07853586502,31.17320865,0,32.68262186,-72.34481557,-45.40395537
0.09973196018,0.02463113787,0.3592142301,0.133209422,1,76.61725937,0.3831182758,-5.67166271,0,77.19663079,-124.0700907,20.34657321
0.09973196018,0.02849484577,0.6494322795,0.4015335535,1,74.03175236,0.7635387877,-17.12573222,4.657247711,66.62894953,-131.7130505,31.72783645
0.09973196018,0.03235855367,0.9026860953,0.5759413488,1,70.59325941,1.070771042,-10.48159136,2.562620861,68.1694669,-66.41425252,32.5391215
0.09973196018,0.03622226157,1.185570921,0.6176410184,1,83.18788912,1.3368092,-39.80045141,9.863778143,44.50725548,-86.03552879,27.5179389
0.09973196018,0.04008596947,1.396062834,0.7545801825,1,79.4714341,1.5869413,-20.13057503,10.44799485,46.32485474,-111.8446342,28.39148291
0.09973196018,0.04394967737,1.671611036,0.9719973532,1,62.80845475,1.933665512,10.29631557,0,75.94626512,-132.1308751,30.17686218
0.09973196018,0.04781338527,1.932170542,1.304877244,1,19.69612466,2.331520454,-14.87084027,0,16.10679924,-157.2276847,34.03283655
0.09973196018,0.05167709317,1.809943076,1.522022618,1,-22.37518403,2.364835467,-62.52392164,0,-56.68757304,-122.6186782,40.06124861
0.09973196018,0.05554080107,1.626695143,1.53706583,1,-23.75031067,2.2380144,-11.06781482,0,-49.01251665,-64.34429713,43.37724525
0.09973196018,0.05940450897,1.528808766,1.727867383,1,-9.982133523,2.307115501,44.37623386,0,3.537716888,-43.64457925,48.49775243
0.09973196018,0.06326821687,1.601795799,1.877152541,1,68.86692753,2.46768139,46.33379171,0,99.83101292,-16.67067592,49.52549325
0.09973196018,0.06713192477,2.180608331,1.971298243,1,97.62750036,2.939569604,43.53088629,0,140.9867851,-20.1142772,42.11399081
0.09973196018,0.07099563267,2.523731699,2.123058862,1,58.31730026,3.297969166,50.78872248,0,138.7067328,-115.8333501,40.07181981
0.09973196018,0.07485934057,2.941851644,2.615077261,1,155.9921541,3.936130101,76.63850475,0,156.972844,-348.9427225,41.63460577
0.09973196018,0.07872304847,3.732937035,3.767380412,1,-68.83500187,5.30358125,-328.0969097,0,243.9197149,-385.4934709,45.26311503
0.09973196018,0.08258675637,3.618327833,2.836840808,2,-1141.994014,4.597821449,536.4684666,0,1249.280809,-510.9817154,38.09715008
0.09973196018,0.08645046427,4.147461871,7.814421956,1,710.4693308,8.846842967,216.8061455,86.44433582,-447.2843904,-493.9871031,62.04311613
0.09973196018,0.09031417218,4.635197567,5.583138298,1,169.958518,7.256479155,-1045.345645,0,-274.2760954,742.6807623,50.30007991
0.09973196018,0.09417788008,3.744409224,0.9060101998,2,-565.4318771,3.852460891,-1363.694867,0,-258.3523085,1035.710176,13.60205662
0.09973196018,0.09804158798,1.4523361,-3.687461923,1,-330.1768716,3.963162321,-991.1626571,0,141.6687183,-729.8881969,-68.50260656
0.09973196018,0.1019052959,3.016068783,-0.1034779964,2,925.5542863,3.017843369,226.6894175,151.8943245,98.04660651,-1410.473962,-1.964984306
0.09973196018,0.1057690038,5.407230957,2.638059161,1,561.0973662,6.016436051,264.5348105,72.02740085,256.7912833,-616.7535825,26.0066456
0.09973196018,0.1096327117,6.17615162,3.30156293,1,196.9540436,7.003225443,280.8887101,0,140.3246107,72.57036484,28.12746123
0.09973196018,0.1134964196,6.710377158,3.442940398,1,-334.5446465,7.542081953,1082.093124,0,-260.3924517,1034.463403,27.16131759
0.09973196018,0.1173601275,3.877488453,3.485590261,2,-278.304989,5.213852335,-796.39483,0,-1694.724094,-256.2257752,41.95331994
0.09973196018,0.1212238354,-0.9128308999,1.355884953,1,-818.1434166,1.634528757,-1187.140062,0,-1661.505395,-84.72478466,123.9498691
0.1035956681,0.01690372206,-0.01846642365,-0.08285658673,1,-53.93924313,0.08488947383,7.421126156,0,77.34655175,-41.23515547,-102.5642873
0.1035956681,0.02076742997,0.02675307796,0.01114024314,1,-2.552963464,0.02897985848,24.85877032,0,34.82931743,-33.90168184,22.60732227
0.1035956681,0.02463113787,0.1062399802,0.1441766365,1,46.39941408,0.1790916969,1.859522276,3.248213437,42.25628052,-73.65623949,53.61447275
0.1035956681,0.02849484577,0.3692927856,0.3029110885,1,105.1503393,0.4776319598,6.2957819,14.35000155,62.57459124,-96.6681379,39.36019415
0.1035956681,0.03235855367,0.7542801194,0.5419991469,1,87.65588546,0.9288172984,7.134601855,10.21392593,63.52132407,-82.08929317,35.6996943
0.1035956681,0.03622226157,0.9533973645,0.6476461566,1,33.07196347,1.152567603,-30.97219815,0,69.89126411,-84.39014524,34.18840452
0.1035956681,0.04008596947,1.152099955,0.7483904911,1,48.02200249,1.37383501,-10.64662238,0,92.21748914,-104.7078551,33.00727629
0.1035956681,0.04394967737,1.495241796,1.011071285,1,45.10591573,1.804996724,-0.4063222737,0,79.30455822,-137.3348787,34.06626269
0.1035956681,0.04781338527,1.632785686,1.277442436,1,2.523021203,2.073125244,-24.02929494,0,-10.65584282,-149.0591615,38.03855783
0.1035956681,0.05167709317,1.463818949,1.494150168,1,-26.34604688,2.09170998,2.454613469,0,-33.72656268,-92.86450765,45.58749427
0.1035956681,0.05554080107,1.40068267,1.645727678,1,-18.15427358,2.161094984,73.91431752,0,20.8771351,-25.31375419,49.59881621
0.1035956681,0.05940450897,1.474339291,1.877538452,1,0.8029469334,2.387221604,49.82474674,0,62.55705292,-39.47790258,51.85918288
0.1035956681,0.06326821687,1.645487202,1.990767029,1,37.73989937,2.582785608,19.11449686,0,87.44998277,-19.82695986,50.42424641
0.1035956681,0.06713192477,1.958036427,2.027996866,1,17.34286329,2.818985268,-11.50557687,0,113.8244302,-87.72707831,46.00551753
0.1035956681,0.07099563267,2.152279311,2.285264647,1,-16.98167799,3.139226136,-13.42471035,0,96.95256467,-152.5949861,46.71653933
0.1035956681,0.07485934057,2.267020574,2.56571016,1,-39.92655422,3.423777287,88.47418783,0,-70.62559799,-366.8779154,48.5366985
0.1035956681,0.07872304847,1.725138087,4.044612165,1,266.1252494,4.397156921,37.85210132,44.80171504,13.05535842,-463.3928252,66.90042188
0.1035956681,0.08258675637,3.345692894,4.502374143,1,130.1698727,5.609370184,-135.1753586,0,350.4722425,-175.8937225,53.38413452
0.1035956681,0.08645046427,3.582198824,4.201936029,1,487.0163768,5.521631535,-248.6403024,16.43085819,-407.4957021,-111.7382516,49.55202619
0.1035956681,0.09031417218,3.652937553,3.973424608,1,662.2917205,5.397411961,-536.137951,0,-602.9615965,174.195493,47.40635802
0.1035956681,0.09417788008,3.811433093,1.45741509,1,-825.7364206,4.080573608,-456.4839943,0,-722.4804457,145.7213062,20.92584521
0.1035956681,0.09804158798,-2.328920185,1.64667923,1,-905.3749026,2.852266067,-591.7994046,116.6776707,0.5503156709,116.9223084,144.7375133
0.1035956681,0.1019052959,0.315455188,-1.280878592,2,1717.060121,1.319151979,-789.4009491,255,-287.5947107,-669.1754718,-76.16451686
0.1035956681,0.1057690038,3.194116613,1.182163104,2,841.873108,3.405861204,111.7780945,131.1451864,321.1461229,-930.2852152,20.30983733
0.1035956681,0.1096327117,4.809021779,2.74534965,2,258.9180181,5.537475523,47.46741516,0,277.2850309,-455.4126705,29.72095971
0.1035956681,0.1134964196,5.265848569,3.125144864,2,-390.8451882,6.123372565,-116.3355241,59.97248275,-123.2535293,119.1627773,30.68803455
0.1035956681,0.1173601275,2.822694502,1.835453002,2,-555.6361574,3.366970742,-301.2371688,0,-1364.980181,411.1845292,33.0338775
0.1035956681,0.1212238354,-2.15485195,0.3725555203,1,-1011.739416,2.186820647,-156.6597255,0,-1564.82516,600.5908325,170.1910163
0.107459376,0.01690372206,-0.02444428028,0.2404959769,1,-29.20395433,0.2417350569,-30.4038108,0,52.31411152,48.26939892,95.80367616
0.107459376,0.02076742997,0.02020116817,0.08851082588,1,-4.583915025,0.09078685749,-11.40581257,0,32.08520903,20.50509163,77.14338028
0.107459376,0.02463113787,0.08181268662,0.1172015642,1,53.67619382,0.1429318801,12.06367748,8.31070668,18.80825187,-26.37672158,55.08298863
0.107459376,0.02849484577,0.3002598936,0.2370332994,1,84.28395244,0.382545146,25.0771842,10.27758892,53.21877534,-69.51870621,38.28851917
0.107459376,0.03235855367,0.6130830623,0.4826924533,1,72.51464896,0.7802966396,19.67927417,9.585899976,41.25808996,-115.6484357,38.21405995
0.107459376,0.03622226157,0.7398445239,0.7599000411,1,38.01655532,1.060574369,2.081790794,0,49.2788031,-112.4833346,45.76614914
0.107459376,0.04008596947,0.9503668283,0.9253386335,1,20.96103486,1.326442119,-18.80919743,0,82.45639644,-107.9025984,44.23552772
0.107459376,0.04394967737,1.13941927,1.104130918,1,23.02637024,1.586625778,-37.32235841,0,57.99437073,-122.3751984,44.09888046
0.107459376,0.04781338527,1.263407305,1.253957963,1,63.70567605,1.780058593,13.83829641,10.05909448,19.4285546,-86.9393897,44.78493194
0.107459376,0.05167709317,1.460625654,1.49350646,1,86.20682609,2.089016239,66.39453004,0,56.41943656,-45.91049919,45.63770122
0.107459376,0.05554080107,1.814473523,1.687871792,1,14.42163091,2.478149582,76.7870456,0,13.57228011,-45.62405849,42.92979067
0.107459376,0.05940450897,1.568785949,1.96646721,1,-3.635888854,2.515568056,66.00765108,0,-52.1215541,-32.69183675,51.41823107
0.107459376,0.06326821687,1.59904305,2.069217783,1,13.32525202,2.615071875,36.11960179,0,45.79318909,-61.61232681,52.30399054
0.107459376,0.06713192477,1.797202337,2.344074835,1,-22.64793976,2.953747293,12.28127318,0,95.95499179,-115.5880496,52.52261513
0.107459376,0.07099563267,1.882280086,2.563267496,1,-44.67330089,3.180144427,-29.96512412,0,62.5262616,-69.40658596,53.70910532
0.107459376,0.07485934057,1.866180962,2.496465123,1,17.61230428,3.116884581,-20.8330214,0,35.8316664,-79.41011503,53.22080667
0.107459376,0.07872304847,2.088771978,2.789592275,1,240.6091984,3.484938082,176.6600264,22.23058175,-98.18983896,-131.7379484,53.17511417
0.107459376,0.08258675637,2.416447767,3.688024814,1,263.2464591,4.40916623,49.41087206,41.22663757,-90.79749449,-356.5971219,56.76659712
0.107459376,0.08645046427,2.755064405,4.358288569,1,148.0433239,5.156070124,-521.1008058,0,64.26823957,253.6616324,57.70123287
0.107459376,0.09031417218,3.236757632,0.6945690608,1,-78.86200193,3.310441987,-572.2363015,0,24.1602905,218.0220518,12.11131053
0.107459376,0.09417788008,2.54371297,1.304961126,1,-891.0909816,2.858915741,-484.4014577,127.1251811,-45.62784226,-256.1749501,27.15847218
0.107459376,0.09804158798,-0.3824502882,-0.1872314997,2,-991.8957058,0.4258213915,-769.9946891,88.86547697,-344.4261803,1599.190577,-153.915583
0.107459376,0.1019052959,-2.619444459,-7.848878706,1,-657.2333134,8.274441746,417.4085426,0,1337.204182,206.8973664,-108.4556517
0.107459376,0.1057690038,2.244758528,0.6261221952,2,336.8398003,2.330444132,1531.130425,0,1531.680015,-1373.179812,15.58518461
0.107459376,0.1096327117,4.599970314,3.372527703,2,204.4783716,5.703829415,474.4784847,0,954.1346566,-522.1585046,36.24748811
0.107459376,0.1134964196,6.721300838,4.476836405,1,-382.6412657,8.075763069,-512.194205,0,305.5967831,267.8871098,33.66627272
0.107459376,0.1173601275,4.302292938,0.3585213638,2,1.768836424,4.317205357,-157.5973857,0,-1533.694066,1203.249072,4.763601383
0.107459376,0.1212238354,0.8023892253,-0.7810768059,1,-748.0763911,1.119780981,429.596519,0,-1063.604928,1019.495238,-44.22888276
0.1113230839,0.01690372206,NaN,NaN,0,-5.151418906,0.2375485936,-2.576704178,0,11.02610938,38.4648978,77.71088107
0.1113230839,0.02076742997,NaN,NaN,0,-24.88728349,0.1648833148,-15.12925738,0,24.98500523,42.49629826,67.94614937
0.1113230839,0.02463113787,0.0509385586,0.009457093743,1,-2.085998288,0.05180900862,12.69074023,0,37.20089183,4.909279613,10.51760471
0.1113230839,0.02849484577,0.1975837259,0.1828843183,1,27.03413759,0.2692322467,42.89230962,0,59.03467553,-63.68299313,42.78747425
0.1113230839,0.03235855367,0.3834833118,0.421232933,1,41.01367765,0.5696460605,23.65966249,0,44.20351006,-107.8916574,47.68580326
0.1113230839,0.03622226157,0.5268380473,0.6911601924,1,57.00612344,0.8690573857,10.84881265,9.171041862,15.21446979,-135.321055,52.6834759
0.1113230839,0.04008596947,0.6625225885,0.9859906055,1,54.49442772,1.187903049,-18.47286336,6.139448799,36.4490509,-136.2398488,56.10142528
0.1113230839,0.04394967737,0.8782170842,1.146177424,1,92.86949881,1.44394873,-53.34264415,0,85.1516777,-84.49871751,52.54016202
0.1113230839,0.04781338527,1.350344415,1.106368572,1,81.56170782,1.745703714,-6.324059753,0,90.48705824,-66.59853625,39.32855968
0.1113230839,0.05167709317,1.542963261,1.379060395,1,17.70274775,2.069430646,0.7882888241,0,26.48872309,-137.9586029,41.7895154
0.1113230839,0.05554080107,1.52108735,1.642446034,1,7.477643597,2.238601282,-63.65182829,0,8.077001416,-144.1816243,47.19688927
0.1113230839,0.05940450897,1.603061866,1.690204005,1,17.04797465,2.329505725,20.71645998,0,-10.34368693,-101.9034772,46.51573307
0.1113230839,0.06326821687,1.546990759,2.116213654,1,-17.09666972,2.621362363,51.87470221,0,5.663961139,-154.1553513,53.83251556
0.1113230839,0.06713192477,1.558889219,2.48624395,1,24.41850842,2.934543334,13.64677095,0,32.86980005,-137.3063559,57.912052
0.1113230839,0.07099563267,1.768336049,2.699452443,1,45.80219872,3.227081635,0.8914356361,4.539985983,37.23232792,-37.89527068,56.77230948
0.1113230839,0.07485934057,1.879710376,2.636104454,1,-9.468619199,3.237646952,-15.64884875,0,43.21025508,-25.00235209,54.50871141
0.1113230839,0.07872304847,1.898703874,2.735591648,1,35.43167808,3.329945655,11.53525416,0,36.80581631,-117.4463567,55.23647864
0.1113230839,0.08258675637,2.158814954,3.134451722,1,171.9807094,3.805951866,69.84812758,26.75447678,-3.699845541,-225.8941893,55.4433518
0.1113230839,0.08645046427,2.548891977,3.878253574,1,133.7565452,4.640872881,54.30339282,11.65883497,-101.2638704,-265.8608023,56.68601244
0.1113230839,0.09031417218,2.284357158,4.371472653,1,-628.1437095,4.932348404,-141.0679042,97.63296501,214.336599,-359.9726839,62.41022769
0.1113230839,0.09417788008,0.9500621751,4.724037701,1,-632.0269207,4.818625357,-277.7800967,85.29468904,267.2201924,-220.0220293,78.62880069
0.1113230839,0.09804158798,0.8748505201,4.148312351,2,-522.9562907,4.239558797,296.0442783,0,983.0140206,-144.2083643,78.09121925
0.1113230839,0.1019052959,2.727590861,6.425045314,1,-1635.636398,6.980040057,480.163265,0,2393.856532,53.01805326,66.99757504
0.1113230839,0.1057690038,3.804391643,5.798676681,1,1310.426928,6.935275555,-661.9910479,132.7341346,-819.3936264,-459.2731476,56.73194946
0.1113230839,0.1096327117,4.624800109,5.641802561,1,99.49588026,7.295115639,-432.6846722,0,34.44946071,-428.9625921,50.65722357
0.1113230839,0.1134964196,4.321917315,5.78429565,1,15.67240748,7.220598691,-1769.514664,0,563.5605814,751.1028253,53.23360348
0.1113230839,0.1173601275,6.862787185,-4.097127145,1,-797.2550312,7.992765403,-1001.902346,0,570.0375449,714.2859379,-30.83746736
0.1113230839,0.1212238354,NaN,NaN,0,-1288.549886,3.546532979,1082.590308,0,-481.1345487,-600.027866,-13.80977873
0.1151867918,0.01690372206,NaN,NaN,0,-18.136161,0.3238137002,9.316616825,0,24.20401272,20.6003057,69.34591526
0.1151867918,0.02076742997,NaN,NaN,0,-27.38048784,0.3081164424,10.59859937,0,36.59360806,19.40014175,65.87431112
0.1151867918,0.02463113787,NaN,NaN,0,-41.56579517,0.3078999079,29.89098053,0,65.89251646,9.322332253,60.8847922
0.1151867918,0.02849484577,NaN,NaN,0,-22.65888223,0.4224396975,35.34541932,0,58.32959523,-23.15341337,58.62611755
0.1151867918,0.03235855367,NaN,NaN,0,-18.05384515,0.5725171561,18.43807774,0,28.14502521,-43.09744052,59.84078674
0.1151867918,0.03622226157,0.2589201376,0.5984292988,1,4.705455483,0.6520408448,19.54493866,0,12.10918571,-73.78497753,66.6034955
0.1151867918,0.04008596947,0.3526021,0.8556165685,1,58.42770774,0.9254231212,25.35447378,7.166388686,31.62060426,-97.81275973,67.60329716
0.1151867918,0.04394967737,0.6068405121,1.074311512,1,96.91878869,1.233856001,3.67811562,12.08670536,65.89206844,-108.3454516,60.5394339
0.1151867918,0.04781338527,0.981655695,1.28844291,1,43.84153216,1.619794134,-55.34681863,0,39.96374603,-172.6283012,52.6964764
0.1151867918,0.05167709317,0.9306396276,1.527452903,1,23.55222847,1.788631456,-88.92534999,0,-15.83682242,-192.9043866,58.64707226
0.1151867918,0.05554080107,1.01146577,1.690187536,1,62.39308032,1.969720008,-79.68534212,0,21.5841276,-165.9188093,59.10226139
0.1151867918,0.05940450897,1.255103029,1.860633831,1,6.124073296,2.244380063,-43.33638454,0,43.67128725,-164.1971454,55.99810235
0.1151867918,0.06326821687,1.203860498,2.157158212,1,13.18806491,2.470346464,-24.37112997,0,3.457808472,-157.9460118,60.8351163
0.1151867918,0.06713192477,1.319417822,2.376728157,1,106.824906,2.718400287,-29.7510476,16.6130369,31.75896011,-126.2898687,60.96357567
0.1151867918,0.07099563267,1.739308077,2.530156018,1,97.15705277,3.070322794,-17.37466166,16.26562373,3.704292054,-101.0437061,55.49415557
0.1151867918,0.07485934057,1.709116597,2.700000906,1,-0.6623315966,3.195478748,-21.38810057,0,-14.8009652,-89.90920322,57.66594683
0.1151867918,0.07872304847,1.679562415,2.794901544,1,17.65517572,3.26073681,-35.97853232,0,9.369322849,-116.0170779,58.99674453
0.1151867918,0.08258675637,1.813531365,3.009246466,1,85.05237104,3.513468416,-37.14354582,12.65312538,-18.24971341,-206.756986,58.92460601
0.1151867918,0.08645046427,1.937668371,3.450238333,1,14.3816441,3.957107942,-23.53449984,0,-147.064607,-266.932925,60.68125012
0.1151867918,0.09031417218,1.300883153,3.949666885,1,-98.91934664,4.15838496,9.62459637,0,-242.0270812,-334.384579,71.76991143
0.1151867918,0.09417788008,0.6203509635,4.779389301,1,-104.7275051,4.819481031,190.5678736,0,-179.1148166,-244.6956216,82.60451919
0.1151867918,0.09804158798,0.2041993324,5.63139789,1,-332.5159238,5.635098896,351.0967027,0,27.17748195,-409.9638482,87.9233156
0.1151867918,0.1019052959,-0.5593875867,7.719904965,1,51.65831525,7.740145163,-1997.68518,0,-644.7875565,1427.59451,94.14443314
0.1151867918,0.1057690038,-2.087478803,-7.602882309,1,843.0089102,7.884249308,-1095.488489,0,-369.3176776,94.74062441,-105.3530312
0.1151867918,0.1096327117,1.270816971,3.121207338,2,344.6874838,3.370001635,1207.556357,0,916.7779014,-2466.789361,67.84603016
0.1151867918,0.1134964196,2.786454972,6.593716271,1,-54.47745653,7.158311642,-35.53533934,0,551.4638306,-687.7930202,67.09144577
0.1151867918,0.1173601275,3.191027151,5.641340492,1,-841.0032429,6.481309808,-1369.430722,0,810.0522935,-268.1114283,60.50530685
0.1151867918,0.1212238354,NaN,NaN,0,-532.6107231,3.546965393,-1123.79739,0,261.2871036,585.8558051,41.24706572
0.1190504997,0.01690372206,NaN,NaN,0,-20.41528464,0.4291633037,13.04503761,0,26.45361231,10.81879522,67.22262348
0.1190504997,0.02076742997,NaN,NaN,0,-23.41574876,0.4377392746,15.49513528,0,32.80986076,8.002553006,66.03269108
0.1190504997,0.02463113787,NaN,NaN,0,-25.61259452,0.4704338231,23.74128019,0,42.9207529,-1.054561996,64.5107455
0.1190504997,0.02849484577,NaN,NaN,0,-19.6335502,0.5528933084,28.90124556,0,41.82968775,-16.41461592,63.73247995
0.1190504997,0.03235855367,NaN,NaN,0,-15.62578511,0.6653881899,31.00155691,0,34.41092799,-26.96501576,64.33295445
0.1190504997,0.03622226157,NaN,NaN,0,-13.67853337,0.7865898878,46.99546363,0,38.10020343,-26.16843021,66.21228089
0.1190504997,0.04008596947,NaN,NaN,0,10.89341653,0.9617762493,44.0645748,0,29.62276496,-35.27196017,66.56120785
0.1190504997,0.04394967737,NaN,NaN,0,13.48160878,1.130393275,4.977256675,1.480328604,9.022733867,-49.10813403,65.21857758
0.1190504997,0.04781338527,0.4695151431,1.091385939,1,12.0332643,1.188094162,-41.59542735,0,-17.14689882,-93.5075732,66.7225845
0.1190504997,0.05167709317,0.454055481,1.226872608,1,39.51028533,1.308198294,-7.648860339,6.221667266,-12.94784609,-109.4645855,69.69090048
0.1190504997,0.05554080107,0.5721446494,1.484772161,1,67.2816852,1.591193851,14.804611,10.49480117,22.56916647,-142.6614499,68.92624503
0.1190504997,0.05940450897,0.8012129265,1.835275472,1,54.58936496,2.002542936,-19.87660967,8.25091121,15.40193242,-173.5752431,66.41571045
0.1190504997,0.06326821687,0.8425705781,2.078618786,1,38.9530782,2.242895725,-30.62665469,4.094412737,1.106826866,-124.0435484,67.93476881
0.1190504997,0.06713192477,0.9559926982,2.196211062,1,88.47341515,2.395258873,-41.40033316,12.09319948,32.71366728,-108.6309557,66.47690192
0.1190504997,0.07099563267,1.310802066,2.338378273,1,91.90983688,2.68071166,-50.10101796,11.61296523,35.86830227,-149.8150365,60.72673995
0.1190504997,0.07485934057,1.449690104,2.581476903,1,24.01969102,2.960679719,-36.69683398,0,-23.85529755,-131.2172452,60.68256947
0.1190504997,0.07872304847,1.311437234,2.703577533,1,-14.44085792,3.004862575,-82.2207172,0,-45.92487571,-122.0388772,64.12314694
0.1190504997,0.08258675637,1.216454542,2.735322643,1,66.12587053,2.993618481,-73.84465156,0,-36.31682134,-216.4265702,66.02429597
0.1190504997,0.08645046427,1.426610693,3.254472418,1,33.34819847,3.553422124,40.41866903,0,-81.71497445,-239.939876,66.32957011
0.1190504997,0.09031417218,1.029579448,3.818546168,1,-43.30588992,3.954911968,197.2029628,0,-134.1615438,-108.7607563,74.91039772
0.1190504997,0.09417788008,0.7409283675,4.436626857,1,-26.53236936,4.498069888,250.1308393,0,-72.38152177,-194.9122337,80.51894961
0.1190504997,0.09804158798,0.6474050649,5.538062605,1,563.7540469,5.575775348,259.8477245,0,-619.6592397,441.653642,83.33232921
0.1190504997,0.1019052959,0.5249270324,3.734181897,2,834.1902552,3.770896821,-231.6657679,0,-1017.85084,913.2090139,81.99816447
0.1190504997,0.1057690038,-0.06220578597,1.114600865,2,-1144.396653,1.116335366,1004.18134,0,946.2876226,-61.63704886,93.19435912
0.1190504997,0.1096327117,-0.240508395,7.852192828,1,342.4270518,7.855875285,988.461319,0,68.9377938,-826.0844758,91.75439006
0.1190504997,0.1134964196,1.527187818,8.125475789,1,707.4159531,8.267748147,-705.0777549,0,-506.4921114,736.5746154,79.35540768
0.1190504997,0.1173601275,0.5358026398,2.282069175,1,341.8394608,2.344125463,-1089.450924,0,-383.670173,438.7808202,76.78695602
0.1190504997,0.1212238354,NaN,NaN,0,253.1470447,2.607082245,-245.2711463,0,176.369651,-213.5739009,58.41311175
0.1229142076,0.01690372206,NaN,NaN,0,-18.3526725,0.5262616896,12.80331197,0,23.68823513,5.373575702,66.90614262
0.1229142076,0.02076742997,NaN,NaN,0,-18.74504612,0.5435213001,15.15218454,0,26.78105171,2.289276453,66.5001136
0.1229142076,0.02463113787,NaN,NaN,0,-17.83528397,0.5842264349,20.67775938,0,31.15094662,-5.128517325,66.01689874
0.1229142076,0.02849484577,NaN,NaN,0,-14.63693892,0.6555162329,25.51672583,0,31.65747489,-14.48547255,65.85132869
0.1229142076,0.03235855367,NaN,NaN,0,-11.13721173,0.7521748719,29.67144072,0,29.56879557,-22.1795764,66.22542124
0.1229142076,0.03622226157,NaN,NaN,0,-7.084936194,0.8676215798,35.30930187,0,28.65565087,-26.71324964,66.97252391
0.1229142076,0.04008596947,NaN,NaN,0,0.7013072396,1.005280509,34.16950982,0,24.38909399,-32.76011198,67.38459014
0.1229142076,0.04394967737,NaN,NaN,0,0.1329224176,1.143595794,25.77669663,0,18.78231953,-38.33735908,67.57066842
0.1229142076,0.04781338527,NaN,NaN,0,-12.46933533,1.262360295,32.71539774,0,23.29204502,-36.56682831,68.64624555
0.1229142076,0.05167709317,NaN,NaN,0,-12.21585255,1.408417759,47.76365833,0,27.17742031,-40.68302267,70.15403322
0.1229142076,0.05554080107,NaN,NaN,0,-4.745730487,1.603236545,41.95630868,0,12.38453145,-57.54785737,71.16994126
0.1229142076,0.05940450897,0.5076615772,1.709225038,1,24.27914122,1.783022857,29.84188424,0,-1.297144914,-97.88514402,73.45791078
0.1229142076,0.06326821687,0.6062600127,2.010931352,1,47.30884407,2.10033238,26.23564826,6.342032677,12.75759322,-90.76691823,73.22287572
0.1229142076,0.06713192477,0.7397407455,2.161288779,1,56.88014331,2.284378593,-0.207923001,7.434590108,36.45787138,-78.55146083,71.10554786
0.1229142076,0.07099563267,0.9668908374,2.313627898,1,48.71926142,2.507539021,-37.90800196,0,34.25929316,-129.4618057,67.31940736
0.1229142076,0.07485934057,1.060345642,2.515025934,1,2.644524657,2.729411719,-50.00194569,0,-22.45136136,-143.0805652,67.13950473
0.1229142076,0.07872304847,0.890363006,2.673256495,1,-101.2365176,2.817631376,-60.37096907,13.80196592,5.903873477,-85.84181133,71.57898894
0.1229142076,0.08258675637,0.6920081524,2.613437828,1,-3.8223313,2.703503757,-5.591970355,0,75.3633764,-91.6262554,75.16909911
0.1229142076,0.08645046427,1.166776707,3.005667842,1,207.1388386,3.224190916,42.55059769,33.87951002,38.89162679,-212.4348655,68.78417789
0.1229142076,0.09031417218,1.642598005,3.598627177,1,10.10981203,3.955786365,137.1937329,0,-96.31642733,-276.029463,65.46561205
0.1229142076,0.09417788008,0.8336995265,4.602241569,1,652.2965528,4.67714468,-110.007562,94.65988007,-323.0797144,547.2865755,79.73217501
0.1229142076,0.09804158798,2.914595705,1.059034625,2,1714.232116,3.101035707,442.3075448,152.482331,-1393.245918,1487.438936,19.9688966
0.1229142076,0.1019052959,2.073896437,0.5641591546,2,696.910106,2.1492608,283.7656774,0,-1048.996422,434.9478047,15.21785274
0.1229142076,0.1057690038,1.554237022,0.4749110457,2,360.086571,1.625174828,500.7670397,0,-405.5617414,112.4443158,16.99100162
0.1229142076,0.1096327117,1.898193663,2.064524731,2,1446.620808,2.804532322,652.2263009,116.2013961,-1096.202853,282.4729234,47.40352113
0.1229142076,0.1134964196,2.908149641,1.903530091,2,1594.112924,3.475738935,876.963265,0,-1910.173497,676.7259601,33.2067629
0.1229142076,0.1173601275,0.6770279312,2.838183188,1,-162.676957,2.917816072,-12.68247313,0,-358.6159001,-48.49384982,76.58324146
0.1229142076,0.1212238354,NaN,NaN,0,205.5234335,2.229039564,-300.0560841,0,-93.19694048,112.1326311,66.35420053
0.1267779155,0.01690372206,NaN,NaN,0,-14.58012689,0.6061224692,11.210996,0,19.1476012,2.014373207,67.04615126
0.1267779155,0.02076742997,NaN,NaN,0,-14.04258859,0.6259245258,13.4899656,0,20.80905498,-0.9479396377,66.93664766
0.1267779155,0.02463113787,NaN,NaN,0,-12.34655632,0.667689088,18.30084696,0,23.24450698,-7.263311206,66.84719909
0.1267779155,0.02849484577,NaN,NaN,0,-9.941709782,0.7332974748,22.81645765,0,24.08046961,-14.21918055,66.93297175
0.1267779155,0.03235855367,NaN,NaN,0,-7.201186708,0.8207601366,26.85817827,0,23.55112855,-20.55456766,67.26845599
0.1267779155,0.03622226157,NaN,NaN,0,-4.225306907,0.9266916286,30.40079332,0,22.56451048,-25.74487995,67.77721855
0.1267779155,0.04008596947,NaN,NaN,0,-1.136173794,1.04838364,31.52746597,0,20.49564059,-30.71787905,68.27800043
0.1267779155,0.04394967737,NaN,NaN,0,-1.181891014,1.177815314,31.24462231,0,18.42540525,-34.91436201,68.83363028
0.1267779155,0.04781338527,NaN,NaN,0,-4.305305008,1.310917217,35.36102559,0,18.83296859,-37.294996,69.70790233
0.1267779155,0.05167709317,NaN,NaN,0,-3.750509173,1.460688547,41.95713332,0,18.5728303,-41.22747344,70.75674566
0.1267779155,0.05554080107,NaN,NaN,0,0.4480705289,1.63325362,45.33703032,0,14.27888571,-47.15947154,71.7342065
0.1267779155,0.05940450897,NaN,NaN,0,6.476144372,1.817982844,55.25155318,0,14.57543172,-46.76556751,72.77619558
0.1267779155,0.06326821687,NaN,NaN,0,26.98297469,2.033577461,45.46002061,0,2.360806325,-53.11088731,73.03888342
0.1267779155,0.06713192477,NaN,NaN,0,19.65489225,2.215328679,26.82500977,0,-1.306347556,-60.4968954,72.89205841
0.1267779155,0.07099563267,0.6641340176,2.28250918,1,16.13199127,2.377166832,3.356139149,2.648005624,-2.676979121,-91.68426532,73.77676652
0.1267779155,0.07485934057,0.7036756814,2.48451373,1,23.339935,2.582240876,53.09897978,0,-2.018514222,-163.0217907,74.18656737
0.1267779155,0.07872304847,0.7465137595,3.117536708,1,21.8103123,3.205669652,37.92884891,0,13.68823915,-106.1709048,76.53372625
0.1267779155,0.08258675637,0.8408317151,3.041273087,1,-2.987555376,3.155366851,-82.39954182,0,9.125117143,50.40614234,74.54528355
0.1267779155,0.08645046427,0.7702275053,2.604414337,1,38.77632337,2.715920553,-38.17785509,0,-128.7606037,-132.924453,73.52498437
0.1267779155,0.09031417218,0.4931587401,3.407346266,1,335.7419139,3.442849709,-416.986432,0,93.95393375,84.17890424,81.76454206
0.1267779155,0.09417788008,2.430446747,0.6680578679,2,1434.049421,2.520589753,-1348.163986,0,535.6188992,1207.844736,15.36934753
0.1267779155,0.09804158798,8.10338179,-6.468324827,1,624.0483305,10.36841466,-928.3702747,0,-398.5190547,23.96590405,-38.59775486
0.1267779155,0.1019052959,3.301825991,-3.01149095,2,-120.8685189,4.468907318,423.6538929,0,-1379.327191,-773.3010473,-42.36695297
0.1267779155,0.1057690038,2.307063773,-1.843640568,2,441.2120238,2.953227691,62.89484035,18.26081558,-423.3353123,-206.0064161,-38.62935056
0.1267779155,0.1096327117,3.370896382,-1.972535041,2,1292.102218,3.905616073,-481.4646435,203.9285773,59.74049729,442.6276704,-30.33473346
0.1267779155,0.1134964196,7.530189152,-5.414063342,1,297.6176179,9.274471981,383.5790781,0,-1092.569323,-521.6532696,-35.71541949
0.1267779155,0.1173601275,0.2994351974,1.525018333,1,-384.882579,1.554137173,877.5148802,0,-1398.560811,-799.819423,78.89137195
0.1267779155,0.1212238354,NaN,NaN,0,399.7336104,1.243671253,-140.5045479,0,-223.7111747,96.75555934,59.05658988
0.1306416234,0.01690372206,NaN,NaN,0,-10.16087848,0.6661885311,9.317380597,0,14.12975462,-0.3601866177,67.25963796
0.1306416234,0.02076742997,NaN,NaN,0,-9.356756458,0.6863947432,11.59499058,0,15.2049286,-3.131252703,67.27262903
0.1306416234,0.02463113787,NaN,NaN,0,-7.566642929,0.7273989216,16.21920521,0,16.93755672,-8.757607307,67.35061786
0.1306416234,0.02849484577,NaN,NaN,0,-5.582157182,0.7894025642,20.59007954,0,17.86876801,-14.5733708,67.55486109
0.1306416234,0.03235855367,NaN,NaN,0,-3.500518408,0.8711049537,24.54402139,0,17.99073852,-20.07463373,67.91024022
0.1306416234,0.03622226157,NaN,NaN,0,-1.478930934,0.9702139064,27.90822718,0,17.55562192,-24.99382346,68.38607428
0.1306416234,0.04008596947,NaN,NaN,0,0.1611955075,1.084030475,30.29493844,0,16.60355264,-29.45216224,68.93089005
0.1306416234,0.04394967737,NaN,NaN,0,0.5809923278,1.208942041,32.31330103,0,15.59069229,-33.30721391,69.56209775
0.1306416234,0.04781338527,NaN,NaN,0,0.1805154864,1.343482848,35.52694902,0,15.04159378,-36.47132024,70.33156225
0.1306416234,0.05167709317,NaN,NaN,0,1.071050335,1.490741035,39.36681903,0,14.00204661,-39.77240356,71.17758793
0.1306416234,0.05554080107,NaN,NaN,0,3.812377404,1.651715174,42.1831261,0,11.58274935,-43.09698783,71.99945827
0.1306416234,0.05940450897,NaN,NaN,0,8.25419493,1.82249529,44.38419348,0,8.899375891,-44.88985124,72.7498906
0.1306416234,0.06326821687,NaN,NaN,0,15.14920491,2.000716351,40.11780797,0,2.75936109,-47.82423136,73.24699998
0.1306416234,0.06713192477,NaN,NaN,0,15.41000665,2.167790293,33.39172698,0,-2.749251427,-50.76500883,73.66651591
0.1306416234,0.07099563267,NaN,NaN,0,16.11648697,2.326645228,34.3799536,0,-9.388857656,-52.77664077,74.40164295
0.1306416234,0.07485934057,NaN,NaN,0,23.90758779,2.499231,36.72636951,0,-23.62835423,-67.03914719,75.26595566
0.1306416234,0.07872304847,NaN,NaN,0,87.69007224,2.715189104,6.847486444,0,-105.0933049,-56.09447756,76.65517393
0.1306416234,0.08258675637,0.568395002,2.660237657,1,79.40989878,2.720282572,-82.11054187,0,-110.7291059,-8.729972951,77.93934653
0.1306416234,0.08645046427,0.5056873675,2.358354093,1,41.51757747,2.41196056,-49.08246179,0,-96.30124034,-50.16727233,77.89767594
0.1306416234,0.09031417218,0.3567269309,2.664429048,1,179.5652567,2.688203165,-194.2954555,0,-234.9888142,123.3749432,82.37430603
0.1306416234,0.09417788008,0.2915469305,1.130968464,1,-193.7237427,1.167942327,-1037.333928,0,-48.65626187,400.739615,75.54471136
0.1306416234,0.09804158798,-0.5797586077,-2.89186706,1,-404.3705787,2.949409286,-1805.771311,0,516.0288731,-400.6117695,-101.336319
0.1306416234,0.1019052959,0.7229619647,-4.298157559,2,905.0099585,4.35853558,-531.4741157,91.82181763,-495.80348,-538.3120375,-80.45206621
0.1306416234,0.1057690038,1.001295696,-2.865447327,2,233.5278251,3.035355244,-191.3769277,22.13623169,31.80718581,-605.7966031,-70.73865366
0.1306416234,0.1096327117,1.748138943,-2.696960986,2,243.6721414,3.213967691,-482.3737886,0,111.7831972,-326.4875609,-57.04915915
0.1306416234,0.1134964196,2.374671296,-3.467746177,1,-134.6661551,4.202895111,-741.4876602,0,-64.86198713,-1160.408454,-55.59712117
0.1306416234,0.1173601275,NaN,NaN,0,243.1850582,1.45528316,428.4976704,0,-670.1527124,-374.0558624,-47.81717335
0.1306416234,0.1212238354,NaN,NaN,0,213.6866754,0.8125518739,173.6296043,0,-344.249074,-194.6485743,-26.84364436
0.1345053313,0.01690372206,NaN,NaN,0,-5.500962009,0.7060557372,7.460600782,0,9.081524121,-2.278125929,67.43027882
0.1345053313,0.02076742997,NaN,NaN,0,-4.664696798,0.7260839672,9.772802733,0,9.935567112,-4.878669051,67.49605183
0.1345053313,0.02463113787,NaN,NaN,0,-2.981101758,0.7661510878,14.39090378,0,11.43202328,-10.06249452,67.64876433
0.1345053313,0.02849484577,NaN,NaN,0,-1.319757609,0.8258895298,18.78063389,0,12.46630719,-15.2420616,67.91207386
0.1345053313,0.03235855367,NaN,NaN,0,0.2602011928,0.9041634618,22.81960059,0,12.98743562,-20.17677301,68.2924967
0.1345053313,0.03622226157,NaN,NaN,0,1.648906073,0.9991829002,26.39315556,0,13.06368603,-24.70361792,68.77451419
0.1345053313,0.04008596947,NaN,NaN,0,2.678894429,1.108795414,29.43075957,0,12.77225577,-28.78973255,69.3367084
0.1345053313,0.04394967737,NaN,NaN,0,3.164149331,1.230753652,32.18669434,0,12.29221749,-32.39101113,69.97524679
0.1345053313,0.04781338527,NaN,NaN,0,3.375324291,1.363706736,35.06665041,0,11.74066764,-35.51066749,70.68838691
0.1345053313,0.05167709317,NaN,NaN,0,4.041817622,1.50744903,37.80006769,0,10.81101301,-38.29383272,71.43885436
0.1345053313,0.05554080107,NaN,NaN,0,5.476193822,1.66070569,39.64446157,0,9.150689186,-40.56622497,72.17453796
0.1345053313,0.05940450897,NaN,NaN,0,7.579053038,1.819787206,39.98428668,0,6.679961401,-41.87261825,72.85818941
0.1345053313,0.06326821687,NaN,NaN,0,9.949643352,1.979156039,37.23529083,0,2.526513573,-42.53117805,73.45909789
0.1345053313,0.06713192477,NaN,NaN,0,10.71944249,2.128969456,32.24413657,0,-3.061161586,-41.96226779,74.06324512
0.1345053313,0.07099563267,NaN,NaN,0,12.42834484,2.263053779,26.34388662,0,-11.91282853,-39.31983391,74.80770318
0.1345053313,0.07485934057,NaN,NaN,0,19.47958493,2.374437365,14.80100781,0,-29.0084681,-34.04173014,75.69820014
0.1345053313,0.07872304847,NaN,NaN,0,39.31624043,2.437006686,-12.81979333,0,-64.34542612,-14.3164844,76.80615367
0.1345053313,0.08258675637,NaN,NaN,0,47.76082431,2.358071765,-54.49903007,0,-91.62600556,23.34209475,78.01043748
0.1345053313,0.08645046427,NaN,NaN,0,35.01448646,2.107710472,-87.2667967,0,-105.0787643,42.40167167,79.42656683
0.1345053313,0.09031417218,NaN,NaN,0,128.2307156,1.818880072,-134.3059232,0,-235.8794464,83.97311441,83.08006989
0.1345053313,0.09417788008,-0.02916772814,1.22855624,1,44.03177345,1.228902433,-656.6315218,0,-209.826022,564.4236776,91.3600304
0.1345053313,0.09804158798,-0.4214379512,-2.912170194,1,-214.6193372,2.942506616,-1216.430233,0,6.956772327,1281.786865,-98.23445601
0.1345053313,0.1019052959,-0.8315152206,-8.4238249,1,-168.8081181,8.464764823,-120.2712266,15.20685268,77.82195812,-195.1060758,-95.63740047
0.1345053313,0.1057690038,-0.7729818962,-2.623030196,1,-286.2630155,2.73455452,596.8977707,0,565.0645306,-940.92798,-106.4197408
0.1345053313,0.1096327117,0.2456923957,-2.482115397,2,-294.8011415,2.494245697,-575.0531435,0,541.9212736,77.51436311,-84.34698741
0.1345053313,0.1134964196,0.1818181105,-5.144360427,1,-516.7219527,5.14757244,-243.3910008,0,585.0734048,-367.1745221,-87.9758269
0.1345053313,0.1173601275,NaN,NaN,0,0.2228597913,2.067680122,439.9819061,0,97.21089399,-609.6124796,-75.7266646
0.1345053313,0.1212238354,NaN,NaN,0,81.06278616,1.223791328,199.8971028,0,-55.96190645,-273.6468322,-62.85887756
0.1383690392,0.01690372206,NaN,NaN,0,-3.160464489,0.7258990582,6.552658286,0,6.552658286,-3.160464489,67.52109328
0.1383690392,0.02076742997,NaN,NaN,0,-2.34670615,0.7457441058,8.880353837,0,7.340812688,-5.676528356,67.60707461
0.1383690392,0.02463113787,NaN,NaN,0,-0.7542955952,0.7852554402,13.50063983,0,8.769647997,-10.66197358,67.7892138
0.1383690392,0.02849484577,NaN,NaN,0,0.7475400486,0.8438878926,17.90512349,0,9.8534891,-15.57243624,68.07768272
0.1383690392,0.03235855367,NaN,NaN,0,2.103756697,0.9205539477,21.99749784,0,10.53742877,-20.24987245,68.47233438
0.1383690392,0.03622226157,NaN,NaN,0,3.233473994,1.013671873,25.69398104,0,10.84141644,-24.5741965,68.96129688
0.1383690392,0.04008596947,NaN,NaN,0,4.047206753,1.121372672,28.96630545,0,10.82368696,-28.49408342,69.52912867
0.1383690392,0.04394967737,NaN,NaN,0,4.499452293,1.241783108,31.92588426,0,10.58718823,-31.96661268,70.16447004
0.1383690392,0.04781338527,NaN,NaN,0,4.76329894,1.373397761,34.68608296,0,10.16936209,-34.95331352,70.85279893
0.1383690392,0.05167709317,NaN,NaN,0,5.191728767,1.514915707,37.02049218,0,9.403621855,-37.42788242,71.56503122
0.1383690392,0.05554080107,NaN,NaN,0,5.942774342,1.664135038,38.41481816,0,8.057785868,-39.19700874,72.26713009
0.1383690392,0.05940450897,NaN,NaN,0,6.882636595,1.81702385,38.25819187,0,5.896810409,-39.91822771,72.93712125
0.1383690392,0.06326821687,NaN,NaN,0,7.66236277,1.96738744,35.65960072,0,2.41640359,-39.40092617,73.57685067
0.1383690392,0.06713192477,NaN,NaN,0,7.689202655,2.106240683,30.39193763,0,-2.708507501,-36.8467546,74.23938726
0.1383690392,0.07099563267,NaN,NaN,0,8.193210823,2.222699798,21.67632424,0,-10.98817263,-30.77282119,74.99454382
0.1383690392,0.07485934057,NaN,NaN,0,11.47288175,2.299268428,5.68462516,0,-25.35397862,-18.76039835,75.87021516
0.1383690392,0.07872304847,NaN,NaN,0,19.32868334,2.301305405,-22.8788686,0,-48.64812899,5.077944238,76.89347881
0.1383690392,0.08258675637,NaN,NaN,0,23.34290689,2.168472922,-65.73422311,0,-72.39096129,44.07792998,78.076628
0.1383690392,0.08645046427,NaN,NaN,0,28.97966628,1.847217205,-125.9025961,0,-102.9392026,97.73592548,79.63520548
0.1383690392,0.09031417218,NaN,NaN,0,90.45384899,1.268037544,-230.4408768,0,-193.2201257,200.9940666,82.64838606
0.1383690392,0.09417788008,NaN,NaN,0,215.7700588,0.1634905769,-435.3945168,0,-342.4606218,416.9927543,113.3188065
0.1383690392,0.09804158798,NaN,NaN,0,-282.5865229,2.061895119,-427.9555547,0,171.0753591,476.7161155,-99.13192366
0.1383690392,0.1019052959,NaN,NaN,0,-1314.520269,3.38175807,405.245199,0,1314.339906,-231.3441595,-98.4264842
0.1383690392,0.1057690038,-0.3279365417,0.4238336386,1,-746.9986838,0.5358892876,617.4420838,0,830.1722168,-387.0699305,127.7305119
0.1383690392,0.1096327117,-0.1742055739,0.5358900204,1,-736.6563387,0.5634941845,-61.38667042,0,825.5763637,-155.9682542,108.008157
0.1383690392,0.1134964196,0.01562446173,0.789269251,1,-1471.544508,0.7894238876,-203.420824,0,1599.924573,117.3927634,88.86591452
0.1383690392,0.1173601275,NaN,NaN,0,-281.5951728,0.773741372,-266.7821084,0,391.4433121,169.484409,-65.42249034
0.1383690392,0.1212238354,NaN,NaN,0,-19.27399267,0.9985291102,-80.47328225,0,80.47328225,19.27399267,-63.85184348
