PIVlab, ASCII chart output - 19-Sep-2021
FRAME: 171, filenames: A: 72_12_75_60 171.jpg & B: 72_12_75_60 172.jpg, conversion factor xy (px -> m): 0.00024148, conversion factor uv (px/frame -> m/s): 1
x [m],y [m],u [m/s],v [m/s],Vector type [-],vorticity [1/s],magnitude [m/s],divergence [1/s],dcev [1],simple shear [1/s],simple strain [1/s],vector direction [degrees]
0.03791263377,0.01690372206,NaN,NaN,0,-3.082407953,0.6410238134,-1.628244847,0,1.628244847,3.082407953,-44.58276181
0.03791263377,0.02076742997,NaN,NaN,0,-3.257538163,0.6454661821,-3.045397536,0,1.343249322,3.965649005,-45.33316882
0.03791263377,0.02463113787,NaN,NaN,0,-3.42174598,0.6552281461,-5.711452762,0,0.9981020234,5.809911524,-46.72434925
0.03791263377,0.02849484577,NaN,NaN,0,-3.165802988,0.6716160014,-8.268912805,0,1.043798052,7.567176002,-48.57270647
0.03791263377,0.03235855367,NaN,NaN,0,-2.547116892,0.6958067225,-10.59984176,0,1.414878583,9.322045306,-50.67282623
0.03791263377,0.03622226157,NaN,NaN,0,-1.646213127,0.7284549153,-12.63520627,0,1.940066906,11.06081855,-52.84050151
0.03791263377,0.04008596947,NaN,NaN,0,-0.5608788759,0.7694721335,-14.32212357,0,2.463398363,12.67917988,-54.93177188
0.03791263377,0.04394967737,NaN,NaN,0,0.5104630817,0.8180370296,-15.67978059,0,3.011362863,14.08411137,-56.84713667
0.03791263377,0.04781338527,NaN,NaN,0,1.300131665,0.8731431841,-16.89733787,0,3.787782998,15.36082966,-58.53904197
0.03791263377,0.05167709317,NaN,NaN,0,1.64651214,0.9345660252,-18.27972295,0,4.920008818,16.85901857,-60.01848127
0.03791263377,0.05554080107,NaN,NaN,0,1.597929443,1.00340031,-19.93983108,0,6.104409771,19.08889895,-61.35054573
0.03791263377,0.05940450897,NaN,NaN,0,1.113616303,1.081191962,-21.50301747,0,6.52370034,22.48399475,-62.64671478
0.03791263377,0.06326821687,NaN,NaN,0,-0.07495995607,1.16801714,-22.193388,0,4.840327086,26.95630975,-64.07839478
0.03791263377,0.06713192477,NaN,NaN,0,-3.234893388,1.26031514,-23.2817964,0,1.830561651,30.85827239,-65.87168728
0.03791263377,0.07099563267,NaN,NaN,0,-6.377606757,1.357203875,-27.55203775,0,-0.9549800521,31.83207191,-68.14814176
0.03791263377,0.07485934057,NaN,NaN,0,-3.77902582,1.463031566,-35.16354027,0,-2.018004607,27.81239335,-70.56261533
0.03791263377,0.07872304847,NaN,NaN,0,-0.6270090081,1.578637296,-43.88513649,0,8.244571334,24.40709791,-72.19305569
0.03791263377,0.08258675637,NaN,NaN,0,-9.301135908,1.722695534,-61.3673929,0,39.46865133,35.74552529,-72.56032025
0.03791263377,0.08645046427,NaN,NaN,0,-33.77816695,1.971525958,-123.5747657,0,104.9103474,67.26730327,-72.30263642
0.03791263377,0.09031417218,NaN,NaN,0,15.89330987,2.508866111,-159.8003133,0,93.6584636,139.2685897,-71.61907611
0.03791263377,0.09417788008,NaN,NaN,0,139.6116192,3.201450024,18.06377047,0,-137.5444716,217.437205,-71.37230733
0.03791263377,0.09804158798,NaN,NaN,0,54.685403,3.250933039,182.9893176,0,-296.0675236,68.40824338,-75.77022853
0.03791263377,0.1019052959,NaN,NaN,0,-126.7888927,2.592593027,270.2170424,0,-317.7820042,-115.2370509,-88.01131086
0.03791263377,0.1057690038,-0.9185767044,-1.661905089,1,399.1552671,1.898871161,408.1746175,0,-272.4869235,130.1669418,-118.9305317
0.03791263377,0.1096327117,0.5793781733,-1.516891047,1,1131.988733,1.623772619,77.96033612,0,-268.0597882,-626.1624844,-69.09558915
0.03791263377,0.1134964196,2.419392385,1.058619815,1,957.7494007,2.640858842,-351.7685543,0,-738.6405231,-559.0141319,23.63207397
0.03791263377,0.1173601275,NaN,NaN,0,136.8740059,1.595685874,-475.6146814,0,-480.5026152,134.3867912,-26.66715523
0.03791263377,0.1212238354,NaN,NaN,0,64.14924894,1.696255215,-237.1639131,0,-237.1639131,64.14924894,-49.93912444
0.04177634167,0.01690372206,NaN,NaN,0,-4.5544933,0.6366929249,-1.186158818,0,2.566418557,3.634359296,-43.82201403
0.04177634167,0.02076742997,NaN,NaN,0,-4.764429662,0.6404387639,-2.8160656,0.6038839866,2.172288649,4.340383339,-44.66105791
0.04177634167,0.02463113787,NaN,NaN,0,-4.939531919,0.6491696107,-5.790033968,0,1.704893827,5.92692354,-46.19551341
0.04177634167,0.02849484577,NaN,NaN,0,-4.571606702,0.6646357463,-8.614844116,0,1.761474158,7.450170955,-48.19646062
0.04177634167,0.03235855367,NaN,NaN,0,-3.78780596,0.6883279193,-11.14498822,0,2.21924219,9.088559351,-50.42800202
0.04177634167,0.03622226157,NaN,NaN,0,-2.680641784,0.7210984443,-13.32024159,0,2.791921942,10.84464235,-52.70058462
0.04177634167,0.04008596947,NaN,NaN,0,-1.312612226,0.7628670558,-15.03316217,0,3.204490963,12.51083141,-54.87476384
0.04177634167,0.04394967737,NaN,NaN,0,0.03937925892,0.8123063406,-16.21582601,0,3.535664427,13.8163789,-56.8428088
0.04177634167,0.04781338527,NaN,NaN,0,0.9217334909,0.8674946616,-17.1024764,0,4.253663594,14.76939267,-58.54060968
0.04177634167,0.05167709317,NaN,NaN,0,1.111316565,0.9277171328,-18.2436839,0,5.79799243,15.88564313,-59.97013174
0.04177634167,0.05554080107,NaN,NaN,0,0.9893847914,0.9949759051,-19.93395157,0,7.913795254,18.02648478,-61.19325731
0.04177634167,0.05940450897,NaN,NaN,0,0.814958587,1.072799406,-21.64308023,0,9.629284995,22.13952863,-62.30034106
0.04177634167,0.06326821687,NaN,NaN,0,0.5063342086,1.163565458,-20.84671726,0,7.556782276,28.47529499,-63.46648386
0.04177634167,0.06713192477,NaN,NaN,0,-4.570228128,1.257487376,-19.73334347,0,2.924452596,34.15305549,-65.08076306
0.04177634167,0.07099563267,NaN,NaN,0,-12.46986345,1.350607993,-25.22445286,0,-2.326534813,35.81187372,-67.65716401
0.04177634167,0.07485934057,NaN,NaN,0,-7.465758154,1.4551492,-36.01516094,0,-10.21030864,25.23629586,-71.04534575
0.04177634167,0.07872304847,NaN,NaN,0,0.7843276765,1.551114067,-38.4982203,0,-2.302125694,6.289631092,-73.32288663
0.04177634167,0.08258675637,NaN,NaN,0,-18.19580863,1.618087107,-29.18318485,0,29.94861213,3.021266343,-73.23261234
0.04177634167,0.08645046427,NaN,NaN,0,-104.8882815,1.683358369,-147.0181231,0,178.5655339,29.32626264,-73.05770329
0.04177634167,0.09031417218,NaN,NaN,0,-4.09534006,2.353812471,-323.9586356,0,259.5513325,183.03257,-71.38217915
0.04177634167,0.09417788008,1.47755219,-3.569164391,1,4.085927313,3.862912751,-291.583711,0,133.9458625,122.0487637,-67.511567
0.04177634167,0.09804158798,1.284778753,-3.828790542,1,-159.6092492,4.038600433,120.4494363,0,-122.0333633,-37.21312753,-71.45044444
0.04177634167,0.1019052959,0.3893674022,-2.960002297,1,-13.09057444,2.985501729,203.2291835,0,-288.0083233,-21.78027776,-82.50617038
0.04177634167,0.1057690038,0.1214205635,-2.959419708,1,200.8891447,2.961909513,61.79179309,0,-425.811871,388.3118221,-87.65055759
0.04177634167,0.1096327117,-0.4796683124,-4.221580313,1,449.145402,4.248743583,48.11071043,61.26730994,-309.7785801,-143.6382435,-96.48231365
0.04177634167,0.1134964196,0.6598932545,-2.21855776,2,790.363961,2.31461825,-22.4586968,121.2766913,-467.7679544,-621.0402244,-73.43528769
0.04177634167,0.1173601275,NaN,NaN,0,284.9227059,2.05707524,-111.8170711,6.736675219,-259.6673041,-199.3539792,-68.11547429
0.04177634167,0.1212238354,NaN,NaN,0,144.5682877,2.027176898,-80.33254315,0,-149.3697259,-95.08284015,-68.05854928
0.04564004958,0.01690372206,NaN,NaN,0,-7.686309721,0.6289958161,0.007081125491,0,4.384381137,5.086121016,-42.19224426
0.04564004958,0.02076742997,NaN,NaN,0,-7.953370822,0.6309654646,-2.217738741,1.269839899,3.727771076,5.269793911,-43.24146335
0.04564004958,0.02463113787,NaN,NaN,0,-8.105307333,0.6371536041,-5.993158703,0.8691918857,2.992672477,6.131843033,-45.10697158
0.04564004958,0.02849484577,NaN,NaN,0,-7.4456862,0.6504179166,-9.430875677,0,3.130362826,7.042590726,-47.44362336
0.04564004958,0.03235855367,NaN,NaN,0,-6.342357331,0.6728723494,-12.36447452,0,3.899192944,8.41792968,-49.94367158
0.04564004958,0.03622226157,NaN,NaN,0,-4.872505829,0.7058449279,-14.86120663,0,4.700457719,10.32476315,-52.42252979
0.04564004958,0.04008596947,NaN,NaN,0,-2.804376815,0.7495910806,-16.68519342,0,4.78304843,12.29238859,-54.77499457
0.04564004958,0.04394967737,NaN,NaN,0,-0.5872922559,0.8016575554,-17.4468022,0,4.298365233,13.50226285,-56.8738737
0.04564004958,0.04781338527,NaN,NaN,0,0.6141936419,0.8574578511,-17.43718486,0,4.515127354,13.63059196,-58.60387453
0.04564004958,0.05167709317,NaN,NaN,0,0.06926166805,0.9143290512,-18.01376079,0,6.922876225,13.53250038,-59.94596126
0.04564004958,0.05554080107,NaN,NaN,0,-0.6932855119,0.9764091235,-20.12194409,0,11.2501139,14.77913539,-60.97736414
0.04564004958,0.05940450897,NaN,NaN,0,-0.7020219637,1.051968214,-24.04339031,0,17.87538312,19.8175843,-61.7016135
0.04564004958,0.06326821687,NaN,NaN,0,4.62674457,1.157039408,-18.62632691,0,14.06188619,31.84301653,-62.17564502
0.04564004958,0.06713192477,NaN,NaN,0,-4.348853641,1.258224851,-7.686288357,0,5.903365029,43.36089987,-63.01610153
0.04564004958,0.07099563267,NaN,NaN,0,-32.82151744,1.337087948,-16.52726074,5.401165636,0.2903535241,53.09608014,-65.89553208
0.04564004958,0.07485934057,NaN,NaN,0,-14.83872632,1.459800004,-47.01221707,0,-33.75431416,29.19349856,-72.24277833
0.04564004958,0.07872304847,NaN,NaN,0,27.20799141,1.556732739,-49.77890855,0,-34.97348251,-32.37564539,-76.69267646
0.04564004958,0.08258675637,0.4152125491,-1.457492412,1,6.388047021,1.515481967,66.3044276,0,-61.70380286,-123.122923,-74.09873051
0.04564004958,0.08645046427,0.1445956761,-0.7830416728,1,-35.00670871,0.7962802087,52.96988695,0,-8.625257902,28.30970417,-79.53767546
0.04564004958,0.09031417218,0.2466313749,-1.362212669,1,-44.05038101,1.384359199,-219.165394,0,101.7590677,233.4973891,-79.73765157
0.04564004958,0.09417788008,0.3675651846,-2.531998444,1,-62.17643783,2.558538701,-392.3839003,0,288.4059597,33.06032083,-81.74018475
0.04564004958,0.09804158798,1.120716166,-3.006004867,1,-92.34746934,3.208125619,-265.3438219,0,201.9492018,24.85278798,-69.55324706
0.04564004958,0.1019052959,0.7910342642,-3.653233379,2,168.6728597,3.737893702,-81.92855246,0,-246.3764501,196.8942559,-77.78236223
0.04564004958,0.1057690038,0.8204921898,-4.083294755,1,-876.2401151,4.164913383,102.6024442,91.41014131,725.9320198,308.6010017,-78.63835855
0.04564004958,0.1096327117,0.210287689,-4.449151633,1,-24.97419511,4.45411845,-25.80292127,0,-204.6993967,-98.49484204,-87.29394768
0.04564004958,0.1134964196,-0.06689948128,-3.802434406,1,347.9044787,3.803022871,-12.06719543,9.042603194,-344.4391184,-433.6467452,-91.00794967
0.04564004958,0.1173601275,NaN,NaN,0,221.0283645,2.829147377,49.51823879,36.6771581,-96.57343587,-304.6741904,-85.46537329
0.04564004958,0.1212238354,NaN,NaN,0,142.5320598,2.468889827,35.71153162,0,-44.03538995,-164.2792991,-80.34764212
0.04950375748,0.01690372206,NaN,NaN,0,-11.74019375,0.6204018996,2.089867371,0,5.669825068,7.689483404,-39.45183498
0.04950375748,0.02076742997,NaN,NaN,0,-12.08291872,0.6184225742,-1.338571758,2.117933511,4.536259896,6.790588229,-40.9162688
0.04950375748,0.02463113787,NaN,NaN,0,-12.08264039,0.6193245452,-6.533986426,1.823912788,3.407662179,6.288063955,-43.41274793
0.04950375748,0.02849484577,NaN,NaN,0,-10.76347343,0.6283542037,-10.75102537,0,3.868111723,6.170419237,-46.33966448
0.04950375748,0.03235855367,NaN,NaN,0,-9.263431334,0.6482518615,-14.02082755,0,5.546709041,7.215805492,-49.23874615
0.04950375748,0.03622226157,NaN,NaN,0,-7.662647388,0.6811072916,-17.07491698,0,7.327667561,9.744091986,-51.9879972
0.04950375748,0.04008596947,NaN,NaN,0,-4.445096947,0.7291306486,-19.39960268,0,6.928879803,12.83169696,-54.64016564
0.04950375748,0.04394967737,NaN,NaN,0,-0.1983651099,0.7881713558,-19.44900452,0,4.359620722,14.26969193,-57.01978886
0.04950375748,0.04781338527,NaN,NaN,0,2.053071665,0.8469751699,-17.18570005,0,2.585604363,12.71821195,-58.85718002
0.04950375748,0.05167709317,NaN,NaN,0,-0.7551780226,0.8961280986,-16.2522303,0,6.128271216,9.83463103,-60.08125164
0.04950375748,0.05554080107,NaN,NaN,0,-3.129766543,0.944602752,-18.49667371,0,12.288401,7.739972115,-60.94170435
0.04950375748,0.05940450897,NaN,NaN,0,-7.5565055,1.001836657,-35.78220999,0,36.56024741,10.50865666,-61.21886948
0.04950375748,0.06326821687,NaN,NaN,0,23.05151968,1.155425635,-21.9289117,0,24.91201432,35.71828697,-60.39191596
0.04950375748,0.06713192477,NaN,NaN,0,15.36958643,1.28746048,24.14177769,0,6.336767809,54.35144731,-58.76216183
0.04950375748,0.07099563267,0.6547218491,-1.121277537,1,-21.9275428,1.298431367,33.44985185,0,-46.36218549,123.6539849,-59.71904341
0.04950375748,0.07485934057,0.4038148588,-1.449329416,1,-80.21214743,1.50453388,25.17322655,9.793249367,-56.1872927,181.7180282,-74.43100074
0.04950375748,0.07872304847,0.1277142546,-1.726120924,1,9.604710975,1.730839211,29.53270292,0,-50.12228583,123.4968164,-85.76844333
0.04950375748,0.08258675637,0.2472667847,-1.812379303,1,126.1593943,1.829169101,128.9413301,0,49.02755427,72.58285654,-82.23098076
0.04950375748,0.08645046427,0.8045854518,-1.508368244,1,186.3851254,1.709541608,101.1106676,28.75528803,-41.55738257,63.55375479,-61.92389376
0.04950375748,0.09031417218,0.8068388791,-1.667270362,1,-72.74176032,1.852236334,-97.63337544,0,-112.4054178,85.15688341,-64.17635844
0.04950375748,0.09417788008,0.08923083682,-2.214616412,1,-112.1751432,2.216413317,-142.6590234,0,-4.616095946,122.4862288,-87.69269911
0.04950375748,0.09804158798,0.3555916458,-2.691714168,1,122.6646036,2.715100474,-373.8458054,0,69.98206672,234.123338,-82.47445929
0.04950375748,0.1019052959,0.8335612988,-4.563631594,1,224.5472507,4.639133299,898.9645121,0,126.0483314,-633.920413,-79.64885578
0.04950375748,0.1057690038,1.710190566,3.230905428,1,-339.8642428,3.65561235,750.1917219,0,-124.3219502,841.3876427,62.10672911
0.04950375748,0.1096327117,-0.9599185625,-4.915985994,1,-185.9055098,5.0088284,-1118.018091,0,-531.6450548,984.7486871,-101.0488193
0.04950375748,0.1134964196,-1.062215219,-4.893571186,1,346.090518,5.007528345,234.0255938,38.65708739,-154.3526997,-226.679335,-102.246833
0.04950375748,0.1173601275,NaN,NaN,0,94.65385977,3.143601312,229.0710038,0,247.7477151,-364.2420518,-93.99658516
0.04950375748,0.1212238354,NaN,NaN,0,98.26873262,2.614216792,160.8435154,0,150.1061974,-115.9754829,-84.27618746
0.05336746538,0.01690372206,NaN,NaN,0,-17.74839209,0.6164182252,6.066056706,0,5.791794897,12.72677701,-35.1835933
0.05336746538,0.02076742997,NaN,NaN,0,-18.07306208,0.6054229386,-0.09233324445,3.364686084,3.822189088,9.314915655,-37.43901386
0.05336746538,0.02463113787,NaN,NaN,0,-17.37886208,0.5955361924,-8.053189872,2.902478755,2.233604622,6.05940532,-41.10450007
0.05336746538,0.02849484577,NaN,NaN,0,-14.26213581,0.5973377806,-13.01841182,0.9025904753,3.387712848,4.135216776,-45.02605384
0.05336746538,0.03235855367,NaN,NaN,0,-12.28524718,0.6123812833,-15.89289334,0,7.091863935,4.530781064,-48.38098643
0.05336746538,0.03622226157,NaN,NaN,0,-12.06955544,0.6427989272,-20.01803107,0,12.13462368,8.604102336,-51.27504486
0.05336746538,0.04008596947,NaN,NaN,0,-7.114998474,0.6990705002,-24.38929579,0,11.2451825,15.02061534,-54.39653861
0.05336746538,0.04394967737,NaN,NaN,0,2.185857098,0.776006028,-23.76391313,0,3.625633489,18.02659597,-57.40068221
0.05336746538,0.04781338527,NaN,NaN,0,8.551636149,0.8468195801,-15.60438054,0,-4.66060184,13.13793288,-59.52827977
0.05336746538,0.05167709317,NaN,NaN,0,-2.01327888,0.8789287111,-11.31278665,0,2.716203282,5.347839676,-60.47676328
0.05336746538,0.05554080107,NaN,NaN,0,-3.514097139,0.9041855111,-1.830310442,0,-4.785028539,-4.162534624,-61.44885825
0.05336746538,0.05940450897,0.4010500154,-0.7557939868,1,13.44863285,0.8556083598,-23.99906047,0,28.27080517,33.41958704,-62.04805664
0.05336746538,0.06326821687,0.5933408536,-1.016077166,1,32.09526076,1.176633407,4.859183099,0,90.36014833,108.4780981,-59.7170989
0.05336746538,0.06713192477,0.8741819469,-1.156147207,1,38.32515186,1.449437974,61.26489517,0,106.543821,138.6072207,-52.90647332
0.05336746538,0.07099563267,1.153072249,-1.31490532,1,31.06482716,1.748871525,146.4468482,0,64.80203872,183.0125157,-48.75169386
0.05336746538,0.07485934057,1.244583514,-1.297426266,1,-69.99841466,1.797860684,147.9994543,0,17.33105667,259.497524,-46.1908808
0.05336746538,0.07872304847,0.9495809616,-1.745701293,1,-42.2038733,1.987253634,183.0322021,0,29.07131404,301.59216,-61.45584912
0.05336746538,0.08258675637,1.193843141,-1.755507312,1,90.86935243,2.122985484,167.1331338,0,-134.5502052,145.9212945,-55.782107
0.05336746538,0.08645046427,0.7808109058,-1.663744942,1,8.723735173,1.837855517,-8.910631215,0,-266.3563804,-71.03899648,-64.85889997
0.05336746538,0.09031417218,0.1984258541,-1.515461456,1,-230.7162624,1.528396625,-52.093663,37.99434596,103.587732,65.06756491,-82.54045352
0.05336746538,0.09417788008,0.2896233984,-2.116421704,1,114.5952917,2.136146657,2.593341593,21.61922772,-15.61174521,441.056442,-82.20771473
0.05336746538,0.09804158798,0.5808693649,-3.209554801,1,429.3085888,3.261694535,-159.2162738,75.65927223,-34.48996259,337.0383026,-79.74157637
0.05336746538,0.1019052959,1.815087244,-4.033804431,1,871.3315062,4.423360701,51.99307545,72.4269148,782.2667354,62.59105437,-65.77372825
0.05336746538,0.1057690038,6.969889955,-3.250502296,1,885.0963598,7.690587179,-357.8588122,0,-1433.717958,95.38037109,-25.00262814
0.05336746538,0.1096327117,-0.3046263598,-5.784988244,1,-753.5110329,5.793003211,-111.2575712,0,-1060.395665,532.0360184,-93.01430157
0.05336746538,0.1134964196,-0.03851568292,-5.73600082,1,108.4463249,5.73613013,664.5554049,0,-106.8826086,-255.8575452,-90.38471977
0.05336746538,0.1173601275,-0.2985846169,-2.228781457,1,-29.32975117,2.248692855,513.1543567,0,191.3064534,-393.3187551,-97.63034931
0.05336746538,0.1212238354,NaN,NaN,0,134.7944209,2.309577198,197.9104812,0,323.7804097,200.4324315,-75.26815851
0.05723117328,0.01690372206,NaN,NaN,0,-28.26308113,0.6295234512,14.24354014,0,3.052209841,23.13302781,-28.79936922
0.05723117328,0.02076742997,NaN,NaN,0,-28.07122473,0.5963616844,1.291191871,5.341180695,-0.2620523615,13.34807214,-32.50198838
0.05723117328,0.02463113787,NaN,NaN,0,-25.09761004,0.5638502901,-12.568028,4.125611211,-1.683145627,4.499424893,-38.35062468
0.05723117328,0.02849484577,NaN,NaN,0,-16.62096055,0.5557698974,-17.37653871,0,0.3572711108,-0.2197385168,-44.04527569
0.05723117328,0.03235855367,NaN,NaN,0,-13.54586615,0.5630988291,-16.51430293,0,7.298410169,-1.832000348,-47.64815145
0.05723117328,0.03622226157,NaN,NaN,0,-21.21532872,0.5807177891,-22.71501816,0,22.87378073,5.120920954,-49.73342909
0.05723117328,0.04008596947,NaN,NaN,0,-14.13119861,0.6504322133,-34.37563627,0,22.29159303,20.6200661,-53.62425867
0.05723117328,0.04394967737,NaN,NaN,0,7.505155829,0.7715951757,-35.61297169,0,3.558332572,29.67814372,-58.17582193
0.05723117328,0.04781338527,0.428503154,-0.7759580266,1,0.3983836696,0.8864117621,0.4588361269,0,4.01266255,27.07304236,-61.09143763
0.05723117328,0.05167709317,0.4239162352,-0.7584309838,1,-16.46696947,0.8688627807,89.15425005,0,18.31366525,103.2998048,-60.79749683
0.05723117328,0.05554080107,0.4356382471,-0.8306123182,1,0.6230036764,0.937921908,79.79845526,0,23.92110432,95.94241092,-62.32395884
0.05723117328,0.05940450897,0.5187474992,-0.8208065128,1,76.60425073,0.9709903704,97.47613282,0,71.72961741,84.2311805,-57.70722408
0.05723117328,0.06326821687,1.008756985,-0.7794376913,1,93.76316644,1.274799502,96.9212781,0,144.6519569,101.1719799,-37.69223667
0.05723117328,0.06713192477,1.439913895,-0.837229983,1,59.38839821,1.665624828,89.37492619,0,178.4400387,144.1122718,-30.17562376
0.05723117328,0.07099563267,1.927656596,-0.990926806,1,0.9835305589,2.167439939,94.82645753,0,138.3516035,165.9197885,-27.20578107
0.05723117328,0.07485934057,1.978264153,-1.111913847,1,-1.51959348,2.269335027,110.0739183,0,20.28515166,229.0807442,-29.33883466
0.05723117328,0.07872304847,2.000161231,-1.450734419,1,-8.708110943,2.470885531,9.63380842,0,-126.2520139,416.3469508,-35.95370503
0.05723117328,0.08258675637,1.456817653,-2.683334629,1,30.19953436,3.053293697,-5.107178691,0,-419.5865757,284.8896507,-61.50188293
0.05723117328,0.08645046427,0.4956834436,-2.57119746,1,242.122443,2.618541284,401.1929282,0,-397.3752265,-196.0875366,-79.08820727
0.05723117328,0.09031417218,0.8569662464,-0.3756173778,1,393.2519727,0.9356706483,355.8851618,30.11179502,-54.79973959,393.802342,-23.66834793
0.05723117328,0.09417788008,1.803364011,-2.717698369,2,254.2006569,3.261595649,81.07756522,23.75243263,-206.1437691,1144.325363,-56.43322094
0.05723117328,0.09804158798,1.042644023,-4.483696295,1,53.46124261,4.603329125,167.8817836,0,-189.8802261,734.7086609,-76.90902884
0.05723117328,0.1019052959,1.276280906,-4.907751853,1,95.48922991,5.070988188,-284.4837046,0,-185.1941178,37.64713685,-75.42288134
0.05723117328,0.1057690038,0.6960505395,-5.728315772,1,223.1919313,5.770449544,-1037.255121,0,-381.183807,-728.2393391,-83.07192492
0.05723117328,0.1096327117,0.6658464482,-6.101698571,1,54.16273923,6.137921223,148.0862687,0,-100.5370029,147.3676625,-83.77225372
0.05723117328,0.1134964196,0.5168739304,-5.725539288,1,-81.71400892,5.748822383,606.997332,0,-27.49101836,-381.2284332,-84.84159744
0.05723117328,0.1173601275,0.2439101215,-2.283482874,1,118.8701761,2.296472553,1683.692759,0,213.1764517,686.0647809,-83.90307124
0.05723117328,0.1212238354,NaN,NaN,0,255.4526277,2.596136585,621.9218355,0,549.9369247,408.4032687,-46.11104816
0.06109488118,0.01690372206,NaN,NaN,0,-50.01385932,0.6892228951,32.51232431,0,-7.417345756,46.18528182,-19.86363391
0.06109488118,0.02076742997,NaN,NaN,0,-47.15386348,0.5971344342,1.359216664,8.654553566,-12.54218057,18.66729212,-25.87555131
0.06109488118,0.02463113787,NaN,NaN,0,-38.31939282,0.5147819256,-26.13357527,5.051565978,-9.06140588,-1.190039372,-35.79090327
0.06109488118,0.02849484577,NaN,NaN,0,-13.57823019,0.5028821118,-27.40541209,0,-7.573892947,-7.681595388,-45.22333086
0.06109488118,0.03235855367,NaN,NaN,0,-4.061928129,0.5050946273,-10.07276151,0,-1.129275097,-16.75996489,-48.32447181
0.06109488118,0.03622226157,0.3341453158,-0.3311372909,1,-3.894337086,0.4704306511,-6.367150617,0,8.550138425,6.676467466,-44.74094324
0.06109488118,0.04008596947,0.3538318295,-0.4276631423,1,15.60231013,0.5550610118,-5.416157673,2.786922381,0.1871431178,82.02968616,-50.39696893
0.06109488118,0.04394967737,0.3951511511,-0.6690024886,1,-2.756238884,0.7769869767,14.37369438,0,49.85517814,88.97271623,-59.43147053
0.06109488118,0.04781338527,0.5358083732,-0.7158919724,1,69.73063662,0.8941990433,47.51684476,0,132.5492805,37.53170019,-53.18703201
0.06109488118,0.05167709317,1.176701665,-0.6304228067,1,52.51555024,1.334938097,39.63623259,0,96.39636186,36.61303715,-28.18036505
0.06109488118,0.05554080107,1.111160504,-0.7042112283,1,-48.9031988,1.315519335,68.75818631,0,29.8573316,106.0812302,-32.36496684
0.06109488118,0.05940450897,1.103113997,-0.7746281461,1,13.14667793,1.347927764,107.448738,0,50.92515192,137.2766958,-35.0772784
0.06109488118,0.06326821687,1.35871534,-0.8194577442,1,91.46621042,1.586700466,103.0075719,0,82.76908333,82.70021307,-31.09468952
0.06109488118,0.06713192477,1.776308278,-0.6961664433,1,101.8897864,1.907857127,98.94971604,0,105.6321745,89.81275906,-21.40108603
0.06109488118,0.07099563267,2.160519579,-0.7841552113,1,110.0322611,2.298422121,19.76378832,11.01486017,91.50206929,153.5763512,-19.94824008
0.06109488118,0.07485934057,2.554978063,-1.2131791,1,108.1576248,2.828376996,-14.77744549,20.39162914,4.409530415,351.6326001,-25.39974964
0.06109488118,0.07872304847,2.595446186,-2.199856599,1,123.940679,3.402309504,-83.42199129,0,-196.4454288,506.7288218,-40.28405045
0.06109488118,0.08258675637,2.274840889,-3.493349459,1,9.943536127,4.168739799,21.53904929,0,-274.4997564,522.2809765,-56.92815077
0.06109488118,0.08645046427,1.573278228,-4.13457714,1,373.6125842,4.423791644,361.0093004,0,-161.3401977,297.1465375,-69.167313
0.06109488118,0.09031417218,3.094999386,-3.246602397,2,990.8207267,4.485470803,557.5063642,154.9098976,-97.65172019,495.5143486,-46.3694582
0.06109488118,0.09417788008,5.024222375,-3.895058099,1,-1507.228311,6.357223298,625.9290466,0,1759.114798,859.6819034,-37.78484377
0.06109488118,0.09804158798,4.068215196,-4.149755156,1,-675.493656,5.8112686,635.3213331,0,-401.927214,951.9148313,-45.56847884
0.06109488118,0.1019052959,0.8613828471,-5.118282899,1,-689.3451427,5.190260133,45.76044112,115.4558408,-325.1415203,417.3926896,-80.4469112
0.06109488118,0.1057690038,0.1485350612,-5.585633611,1,-148.9137453,5.587608209,-152.2912352,0,142.5826459,174.9643425,-88.47673021
0.06109488118,0.1096327117,0.8369213283,-6.38270286,1,-74.9030307,6.437338978,522.3859855,0,252.259692,507.0808462,-82.5298039
0.06109488118,0.1134964196,0.8337893948,-5.526499023,1,-541.6666027,5.589042513,1069.272606,0,2617.533927,-100.1463617,-81.42042442
0.06109488118,0.1173601275,8.857466312,-1.864409555,1,111.1382525,9.051559669,1065.205738,0,855.3946552,-81.5286803,-11.8866747
0.06109488118,0.1212238354,NaN,NaN,0,-1410.225333,4.697792457,360.3544764,0,-810.0647068,-37.47961609,-13.48964385
0.06495858908,0.01690372206,NaN,NaN,0,-102.2078164,0.8668894215,76.91529634,0,-40.34524959,101.7744453,-9.205983533
0.06495858908,0.02076742997,NaN,NaN,0,-86.56877831,0.6096283432,-5.651313636,13.70777231,-47.78571955,19.74409326,-17.83478874
0.06495858908,0.02463113787,0.336616972,-0.2368091105,1,-55.98317071,0.4115696061,-26.52954439,7.988716823,-25.91110122,19.14525416,-35.12628061
0.06495858908,0.02849484577,0.2639162577,-0.3631870015,1,-15.3633202,0.448950542,-11.51703844,1.935264863,-0.4094809902,31.96509566,-53.9953068
0.06495858908,0.03235855367,0.2756754754,-0.4048113756,1,7.481740734,0.4897644511,22.70196664,0,21.66712762,30.94413096,-55.7452404
0.06495858908,0.03622226157,0.3765389707,-0.3950323168,1,52.59709379,0.5457399818,36.98886529,0,52.50761311,83.17262444,-46.37302653
0.06495858908,0.04008596947,0.6817693618,-0.5832519307,1,52.08458782,0.8972136186,56.31902472,0,59.11290036,71.14778559,-40.54690278
0.06495858908,0.04394967737,0.8061735843,-0.4523263173,1,-29.60563121,0.9243997757,73.76059409,0,49.10413608,60.8178986,-29.29582723
0.06495858908,0.04781338527,0.7571058891,-0.5332451359,1,-35.57011758,0.9260451945,36.64286979,0,12.88402293,71.98768142,-35.15781857
0.06495858908,0.05167709317,0.7185211411,-0.5888883453,1,39.07616544,0.9290113635,-48.78262786,0,52.56140187,-50.57895963,-39.33749363
0.06495858908,0.05554080107,1.111166682,-0.5263046346,1,43.82650888,1.229507204,-0.7463273479,0,149.1937632,21.49996594,-25.34459757
0.06495858908,0.05940450897,1.464295091,-0.6748415244,1,37.41868435,1.612318578,34.10062564,0,121.7835523,108.3133308,-24.7432952
0.06495858908,0.06326821687,1.726277622,-0.8130408499,1,72.35327231,1.908158759,51.18762205,0,110.0988923,89.47440977,-25.21946012
0.06495858908,0.06713192477,2.169236961,-0.8227704886,1,140.8806813,2.320030231,63.13558139,17.77463823,84.58011014,127.7059917,-20.77124951
0.06495858908,0.07099563267,2.597392263,-1.062522055,1,213.6377962,2.806314252,38.50090786,37.47898368,73.79001742,217.0847213,-22.24812593
0.06495858908,0.07485934057,3.279774076,-1.512766179,1,218.8935607,3.611838798,-71.98019212,38.21503038,49.8386885,348.8825497,-24.76108729
0.06495858908,0.07872304847,3.635695177,-2.688612755,1,146.7872094,4.52182684,94.91252628,15.87494331,-74.7824631,682.3208668,-36.48309028
0.06495858908,0.08258675637,3.557979383,-3.782340425,1,28.5642805,5.192813918,182.4132093,0,-183.1023144,686.9767129,-46.75073296
0.06495858908,0.08645046427,3.038605354,-4.63809875,1,291.3280382,5.544824841,294.2606611,0,62.61986526,501.0093505,-56.76957678
0.06495858908,0.09031417218,4.925530694,-4.58115697,1,848.1362752,6.726652347,1988.621315,0,317.7710701,-1774.757395,-42.92540389
0.06495858908,0.09417788008,7.543330776,9.902497304,1,-1426.656908,12.44834495,223.8369098,0,2008.929248,-74.95418109,52.70128374
0.06495858908,0.09804158798,7.175260932,-3.426715472,1,-854.0578113,7.951524908,-1497.918193,0,-304.8189915,1971.04817,-25.52791106
0.06495858908,0.1019052959,3.065769317,-3.500575439,2,-1378.811077,4.653275181,181.9566183,255,-275.4568678,486.1575106,-48.78844554
0.06495858908,0.1057690038,0.7836528032,-4.602058863,1,-502.7222511,4.668303492,110.9688075,0,911.0440763,457.0254891,-80.33619115
0.06495858908,0.1096327117,4.643405579,-4.837637374,1,-333.0163983,6.705516441,1875.776688,0,1233.095272,-992.6460573,-46.1736162
0.06495858908,0.1134964196,4.261294658,6.48068876,1,-1666.706605,7.756156198,1128.819327,0,1511.711804,-276.5001183,56.67358775
0.06495858908,0.1173601275,4.044550941,0.5921064688,2,-49.52528343,4.087662215,-1925.373599,0,-264.6794729,-363.9616732,8.328714907
0.06495858908,0.1212238354,NaN,NaN,0,-638.9780112,3.080032735,-560.0252831,0,122.763169,-485.3522978,8.36067627
0.06882229698,0.01690372206,1.338621842,0.004832890372,1,-251.939474,1.338630566,-186.904145,0,-134.6856552,-127.0721714,0.2068567906
0.06882229698,0.02076742997,0.591718559,-0.1107537442,1,-145.1133879,0.6019943894,-104.2026968,1.569885375,-100.656688,-55.10412407,-10.60155539
0.06882229698,0.02463113787,0.3890380579,-0.1848696532,1,-31.45843161,0.4307289161,-13.08106709,5.135926788,-9.567089492,35.69168835,-25.41691902
0.06882229698,0.02849484577,0.433207929,-0.2991974248,1,6.672664227,0.5264866653,56.07145565,0,33.20560047,91.68195495,-34.63111016
0.06882229698,0.03235855367,0.5431160242,-0.3224582207,1,9.719947804,0.6316283083,114.6125106,0,84.80228148,122.9686271,-30.69840292
0.06882229698,0.03622226157,0.798414213,-0.3314830181,1,0.3332998721,0.864491901,127.9269385,0,78.14321418,148.1276309,-22.54708865
0.06882229698,0.04008596947,0.8463263515,-0.4005077956,1,-51.65826433,0.9363091304,90.03839806,0,81.86472054,98.68499393,-25.32495996
0.06882229698,0.04394967737,0.9151231365,-0.3648909389,1,-31.05218789,0.9851881812,95.30232474,0,59.31486804,128.4755186,-21.73886321
0.06882229698,0.04781338527,0.9555250921,-0.5286793269,1,-24.28277897,1.092030234,61.17082507,0,-7.377384082,116.4102114,-28.95517207
0.06882229698,0.05167709317,0.7927975144,-0.5783197921,1,0.3242909194,0.9813163001,82.49253328,0,60.71070856,22.55622406,-36.10952485
0.06882229698,0.05554080107,1.191346502,-0.2971029354,1,88.68625599,1.227834126,31.97905178,0,134.0434208,-1.5775359,-14.00302871
0.06882229698,0.05940450897,1.653359926,-0.4486669392,1,62.50226333,1.713155296,-9.692361381,0,121.4779598,87.75723063,-15.18253911
0.06882229698,0.06326821687,1.902192343,-0.673619694,1,62.01798466,2.017944301,29.75101607,0,160.6449258,150.1090963,-19.50048328
0.06882229698,0.06713192477,2.513664372,-0.9136954048,1,152.8151061,2.674574334,18.46812672,0,169.630452,186.9245686,-19.97577086
0.06882229698,0.07099563267,3.148027794,-1.324486179,1,191.018412,3.415310034,-32.19527136,30.78777247,96.57670292,214.3715925,-22.81820493
0.06882229698,0.07485934057,3.62484789,-1.866357745,1,390.9233237,4.077108468,-29.50941567,58.01413766,243.2915955,418.6225237,-27.24298377
0.06882229698,0.07872304847,5.598448988,-3.055937094,1,204.4423673,6.378195873,56.86846131,0,315.5404475,689.6309971,-28.62810618
0.06882229698,0.08258675637,5.6339096,-4.311167354,1,-309.1876806,7.094159663,39.50652861,57.17929447,62.66807887,547.3869562,-37.42385631
0.06882229698,0.08645046427,4.645969255,-5.018238715,1,-497.5560779,6.838695059,78.54923364,93.01379338,54.30246197,333.3850808,-47.20596749
0.06882229698,0.09031417218,3.921307102,-5.29577863,1,-30.75820424,6.589531143,1865.415534,0,277.5399278,-1860.87081,-53.48156828
0.06882229698,0.09417788008,5.59946175,9.379043274,1,351.1637483,10.92338888,-2.015006741,59.54379641,159.9887953,-847.8661749,59.16201975
0.06882229698,0.09804158798,5.896251223,-2.027656789,1,-1618.629887,6.235156016,-1997.403824,0,1060.440417,651.4216203,-18.9775374
0.06882229698,0.1019052959,3.442780685,-0.8552445234,2,-1201.467011,3.547419068,168.8322606,220.1355082,281.8446686,-324.0629984,-13.95083637
0.06882229698,0.1057690038,2.343099113,-0.1232534823,2,-1176.558107,2.34633861,82.40396895,0,1385.24351,-53.09791422,-3.011140909
0.06882229698,0.1096327117,4.249080123,-0.3317048268,2,8.550738838,4.262007741,1050.382606,0,453.1308344,-729.5746153,-4.463747341
0.06882229698,0.1134964196,4.126901855,6.753981296,1,642.7345442,7.915022569,-174.0971865,0,-1739.333122,437.7497053,58.57371525
0.06882229698,0.1173601275,0.0121435341,-2.695702497,1,-106.4441488,2.695729849,-647.9216308,0,-824.7197329,622.0211801,-89.74189713
0.06882229698,0.1212238354,0.5291566082,1.847293224,1,73.97719146,1.921587618,858.1789505,0,193.6481505,-1493.445882,74.0156551
0.07268600488,0.01690372206,-0.3573892674,0.3143458299,1,6.291016911,0.4759625923,-441.1760703,0,160.4949081,-270.7226834,138.666386
0.07268600488,0.02076742997,-0.03518321939,-0.01494521882,1,95.89711856,0.03822588772,-183.1450795,0,106.3353212,-62.38719586,-156.9850601
0.07268600488,0.02463113787,0.423977808,-0.1522273591,1,102.8561238,0.4504779135,-25.18605419,0,122.3098358,38.41250802,-19.7504515
0.07268600488,0.02849484577,0.8347922776,-0.2606714861,1,87.16533193,0.8745443216,81.32628421,0,112.0323833,71.61742674,-17.34144926
0.07268600488,0.03235855367,1.193619594,-0.1147151698,1,44.19121508,1.199119388,159.4081058,0,113.2588121,116.373292,-5.489663689
0.07268600488,0.03622226157,1.443133192,-0.0943975362,1,-10.65199261,1.446217239,152.2951297,0,66.89895381,140.0382376,-3.742472529
0.07268600488,0.04008596947,1.410941422,-0.06735811919,1,-20.83612552,1.41254834,156.2714057,0,79.75688764,158.5430249,-2.733216248
0.07268600488,0.04394967737,1.670785806,-0.1031744094,1,-55.60241172,1.673968389,184.3952486,0,63.95856103,288.0701431,-3.533643426
0.07268600488,0.04781338527,1.443227143,-0.4679276281,1,-140.5544921,1.517188469,336.987771,0,-0.8606885629,402.3132209,-17.96389364
0.07268600488,0.05167709317,1.124398855,-0.3555728664,1,-82.78824701,1.179281497,205.0710412,0,27.24629377,174.8229395,-17.5487123
0.07268600488,0.05554080107,1.228629259,-0.3510577988,1,77.48577796,1.27779945,-28.53224562,0,88.55060599,-4.875231113,-15.94629559
0.07268600488,0.05940450897,1.765914943,-0.4469766602,1,113.6727119,1.821604711,45.60975952,0,194.9881213,66.55268834,-14.20400926
0.07268600488,0.06326821687,2.421204559,-0.4319751583,1,93.37219695,2.459437751,94.63868773,0,216.4077937,175.085826,-10.11589274
0.07268600488,0.06713192477,2.962814341,-0.757800904,1,45.60561135,3.058190809,-52.06750052,0,182.1713889,205.57156,-14.34700247
0.07268600488,0.07099563267,3.301268354,-1.427417232,1,164.9295493,3.596650205,-142.8814635,0,306.2186771,200.1494239,-23.38290683
0.07268600488,0.07485934057,4.783193465,-2.083172054,1,329.507123,5.217139593,51.78080257,0,503.5482634,267.1037552,-23.53404464
0.07268600488,0.07872304847,6.519951032,-2.259362225,1,-115.9871408,6.900324567,-30.70569259,0,385.772264,37.21516022,-19.11276389
0.07268600488,0.08258675637,5.825564377,-2.34559839,1,-621.0177562,6.280050327,-34.29325023,115.4086714,131.9145783,29.50979368,-21.93162997
0.07268600488,0.08645046427,4.63019922,-2.50587855,1,-530.6622854,5.264805041,-147.7471443,78.17004498,302.2614283,122.5591727,-28.42239296
0.07268600488,0.09031417218,4.943090181,-3.389983042,1,-402.7890108,5.993840635,1508.724123,0,306.88086,-1511.621094,-34.44242256
0.07268600488,0.09417788008,4.25963814,9.163853128,1,1163.83481,10.10547976,1388.318328,0,-1932.089399,-1281.244935,65.06955942
0.07268600488,0.09804158798,1.974778856,6.924429627,1,-175.8113112,7.200519231,-1067.669597,0,-288.4150478,726.8101329,74.08237428
0.07268600488,0.1019052959,2.466003089,2.230507617,2,65.99986213,3.325106835,-196.915255,0,-344.9795484,224.5543243,42.12944222
0.07268600488,0.1057690038,0.8968828384,5.295994284,1,-569.9758843,5.371401519,-176.3748137,0,1454.336438,1208.413452,80.38808948
0.07268600488,0.1096327117,5.882913947,-3.119909747,1,806.5478949,6.659017445,-840.3241601,0,327.8774427,1235.122378,-27.93853127
0.07268600488,0.1134964196,5.279970978,-2.722924902,1,780.0973031,5.940741835,-271.0602729,0,-1281.800546,-513.5240385,-27.28053396
0.07268600488,0.1173601275,3.944479165,-2.18310058,1,-885.7539956,4.508308333,479.3741081,127.4367411,-327.3702107,-460.9525916,-28.96265282
0.07268600488,0.1212238354,0.592813398,0.910222797,1,-665.4640561,1.086247331,807.774185,0,-1069.483747,-793.4459159,56.92445199
0.07654971278,0.01690372206,-1.411946997,0.6006316829,1,223.7069017,1.534390022,-99.14634289,0,322.4009258,248.2170077,156.955462
0.07654971278,0.02076742997,-0.3569464331,-0.07042357804,1,265.1124534,0.3638272069,-102.255988,22.48047122,214.2426782,81.59276399,-168.8391949
0.07654971278,0.02463113787,0.440141212,-0.1097061925,1,170.2339769,0.4536074682,-15.20794687,0,187.2164883,19.13595989,-13.99591426
0.07654971278,0.02849484577,1.024137753,-0.2031184019,1,140.976738,1.044085831,8.955250898,0,161.4564707,-5.048134859,-11.21796171
0.07654971278,0.03235855367,1.60865479,-0.05560120036,1,115.1983769,1.609615397,87.41724544,0,118.7135087,43.08946691,-1.979571027
0.07654971278,0.03622226157,1.927904954,-0.03184881378,1,54.62838105,1.928168006,146.5210415,0,62.88116576,135.1963178,-0.9464349552
0.07654971278,0.04008596947,2.062677354,-0.01184577592,1,78.54859586,2.062711368,242.8631073,0,131.7898847,209.4996768,-0.3290410411
0.07654971278,0.04394967737,2.740591403,0.09705773615,1,183.1937758,2.742309509,266.5101058,0,269.5554658,260.5825093,2.028275904
0.07654971278,0.04781338527,3.811968176,0.01105672558,1,-122.9164583,3.811984211,271.8264136,0,-1.315115646,336.5922318,0.1661876242
0.07654971278,0.05167709317,2.260596889,-0.1531784676,1,-393.0437592,2.265780647,187.1592211,25.50610171,-318.62971,255.8518874,-3.876447143
0.07654971278,0.05554080107,1.06226977,-0.254351672,1,-79.90781653,1.092296589,88.73154486,0,34.90596039,83.89408855,-13.465483
0.07654971278,0.05940450897,2.086722862,-0.1344879494,1,129.3924715,2.091052202,12.23497926,0,357.7197421,-2.286197441,-3.687576147
0.07654971278,0.06326821687,2.944329078,-0.1982460868,1,86.21988107,2.950995634,-23.83646751,0,177.784641,41.27124466,-3.851996624
0.07654971278,0.06713192477,3.10675922,-0.3860451313,1,-18.33274072,3.130652279,-89.30356785,0,128.3217456,60.89934288,-7.083251995
0.07654971278,0.07099563267,3.369294465,-0.7785862597,1,71.94289592,3.458083538,-110.5693191,0,381.0327172,98.5221818,-13.01167762
0.07654971278,0.07485934057,4.856924675,-1.193913615,1,51.91873956,5.001514472,-77.66969298,0,531.5376868,9.991969377,-13.81044075
0.07654971278,0.07872304847,5.623599669,-1.117285317,1,-164.2474357,5.733515477,-116.8893843,0,360.5622363,-63.01804247,-11.23708011
0.07654971278,0.08258675637,5.615427721,-1.402056744,1,-439.667364,5.787814061,-54.05328905,77.21456681,161.450323,122.6628297,-14.01895482
0.07654971278,0.08645046427,4.54865029,-1.800064781,1,-532.211728,4.891876192,-61.52185095,99.19937834,90.84459687,236.5764599,-21.59049013
0.07654971278,0.09031417218,3.910114049,-2.553821543,1,-128.8223,4.670224444,-65.59542171,0,507.8653879,136.966157,-33.14984807
0.07654971278,0.09417788008,6.013162063,-2.582703553,1,1327.755957,6.544346846,-740.3322586,0,-1154.565906,-763.9098193,-23.24392877
0.07654971278,0.09804158798,4.579269818,-2.462724736,1,698.7044784,5.199492782,422.2813774,0,-1336.328272,386.1620231,-28.27130007
0.07654971278,0.1019052959,3.549569976,-2.443148919,1,694.8900787,4.30910938,1501.348376,0,-241.6143184,-1128.462942,-34.5394164
0.07654971278,0.1057690038,6.330594954,7.69809803,1,797.1646205,9.966802183,614.3071126,87.10599224,-221.3200697,546.4962711,50.56754565
0.07654971278,0.1096327117,5.774465116,-2.181147635,1,-958.9157875,6.172669794,-1615.800569,0,-396.0255892,690.4523803,-20.69269846
0.07654971278,0.1134964196,1.095497252,-1.212589713,1,-1016.207827,1.634162795,-436.5751419,151.6033833,-456.7674524,-861.7824872,-47.90420477
0.07654971278,0.1173601275,0.08331889301,-0.5382706557,1,-354.9591153,0.5446809495,-361.2428991,0,222.707814,-749.1782462,-81.20101948
0.07654971278,0.1212238354,0.5845168544,0.2862791527,1,221.7824734,0.6508576698,277.6502469,0,37.65637359,-149.1676335,26.09425278
0.08041342068,0.01690372206,0.2185762378,0.6956707105,1,-107.8037474,0.7292004588,295.3316612,0,-64.87810507,764.9126465,72.55754359
0.08041342068,0.02076742997,-0.1150198811,-0.2114911709,1,43.07431628,0.2407448616,26.73468328,5.853173241,14.01547177,229.2040796,-118.5396438
0.08041342068,0.02463113787,0.4391545029,-0.08661189582,1,113.1970705,0.4476140055,17.53880957,0,136.5392291,9.787863995,-11.15692656
0.08041342068,0.02849484577,0.8498882327,-0.1815437812,1,156.6662964,0.8690616506,-29.68148345,0,169.1101182,-25.92296136,-12.05768166
0.08041342068,0.03235855367,1.69785941,-0.1011337273,1,235.0247485,1.70086878,-4.773551099,23.42203728,200.235522,-35.58141691,-3.408820057
0.08041342068,0.03622226157,2.531606779,-0.06251118671,1,186.2062463,2.532378433,123.4166606,0,191.8967867,61.43361148,-1.414476983
0.08041342068,0.04008596947,3.158739086,0.1383506691,1,122.9780496,3.161767467,242.1231198,0,181.3179683,166.2858337,2.507914107
0.08041342068,0.04394967737,3.707317707,0.2305019346,1,51.92963094,3.714476507,148.6543416,0,112.4823796,183.9691823,3.557776956
0.08041342068,0.04781338527,3.79397907,0.001904440102,1,-142.1766635,3.793979548,11.32497321,21.8380558,-83.32002384,88.59806403,0.02876040405
0.08041342068,0.05167709317,2.836064375,-0.06805871686,1,-273.2164945,2.83688088,95.18410168,25.56410531,-218.1184707,71.72356574,-1.374696914
0.08041342068,0.05554080107,1.895604283,0.09254909818,1,-184.0536373,1.897862201,220.9935553,0,-82.9723054,90.73734833,2.795132658
0.08041342068,0.05940450897,1.80435413,0.4352132192,1,16.49286834,1.856099236,-56.87355772,0,136.9771086,-12.68161189,13.56081601
0.08041342068,0.06326821687,2.488567445,-0.07819567207,1,108.29014,2.489795673,-214.4344155,0,163.1368438,-52.31449286,-1.799753648
0.08041342068,0.06713192477,2.853068712,-0.1911708067,1,73.02173763,2.859466271,-94.39276115,0,125.2733481,-54.27876202,-3.833392443
0.08041342068,0.07099563267,3.254721734,-0.2331844475,1,107.9685641,3.263064289,132.767378,0,323.9061636,142.8338045,-4.09795249
0.08041342068,0.07485934057,4.52170651,-0.2300645381,1,139.2156721,4.527555571,95.95500664,0,525.9794249,95.55810849,-2.912698957
0.08041342068,0.07872304847,5.824841286,-0.2316509489,1,8.872665269,5.829445786,88.99896095,0,397.1997222,35.42107395,-2.277423589
0.08041342068,0.08258675637,6.090651601,-0.02305523281,1,-328.6099368,6.090695237,119.9777498,44.98438588,194.4687947,85.53414095,-0.2168833998
0.08041342068,0.08645046427,5.306559095,-0.09857090512,1,-463.0793491,5.307474508,58.45971081,74.90762249,237.4396867,293.1960269,-1.064163673
0.08041342068,0.09031417218,5.218845855,-0.9300077918,1,-1284.921655,5.301062775,187.3066454,223.4060418,-490.2831824,272.3396155,-10.10414735
0.08041342068,0.09417788008,-1.552313861,-0.4271134637,1,-508.8876236,1.610001315,-393.8149814,0,477.7057,-391.6578061,-164.6159544
0.08041342068,0.09804158798,5.09836801,-0.9383424867,1,224.5086636,5.183998745,-123.9637201,0,1188.392489,124.6985447,-10.42844746
0.08041342068,0.1019052959,3.906723485,-1.387871821,1,-426.9008776,4.145922886,697.0059548,0,500.2811745,101.9274743,-19.55769025
0.08041342068,0.1057690038,5.381888043,1.36086694,2,779.1356836,5.551277126,400.4968025,0,-1193.008753,285.8904732,14.19039345
0.08041342068,0.1096327117,2.307638838,-0.9450664405,1,-978.2536005,2.493661481,-838.9868586,69.4755112,-346.4820746,-341.4653852,-22.27097794
0.08041342068,0.1134964196,0.2634963487,-0.5614107079,1,-480.9658619,0.620171193,-114.3246723,79.88916294,-205.8103369,-371.565169,-64.85713483
0.08041342068,0.1173601275,-0.3458637873,0.04883569878,1,41.13311386,0.3492945532,35.89538153,0,172.5829224,-160.8648441,171.963011
0.08041342068,0.1212238354,1.089232686,0.1988133305,1,402.9979624,1.107228335,127.8260723,0,339.861752,50.19202977,10.34410111
0.08427712858,0.01690372206,2.684527311,0.7664838264,1,-525.9484525,2.791806644,56.02639539,0,-536.5548095,547.3587197,15.93505616
0.08427712858,0.02076742997,0.6319261872,-0.1826984652,1,-284.4336674,0.6578065333,24.13686572,16.91928799,-269.1288352,227.5691014,-16.12530164
0.08427712858,0.02463113787,0.5457234966,-0.01951890994,1,11.15526195,0.5460724518,17.15140076,0,34.75199552,9.992641255,-2.048426791
0.08427712858,0.02849484577,0.8092984206,-0.1550391095,1,103.2867735,0.8240152056,-29.29931984,0,131.4647936,14.82867957,-10.84488588
0.08427712858,0.03235855367,1.452734981,-0.1900166099,1,231.421745,1.465109292,-4.689431021,0,242.9448574,-42.2639283,-7.451938721
0.08427712858,0.03622226157,2.64211241,-0.009862227522,1,261.7425372,2.642130817,87.07331462,0,304.5309311,-17.38055429,-0.213867278
0.08427712858,0.04008596947,3.640650254,0.2135626286,1,166.7109955,3.646908728,124.3220933,0,191.4007368,36.09645465,3.357156034
0.08427712858,0.04394967737,4.02575154,0.3310158695,1,52.31354561,4.039337441,80.33886552,0,91.9497797,73.89454794,4.700549135
0.08427712858,0.04781338527,4.198041604,0.2384615894,1,-187.4919806,4.204808823,76.57203379,26.11265773,-102.4554497,146.792577,3.251081703
0.08427712858,0.05167709317,2.905479362,0.0597042019,1,-288.5310195,2.906092723,-0.1934553667,37.41793585,-211.3345833,26.27451876,1.177195568
0.08427712858,0.05554080107,2.266706925,0.1361970687,1,-168.8349309,2.270794999,88.81266431,16.964785,-112.6297623,18.58899144,3.438532955
0.08427712858,0.05940450897,1.817982004,0.3310279616,1,-30.32977692,1.847873934,-11.26381249,0,-61.03782154,20.4496389,10.31966574
0.08427712858,0.06326821687,1.913689213,0.01366555599,1,41.57384723,1.913738005,-157.6349687,0,143.3143212,-24.29462671,0.4091392526
0.08427712858,0.06713192477,2.532335881,-0.1841601712,1,290.4778371,2.539023431,-40.54891576,0,361.8612586,-51.43690069,-4.159423732
0.08427712858,0.07099563267,4.434136931,0.05573354938,1,344.6295419,4.43448718,204.05751,0,448.5307096,78.63686855,0.720124132
0.08427712858,0.07485934057,5.596875411,0.3004285519,1,121.7218836,5.604932799,176.3354933,0,310.5533951,91.6076982,3.072568712
0.08427712858,0.07872304847,6.104322341,0.3830970006,1,-22.6713592,6.116331789,21.8215845,0,232.9849354,-60.62205232,3.59107706
0.08427712858,0.08258675637,6.409465637,0.6189666829,1,-105.0903067,6.439283307,78.02658211,8.578147955,54.10896852,-57.44927808,5.515989667
0.08427712858,0.08645046427,5.907345342,0.9065361519,1,-200.018394,5.976498706,94.97294376,33.44255594,12.78563309,121.5115132,8.724499596
0.08427712858,0.09031417218,5.686052939,0.5164294026,1,-588.8138831,5.709456835,159.2051915,103.0547709,-169.2715542,75.69248241,5.189586791
0.08427712858,0.09417788008,2.978324648,1.229204866,1,-323.9543651,3.222012153,951.5901619,0,38.23297989,758.7672486,22.42676618
0.08427712858,0.09804158798,4.582108966,1.261440816,1,125.2526884,4.752573567,-59.63770349,0,821.529735,-36.34578629,15.39207006
0.08427712858,0.1019052959,6.636415378,1.139211701,1,92.24541176,6.733484415,73.49490751,0,1046.6828,379.7118515,9.740498275
0.08427712858,0.1057690038,8.982594894,0.07830799022,1,-783.306627,8.982936223,-424.1131765,42.16784779,-620.2344951,-196.5134916,0.4994774603
0.08427712858,0.1096327117,1.213542456,0.259833001,1,-1566.713372,1.241047332,73.65450439,235.3514098,-960.5051217,132.6074928,12.08519541
0.08427712858,0.1134964196,-0.7818391667,-0.1494691367,1,-347.1633419,0.7959984331,-104.8969276,61.59766022,-70.32915603,-29.78255548,-169.176997
0.08427712858,0.1173601275,-0.3995266069,-0.03038699199,1,197.3194047,0.4006805198,-23.90189947,0,334.3372374,-73.54551106,-175.6506005
0.08427712858,0.1212238354,1.272326802,0.04233927758,1,449.5888621,1.27303107,-48.22245707,0,415.8251141,-85.86829958,1.905930983
0.08814083648,0.01690372206,2.549880074,0.6546908448,1,-378.0421234,2.632585895,5.327089483,0,-497.9980249,423.0856962,14.3998507
0.08814083648,0.02076742997,0.8574984528,-0.1523577697,1,-276.9510819,0.8709285198,-18.36060727,25.34478804,-242.2002031,149.9056984,-10.07500176
0.08814083648,0.02463113787,0.5440311525,0.004558990091,1,-9.950385689,0.5440502544,3.726583414,1.249129614,-6.489922137,-16.89755004,0.4801283449
0.08814083648,0.02849484577,0.7939779056,-0.07267214237,1,89.95083951,0.7972967796,2.914716059,0,161.7281737,18.74685928,-5.229663899
0.08814083648,0.03235855367,1.516445344,-0.05661178676,1,216.7522778,1.517501689,61.49192158,0,302.6713933,16.07368202,-2.137967503
0.08814083648,0.03622226157,2.800879247,0.1028106686,1,271.3805685,2.802765526,85.09928611,0,314.0943717,9.94960822,2.102187706
0.08814083648,0.04008596947,3.778549497,0.2337446174,1,198.4808102,3.785772424,123.6781781,0,190.3558609,50.99305181,3.539859866
0.08814083648,0.04394967737,4.303230565,0.3836447654,1,116.4385409,4.320298208,111.3954392,0,110.9195325,86.36349027,5.094606154
0.08814083648,0.04781338527,4.656994681,0.3304607562,1,-188.1859579,4.668704721,108.7255454,0,-165.4630795,148.4384341,4.058910071
0.08814083648,0.05167709317,2.936833985,0.2302057637,1,-342.4501663,2.945842588,160.4314588,27.85835136,-264.847754,165.8022852,4.482004689
0.08814083648,0.05554080107,2.310572909,0.3097094521,1,-164.7092451,2.331237249,45.49455558,19.83935416,-119.2119346,23.14282943,7.634427786
0.08814083648,0.05940450897,1.83984548,0.3165663046,1,-49.88955552,1.866881254,30.58580215,0,-85.97171871,29.24244257,9.762795552
0.08814083648,0.06326821687,1.78564463,0.3148998012,1,38.66954739,1.813198453,-33.89221378,0,131.5857936,26.13624274,10.00132179
0.08814083648,0.06713192477,2.497662386,0.08463388284,1,267.5447817,2.499095895,85.26537482,0,395.3742779,123.2186803,1.940738525
0.08814083648,0.07099563267,4.346970238,0.1682593151,1,361.4940016,4.350225448,100.3163599,0,430.3097341,-7.065303657,2.216656144
0.08814083648,0.07485934057,5.556960736,0.4995252647,1,136.5877171,5.579367178,81.80258736,0,207.1125336,-70.34943772,5.136615537
0.08814083648,0.07872304847,5.674927612,0.7561302965,1,25.78047017,5.7250796,-35.74554905,0,132.9260298,-59.69119978,7.589418286
0.08814083648,0.08258675637,6.170156293,0.5920442646,1,52.87915678,6.19849539,-60.50032475,0,68.26462584,-52.09166614,5.480915293
0.08814083648,0.08645046427,6.142991802,0.7236416958,1,10.16529414,6.185467289,39.08522541,0,-21.48458669,13.47848782,6.718454716
0.08814083648,0.09031417218,6.126421853,0.6909812189,1,-197.3486044,6.165265588,84.37713718,29.98133142,-83.98327969,20.02678948,6.435028992
0.08814083648,0.09417788008,5.056007579,0.9722726426,1,-163.8564765,5.148643193,508.684436,0,-198.2066108,234.1068934,10.8851281
0.08814083648,0.09804158798,4.727515842,1.75186864,1,54.35599544,5.041671327,204.37089,0,101.3945057,-139.2168882,20.33312079
0.08814083648,0.1019052959,5.657782021,2.299795456,1,-369.4961198,6.107336288,-367.135234,0,-81.7667616,-429.0087998,22.1209344
0.08814083648,0.1057690038,2.983967882,1.990930024,1,-556.9731801,3.587180882,-1167.104446,0,-103.844651,-933.4816384,33.71157181
0.08814083648,0.1096327117,3.104574946,1.397145166,1,-646.0870949,3.404467684,14.54965129,117.4340436,-192.7013953,398.3090709,24.22907194
0.08814083648,0.1134964196,-0.2568658341,0.508195723,1,-730.2605488,0.5694233484,90.9468319,128.8106038,-260.2250577,302.896753,116.8141637
0.08814083648,0.1173601275,-0.7223721173,0.5782325814,1,-150.159859,0.9252969221,-117.6936978,0,364.4646217,-3.855989638,141.3239991
0.08814083648,0.1212238354,0.5711451705,0.06836007049,1,250.9679874,0.5752216139,-351.6051594,0,418.6050348,-87.67604049,6.825234044
0.09200454438,0.01690372206,4.339789176,0.3030092623,1,-729.2474173,4.350354549,44.13632432,0,-926.9912337,226.0550881,3.993977945
0.09200454438,0.02076742997,1.140177995,-0.04843122012,1,-514.6458509,1.141206136,34.13136269,34.50558751,-480.5004039,114.1472334,-2.432284624
0.09200454438,0.02463113787,0.4948347288,-0.006148689576,1,-34.20030188,0.4948729283,5.912458014,3.000299317,-29.77595646,-38.27275689,-0.7119060408
0.09200454438,0.02849484577,0.8929924204,0.1222875438,1,122.1552232,0.9013266368,18.68541678,0,203.3329141,-19.64523581,7.797657026
0.09200454438,0.03235855367,1.752425816,0.1419497557,1,238.8752662,1.758165514,49.63568789,0,308.8786553,41.12472164,4.630954174
0.09200454438,0.03622226157,3.009353574,0.1551714313,1,324.6623678,3.013351474,45.35690882,0,338.7167268,34.94710472,2.951730694
0.09200454438,0.04008596947,4.315528865,0.182170198,1,232.1829672,4.319372104,77.15253599,0,228.6388002,37.15970893,2.417175466
0.09200454438,0.04394967737,4.789834278,0.3096920332,1,133.6096743,4.799835577,47.79700102,15.81203295,93.14640056,10.50485584,3.699372765
0.09200454438,0.04781338527,5.191648103,0.326256154,1,-80.60826248,5.201889379,53.54977649,0,-80.86435328,40.64889902,3.595881493
0.09200454438,0.05167709317,4.165951257,0.3595372554,1,-346.163362,4.181437182,231.9120738,0,-342.2288353,235.6056159,4.932618801
0.09200454438,0.05554080107,2.531901732,0.3119853865,1,-277.9651208,2.551051011,69.88931326,0,-269.9050716,113.3502159,7.024676291
0.09200454438,0.05940450897,2.049140866,0.1916170226,1,-125.4674217,2.058080506,94.60901989,13.47245634,-42.29353285,78.90353551,5.34224512
0.09200454438,0.06326821687,1.883722407,0.3726667906,1,134.4613301,1.920231924,42.73013772,0,199.0826487,12.1588203,11.19062521
0.09200454438,0.06713192477,3.337857372,0.3097356632,1,315.3861097,3.352197491,15.83980299,0,437.9600132,29.05233173,5.301565688
0.09200454438,0.07099563267,4.794431774,0.3216174389,1,245.1608821,4.805206948,89.65271754,0,350.9684638,21.53675583,3.837734402
0.09200454438,0.07485934057,5.641127036,0.5729158426,1,93.83356995,5.670145218,90.19721311,0,149.7539038,-32.86040905,5.799105819
0.09200454438,0.07872304847,5.735582621,0.7970761458,1,22.01863064,5.790702754,53.8446404,0,64.24980507,26.54035102,7.911743871
0.09200454438,0.08258675637,5.974443072,0.6784116412,1,-0.9567395747,6.012837298,39.17307605,0,97.97586344,42.49265633,6.47831751
0.09200454438,0.08645046427,6.110436176,0.7842502573,1,-38.20855808,6.160558313,121.2133003,0,67.97171468,49.77201405,7.313702223
0.09200454438,0.09031417218,6.089439215,0.9544399034,1,-113.2393684,6.163783375,160.6600566,0,45.38154717,79.847601,8.907890303
0.09200454438,0.09417788008,5.848253376,1.09648598,1,-222.9847019,5.950155381,262.4321574,0,-101.9866081,135.9360585,10.61907296
0.09200454438,0.09804158798,4.833844998,1.44318388,1,-268.555433,5.044684051,288.8589825,0,-323.5975067,-9.928592861,16.62342409
0.09200454438,0.1019052959,3.560347384,2.250913896,1,-484.1379574,4.212206888,-29.66089308,0,-542.6739179,-129.5339678,32.30179029
0.09200454438,0.1057690038,0.8665438426,1.829064268,1,-103.0464818,2.023950179,158.6652747,0,-91.49188434,220.6086182,64.65011494
0.09200454438,0.1096327117,2.808707962,2.011582911,1,-169.470169,3.454751253,25.20524038,18.4709409,136.6813449,67.25126664,35.61005318
0.09200454438,0.1134964196,0.7398574038,1.666610704,1,-788.9674349,1.823452828,379.8901887,128.0072335,-162.9334726,393.7657797,66.06216047
0.09200454438,0.1173601275,-0.8691590947,1.95797168,1,-463.1552508,2.142216289,290.0817587,61.49443515,161.6871082,542.8365909,113.9368129
0.09200454438,0.1212238354,-0.4249274408,0.6900398619,1,-44.93733494,0.8103816021,-939.9637421,0,274.8882864,-283.634718,121.6248154
0.09586825228,0.01690372206,3.593820769,-0.1093335008,1,-493.555863,3.595483491,-129.3743999,0,-626.3099179,-175.3943202,-1.742551174
0.09586825228,0.02076742997,1.430403636,-0.02042973604,1,-418.3978486,1.430549522,-39.3461421,19.84456865,-403.3051477,-73.24799819,-0.8182711784
0.09586825228,0.02463113787,0.4190004101,0.02165336844,1,-97.99080386,0.4195595453,4.109593028,13.4740589,-67.6879191,-63.54678427,2.958335847
0.09586825228,0.02849484577,0.7902694452,0.2409747434,1,168.3140445,0.8261928485,16.25802963,0,206.4856771,-33.48887082,16.95789593
0.09586825228,0.03235855367,1.867117056,0.2138608607,1,288.340108,1.87932503,4.441461999,0,312.3473957,26.14655435,6.534221558
0.09586825228,0.03622226157,3.111150499,0.1571126066,1,290.7413672,3.115115054,-14.97274919,0,318.2854084,-16.57487098,2.890971893
0.09586825228,0.04008596947,4.22021862,0.2200509913,1,185.5441527,4.225951685,36.09313257,3.057957961,181.2903616,17.925639,2.984818235
0.09586825228,0.04394967737,4.52849191,0.227306495,1,120.2146048,4.534193117,40.36686385,13.79895113,87.02989921,12.04683873,2.873535338
0.09586825228,0.04781338527,5.020950848,0.3294712961,1,18.98981387,5.031749075,-218.7864332,0,36.57698156,-223.471345,3.754326726
0.09586825228,0.05167709317,4.743185777,0.2454076256,1,-285.9711157,4.749530105,-132.3594754,19.3353072,-232.2859509,-135.304789,2.961784632
0.09586825228,0.05554080107,3.018556925,0.3408511277,1,-355.5683077,3.03774018,153.2700647,44.05623965,-222.3580063,51.67897645,6.44246812
0.09586825228,0.05940450897,2.510247311,0.6379259159,1,-241.5099518,2.59003688,150.7092079,35.68605496,-22.70189357,92.8045789,14.25866888
0.09586825228,0.06326821687,1.997719531,0.5645777003,1,-48.59760935,2.07596515,42.75119665,0,90.23252967,63.37963849,15.78088051
0.09586825228,0.06713192477,2.671112482,0.5582236422,1,298.8454738,2.728819438,-113.5846712,0,420.3741012,-116.8176288,11.80409354
0.09586825228,0.07099563267,4.776573885,0.5770689044,1,306.2997036,4.811306122,-42.53708823,0,497.9487014,-83.26518212,6.888649997
0.09586825228,0.07485934057,5.778493398,0.7155851003,1,53.55233223,5.822632394,7.047863971,0,259.3434365,-81.52775385,7.05933673
0.09586825228,0.07872304847,5.985511738,0.9192992188,1,15.39689299,6.055696642,49.93078524,0,167.6385353,-17.02713469,8.731679293
0.09586825228,0.08258675637,6.485688829,0.9742909445,1,-13.56648321,6.55846037,69.26303435,0,225.3105888,13.72259463,8.543185943
0.09586825228,0.08645046427,6.803629112,1.133891255,1,-86.56123294,6.89746899,102.9976477,0,234.0838656,17.70259753,9.461937668
0.09586825228,0.09031417218,7.05567319,1.303846104,1,-179.1513598,7.175133367,174.7011037,0,125.2023772,95.53293504,10.46980563
0.09586825228,0.09417788008,6.595186002,1.439773933,1,-296.5205839,6.75051312,132.2692987,50.28655447,-27.11977142,71.35474539,12.31485103
0.09586825228,0.09804158798,5.805221393,1.539202144,1,-282.7981104,6.005808743,201.7686407,30.17792882,-119.0144653,37.71491675,14.84977484
0.09586825228,0.1019052959,5.042699579,2.073629603,1,-168.8837797,5.452408529,283.2654009,0,-182.0355985,154.7951639,22.35316008
0.09586825228,0.1057690038,4.449371419,2.035573614,1,-282.6958294,4.892899545,564.6613879,0,-126.4706338,433.5967217,24.58394764
0.09586825228,0.1096327117,3.461799882,2.580025189,1,-373.8542135,4.317474771,348.9143958,21.75847701,-70.55220119,118.1944505,36.69658538
0.09586825228,0.1134964196,2.732314843,2.927008089,1,-385.2756122,4.00411298,551.6103802,0,135.2518483,444.8694562,46.97032469
0.09586825228,0.1173601275,2.49578109,2.99244094,1,-1119.885068,3.896617255,487.1208255,144.7166164,-663.0645975,907.1668747,50.17092995
0.09586825228,0.1212238354,-4.156481867,1.30407285,1,-1913.720295,4.356253839,-321.0185176,0,-1529.740302,552.9440765,162.5810436
0.09973196018,0.01690372206,3.162251864,-0.2099136283,1,-645.5673509,3.16921135,-32.02079565,0,-626.3221404,-145.7955434,-3.797782833
0.09973196018,0.02076742997,0.7051471258,0.009882567508,1,-390.7077959,0.705216374,-47.19190182,27.90922235,-359.10693,-130.2329707,0.8029421381
0.09973196018,0.02463113787,0.2651867834,0.1109328057,1,-3.885178772,0.2874545485,-11.92426468,0,35.27221952,-79.18841134,22.70050958
0.09973196018,0.02849484577,0.8264174831,0.2697715824,1,204.4473842,0.8693345519,-25.60751171,0,211.0659607,-57.6425672,18.07849434
0.09973196018,0.03235855367,1.870608977,0.2347069027,1,252.5037514,1.885275915,-71.25768533,0,280.9333911,-69.14106019,7.151577614
0.09973196018,0.03622226157,2.887462785,0.2615935611,1,321.4489432,2.899288279,-83.44496438,0,365.3609067,-65.59368976,5.176655997
0.09973196018,0.04008596947,4.52424162,0.1657347919,1,267.7094398,4.527276251,-94.77782559,0,277.0736504,-74.04190586,2.097955997
0.09973196018,0.04394967737,4.992345515,0.1814760242,1,-142.4853408,4.99564283,-37.37929874,10.01968967,-127.035134,-96.51240268,2.081833885
0.09973196018,0.04781338527,3.482893232,0.3942078328,1,-247.4509736,3.50513125,-99.81620029,0,-234.0996092,-199.586948,6.457485028
0.09973196018,0.05167709317,3.131774723,0.5669610504,1,-76.63929937,3.182680906,-93.24057023,0,35.45392143,-205.170162,10.26140719
0.09973196018,0.05554080107,3.323764962,0.8266710807,1,-103.5291957,3.425025342,74.78710492,4.88612879,66.83705453,-46.87488597,13.96694261
0.09973196018,0.05940450897,2.990007008,1.037027446,1,-194.7337888,3.164738193,51.70882969,33.03959828,-71.84537172,30.38350776,19.12813693
0.09973196018,0.06326821687,2.293780953,0.9090658955,1,-156.8597146,2.46735321,44.90663839,28.45561964,16.48760662,111.6147518,21.61929726
0.09973196018,0.06713192477,2.447650185,0.7792867812,1,182.5676994,2.568711606,79.19225787,0,338.8453181,39.58592783,17.66051793
0.09973196018,0.07099563267,4.308368548,1.062093186,1,236.5183827,4.437350728,-15.52193963,0,515.5333734,-167.9003782,13.84835675
0.09973196018,0.07485934057,5.353358497,1.368032558,1,39.29121456,5.525392319,-42.99359392,0,363.0021801,-126.6438606,14.33495372
0.09973196018,0.07872304847,5.862712715,1.385293382,1,-43.77181546,6.024154558,-2.911064157,0,287.50577,-63.30132124,13.29450961
0.09973196018,0.08258675637,6.295075303,1.601362871,1,-106.4920377,6.495562802,50.20329893,0,291.3077562,-114.880577,14.27237718
0.09973196018,0.08645046427,6.576786667,2.023129258,1,-115.6937043,6.880928343,33.86447255,0,332.7052706,-103.0534787,17.09877032
0.09973196018,0.09031417218,7.133544606,2.130373842,1,-223.8556565,7.444860734,1.051049843,0,238.9216341,-28.51711968,16.62781827
0.09973196018,0.09417788008,6.634997204,2.137372028,1,-296.2231654,6.970763737,178.5962072,43.56655855,-59.49862589,192.6702002,17.85562292
0.09973196018,0.09804158798,5.759139511,2.075996043,1,-319.4863936,6.121882674,37.08972085,60.00478039,-38.23002532,20.85477684,19.82270362
0.09973196018,0.1019052959,5.252885449,2.200099109,1,-240.0204503,5.69501902,-41.08643872,44.72758693,-28.0168728,-133.4010639,22.72570499
0.09973196018,0.1057690038,4.723521588,2.43267279,1,-260.0484996,5.313149075,-93.6038827,42.56001995,94.55841498,-348.1143704,27.24903472
0.09973196018,0.1096327117,4.613480102,3.183453292,1,-142.9079929,5.605227338,334.6817643,0,108.3408955,12.42552565,34.60695457
0.09973196018,0.1134964196,4.58996442,3.677776766,1,-140.5810482,5.881650731,284.7530477,0,115.8589946,145.1101804,38.70396742
0.09973196018,0.1173601275,4.517961308,3.722992541,1,-534.0430381,5.854284572,-62.15838932,0,-531.9793821,327.1439113,39.48997598
0.09973196018,0.1212238354,0.4711651734,2.173626391,2,-1071.94092,2.224106182,273.02344,0,-1022.832412,1075.033421,77.76951993
0.1035956681,0.01690372206,2.906790375,-0.03497562885,1,-615.3113705,2.907000787,-263.2969028,0,-503.7714775,-334.0281338,-0.6893717673
0.1035956681,0.02076742997,0.7448857542,0.1016667792,1,-383.7044906,0.7517918069,-46.48980322,28.03378138,-351.2948427,-100.3038471,7.772071656
0.1035956681,0.02463113787,0.06696764393,0.1729461176,1,-35.7258157,0.1854589575,-14.78183221,0,-35.77811363,-57.45592014,68.83275915
0.1035956681,0.02849484577,0.4686154576,0.2665469899,1,174.4808823,0.5391175613,-59.66627141,12.15602427,151.0327698,-98.68541329,29.63108201
0.1035956681,0.03235855367,1.324657313,0.3237046844,1,264.3752784,1.363635479,-134.5110909,0,270.52365,-150.0993855,13.73216896
0.1035956681,0.03622226157,2.535308673,0.3267756069,1,277.7661825,2.556280964,-159.9947155,0,302.8396073,-142.5314082,7.34435462
0.1035956681,0.04008596947,3.56794849,0.256231566,1,159.6428389,3.577137269,-254.3333442,0,222.3386282,-244.039081,4.107634049
0.1035956681,0.04394967737,4.011173486,0.2870015811,1,7.786346301,4.021427935,-212.3529839,0,68.8747408,-244.6601628,4.092568851
0.1035956681,0.04781338527,3.864144538,0.3810570684,1,-67.06812473,3.882887779,74.02811446,0,-41.88411063,-27.2998113,5.631932016
0.1035956681,0.05167709317,3.590213873,0.6785030884,1,-118.6970935,3.653765468,125.241681,0,-72.24460583,-34.71851849,10.70192815
0.1035956681,0.05554080107,3.126401586,0.9990965549,1,-129.2891824,3.282160996,-24.19182927,20.41647374,-68.13406196,-136.5781138,17.72219378
0.1035956681,0.05940450897,2.827428124,1.112730864,1,-98.78460668,3.038506175,-40.80863796,15.63520722,-36.81806747,-101.6943379,21.48205738
0.1035956681,0.06326821687,2.602472462,1.234341115,1,-52.61215068,2.880357774,40.97876071,0,130.9329192,28.21800097,25.37477746
0.1035956681,0.06713192477,3.130036696,1.162034712,1,52.82402765,3.338780375,159.4559174,0,326.4518394,50.55529021,20.36758186
0.1035956681,0.07099563267,4.067883626,1.655101328,1,119.211992,4.391700992,72.98941796,0,396.6207728,-135.1720228,22.13995124
0.1035956681,0.07485934057,5.123063825,1.966309715,1,79.76856618,5.487454497,-7.916757027,0,350.337135,-148.7549697,20.99756076
0.1035956681,0.07872304847,5.729686422,2.199259043,1,-36.13179174,6.137267049,14.01178353,0,324.1273964,-127.0349648,20.99859237
0.1035956681,0.08258675637,6.235794718,2.511273151,1,-98.37757753,6.722471912,44.46299936,0,307.1450623,-128.1988298,21.93558386
0.1035956681,0.08645046427,6.536303002,2.866373916,1,-98.24155058,7.137181262,22.38789466,0,282.9753915,-127.8846522,23.67895848
0.1035956681,0.09031417218,6.949552319,3.091882378,1,-0.09719770877,7.606314093,-172.9043803,0,386.6036287,-40.3981136,23.98446404
0.1035956681,0.09417788008,8.029650953,2.354408407,1,-270.2528824,8.367707773,58.63975114,49.88039041,32.02309462,179.2461201,16.34189107
0.1035956681,0.09804158798,6.029102006,2.625894597,1,-605.7898439,6.576122979,267.3195059,80.52479537,-341.7766417,127.986744,23.53488811
0.1035956681,0.1019052959,4.368530836,2.8927495,1,-549.1037243,5.239471475,144.8113806,82.95399709,-301.4784047,-57.00940267,33.51169055
0.1035956681,0.1057690038,2.742701114,3.405671152,2,-243.2147881,4.372757184,-904.5278256,0,355.6431176,-1074.837803,51.1543419
0.1035956681,0.1096327117,4.802921061,3.550777504,1,-88.11844174,5.972944969,145.211484,0,515.2935083,12.65841054,36.47534683
0.1035956681,0.1134964196,4.393180794,3.917817509,1,-372.7320331,5.886368279,-109.8671221,67.40253561,40.58650123,32.57718629,41.72642611
0.1035956681,0.1173601275,3.519607745,3.000414304,1,-230.7645587,4.624945911,-639.2968626,0,-633.9914739,-11.91927867,40.44710831
0.1035956681,0.1212238354,1.052016079,1.493813781,2,-267.7424955,1.827078937,-558.9308268,0,-1009.575423,220.9420632,54.84493671
0.107459376,0.01690372206,0.854362401,0.2210439375,1,-218.6931041,0.8824939289,-338.0450719,0,-152.1336148,-293.5593293,14.50570722
0.107459376,0.02076742997,0.1379793394,0.1351039799,1,-120.4277155,0.1931097705,-85.46399617,0,-104.2997262,-56.91287416,44.39674135
0.107459376,0.02463113787,-0.01391879107,0.1107307418,1,27.48055114,0.1116021054,-13.10022404,4.364577042,-7.65154478,-24.50661037,97.16447078
0.107459376,0.02849484577,0.2145928279,0.1791749249,1,122.0645362,0.279559896,-23.38810957,16.80073488,81.07608451,-61.62383452,39.86029465
0.107459376,0.03235855367,0.7709572303,0.2584624144,1,212.7513629,0.8131284465,-94.78553333,13.63325808,176.5113406,-141.1904455,18.53366053
0.107459376,0.03622226157,1.718590211,0.3584699505,1,227.731123,1.755577688,-202.4649867,0,245.3167781,-241.1611298,11.78203794
0.107459376,0.04008596947,2.598676143,0.4079730081,1,136.3649138,2.630505593,-254.8666579,0,253.9311533,-270.1457078,8.922190078
0.107459376,0.04394967737,3.226580209,0.4175037366,1,79.11411281,3.253479555,-235.2099479,0,196.4661407,-256.8312767,7.372828453
0.107459376,0.04781338527,3.663437746,0.491511507,1,-14.57124417,3.696262934,-150.1782474,0,80.5569706,-235.3130883,7.641554962
0.107459376,0.05167709317,3.481529782,0.746439894,1,-159.2191285,3.560649117,-47.73424482,23.38226502,-89.46449568,-195.6349429,12.10101611
0.107459376,0.05554080107,2.702596862,1.062956603,1,-161.3589388,2.904118892,6.314537623,22.74257947,-108.3593407,-130.8615048,21.47017805
0.107459376,0.05940450897,2.439417134,1.276448053,1,-60.37604671,2.753193707,49.70017914,4.706306133,23.76359093,-94.0150923,27.62123826
0.107459376,0.06326821687,2.561137028,1.618230432,1,44.45843867,3.029536698,107.0304851,0,167.6836368,-37.922674,32.28636102
0.107459376,0.06713192477,3.259072147,1.836504719,1,110.1309237,3.740895727,138.1674774,0,279.9027273,4.697436454,29.4014937
0.107459376,0.07099563267,4.068113127,2.133919684,1,106.2451686,4.593817326,3.062944082,0,279.1236532,-146.2562515,27.6791569
0.107459376,0.07485934057,4.748024708,2.413430475,1,86.16541065,5.326198014,-46.47992323,0,265.2874075,-212.9805973,26.94432197
0.107459376,0.07872304847,5.426024157,2.777229654,1,45.86752235,6.09546903,18.98156447,0,270.8023285,-176.3627637,27.1049605
0.107459376,0.08258675637,5.971544513,3.168183899,1,-51.17608688,6.759935879,11.50524511,0,243.5182291,-174.5363848,27.94804352
0.107459376,0.08645046427,6.169178011,3.496040169,1,-98.08727249,7.090913495,-73.77948316,0,185.5321754,-191.875621,29.53999583
0.107459376,0.09031417218,6.309406075,3.62447288,1,24.10037486,7.276359576,-207.9610344,0,334.3482315,-158.5882388,29.87544957
0.107459376,0.09417788008,7.554118724,3.305278109,1,-139.2822407,8.245579001,-342.2423279,0,392.1691931,-205.4807107,23.63161328
0.107459376,0.09804158798,7.286487391,3.096065939,1,-426.7345719,7.916976872,-12.77161041,79.76814573,-81.06574042,25.64410305,23.02088825
0.107459376,0.1019052959,5.592126645,3.156851013,1,-1437.734465,6.421650001,360.4688183,132.6800306,-1204.974736,-66.69051037,29.44547011
0.107459376,0.1057690038,-2.924169029,4.746484812,1,-226.4267425,5.574933415,238.8982512,0,131.0045745,-371.398867,121.6359953
0.107459376,0.1096327117,5.223443261,5.51486081,1,726.3814136,7.5959232,-135.4059634,0,1141.127181,-272.1228307,46.55451907
0.107459376,0.1134964196,4.291338685,5.274718852,1,-441.2101671,6.799871078,-639.9699014,0,-392.5979224,227.0260965,50.86932598
0.107459376,0.1173601275,2.001852358,2.165041523,2,-414.5346174,2.948697621,-1094.25175,0,-912.1866305,450.2020123,47.2427436
0.107459376,0.1212238354,-0.8347246827,-0.6925993522,1,-651.3296762,1.08464702,-745.0284895,0,-816.9888995,734.1935165,-140.316356
0.1113230839,0.01690372206,NaN,NaN,0,-78.14366369,0.5166715063,-80.30652273,0,-62.48412238,-50.17475377,25.47026832
0.1113230839,0.02076742997,NaN,NaN,0,-86.84758463,0.2546175671,-9.049898883,12.81753427,-54.15418177,38.82764246,40.09277154
0.1113230839,0.02463113787,-0.07833417929,0.03720596103,1,-23.58247778,0.08672097313,16.35836156,2.689500779,9.443474687,30.80071466,154.5939375
0.1113230839,0.02849484577,0.1401541376,0.1081795851,1,50.4904613,0.1770480299,20.14500832,0,76.65404644,-17.76620721,37.66316868
0.1113230839,0.03235855367,0.4129150598,0.183683824,1,75.75797304,0.4519276422,-25.11741418,0,100.526783,-99.27981564,23.98172299
0.1113230839,0.03622226157,0.821266942,0.3947214415,1,133.3756629,0.9111994329,-129.442447,0,158.1937399,-265.7854015,25.67010396
0.1113230839,0.04008596947,1.539454065,0.7104731745,1,126.0719314,1.695491359,-233.7453685,0,207.4944277,-323.2174781,24.77378788
0.1113230839,0.04394967737,2.110069919,0.7404155383,1,42.88187787,2.236204425,-310.3254772,0,173.3002393,-320.1946313,19.33577871
0.1113230839,0.04781338527,2.374718619,0.7486047034,1,0.6782250493,2.48991918,-292.8451407,0,139.0415765,-346.5756714,17.49690119
0.1113230839,0.05167709317,2.64990642,0.9480146143,1,-25.21721338,2.81438017,-171.9383021,0,95.21988247,-289.7698849,19.68487274
0.1113230839,0.05554080107,2.645188485,1.203871521,1,-30.16053435,2.906256829,-3.684496327,0,31.79156457,-130.4557857,24.47111153
0.1113230839,0.05940450897,2.656208244,1.437821847,1,7.39582951,3.020393004,75.47313618,0,50.65627468,-55.63816378,28.42695568
0.1113230839,0.06326821687,2.869484858,1.710447286,1,133.1472192,3.340594748,92.35669732,0,132.3533764,-6.03622836,30.79839424
0.1113230839,0.06713192477,3.682024993,1.817983371,1,79.7068158,4.106381812,91.13401809,0,87.26793264,-67.41989554,26.27765065
0.1113230839,0.07099563267,3.514626513,2.323053295,1,22.20815886,4.212977111,-6.962418341,0,91.29917162,-224.4740524,33.46340074
0.1113230839,0.07485934057,4.120584162,2.65838479,1,177.0121225,4.903694885,-49.69214959,0,238.9056869,-242.5866838,32.82798603
0.1113230839,0.07872304847,5.121611439,3.068341431,1,154.0144187,5.970395537,-25.63641256,0,230.4105668,-282.2554799,30.92569358
0.1113230839,0.08258675637,5.605890016,3.649885908,1,-66.68445381,6.689369926,-28.89387732,0,167.1780336,-260.2403482,33.06736837
0.1113230839,0.08645046427,5.509889277,3.962196618,1,-152.6534767,6.786595751,-125.2339088,0,133.8691841,-291.0599963,35.72015341
0.1113230839,0.09031417218,5.533312996,4.290589472,1,-115.1896158,7.00190765,-189.5187564,0,219.6281124,-304.8444756,37.79037867
0.1113230839,0.09417788008,5.913409122,4.40778151,1,-161.3747385,7.375428481,-458.9503166,0,302.5667165,-373.7649224,36.70038737
0.1113230839,0.09804158798,6.078837558,3.961457992,1,-334.0089776,7.255716055,-527.359999,0,227.9438385,-368.0010568,33.09149053
0.1113230839,0.1019052959,5.503604406,3.792065106,1,-874.5061437,6.683518477,-300.8711809,154.6885315,-121.4490938,-514.4544498,34.5674183
0.1113230839,0.1057690038,2.230757438,4.786681355,2,-386.1203188,5.28096555,957.7048331,0,-202.7584538,605.4088178,65.01286876
0.1113230839,0.1096327117,3.22834884,5.153234004,2,-16.04196116,6.080958554,-419.67141,0,162.7738386,-243.4054111,57.93407203
0.1113230839,0.1134964196,2.797686552,4.105641023,2,-238.0383423,4.96823291,-741.1364353,0,-330.6281334,313.7056541,55.72850326
0.1113230839,0.1173601275,1.031187684,1.077632289,1,-413.835588,1.491522508,87.74657665,76.47288513,-48.81161249,929.3956286,46.26167702
0.1113230839,0.1212238354,NaN,NaN,0,-376.6978297,1.322613466,416.8231362,0,365.8094412,532.7104465,40.2036244
0.1151867918,0.01690372206,NaN,NaN,0,-43.12155711,0.4493593588,-22.71553181,0,-7.187121583,-12.29751231,38.79632613
0.1151867918,0.02076742997,NaN,NaN,0,-49.1464778,0.3638219878,7.872711687,9.232316347,2.059388791,19.05742253,45.93431761
0.1151867918,0.02463113787,NaN,NaN,0,-47.42652604,0.2917607873,48.12148837,0,39.85658993,43.24491976,54.77361827
0.1151867918,0.02849484577,NaN,NaN,0,-24.60933048,0.3586457276,35.20487633,0,56.19364519,5.226293934,51.39344434
0.1151867918,0.03235855367,NaN,NaN,0,-44.89149405,0.4579496444,12.19396883,4.388666264,36.54754793,-32.86543511,50.65695991
0.1151867918,0.03622226157,0.1915452499,0.4543597504,1,-7.89122731,0.493084542,-12.27322402,0,48.37351165,-107.6230535,67.14108462
0.1151867918,0.04008596947,0.4467343924,0.7225657503,1,68.22617733,0.84951332,-77.30093147,0,86.7776299,-198.180266,58.27310504
0.1151867918,0.04394967737,0.7904346845,0.9214021901,1,70.112439,1.213988874,-157.6831589,0,123.009849,-236.2453429,49.37500544
0.1151867918,0.04781338527,1.192902502,1.026107081,1,74.23557598,1.573503137,-204.7371613,0,160.5620719,-279.8907366,40.7013543
0.1151867918,0.05167709317,1.697624212,1.211773653,1,92.62714877,2.085742877,-200.9566858,0,163.9697572,-272.4461314,35.51945819
0.1151867918,0.05554080107,2.184317995,1.302321417,1,94.94331647,2.543085955,-151.6689514,0,116.8815634,-211.6683431,30.80399741
0.1151867918,0.05940450897,2.516053674,1.443593777,1,79.66466039,2.900773876,-60.48606871,0,104.1836348,-141.4553984,29.84518538
0.1151867918,0.06326821687,2.894654106,1.615163256,1,115.2672658,3.31478125,-20.39102462,9.93322778,100.7539598,-129.6448554,29.16070613
0.1151867918,0.06713192477,3.35069659,1.865718666,1,28.39151303,3.83511066,-43.20899304,0,43.88519827,-246.5638895,29.1097235
0.1151867918,0.07099563267,3.173910206,2.400867176,1,28.84453817,3.979682047,79.00574376,0,40.53132771,-124.6458994,37.10525617
0.1151867918,0.07485934057,3.618744671,2.652569129,1,137.330605,4.48680688,52.95197757,0,137.6667915,-120.8538318,36.24171777
0.1151867918,0.07872304847,4.236419819,3.072402055,1,99.45128617,5.233250163,-33.94047467,0,220.3631725,-401.2537258,35.95095531
0.1151867918,0.08258675637,4.854414321,4.071760239,1,-26.21477445,6.335974262,-27.57471941,0,110.1549041,-423.742862,39.98907548
0.1151867918,0.08645046427,4.560739961,4.603080037,1,-170.6451175,6.479868426,-222.9821533,0,52.86101396,-442.0335319,45.2647248
0.1151867918,0.09031417218,4.39933095,4.918110781,1,-144.3108503,6.598630651,-300.9271216,0,86.33812273,-428.9731202,48.18684433
0.1151867918,0.09417788008,4.336750276,5.097812374,1,-247.086376,6.692913712,-386.3558297,0,98.97550462,-476.7293005,49.61191804
0.1151867918,0.09804158798,3.827073806,5.267287474,1,-576.8963444,6.510822625,-438.5978662,69.45728441,86.48564047,-689.2977476,53.9988221
0.1151867918,0.1019052959,2.441946564,6.066443486,1,-385.0764371,6.539483129,-560.7685918,0,200.8419425,-609.3369694,68.07356433
0.1151867918,0.1057690038,3.115245534,5.454941498,1,-53.25997506,6.281810367,-63.5583795,0,110.0866167,-99.61424755,60.26987918
0.1151867918,0.1096327117,2.661508109,6.205752829,1,-177.9466505,6.752406503,-152.4910688,13.99272508,54.91081357,-13.25627995,66.786593
0.1151867918,0.1134964196,2.639870998,4.916978945,1,315.8481637,5.580824386,-406.0917962,0,530.5627731,274.696026,61.76914634
0.1151867918,0.1173601275,5.931792732,3.575387541,1,-149.7504832,6.926006143,-346.2035749,0,199.9935992,363.1531257,31.07946768
0.1151867918,0.1212238354,NaN,NaN,0,-962.9858644,3.573166222,-290.9669685,0,-640.5499562,433.2884467,37.52074172
0.1190504997,0.01690372206,NaN,NaN,0,-28.83966405,0.489918791,-0.538448454,0,12.09823465,-0.9495416141,47.46970402
0.1190504997,0.02076742997,NaN,NaN,0,-31.76741308,0.4692747157,12.5302842,4.500409902,17.14509891,9.059145094,50.44651945
0.1190504997,0.02463113787,NaN,NaN,0,-31.23477064,0.4643873887,29.18018451,0,30.5968036,14.02542853,53.73742459
0.1190504997,0.02849484577,NaN,NaN,0,-24.56674236,0.51434662,32.88012784,0,39.6733757,0.8129863071,54.81603594
0.1190504997,0.03235855367,NaN,NaN,0,-24.7033733,0.5993857304,37.38417026,0,40.66068154,-12.23999449,56.24474792
0.1190504997,0.03622226157,NaN,NaN,0,-15.16789545,0.7091271655,67.89964973,0,51.92756712,-5.555715369,59.67674196
0.1190504997,0.04008596947,NaN,NaN,0,13.38861189,0.9151261902,50.91581571,0,46.14552284,-35.18896493,58.72566879
0.1190504997,0.04394967737,NaN,NaN,0,-5.810468431,1.112850438,12.16098395,0,12.84588516,-65.48321351,58.10167243
0.1190504997,0.04781338527,0.5022579812,1.082145067,1,15.5812655,1.193021805,-36.0129592,0,44.66422051,-108.1886883,65.10248452
0.1190504997,0.05167709317,0.8208162145,1.223661614,1,85.11459654,1.473460893,-92.14299236,0,106.178676,-145.5863262,56.14680758
0.1190504997,0.05554080107,1.24135931,1.288634499,1,114.7574263,1.789288073,-127.623411,0,158.3349541,-207.5710664,46.07049813
0.1190504997,0.05940450897,1.875965402,1.532556002,1,90.55895554,2.42239016,-189.5886699,0,180.7945631,-284.2484169,39.2468492
0.1190504997,0.06326821687,2.289790043,1.654372111,1,83.56894191,2.824904516,-184.790279,0,94.10023821,-274.1579155,35.8480916
0.1190504997,0.06713192477,2.562427217,1.877846445,1,178.5171029,3.176844427,-125.6812467,16.4420956,92.85336991,-310.4352559,36.23541287
0.1190504997,0.07099563267,3.338286283,2.368207636,1,214.9112872,4.092989459,-1.398003424,33.89975701,120.4670715,-203.7521387,35.35220176
0.1190504997,0.07485934057,3.858231232,2.659683716,1,26.10537062,4.686135477,59.99696947,0,0.2583939436,-242.1226614,34.58055868
0.1190504997,0.07872304847,3.440148169,3.535509641,1,-49.19407371,4.932995828,-19.22667329,0,50.20333206,-411.8792327,45.78321926
0.1190504997,0.08258675637,3.862130711,4.176778512,1,-37.86340287,5.688719748,-148.3614184,0,-91.46450213,-482.3021344,47.24144754
0.1190504997,0.08645046427,2.94046292,4.825759024,1,-66.85379731,5.651041704,-104.5545595,0,-230.5131556,-364.6599415,58.64494064
0.1190504997,0.09031417218,2.713191666,5.181749732,1,15.82824648,5.849097306,-102.0787387,0,-109.4591948,-339.960207,62.36320691
0.1190504997,0.09417788008,2.578700285,5.744863532,1,-138.0079412,6.29707489,-274.7560001,0,-118.7954528,-622.3036179,65.82609065
0.1190504997,0.09804158798,1.720978364,6.524572208,1,-261.2679418,6.747726212,-258.935956,0,-151.8176284,-339.433513,75.22370857
0.1190504997,0.1019052959,0.9826583044,6.055882579,1,251.2428936,6.13509015,-128.3403571,0,-282.4751445,158.1117672,80.78322758
0.1190504997,0.1057690038,1.600306069,5.417804872,1,359.3767492,5.649211374,-78.5952512,65.93742565,56.10269073,-77.83035092,73.54396343
0.1190504997,0.1096327117,2.587949499,6.052927228,1,158.4600672,6.582963667,-236.7465533,0,20.04866707,-111.8485721,66.85070631
0.1190504997,0.1134964196,2.290011676,4.935235556,1,-123.3571885,5.440652853,-573.5907735,0,-262.6123879,364.3646976,65.10810399
0.1190504997,0.1173601275,1.096675798,2.428941264,1,193.8521174,2.665042864,-1079.11154,0,-382.7820694,-345.1837866,65.70065123
0.1190504997,0.1212238354,NaN,NaN,0,182.3995477,2.615693555,-355.0111788,0,57.45591884,-184.50752,53.38635741
0.1229142076,0.01690372206,NaN,NaN,0,-21.06029428,0.5585824529,7.245425856,0,16.9064543,1.714218765,51.92524483
0.1229142076,0.02076742997,NaN,NaN,0,-22.03409717,0.5621936209,13.70946234,0,19.64061127,4.00049764,53.24073752
0.1229142076,0.02463113787,NaN,NaN,0,-21.1784011,0.5832032128,23.18883763,0,25.71214985,2.984662959,54.91452087
0.1229142076,0.02849484577,NaN,NaN,0,-17.71949501,0.6360577909,29.75128026,0,31.24237245,-3.759782745,56.1861223
0.1229142076,0.03235855367,NaN,NaN,0,-14.18736134,0.7198828137,36.56293466,0,34.49423543,-11.35181379,57.43583724
0.1229142076,0.03622226157,NaN,NaN,0,-7.026911924,0.8343927271,46.72961306,0,38.09187127,-16.01307249,58.78506434
0.1229142076,0.04008596947,NaN,NaN,0,3.475504246,0.9892292152,44.37366152,0,35.86213906,-28.06656398,59.13453094
0.1229142076,0.04394967737,NaN,NaN,0,4.077289644,1.152627857,39.81416163,0,29.11650007,-35.07406635,59.53401429
0.1229142076,0.04781338527,NaN,NaN,0,11.87046683,1.303956664,61.422261,0,38.52009198,-16.13904016,60.82005194
0.1229142076,0.05167709317,NaN,NaN,0,17.77168273,1.50972483,36.49875553,0,47.83239328,-49.4852628,58.93171246
0.1229142076,0.05554080107,NaN,NaN,0,-40.62484895,1.718620325,14.0881146,6.556700047,16.34196072,-115.0828053,58.84158951
0.1229142076,0.05940450897,0.685285578,1.792237807,1,9.584590465,1.918784167,-103.500135,0,50.50998761,-151.4232333,69.07499116
0.1229142076,0.06326821687,1.121412341,1.655853108,1,112.8451989,1.999853783,-187.9669216,0,140.8966109,-121.3214118,55.89251502
0.1229142076,0.06713192477,1.665669813,1.534739024,1,165.6661461,2.264923795,-112.3986911,0,160.4086175,-210.7780756,42.65729911
0.1229142076,0.07099563267,2.381269981,2.035962313,1,195.1375244,3.132984083,-128.4616355,13.64782738,128.2291521,-391.930035,40.53011559
0.1229142076,0.07485934057,2.915064196,2.552703961,1,49.62701692,3.874776997,-104.7948684,0,-0.5853842939,-472.4422993,41.20843526
0.1229142076,0.07872304847,2.570752524,3.456444597,1,11.14494098,4.30764179,-46.49119564,0,-139.8683432,-386.0503242,53.3597406
0.1229142076,0.08258675637,2.41771457,3.864661248,1,116.0573919,4.558612761,-208.2311792,0,-70.2258573,-341.3425577,57.97008913
0.1229142076,0.08645046427,2.747832187,3.970748082,1,157.7459606,4.828811661,-90.3027074,18.24722739,-86.90545706,-237.6677439,55.31603867
0.1229142076,0.09031417218,2.691421583,4.434036704,1,-85.90288445,5.1869482,-5.219917565,0,-399.9149601,-316.1377629,58.74261463
0.1229142076,0.09417788008,0.8707739425,5.172043817,1,49.57430059,5.244834078,-23.53853561,0,-354.0156952,-348.6497611,80.44321199
0.1229142076,0.09804158798,1.515148961,5.690171515,1,462.6367566,5.888440222,-224.4034214,76.90124333,-26.2164325,77.82722364,75.08954958
0.1229142076,0.1019052959,2.556974597,4.004312886,2,914.0931679,4.75106733,366.173867,99.09538973,-656.3837957,730.3298613,57.43952423
0.1229142076,0.1057690038,2.510862699,4.283179123,2,276.3979027,4.964882163,600.1856938,0,-597.9377965,168.8231878,59.62053989
0.1229142076,0.1096327117,1.314638368,5.670971608,1,88.39156891,5.821356631,-139.8824252,0,-264.2278796,-164.6664955,76.94829591
0.1229142076,0.1134964196,1.831482556,4.378937531,1,46.18667992,4.746516855,-871.5352846,0,-275.4759442,247.4753242,67.30296991
0.1229142076,0.1173601275,0.4287316267,1.347441478,1,5.638067311,1.414004719,-441.7016945,0,-285.6875742,253.3434355,72.34986623
0.1229142076,0.1212238354,NaN,NaN,0,143.3250212,1.851911257,-78.7282738,0,22.69241337,-257.8539745,66.12819282
0.1267779155,0.01690372206,NaN,NaN,0,-15.26421863,0.6257694141,9.241988428,0,16.02341994,1.414975525,54.22888174
0.1267779155,0.02076742997,NaN,NaN,0,-15.16874023,0.638940801,13.25610344,0,17.76028203,0.8611619694,54.91478611
0.1267779155,0.02463113787,NaN,NaN,0,-13.72524157,0.670773162,20.1144234,0,21.36881206,-2.32749159,55.92639256
0.1267779155,0.02849484577,NaN,NaN,0,-10.94547523,0.7273229908,26.3732209,0,25.08972885,-7.484966455,56.93766186
0.1267779155,0.03235855367,NaN,NaN,0,-7.29966514,0.8102347271,32.38667505,0,27.98201644,-13.39440544,57.90856632
0.1267779155,0.03622226157,NaN,NaN,0,-2.227895147,0.9196355842,38.08220634,0,30.08354348,-19.0781968,58.77767871
0.1267779155,0.04008596947,NaN,NaN,0,3.463027371,1.054843009,40.03505569,0,30.09466207,-25.99015218,59.32915363
0.1267779155,0.04394967737,NaN,NaN,0,6.773655934,1.20518765,41.29974005,0,29.23788409,-30.60744773,59.79305953
0.1267779155,0.04781338527,NaN,NaN,0,10.62869533,1.364959651,46.41207025,0,31.89018813,-30.78515898,60.25466003
0.1267779155,0.05167709317,NaN,NaN,0,12.27626223,1.54562937,41.36016299,0,32.73909876,-42.40035543,60.09303599
0.1267779155,0.05554080107,NaN,NaN,0,7.414780403,1.732263705,40.80907116,0,23.74073899,-50.00327082,60.57074107
0.1267779155,0.05940450897,NaN,NaN,0,43.59718947,1.911101144,64.90838701,0,19.46268642,-0.8359623117,62.2100341
0.1267779155,0.06326821687,NaN,NaN,0,29.97783756,2.075058894,12.73477872,0,79.43794415,-30.44993205,58.15691179
0.1267779155,0.06713192477,NaN,NaN,0,-33.04482479,2.275172761,-19.64042735,0,93.31196052,-109.4346523,54.72959623
0.1267779155,0.07099563267,1.327644874,2.10969323,1,9.450225099,2.492678566,-72.08364228,0,71.86773262,-229.482905,57.81750245
0.1267779155,0.07485934057,1.627955426,2.465677665,1,49.74329481,2.954624378,-105.1621374,0,64.47062043,-323.1768564,56.56534584
0.1267779155,0.07872304847,1.768934081,2.952038422,1,70.5637242,3.441461699,-60.18855233,0,-41.89103497,-316.7702638,59.06892111
0.1267779155,0.08258675637,1.738738322,3.457034451,1,34.17209108,3.869663828,-130.4038658,0,-58.92892761,-370.7064484,63.29958822
0.1267779155,0.08645046427,1.673280896,3.880497409,1,-7.860778321,4.225887965,-206.718564,0,-61.29011818,-339.0951196,66.67416488
0.1267779155,0.09031417218,1.471559457,3.968498794,1,1.140752666,4.232548867,-212.453161,0,-138.9895464,-291.3960512,69.65471057
0.1267779155,0.09417788008,1.140673423,4.185509677,1,111.7470699,4.338159415,77.48203746,0,-193.7689812,-95.22446679,74.75544718
0.1267779155,0.09804158798,1.15465075,4.635786279,1,719.569308,4.77741905,-651.0128011,0,336.0371468,435.3766098,76.01373822
0.1267779155,0.1019052959,5.219228422,-0.01198167297,1,375.0636701,5.219242175,-574.8275845,0,509.2891586,97.10704985,-0.1315324855
0.1267779155,0.1057690038,4.571531761,2.039627124,2,165.4382002,5.00589467,1467.036645,0,-1151.011409,249.9440297,24.04443907
0.1267779155,0.1096327117,1.411261428,4.690508679,1,-128.699781,4.898217072,279.1252916,0,-1085.860327,-148.6498023,73.25472067
0.1267779155,0.1134964196,-0.1211737233,3.692425134,2,-137.2152948,3.694412868,-1205.448338,0,-132.5636199,-328.786674,91.87959186
0.1267779155,0.1173601275,0.3689145041,1.303344081,1,-85.32400444,1.354549262,-458.6490258,0,183.8717646,74.24871122,74.19571405
0.1267779155,0.1212238354,NaN,NaN,0,-55.48197942,1.653961712,-55.49368921,0,-1.110532654,-226.3760978,80.97020675
0.1306416234,0.01690372206,NaN,NaN,0,-10.10019097,0.6804432434,8.85397815,0,12.86695391,0.04000367489,55.47549506
0.1306416234,0.02076742997,NaN,NaN,0,-9.461603228,0.6975208185,11.91529283,0,14.19808519,-1.600086923,55.90647635
0.1306416234,0.02463113787,NaN,NaN,0,-7.608349729,0.733981535,17.63953164,0,16.91308751,-5.670824832,56.6089027
0.1306416234,0.02849484577,NaN,NaN,0,-5.037499187,0.7925280686,23.24050491,0,19.76571443,-10.45818605,57.40412759
0.1306416234,0.03235855367,NaN,NaN,0,-1.837928845,0.8743428888,28.52833829,0,22.26055802,-15.66264471,58.19129063
0.1306416234,0.03622226157,NaN,NaN,0,1.951969105,0.9792160581,33.17748156,0,24.16562414,-20.9151571,58.896432
0.1306416234,0.04008596947,NaN,NaN,0,5.83084445,1.105410119,36.38461483,0,25.19508164,-26.2084002,59.45633426
0.1306416234,0.04394967737,NaN,NaN,0,8.925611392,1.248413777,38.93767265,0,25.85018608,-30.58041343,59.91951214
0.1306416234,0.04781338527,NaN,NaN,0,11.59439633,1.405174182,41.56611695,0,27.06367771,-33.99379259,60.30368253
0.1306416234,0.05167709317,NaN,NaN,0,13.28989045,1.575993084,41.720755,0,27.49307464,-39.32772911,60.54040757
0.1306416234,0.05554080107,NaN,NaN,0,14.41051887,1.755351363,42.87962004,0,26.41921004,-41.69396026,60.89957901
0.1306416234,0.05940450897,NaN,NaN,0,21.40326667,1.938236211,46.05077975,0,30.17035774,-35.00646651,61.23068289
0.1306416234,0.06326821687,NaN,NaN,0,12.13234339,2.126022419,31.89107493,0,48.46196207,-51.95470367,60.31210152
0.1306416234,0.06713192477,NaN,NaN,0,-11.58169124,2.33540239,26.06488147,0,53.80506098,-85.27190398,60.02095516
0.1306416234,0.07099563267,NaN,NaN,0,-21.15041495,2.58151331,47.71872541,0,45.25317724,-104.1202144,61.89543356
0.1306416234,0.07485934057,NaN,NaN,0,-40.09133635,2.897906843,25.73527093,5.238106677,13.74070012,-167.0398932,64.22572918
0.1306416234,0.07872304847,NaN,NaN,0,-109.6999047,3.220845547,9.445440062,11.29893532,-91.79481787,-222.2853442,69.75940084
0.1306416234,0.08258675637,0.4815706897,3.504946107,1,-50.7929651,3.537874721,-39.25031501,0,-72.23036788,-231.3871129,82.17668971
0.1306416234,0.08645046427,0.6389675449,3.764312719,1,64.61228746,3.818157903,-87.24817293,0,3.489318176,-187.5839291,80.36623991
0.1306416234,0.09031417218,0.7446954014,3.892614161,1,36.57794114,3.963207823,-95.60959094,0,5.675468638,-154.440725,79.16961676
0.1306416234,0.09417788008,0.8022223781,3.991619036,1,8.00619172,4.071435039,-82.7780925,0,-24.2345655,-164.4874558,78.6362698
0.1306416234,0.09804158798,0.6819937054,4.208315274,1,40.4674799,4.263218603,-45.16942677,0,-64.02526115,-182.6803213,80.79475488
0.1306416234,0.1019052959,0.7112019926,4.522920966,1,516.2668991,4.578495642,-1263.163013,0,1674.059339,33.9104299,81.06375695
0.1306416234,0.1057690038,9.144774495,-0.8031976336,1,1386.351084,9.179979685,-849.2392953,0,-1099.694954,-189.2157669,-5.019483172
0.1306416234,0.1096327117,1.818757547,1.972782845,2,-1055.660715,2.683235206,595.8258512,0,-2371.391282,-750.0595034,47.32627082
0.1306416234,0.1134964196,-4.096353382,4.396910244,1,-277.2257093,6.009403525,167.1445581,0,-466.9393589,59.79885201,132.9732812
0.1306416234,0.1173601275,NaN,NaN,0,402.9500646,2.610837505,-390.9625873,0,569.3656536,254.3627709,113.8692804
0.1306416234,0.1212238354,NaN,NaN,0,178.2636553,1.933618679,-187.574871,0,192.8148345,62.94807282,100.1155634
0.1345053313,0.01690372206,NaN,NaN,0,-5.176229094,0.7182560811,7.460937789,0,8.777878573,-1.751162175,56.1429815
0.1345053313,0.02076742997,NaN,NaN,0,-4.277441242,0.7369227705,10.1150517,0,9.94370803,-3.834182125,56.46461721
0.1345053313,0.02463113787,NaN,NaN,0,-2.209054929,0.7753002382,15.28790543,0,12.31973837,-8.297534766,57.01845793
0.1345053313,0.02849484577,NaN,NaN,0,0.2417570521,0.8346522241,20.42092879,0,14.79948334,-13.01430819,57.68532416
0.1345053313,0.03235855367,NaN,NaN,0,3.033479841,0.9155559045,25.30869165,0,17.12887707,-17.88283026,58.3687055
0.1345053313,0.03622226157,NaN,NaN,0,6.042855962,1.017598318,29.71476679,0,19.12331343,-22.71138667,59.00140245
0.1345053313,0.04008596947,NaN,NaN,0,8.982769933,1.13925923,33.38824943,0,20.66985426,-27.34787809,59.54778028
0.1345053313,0.04394967737,NaN,NaN,0,11.50354885,1.277955648,36.50021877,0,21.9041009,-31.51201321,60.01699029
0.1345053313,0.04781338527,NaN,NaN,0,13.53338816,1.43137543,39.1939699,0,23.02126198,-35.28186882,60.42485123
0.1345053313,0.05167709317,NaN,NaN,0,14.87838437,1.597925789,41.07712004,0,23.75031204,-39.22280817,60.78674934
0.1345053313,0.05554080107,NaN,NaN,0,15.53413794,1.775025245,42.93787426,0,24.2726688,-42.4383746,61.17784372
0.1345053313,0.05940450897,NaN,NaN,0,15.47301496,1.961085714,44.52403703,0,26.33757241,-45.5412398,61.56850447
0.1345053313,0.06326821687,NaN,NaN,0,8.729960552,2.157941298,42.71385979,0,30.43448541,-57.09051214,61.87428411
0.1345053313,0.06713192477,NaN,NaN,0,-4.263868622,2.37277308,44.29015287,0,28.19314409,-75.57804556,62.78864298
0.1345053313,0.07099563267,NaN,NaN,0,-16.81723544,2.613554181,52.17672656,0,16.03759336,-93.66782039,64.87438896
0.1345053313,0.07485934057,NaN,NaN,0,-32.49870433,2.884305828,52.59972624,0,-9.725795542,-116.9164874,67.96752367
0.1345053313,0.07872304847,NaN,NaN,0,-49.43632615,3.166035379,62.53210488,0,-51.22379019,-118.7801673,72.60361971
0.1345053313,0.08258675637,NaN,NaN,0,-20.25936173,3.444651239,113.1401397,0,-66.48967274,-48.13438671,78.39268075
0.1345053313,0.08645046427,NaN,NaN,0,-1.688536212,3.695268296,57.46892618,0,-46.87524831,-65.44255967,80.47618618
0.1345053313,0.09031417218,NaN,NaN,0,-42.96336565,3.882144201,19.70189016,0,-67.31887434,-88.12321208,82.51910483
0.1345053313,0.09417788008,0.1853115702,4.060940809,1,-25.39306864,4.065166741,-11.8872634,0,-34.42827484,-111.0034991,87.38725316
0.1345053313,0.09804158798,0.2743058784,4.23205685,1,62.38601674,4.240937266,4.533694647,11.65725853,11.23340375,-99.11009125,86.29149234
0.1345053313,0.1019052959,0.4697555068,4.461390123,1,124.8278569,4.486053061,-1573.743098,0,-51.08034232,1479.744834,83.98927303
0.1345053313,0.1057690038,0.5592447333,-7.565728596,1,-454.9163837,7.58636961,-1778.282423,0,544.3621052,-521.8520312,-85.7724898
0.1345053313,0.1096327117,0.8153476476,-0.3930899094,2,143.3918346,0.9051582531,1143.217509,0,-92.55347022,-1580.889974,-25.73933223
0.1345053313,0.1134964196,0.7556693234,2.959427007,1,561.9251957,3.054381171,831.299062,0,-814.0702746,225.8145697,75.67599068
0.1345053313,0.1173601275,NaN,NaN,0,85.57543707,1.952798253,-42.18573446,0,-338.5978853,286.4471738,94.66637841
0.1345053313,0.1212238354,NaN,NaN,0,72.24351142,1.704198423,-44.12860117,0,-104.889987,88.71781011,97.48280697
0.1383690392,0.01690372206,NaN,NaN,0,-2.719553405,0.7374697537,6.62850428,0,6.62850428,-2.719553405,56.43744495
0.1383690392,0.02076742997,NaN,NaN,0,-1.733469198,0.7567019156,9.153158829,0,7.750546208,-4.936906558,56.71694744
0.1383690392,0.02463113787,NaN,NaN,0,0.4003840026,0.7957585664,14.1287524,0,10.0301048,-9.518181085,57.20965459
0.1383690392,0.02849484577,NaN,NaN,0,2.778351984,0.8553541878,19.06057894,0,12.38535398,-14.20471594,57.81884341
0.1383690392,0.03235855367,NaN,NaN,0,5.364776047,0.9357568753,23.78460832,0,14.65461265,-18.92910586,58.45598799
0.1383690392,0.03622226157,NaN,NaN,0,8.040358331,1.036471864,28.12712616,0,16.69174487,-23.5571996,59.05889539
0.1383690392,0.04008596947,NaN,NaN,0,10.60228517,1.156163797,31.95023986,0,18.40846636,-27.96286976,59.59746804
0.1383690392,0.04394967737,NaN,NaN,0,12.82108824,1.292851047,35.30252841,0,19.82643897,-32.01634717,60.07302279
0.1383690392,0.04781338527,NaN,NaN,0,14.55235597,1.444514848,38.24920508,0,20.97182437,-35.78208007,60.50321965
0.1383690392,0.05167709317,NaN,NaN,0,15.62706003,1.609398122,40.7621914,0,21.74330364,-39.53694975,60.91850265
0.1383690392,0.05554080107,NaN,NaN,0,15.77016,1.785851912,43.25833481,0,22.18805427,-43.30787527,61.37230148
0.1383690392,0.05940450897,NaN,NaN,0,14.10065316,1.973282354,45.77564849,0,22.59681923,-48.24759177,61.91734174
0.1383690392,0.06326821687,NaN,NaN,0,7.994897199,2.173219124,47.58123172,0,22.32871834,-57.85700214,62.68003107
0.1383690392,0.06713192477,NaN,NaN,0,-2.327480832,2.389492657,51.16674263,0,17.4364091,-71.32034676,64.03762376
0.1383690392,0.07099563267,NaN,NaN,0,-14.24885464,2.62568871,57.11918553,0,5.322748426,-85.03565036,66.2903308
0.1383690392,0.07485934057,NaN,NaN,0,-26.74603632,2.88102754,60.84316947,0,-14.36156851,-97.28970186,69.44416807
0.1383690392,0.07872304847,NaN,NaN,0,-34.48856341,3.145640397,68.52244484,0,-37.683645,-94.2051196,73.43240683
0.1383690392,0.08258675637,NaN,NaN,0,-24.98197818,3.406074222,84.63341663,0,-49.76692587,-64.10413316,77.57710098
0.1383690392,0.08645046427,NaN,NaN,0,-18.52821721,3.640876269,60.26407231,0,-46.79725206,-61.94648622,80.38443224
0.1383690392,0.09031417218,NaN,NaN,0,-23.23845845,3.828761208,40.99427695,0,-49.42526079,-53.98836298,82.79299552
0.1383690392,0.09417788008,NaN,NaN,0,5.785255492,3.970232664,64.23344331,0,-48.16870396,9.321184273,85.26968648
0.1383690392,0.09804158798,NaN,NaN,0,59.9647365,4.023151483,-3.74019726,0,-54.63001917,25.62190126,85.48678135
0.1383690392,0.1019052959,NaN,NaN,0,152.3669541,3.858988084,-154.8285596,0,-167.5987742,91.81378088,84.8257899
0.1383690392,0.1057690038,0.2577268313,3.057722559,1,-2778.057249,3.068564871,-438.0687997,0,2721.039178,281.9918343,85.18208776
0.1383690392,0.1096327117,0.1277189862,1.061159106,1,-411.2888495,1.068817472,-692.6654842,0,341.4849385,336.7231205,83.13700682
0.1383690392,0.1134964196,-0.01197509116,-0.9195343257,1,972.8322922,0.9196122982,-239.1219137,0,-1035.063456,-158.2396024,-90.74612049
0.1383690392,0.1173601275,NaN,NaN,0,289.8755574,0.7570922974,288.7110402,0,-330.0842619,-264.8255735,98.56265034
0.1383690392,0.1212238354,NaN,NaN,0,107.6453664,1.23059881,135.9113376,0,-135.9113376,-107.6453664,97.81496123
