PIVlab, ASCII chart output - 19-Sep-2021
FRAME: 418, filenames: A: 72_12_75_60 418.jpg & B: 72_12_75_60 419.jpg, conversion factor xy (px -> m): 0.00024148, conversion factor uv (px/frame -> m/s): 1
x [m],y [m],u [m/s],v [m/s],Vector type [-],vorticity [1/s],magnitude [m/s],divergence [1/s],dcev [1],simple shear [1/s],simple strain [1/s],vector direction [degrees]
0.03791263377,0.01690372206,NaN,NaN,0,-0.4575924861,0.7841848631,-2.464176118,0,2.464176118,0.4575924861,-69.03147574
0.03791263377,0.02076742997,NaN,NaN,0,-0.1224918101,0.79084432,-3.154639267,0,3.033765964,1.345258224,-68.91556972
0.03791263377,0.02463113787,NaN,NaN,0,0.5736184177,0.8044564428,-4.607369013,0,3.963285349,3.165490831,-68.7265227
0.03791263377,0.02849484577,NaN,NaN,0,1.186919642,0.8251904874,-6.057124551,0,4.552744818,5.093481346,-68.53008106
0.03791263377,0.03235855367,NaN,NaN,0,1.709148292,0.8526643366,-7.407398452,0,4.744211243,6.943651508,-68.38825409
0.03791263377,0.03622226157,NaN,NaN,0,2.070048566,0.8859220879,-8.595036892,0,4.634754206,8.555897365,-68.34194773
0.03791263377,0.04008596947,NaN,NaN,0,2.24239214,0.9238134966,-9.617868955,0,4.355043078,9.87174359,-68.40826018
0.03791263377,0.04394967737,NaN,NaN,0,2.350257141,0.965324572,-10.44816096,0,3.906397597,10.87584728,-68.5853289
0.03791263377,0.04781338527,NaN,NaN,0,2.617722027,1.009348128,-10.92652606,0,3.164005501,11.44869415,-68.85336277
0.03791263377,0.05167709317,NaN,NaN,0,3.096353689,1.054018771,-10.77310452,0,2.117841408,11.38600129,-69.17068096
0.03791263377,0.05554080107,NaN,NaN,0,3.195558628,1.096533623,-10.00132698,0,1.341983913,10.74173533,-69.4854708
0.03791263377,0.05940450897,NaN,NaN,0,2.11485161,1.135224575,-9.320548858,0,1.594888835,10.2357447,-69.78202094
0.03791263377,0.06326821687,NaN,NaN,0,-0.361675271,1.17239742,-9.818346896,0,2.954871828,11.13623883,-70.12349804
0.03791263377,0.06713192477,NaN,NaN,0,-2.300014536,1.214803125,-12.11981502,0,3.578117503,13.43211027,-70.6582804
0.03791263377,0.07099563267,NaN,NaN,0,-2.933657537,1.267250347,-16.3911425,0,3.974276275,15.55381571,-71.43124905
0.03791263377,0.07485934057,NaN,NaN,0,0.6376605017,1.333110526,-20.49268005,0,3.019403395,16.09711652,-72.2523695
0.03791263377,0.07872304847,NaN,NaN,0,5.201715041,1.406118318,-25.70720079,0,7.016340933,12.98078017,-72.71998309
0.03791263377,0.08258675637,NaN,NaN,0,9.089368644,1.489865629,-34.67205742,0,21.31092022,11.03401227,-72.27562051
0.03791263377,0.08645046427,NaN,NaN,0,9.648887835,1.61073915,-48.70089538,0,46.22009456,21.40155346,-70.59589299
0.03791263377,0.09031417218,NaN,NaN,0,24.52432934,1.817757383,-70.21470809,0,61.71687067,36.76961477,-68.39075828
0.03791263377,0.09417788008,NaN,NaN,0,27.30508436,2.118720992,-73.75474358,0,74.75950418,75.55305986,-65.8049775
0.03791263377,0.09804158798,NaN,NaN,0,37.57527177,2.504073559,-130.0959847,0,93.2499637,70.77637458,-64.86070534
0.03791263377,0.1019052959,NaN,NaN,0,103.6720598,3.037187558,-297.5721074,0,212.7586003,-14.31913184,-63.10664049
0.03791263377,0.1057690038,2.286377125,-3.361288614,1,-275.701026,4.065191448,-374.9967057,0,285.4798033,-541.6104926,-55.77612932
0.03791263377,0.1096327117,1.411597482,-2.064968598,1,-213.8585272,2.501340193,80.29686786,0,-160.9668464,-616.4179446,-55.64377306
0.03791263377,0.1134964196,0.8381613678,-0.6693860888,1,30.76996848,1.072656615,-40.71916839,0,-275.2956213,-372.5755429,-38.61213351
0.03791263377,0.1173601275,NaN,NaN,0,-32.35735186,0.9114029672,-82.73056047,0,-91.6537899,-53.68572315,-59.18943115
0.03791263377,0.1212238354,NaN,NaN,0,-28.20319083,0.8601183579,-27.59980912,0,-27.59980912,-28.20319083,-65.32907632
0.04177634167,0.01690372206,NaN,NaN,0,-1.03081105,0.7775286703,-2.897878088,0,3.234597271,-0.2105986539,-69.14936672
0.04177634167,0.02076742997,NaN,NaN,0,-0.7706498943,0.783898365,-3.532585015,0,3.964276773,0.7333633126,-68.99362596
0.04177634167,0.02463113787,NaN,NaN,0,-0.1266765839,0.7973437063,-4.943129737,0,5.08644927,2.724946406,-68.74231885
0.04177634167,0.02849484577,NaN,NaN,0,0.5132660406,0.8184582794,-6.392101669,0,5.715464039,4.935806218,-68.48475467
0.04177634167,0.03235855367,NaN,NaN,0,1.146609702,0.846884291,-7.704792861,0,5.769001672,7.046816867,-68.29850114
0.04177634167,0.03622226157,NaN,NaN,0,1.612853203,0.8812910819,-8.802526463,0,5.450760358,8.8096138,-68.22763344
0.04177634167,0.04008596947,NaN,NaN,0,1.804821923,0.920201116,-9.776740974,0,5.02602622,10.21715416,-68.28635101
0.04177634167,0.04394967737,NaN,NaN,0,1.914958767,0.9628293574,-10.71299876,0,4.475842701,11.39419321,-68.47423928
0.04177634167,0.04781338527,NaN,NaN,0,2.398719075,1.008728634,-11.42870894,0,3.475613674,12.21383764,-68.77829909
0.04177634167,0.05167709317,NaN,NaN,0,3.557975152,1.05620668,-11.2290406,0,1.76534007,12.1299943,-69.14711261
0.04177634167,0.05554080107,NaN,NaN,0,4.286695669,1.10038864,-9.713406498,0,0.4019964104,10.80038106,-69.48105712
0.04177634167,0.05940450897,NaN,NaN,0,3.014937684,1.136778948,-7.85619659,0,0.9835445533,9.115036065,-69.7158966
0.04177634167,0.06326821687,NaN,NaN,0,-1.410268428,1.167246593,-7.787277018,0,4.202014686,9.968261298,-69.89904193
0.04177634167,0.06713192477,NaN,NaN,0,-4.691298018,1.204943708,-10.35788819,0,4.891791625,13.39834374,-70.36569557
0.04177634167,0.07099563267,NaN,NaN,0,-7.476603856,1.254087776,-17.12241781,0,5.663293206,16.57073498,-71.3071503
0.04177634167,0.07485934057,NaN,NaN,0,-1.940280202,1.326156726,-21.67174282,0,-0.3472028193,17.46470771,-72.54118788
0.04177634167,0.07872304847,NaN,NaN,0,2.680948835,1.395648331,-25.78366192,0,-0.08413366965,7.984414699,-73.64103385
0.04177634167,0.08258675637,NaN,NaN,0,5.876432794,1.453927314,-33.70500544,0,17.23739542,-5.377226157,-73.7066491
0.04177634167,0.08645046427,NaN,NaN,0,-7.877756024,1.526806769,-48.66186976,0,58.84321432,8.955084202,-71.5817904
0.04177634167,0.09031417218,NaN,NaN,0,24.91074452,1.727489067,-86.2024684,0,75.87928458,15.34024791,-69.50554967
0.04177634167,0.09417788008,0.8718187319,-1.840928472,1,31.46300552,2.036930421,-129.4364662,0,57.6643246,10.63026192,-64.65890868
0.04177634167,0.09804158798,0.9491846606,-2.159326481,1,-29.74086446,2.358737453,-176.9349034,0,3.721322196,-6.878604426,-66.27093817
0.04177634167,0.1019052959,0.7712868209,-2.497976338,1,-127.9447268,2.614339141,-143.859115,0,15.73159293,-113.3592082,-72.84116041
0.04177634167,0.1057690038,0.5156258887,-2.277169212,1,-205.7200826,2.33481684,-204.5606826,0,103.3839411,-343.0770397,-77.24150075
0.04177634167,0.1096327117,0.3758898624,-1.962789595,1,-5.053390581,1.998458452,-49.82762774,0,-118.1157396,-312.9192307,-79.15866576
0.04177634167,0.1134964196,0.03973634726,-1.260660108,1,117.8222613,1.261286202,-17.41936405,0,-162.4955176,-293.1816791,-88.19461929
0.04177634167,0.1173601275,NaN,NaN,0,25.12235248,0.9200632256,8.898897501,0,29.61236142,-115.3907509,-77.23532376
0.04177634167,0.1212238354,NaN,NaN,0,-3.02234936,0.8198765807,8.552671677,0,27.83263307,-51.95052978,-72.15721379
0.04564004958,0.01690372206,NaN,NaN,0,-1.987660141,0.7645165078,-3.75282431,0,4.612753853,-1.770092398,-69.42998053
0.04564004958,0.02076742997,NaN,NaN,0,-2.040738021,0.7698919734,-4.258858086,0,5.842305586,-0.7066781277,-69.17678839
0.04564004958,0.02463113787,NaN,NaN,0,-1.670357632,0.7825777153,-5.600932796,0,7.55018765,1.704655716,-68.77619863
0.04564004958,0.02849484577,NaN,NaN,0,-0.9952448926,0.8044287912,-7.104270328,0,8.29511669,4.637069453,-68.3790467
0.04564004958,0.03235855367,NaN,NaN,0,-0.007594463257,0.8351345676,-8.333081597,0,7.924336787,7.382259206,-68.09911427
0.04564004958,0.03622226157,NaN,NaN,0,0.7887562088,0.8721678235,-9.143320006,0,7.014435745,9.408801924,-67.98075111
0.04564004958,0.04008596947,NaN,NaN,0,0.9209208498,0.912888012,-9.910101056,0,6.350621475,10.85653471,-68.02150048
0.04564004958,0.04394967737,NaN,NaN,0,0.7170018135,0.9570933213,-11.0914626,0,5.884368429,12.37685534,-68.22237673
0.04564004958,0.04781338527,NaN,NaN,0,1.367649485,1.00657118,-12.71572832,0,4.633837294,14.01301091,-68.60687563
0.04564004958,0.05167709317,NaN,NaN,0,4.694760246,1.061730413,-12.84771826,0,0.8212807157,14.27298141,-69.12801366
0.04564004958,0.05554080107,NaN,NaN,0,7.841704892,1.112063697,-9.581959732,0,-2.946276573,11.39986062,-69.55381632
0.04564004958,0.05940450897,NaN,NaN,0,7.198462578,1.144272071,-4.374755024,1.429327757,-2.394712412,5.684556164,-69.68930556
0.04564004958,0.06326821687,NaN,NaN,0,-4.432174884,1.154971307,-2.787203409,0,8.806987514,6.552899541,-69.36461324
0.04564004958,0.06713192477,NaN,NaN,0,-9.047838259,1.183987617,-4.073969112,0.7595211298,7.593274115,13.95034223,-69.52836704
0.04564004958,0.07099563267,NaN,NaN,0,-22.06816312,1.218527874,-20.27822942,0,15.8612912,19.65674106,-70.76606654
0.04564004958,0.07485934057,NaN,NaN,0,-4.198562011,1.322363409,-24.38710239,0,-9.391938485,28.10767375,-72.84185779
0.04564004958,0.07872304847,NaN,NaN,0,1.132271234,1.397588148,-25.2323038,0,-23.78941174,3.687791921,-75.54332369
0.04564004958,0.08258675637,0.3025699711,-1.375249289,1,-4.573977275,1.408140331,-8.696854988,0,13.0667278,-32.47683815,-77.59198032
0.04564004958,0.08645046427,0.3817184206,-1.261456967,1,21.42519541,1.317946369,-0.1815725157,5.853571807,2.663798085,30.31329889,-73.16412074
0.04564004958,0.09031417218,0.3956428056,-1.493072564,1,10.91734731,1.544603157,-52.47997867,0,-3.775566047,95.02399546,-75.15854113
0.04564004958,0.09417788008,0.4093121773,-1.831369237,1,46.67432194,1.876552622,-113.1736432,0,-57.56102075,53.64051362,-77.40141081
0.04564004958,0.09804158798,0.3535797814,-2.13759374,1,65.94737539,2.166639254,-178.804802,0,-73.53425884,-95.40744331,-80.60773728
0.04564004958,0.1019052959,0.3799986757,-2.153592271,1,-2.096865343,2.186860458,-115.6825068,0,-45.29668901,-108.0713684,-79.99323335
0.04564004958,0.1057690038,0.170464931,-2.167000955,1,-12.87577821,2.17369534,-85.97895999,0,-82.87397968,4.145921859,-85.50214799
0.04564004958,0.1096327117,0.01004957969,-2.501808489,1,219.8087847,2.501828673,-29.65542561,0,-357.5974792,-136.9484354,-89.76984833
0.04564004958,0.1134964196,-0.3619103366,-1.752452106,1,-587.342104,1.789432165,236.6938968,0,599.0714562,-212.7148357,-101.668488
0.04564004958,0.1173601275,NaN,NaN,0,-76.93950395,0.7674243917,139.1837767,0,220.1315473,-142.9441473,-85.86261179
0.04564004958,0.1212238354,NaN,NaN,0,-8.694128395,0.6894745599,28.7665539,0,79.07911911,-24.56677479,-73.88784789
0.04950375748,0.01690372206,NaN,NaN,0,-2.167121423,0.7461805583,-4.308378687,0,5.485668631,-4.18635848,-69.98362777
0.04950375748,0.02076742997,NaN,NaN,0,-3.07801099,0.7486200294,-4.644773202,0,7.898277495,-2.998956163,-69.52877371
0.04950375748,0.02463113787,NaN,NaN,0,-3.518771031,0.7586849631,-6.097473034,0,10.97687906,0.1632851328,-68.82639522
0.04950375748,0.02849484577,NaN,NaN,0,-2.816293515,0.7815799751,-8.090965249,0,11.99047828,4.525556671,-68.1698073
0.04950375748,0.03235855367,NaN,NaN,0,-0.9704988717,0.817089719,-9.379943193,0,10.61879304,8.436348582,-67.74320295
0.04950375748,0.03622226157,NaN,NaN,0,0.6288452459,0.8593899893,-9.52757091,0,8.332024361,10.58679998,-67.5692659
0.04950375748,0.04008596947,NaN,NaN,0,0.3731034538,0.9021327931,-9.62888064,0,7.477655508,11.42332742,-67.577624
0.04950375748,0.04394967737,NaN,NaN,0,-1.335521848,0.9461543555,-11.02702227,0,8.077172245,13.24368252,-67.75083594
0.04950375748,0.04781338527,NaN,NaN,0,-2.339883194,0.9988219059,-15.49502348,0,8.354086357,17.18836924,-68.24822936
0.04950375748,0.05167709317,NaN,NaN,0,6.011711456,1.072152633,-17.86414437,0,-0.1677779281,19.5490598,-69.1568039
0.04950375748,0.05554080107,NaN,NaN,0,15.18690107,1.141916038,-11.39195915,0,-10.613671,14.84152386,-69.88406174
0.04950375748,0.05940450897,NaN,NaN,0,22.36938262,1.173327975,2.726339634,4.114138471,-16.42310514,-4.329571573,-70.11157213
0.04950375748,0.06326821687,NaN,NaN,0,-14.46905543,1.124644476,5.087187517,0,25.82737367,-3.391561531,-68.30713675
0.04950375748,0.06713192477,NaN,NaN,0,-4.999717015,1.158637804,17.12744458,0,0.8130261251,16.1933846,-67.51885337
0.04950375748,0.07099563267,0.3995273362,-1.041386667,1,12.3548323,1.115396021,12.69139912,0,-20.32394471,68.21904076,-69.01072071
0.04950375748,0.07485934057,0.4122489129,-1.285130182,1,6.815610249,1.349632821,39.62795154,0,-30.02611678,141.6155394,-72.21460191
0.04950375748,0.07872304847,0.3098487187,-1.435436916,1,9.489290203,1.468497657,80.75552524,0,-51.78673953,91.68952032,-77.81920988
0.04950375748,0.08258675637,0.2488239237,-1.327375945,1,67.4090265,1.350496296,41.90797824,14.39567544,7.381039967,64.07547187,-79.38280772
0.04950375748,0.08645046427,0.5988156894,-1.521085636,1,113.2048933,1.634711517,2.538234095,30.59750084,21.47827495,92.48880649,-68.51160538
0.04950375748,0.09031417218,0.7692003449,-1.674918683,1,176.327339,1.843101127,-78.36278965,0,-165.2021659,108.653872,-65.33321808
0.04950375748,0.09417788008,0.6418001087,-2.243663389,1,-346.5119946,2.333652242,-70.64295037,87.48658856,118.8830626,194.2124986,-74.03681773
0.04950375748,0.09804158798,-0.1102913579,-2.698242773,1,-1549.51704,2.700495926,-151.1858443,200.5592648,1359.276752,-42.16506438,-92.34067651
0.04950375748,0.1019052959,-0.09323279434,-2.664887838,1,256.5607367,2.666518244,75.45145581,46.90393139,-176.3946635,36.46792987,-92.00371201
0.04950375748,0.1057690038,0.1994469327,-2.547621816,1,36.17926863,2.555416991,-112.7023514,0,-81.36539598,282.9877317,-85.5235872
0.04950375748,0.1096327117,-0.2678187916,-4.193718739,1,-465.4350237,4.202261744,1183.403795,0,448.0779927,-336.0995692,-93.65405449
0.04950375748,0.1134964196,0.1323844351,3.323295338,1,1041.228395,3.325931079,718.6288719,0,-923.0581607,-431.6107583,87.7188121
0.04950375748,0.1173601275,NaN,NaN,0,62.67402182,0.3136316838,-455.5395668,0,-27.71858992,518.8110975,52.9981205
0.04950375748,0.1212238354,NaN,NaN,0,52.66843718,0.5160238831,-149.16742,0,-11.93785397,208.924986,-58.78342146
0.05336746538,0.01690372206,NaN,NaN,0,-0.5272791832,0.7255868825,-3.826650239,0,4.854388498,-8.49091519,-71.03631787
0.05336746538,0.02076742997,NaN,NaN,0,-3.755776681,0.7198633143,-3.944888051,0,10.11789351,-7.235568126,-70.17399307
0.05336746538,0.02463113787,NaN,NaN,0,-6.510421988,0.7220701518,-6.053220889,0,16.46857279,-2.578115692,-68.86329749
0.05336746538,0.02849484577,NaN,NaN,0,-5.780659266,0.7462148808,-9.782174441,0,18.07112435,4.865523516,-67.74381417
0.05336746538,0.03235855367,NaN,NaN,0,-1.686952754,0.7923405881,-11.56815502,0,14.22833272,11.25077847,-67.13590885
0.05336746538,0.03622226157,NaN,NaN,0,2.324020193,0.8462424362,-9.9581398,0,8.217213151,13.07872199,-66.96831227
0.05336746538,0.04008596947,NaN,NaN,0,1.278169567,0.8901845668,-8.050828329,0,7.150803949,11.00629246,-66.94638532
0.05336746538,0.04394967737,NaN,NaN,0,-4.092309465,0.9267466284,-7.892722339,0,10.59257869,11.9861781,-66.89636929
0.05336746538,0.04781338527,NaN,NaN,0,-15.40337187,0.9707168937,-20.37319897,0,20.87311382,21.94772373,-67.35762968
0.05336746538,0.05167709317,NaN,NaN,0,6.505067696,1.086361501,-31.7218766,0,0.7671922202,31.89336469,-69.25583959
0.05336746538,0.05554080107,NaN,NaN,0,24.52480533,1.210331397,-20.84807213,0,-22.91752438,32.7467466,-70.61117035
0.05336746538,0.05940450897,0.3909946659,-1.223008837,1,10.82239,1.28398888,61.63246789,0,-7.772578564,5.594777912,-72.27097536
0.05336746538,0.06326821687,0.4135860519,-0.9251770889,1,-11.90161539,1.013413079,130.2751972,0,51.20048913,95.01006925,-65.91371051
0.05336746538,0.06713192477,0.5428340349,-1.086754684,1,22.98567909,1.214785797,75.46572081,0,54.77457066,166.4652383,-63.45786875
0.05336746538,0.07099563267,0.7140289432,-1.276772643,1,95.12357564,1.462869001,67.49740635,13.26794217,46.59221416,150.086847,-60.78410764
0.05336746538,0.07485934057,1.090382452,-1.405856158,1,82.83467212,1.779147388,39.16581672,20.05323833,-4.890566932,120.2578456,-52.20283384
0.05336746538,0.07872304847,1.015182198,-1.590088556,1,32.57596303,1.886524983,49.34312411,0,-130.4931443,101.4494793,-57.44405577
0.05336746538,0.08258675637,0.7120590646,-1.607179894,1,112.1603903,1.75785532,219.3005196,0,-181.0856447,225.971125,-66.10432187
0.05336746538,0.08645046427,0.748875148,-1.615861827,1,361.9850915,1.780961378,-440.8590403,0,-413.5884658,-128.8626505,-65.13451906
0.05336746538,0.09031417218,0.5126786999,-2.812642811,1,283.4705633,2.858985664,429.168599,0,-247.7862743,19.55089764,-79.66973595
0.05336746538,0.09417788008,0.8867488172,-0.03321867795,2,133.0186715,0.8873708049,1819.232586,0,-367.5473614,-1264.276554,-2.145365674
0.05336746538,0.09804158798,-0.3934716523,9.101135814,1,-32.83125234,9.109637372,-453.0642496,0,13.59420629,528.6835665,92.475541
0.05336746538,0.1019052959,0.8124224904,-3.826405471,1,235.1900079,3.911701565,-1322.377534,0,81.05272679,1711.57206,-78.01296755
0.05336746538,0.1057690038,0.8283979001,-2.621159205,1,368.6955716,2.748948646,765.0391956,0,270.9395111,-491.3043392,-72.46124605
0.05336746538,0.1096327117,3.283785613,1.02773897,1,-165.0718893,3.440856774,-696.893285,0,144.0159281,1042.555596,17.37875457
0.05336746538,0.1134964196,0.7470438163,-9.341881589,1,388.1168207,9.371703478,-150.0860186,0,-1160.420164,404.4108771,-85.42794791
0.05336746538,0.1173601275,0.299831083,-1.114675067,1,162.9232872,1.154295968,1198.099065,0,-246.9917914,-983.7091228,-74.9446324
0.05336746538,0.1212238354,NaN,NaN,0,127.2782854,1.005008555,108.3536792,0,-63.92122382,3.44770929,-65.15761764
0.05723117328,0.01690372206,NaN,NaN,0,5.487111455,0.711347745,-0.2077590636,0,0.105654254,-17.06974388,-73.01350045
0.05723117328,0.02076742997,NaN,NaN,0,-3.825617235,0.6836386778,-0.08884163832,0,12.33211259,-16.0403517,-71.34966382
0.05723117328,0.02463113787,NaN,NaN,0,-12.98648097,0.6638498594,-4.38834803,0,26.70839425,-8.105703291,-68.74260713
0.05723117328,0.02849484577,NaN,NaN,0,-12.10896881,0.6891689848,-13.41635661,0,29.59711361,6.263874611,-66.78670442
0.05723117328,0.03235855367,NaN,NaN,0,-2.320673071,0.7600376767,-17.15236263,0,20.00620035,18.62251981,-66.07274682
0.05723117328,0.03622226157,NaN,NaN,0,9.076018712,0.8431769601,-10.68600494,0,3.157691569,19.47101704,-66.22145096
0.05723117328,0.04008596947,NaN,NaN,0,6.507864087,0.8857220263,-4.723570535,1.054919532,2.31576845,7.536942328,-66.33483542
0.05723117328,0.04394967737,NaN,NaN,0,-0.9085137106,0.9003539483,7.880160206,0,6.269224741,1.747013695,-65.4515629
0.05723117328,0.04781338527,0.3762330592,-0.787542145,1,5.981527062,0.8727966229,-3.189236918,0.8914418563,-3.889291573,49.91691943,-64.46476177
0.05723117328,0.05167709317,0.3821469663,-1.024157963,1,1.362987519,1.093131208,-10.69807601,0,14.80509572,110.4339436,-69.53780349
0.05723117328,0.05554080107,0.4387018101,-1.255560886,1,15.41821022,1.329997149,52.61781648,0,56.21077757,91.70839259,-70.74022594
0.05723117328,0.05940450897,0.6589004523,-1.175192531,1,69.62061474,1.347303712,152.1142372,0,149.7122547,34.51389177,-60.72176341
0.05723117328,0.06326821687,1.286139951,-0.8011875022,1,72.8522396,1.51527469,130.354165,0,113.2097919,71.49155579,-31.92041296
0.05723117328,0.06713192477,1.377789793,-0.947764603,1,-20.1895631,1.672292575,50.32308466,0,8.301859103,161.0224907,-34.52360289
0.05723117328,0.07099563267,1.240209335,-1.228897672,1,-29.62105009,1.74594063,12.96845238,0,-60.8553591,188.0102246,-44.737514
0.05723117328,0.07485934057,1.028215376,-1.624074881,1,-19.95222989,1.922198242,-73.33005854,0,-70.04992656,143.1952751,-57.6617575
0.05723117328,0.07872304847,0.8924672919,-2.065488314,1,142.0887151,2.250053298,-63.60617269,21.05882325,101.4618178,152.8486183,-66.63153337
0.05723117328,0.08258675637,1.969223495,-2.460392968,1,-280.3271534,3.151408372,203.6052664,0,-365.3970744,838.27721,-51.32728498
0.05723117328,0.08645046427,-1.602422508,-4.517675317,1,236.4154844,4.793448463,484.0356446,0,-98.28446403,811.9970197,-109.5296305
0.05723117328,0.09031417218,2.502921409,-3.727539923,1,846.7183523,4.489896375,184.1754786,213.1907084,289.0845432,96.18461594,-56.11992819
0.05723117328,0.09417788008,2.785988113,-4.177704326,1,216.0408455,5.021448317,258.9269884,0,-816.7699572,-53.89985884,-56.30184469
0.05723117328,0.09804158798,0.1818795944,-2.518868362,1,1394.948559,2.525426303,369.571108,0,-1750.950352,132.163136,-85.87001896
0.05723117328,0.1019052959,1.410501171,-3.260429269,1,32.99003443,3.552451628,93.22574619,0,245.2915783,198.4237393,-66.60610678
0.05723117328,0.1057690038,1.25707846,-2.925322679,1,28.8333547,3.183984773,170.4368555,0,-117.5516972,102.9018402,-66.74569049
0.05723117328,0.1096327117,1.067719411,-2.999493697,1,535.7150397,3.183863561,-203.7716059,0,-572.4820686,-272.4940459,-70.4059717
0.05723117328,0.1134964196,1.1150214,-2.659799245,1,-870.0513315,2.884060462,290.3104919,0,856.9491972,-140.9262423,-67.25595405
0.05723117328,0.1173601275,1.017096591,-1.33332092,1,-20.62247804,1.676970527,402.5937017,0,-86.94556007,19.60689017,-52.66254169
0.05723117328,0.1212238354,NaN,NaN,0,-32.68468371,1.371747943,70.29769466,0,-131.7618416,-9.04103807,-59.34498458
0.06109488118,0.01690372206,NaN,NaN,0,22.15374881,0.7269248634,12.17844447,0,-15.53002029,-35.56419453,-76.55344411
0.06109488118,0.02076742997,NaN,NaN,0,-2.649131312,0.6410934935,12.4011248,0,13.79469976,-35.9658877,-73.52297229
0.06109488118,0.02463113787,NaN,NaN,0,-29.50091586,0.5617059683,2.005027017,0,48.435778,-20.06822039,-67.81480185
0.06109488118,0.02849484577,NaN,NaN,0,-27.34806192,0.5876835022,-22.34254134,0,53.6027355,9.673158416,-64.28502394
0.06109488118,0.03235855367,NaN,NaN,0,-4.562789434,0.7161102745,-32.93893396,0,33.0416635,37.5044091,-64.03387834
0.06109488118,0.03622226157,0.3650267457,-0.8016539684,1,18.51672261,0.8808482334,-5.388800615,4.523246678,-6.632274648,44.16703023,-65.51823128
0.06109488118,0.04008596947,0.3594594885,-0.8352904124,1,14.61796613,0.9093520754,24.07177531,0,-5.346830809,30.03283051,-66.71582109
0.06109488118,0.04394967737,0.4008477045,-0.8246857445,1,15.57752643,0.9169435421,32.90170899,0,34.83705351,58.45933243,-64.07741378
0.06109488118,0.04781338527,0.5542466994,-0.934037604,1,52.23863474,1.086101123,46.7498772,0,43.33980086,82.80643015,-59.31561509
0.06109488118,0.05167709317,0.7701348612,-0.963997733,1,36.473512,1.233855475,67.36069368,0,68.39727447,80.31254899,-51.37874868
0.06109488118,0.05554080107,0.9594367856,-0.9840797897,1,-13.30900129,1.374384218,122.9623963,0,101.8085437,109.9076833,-45.72644838
0.06109488118,0.05940450897,1.112071242,-0.913558135,1,-5.87012443,1.439198011,140.7529704,0,66.43944757,85.1502955,-39.40284616
0.06109488118,0.06326821687,1.193458958,-0.7692472953,1,63.92292841,1.419889322,8.831474331,17.43276031,0.09339171239,25.16656416,-32.803917
0.06109488118,0.06713192477,1.359411604,-0.9766721507,1,63.69203722,1.673884225,-62.66752586,0,13.20116878,99.92385289,-35.69543623
0.06109488118,0.07099563267,1.490551845,-1.39745289,1,18.10112069,2.043188534,20.16696391,0,-17.86568963,181.3455234,-43.15362815
0.06109488118,0.07485934057,1.360321241,-1.599419025,1,-35.98791991,2.099670235,94.73556243,0,2.195793699,185.2201797,-49.61851666
0.06109488118,0.07872304847,1.35998894,-1.74705902,1,368.3755292,2.213997547,140.1238038,0,505.7245493,227.2023834,-52.10121298
0.06109488118,0.08258675637,4.73758862,-1.93586522,1,500.799003,5.117843304,-0.255157284,0,637.0659612,300.4884992,-22.22582142
0.06109488118,0.08645046427,5.756366792,-2.909044662,1,-635.9745816,6.449674371,122.1942418,164.7886015,-177.1511745,906.7545197,-26.81026497
0.06109488118,0.09031417218,1.595908212,-4.967176964,1,-657.6687126,5.217256944,-15.95905409,144.1736047,-397.6525332,272.5340988,-72.18826642
0.06109488118,0.09417788008,1.678913757,-4.023697936,1,-96.09395965,4.359919321,191.6294998,0,82.9394192,-303.6145381,-67.35134975
0.06109488118,0.09804158798,1.54508291,-3.053698662,1,145.1053584,3.422332059,413.2815448,0,-77.72004854,149.9170143,-63.16191337
0.06109488118,0.1019052959,1.939270912,-3.006134319,1,4.762633605,3.577375464,147.4268627,0,83.08455269,181.8625983,-57.17375399
0.06109488118,0.1057690038,1.884498778,-3.186748286,1,-51.13529732,3.702256107,113.8259977,0,-77.14475725,177.981115,-59.40185032
0.06109488118,0.1096327117,1.443634251,-3.254010953,1,-60.057186,3.559868977,137.2807203,0,-84.95322132,3.344020686,-66.07564577
0.06109488118,0.1134964196,1.324220922,-2.669256002,1,24.58687345,2.979679287,137.0587877,0,101.5760267,-350.3183429,-63.61393837
0.06109488118,0.1173601275,1.931090845,-1.370928083,1,114.5669258,2.368238937,-147.5222995,0,-286.7630229,-503.2528012,-35.37186348
0.06109488118,0.1212238354,NaN,NaN,0,-309.4109633,1.452827648,-155.4170962,0,-349.1198457,-194.8149144,-63.02940578
0.06495858908,0.01690372206,NaN,NaN,0,64.6742106,0.8342242384,47.90110042,0,-59.43947059,-77.21608474,-81.9056381
0.06495858908,0.02076742997,NaN,NaN,0,2.232191165,0.5979723917,47.44552908,0,11.59686087,-84.12644395,-77.68152196
0.06495858908,0.02463113787,0.1708933684,-0.3175576229,1,-12.38395839,0.3606208358,23.12659045,0,37.00125165,-45.09773116,-61.71312102
0.06495858908,0.02849484577,0.2226887344,-0.3206063157,1,-20.44834178,0.3903571212,-19.99888916,0,60.5651551,40.01358299,-55.21668808
0.06495858908,0.03235855367,0.3258930169,-0.5494282857,1,3.327434318,0.6388095957,-33.3597037,0,65.8057055,108.5149734,-59.32572973
0.06495858908,0.03622226157,0.4897989929,-0.8687686266,1,26.15327347,0.9973274186,14.08445883,0,35.6195675,101.8107307,-60.58633468
0.06495858908,0.04008596947,0.5645652306,-0.8883769753,1,11.33458537,1.052590875,107.0059862,0,50.07185898,74.85797469,-57.56396515
0.06495858908,0.04394967737,0.727055557,-0.7445581007,1,29.00786136,1.040661592,106.266691,0,51.8045512,89.06758139,-45.68141159
0.06495858908,0.04781338527,0.8768007875,-0.8219246398,1,13.01452121,1.201806862,33.29999393,0,45.38991552,73.7419149,-43.14974299
0.06495858908,0.05167709317,0.9527132407,-0.9008138702,1,56.47308083,1.311155272,30.20486266,0,63.00877464,27.32050339,-43.39611834
0.06495858908,0.05554080107,1.338443776,-0.8107803181,1,56.14452934,1.564863082,70.83325139,0,93.71448169,69.53801796,-31.20594904
0.06495858908,0.05940450897,1.531724686,-0.8958094666,1,6.980736669,1.774445015,61.60404227,0,13.4800917,122.9507785,-30.3206811
0.06495858908,0.06326821687,1.417498441,-1.047806187,1,52.76772455,1.76272506,43.12022223,0,-55.35263194,107.0580535,-36.47158556
0.06495858908,0.06713192477,1.521737358,-1.14284657,1,106.2797413,1.90309823,47.95556236,22.3030382,49.3470036,130.792242,-36.90707449
0.06495858908,0.07099563267,2.018794724,-1.367862921,1,43.55985257,2.438561279,87.26613651,0,108.6631533,173.6333267,-34.12015895
0.06495858908,0.07485934057,2.109882589,-1.476544165,1,3.44636241,2.575225662,147.61331,0,72.36518101,190.8228133,-34.98520975
0.06495858908,0.07872304847,2.311708384,-1.53481182,1,132.4169135,2.774823053,129.6079372,0,131.4112192,247.9794837,-33.5813644
0.06495858908,0.08258675637,3.12923743,-1.933897245,1,11.99807852,3.678598299,-329.2950571,0,3.900268064,-16.09750055,-31.71644301
0.06495858908,0.08645046427,2.373134951,-2.744915694,1,-38.47335869,3.628544014,-308.3532444,0,132.9460819,-104.1410907,-49.15472995
0.06495858908,0.09031417218,3.494252437,-2.722913356,1,-341.1984765,4.429904879,230.8818502,0,336.0675721,422.6810158,-37.92767894
0.06495858908,0.09417788008,2.353310635,-3.485971645,1,-376.8316747,4.205956402,328.0770391,45.68255244,82.72607736,498.0917783,-55.97749107
0.06495858908,0.09804158798,2.357914317,-3.379800648,1,-59.29814786,4.121020789,397.8587817,0,144.570854,261.1622696,-55.09848654
0.06495858908,0.1019052959,2.682779463,-2.957816251,2,-72.46902966,3.99324212,318.8790255,0,79.35919599,227.2610715,-47.79154487
0.06495858908,0.1057690038,2.384535907,-3.025815635,2,-180.5858717,3.852476054,173.0780192,0,-96.79719084,208.7609583,-51.75963336
0.06495858908,0.1096327117,1.611052333,-3.095684705,1,-300.1176515,3.489807074,361.229291,0,-241.7160453,189.5082378,-62.5066862
0.06495858908,0.1134964196,0.2910487716,-2.362335645,1,-415.7600328,2.380197279,184.0338483,0,-388.7419431,129.2310274,-82.9763363
0.06495858908,0.1173601275,-1.497308307,-2.883942613,1,-21.15313818,3.249470289,-333.2748492,0,-223.3873553,-599.563625,-117.4377964
0.06495858908,0.1212238354,NaN,NaN,0,27.67959787,1.485121444,170.7016387,0,408.960057,-631.8792264,-116.1180951
0.06882229698,0.01690372206,0.0557733059,-1.186536864,1,-10.12265246,1.187846956,199.684744,0,2.014519903,-115.0145968,-87.30878599
0.06882229698,0.02076742997,0.04010957798,-0.5785836994,1,-23.47921447,0.5799723058,65.887843,0,41.96862653,-155.9780607,-86.03438756
0.06882229698,0.02463113787,0.1272109933,-0.329311819,1,28.29665206,0.3530282013,67.61492435,0,47.33381878,-26.10715021,-68.8787808
0.06882229698,0.02849484577,0.3323236257,-0.2164689794,1,55.88493744,0.396607881,33.3033341,0,67.49614657,52.22597271,-33.07941842
0.06882229698,0.03235855367,0.6039194624,-0.4024233673,1,33.52568548,0.7257157044,-11.0685809,0,90.83368428,130.921965,-33.67761201
0.06882229698,0.03622226157,0.8128119051,-0.7650789734,1,6.125700782,1.116247745,30.22721042,0,112.4674383,103.5240388,-43.26726818
0.06882229698,0.04008596947,1.062128711,-0.6856209023,1,19.32000654,1.264196749,103.5729004,0,69.39021162,96.20355982,-32.84288312
0.06882229698,0.04394967737,1.155562276,-0.7366059938,1,-14.51828845,1.370369499,74.46581459,0,-9.889183633,106.3853173,-32.51522051
0.06882229698,0.04781338527,0.9678253682,-0.8089485372,1,-31.72981555,1.261381655,5.980962714,8.078528467,-10.50065516,58.2985117,-39.890275
0.06882229698,0.05167709317,0.9923960725,-0.9387457212,1,68.79670801,1.366050326,4.76947474,0,69.40343898,12.52677201,-43.40863668
0.06882229698,0.05554080107,1.501790368,-0.838920468,1,120.8517254,1.720221457,18.49478094,20.04490478,94.67727167,5.476406669,-29.18831785
0.06882229698,0.05940450897,1.825137161,-0.8884465257,1,44.27381115,2.029892334,-5.1652483,9.743677398,26.10251836,84.92238561,-25.95605144
0.06882229698,0.06326821687,1.773703948,-1.186992771,1,46.02970169,2.134239334,23.18403039,10.42321082,12.17960205,102.9512129,-33.79110936
0.06882229698,0.06713192477,2.050040908,-1.196643619,1,112.8849666,2.373736227,104.3675809,0,74.72942692,93.73530244,-30.27283357
0.06882229698,0.07099563267,2.498591163,-1.145912753,1,66.8802343,2.748831358,96.36453222,0,93.0435156,131.6915355,-24.63730486
0.06882229698,0.07485934057,2.667939564,-1.333136841,1,40.57999982,2.982474703,52.33642972,0,42.31583165,208.930042,-26.55073901
0.06882229698,0.07872304847,2.818876442,-1.750944729,1,133.2918638,3.318414055,54.1109741,29.6466149,56.97953387,218.2061827,-31.84647758
0.06882229698,0.08258675637,3.403092666,-1.967152794,1,168.8779857,3.930741636,16.89924747,0,178.9052225,145.2177691,-30.0299975
0.06882229698,0.08645046427,4.162609171,-2.246730015,1,1.059190242,4.730233701,159.3189493,0,184.7704773,258.5153681,-28.35754697
0.06882229698,0.09031417218,4.121084221,-2.350418782,1,-2.243494946,4.744238991,104.1200522,0,185.5854016,104.4748936,-29.69783733
0.06882229698,0.09417788008,4.870988744,-2.248101019,1,-234.2732638,5.364745058,318.143022,0,226.5769086,296.2960308,-24.77467867
0.06882229698,0.09804158798,4.091347753,-2.266008389,2,-412.1397461,4.676956324,330.9985634,39.42532993,199.4963356,375.3635593,-28.98004176
0.06882229698,0.1019052959,4.049396719,-2.419514404,2,-271.5178436,4.717166919,360.2578543,0,82.18295603,514.773911,-30.85831582
0.06882229698,0.1057690038,3.359813052,-2.863013298,1,-196.7268016,4.414203086,367.0741191,0,73.04417893,524.655856,-40.43546878
0.06882229698,0.1096327117,3.571523193,-3.028364206,1,-193.5474397,4.682602661,526.4181022,0,-20.03706936,449.2519937,-40.29526193
0.06882229698,0.1134964196,2.534584897,-2.564865995,1,-707.3658893,3.605919879,582.7273968,0,-650.0472136,355.9860894,-45.34022462
0.06882229698,0.1173601275,-1.673124538,-2.152302025,1,-638.0002463,2.726123571,682.1535804,0,-308.6383142,-27.83929069,-127.8602492
0.06882229698,0.1212238354,-1.122949988,0.1783390703,1,-69.98270152,1.137023087,1214.379512,0,354.7736658,7.952341516,170.9760471
0.07268600488,0.01690372206,0.4446026674,-0.7790188058,1,-367.7920684,0.8969625586,310.460272,0,23.50607858,78.7217496,-60.2856743
0.07268600488,0.02076742997,-0.220507582,-0.3313338258,1,-93.18091037,0.398002133,164.5778932,0,63.84758935,26.10592581,-123.644355
0.07268600488,0.02463113787,0.3312672832,-0.2440035714,1,74.86417148,0.41143135,56.86254653,0,125.3726463,42.47485678,-36.37447353
0.07268600488,0.02849484577,0.5531489928,-0.2757439953,1,67.7572948,0.6180684098,27.4935003,9.79025269,50.70512847,49.23514038,-26.49619048
0.07268600488,0.03235855367,0.788971484,-0.3280069179,1,56.67134064,0.8544381433,32.87027556,0,60.68374163,80.01442427,-22.57460476
0.07268600488,0.03622226157,1.006574751,-0.4578952151,1,15.80975868,1.105830348,53.63245277,0,125.8861584,148.5965184,-24.46099373
0.07268600488,0.04008596947,1.336443118,-0.6949203284,1,19.14850604,1.506318184,90.21067296,0,89.35782096,159.7752942,-27.47341607
0.07268600488,0.04394967737,1.425811504,-0.7266725918,1,-70.48452891,1.600309814,137.7687926,0,15.79995563,149.4107277,-27.0059126
0.07268600488,0.04781338527,1.125157901,-0.7399013651,1,-95.63558488,1.346638159,144.4051942,0,-9.514863551,188.869489,-33.328832
0.07268600488,0.05167709317,1.019540886,-0.898469639,1,4.885979437,1.358937567,35.56467914,0,74.28758923,80.083934,-41.38809074
0.07268600488,0.05554080107,1.431061443,-0.9119107618,1,105.3891769,1.696914285,-19.96690018,0,106.9307247,-2.484109866,-32.50638094
0.07268600488,0.05940450897,1.839882967,-0.9660180341,1,69.61612008,2.078066451,-31.13369354,8.995210282,53.00876398,37.88868857,-27.70141298
0.07268600488,0.06326821687,1.904848177,-1.178593085,1,44.64278748,2.239983981,9.78257912,0,71.11805118,93.70465726,-31.7464604
0.07268600488,0.06713192477,2.287149034,-1.29026843,1,132.928474,2.625993779,39.6053916,6.582529844,124.6190952,62.42869032,-29.42901082
0.07268600488,0.07099563267,2.899936755,-1.266775644,1,144.5502825,3.164546368,54.74067001,31.25075851,70.83631175,101.2164887,-23.59708706
0.07268600488,0.07485934057,3.11933992,-1.469837418,1,104.5570487,3.448289949,60.45882748,23.0974022,15.51558381,206.143942,-25.22988032
0.07268600488,0.07872304847,3.363862334,-1.829660372,1,95.6366963,3.829259312,66.30900143,0,69.04198124,176.3891429,-28.54250082
0.07268600488,0.08258675637,3.755610227,-1.895154931,1,63.63263182,4.206687579,23.84228237,0,97.78287537,77.01622193,-26.7764114
0.07268600488,0.08645046427,3.987524704,-2.035108943,1,15.93950278,4.476831656,-33.47038272,0,125.0111497,-7.059888806,-27.03835663
0.07268600488,0.09031417218,4.300202377,-1.997197365,1,3.188358564,4.74136455,78.1502891,0,188.2854725,-7.189430662,-24.91216532
0.07268600488,0.09417788008,4.727323658,-1.705381193,1,-30.50717017,5.025526239,138.8341838,0,234.1687497,-114.9582621,-19.83690014
0.07268600488,0.09804158798,5.087091231,-1.016617486,1,-43.7448947,5.187678508,194.2958569,0,389.6103133,164.7487175,-11.30126016
0.07268600488,0.1019052959,6.063646608,-1.591219677,1,-160.4947085,6.268954478,166.7307055,0,352.7527272,416.9778528,-14.70399384
0.07268600488,0.1057690038,5.829920057,-1.983499366,1,-342.8577881,6.15810341,279.2194444,30.15674415,166.1130562,495.0928128,-18.78971863
0.07268600488,0.1096327117,5.380756591,-2.425291316,1,-539.1857835,5.902082638,428.8455932,89.16063012,44.3355978,469.5768448,-24.26272094
0.07268600488,0.1134964196,3.917963484,-2.140873025,1,-779.5619172,4.464725655,526.7229633,126.2918413,-346.2958649,316.0685806,-28.65329348
0.07268600488,0.1173601275,1.030770984,-1.611384314,1,-94.76224499,1.912863881,645.831392,0,133.8401191,12.10492463,-57.39374901
0.07268600488,0.1212238354,4.068948975,0.3076609339,1,806.7191727,4.080563811,529.2582601,0,765.95561,-464.1114753,4.324014508
0.07654971278,0.01690372206,1.559458958,0.3253248778,1,-378.991398,1.593031235,75.07059752,0,-26.11313978,228.9105512,11.78369688
0.07654971278,0.02076742997,0.776856156,0.02812855557,1,-188.5606332,0.7773652312,53.46408209,44.26453877,-82.79457308,172.3878505,2.07367059
0.07654971278,0.02463113787,0.5110217034,-0.1341618257,1,-38.90627022,0.5283394522,-31.03657964,6.458206027,0.5815627294,49.32201184,-14.71025788
0.07654971278,0.02849484577,0.6287806809,-0.2823535692,1,63.39708362,0.6892667718,-17.45351135,0,73.5312969,47.9652011,-24.18243438
0.07654971278,0.03235855367,1.040072969,-0.3869206218,1,122.7583337,1.109711381,65.97659551,0,127.1013665,80.83857532,-20.40585323
0.07654971278,0.03622226157,1.594165579,-0.339775918,1,105.8994156,1.629972873,120.4677628,0,149.7949908,127.5676772,-12.03182388
0.07654971278,0.04008596947,2.028001467,-0.4143526176,1,34.53152958,2.069898076,125.2709065,0,139.1292377,141.6934812,-11.54749703
0.07654971278,0.04394967737,2.265140057,-0.4032279492,1,-19.96863018,2.300750368,167.2326266,0,78.84987412,183.2407229,-10.09374938
0.07654971278,0.04781338527,2.255501395,-0.4762032258,1,-166.1593461,2.305223645,258.6941063,0,-47.60203171,327.89453,-11.92175556
0.07654971278,0.05167709317,1.439228533,-0.6705981731,1,-172.7598587,1.587791132,112.3651403,33.96614239,-44.76568756,204.7016112,-24.98282652
0.07654971278,0.05554080107,1.415046223,-0.8329643779,1,17.53435346,1.642006537,-6.275672266,0,89.1010255,66.71491936,-30.4831168
0.07654971278,0.05940450897,1.851236489,-0.9526124986,1,93.75780887,2.081957519,-45.39613138,0,102.5567671,19.75778654,-27.2295234
0.07654971278,0.06326821687,2.173548401,-1.084700085,1,66.34339375,2.429174124,-51.18278627,0,87.14499688,20.28641897,-26.52129475
0.07654971278,0.06713192477,2.444270796,-1.228748632,1,103.3543106,2.735741751,-32.55561851,0,136.7300053,57.00133742,-26.68893275
0.07654971278,0.07099563267,3.101164069,-1.430722004,1,163.3133619,3.415286816,-1.337836481,7.23705045,161.1790756,114.7212529,-24.76623752
0.07654971278,0.07485934057,3.698014791,-1.677167052,1,90.06556585,4.060566797,18.3073183,10.46739102,79.57125127,127.7816749,-24.39579992
0.07654971278,0.07872304847,3.75659118,-1.85369894,1,-1.348678198,4.189054434,47.6775894,0,25.87581066,88.58108954,-26.26414606
0.07654971278,0.08258675637,3.792780466,-1.835206229,1,23.50482521,4.213450554,27.88860254,0,41.04996707,20.54076214,-25.82086803
0.07654971278,0.08645046427,4.006012041,-1.825309031,1,32.89287547,4.402259139,48.97745771,0,123.0391462,-2.772993841,-24.49602262
0.07654971278,0.09031417218,4.39525625,-1.6352576,1,38.62715078,4.689599655,82.00871786,0,209.1209492,-73.24071367,-20.40774631
0.07654971278,0.09417788008,4.963238332,-1.225470576,1,49.19345941,5.112290374,112.314473,0,231.1939014,-157.7906123,-13.8694648
0.07654971278,0.09804158798,5.478591112,-0.5916504481,1,102.2902892,5.51044561,115.2795548,0,244.8989368,-88.92696496,-6.163665901
0.07654971278,0.1019052959,6.304676087,-0.4364762319,1,-100.2020856,6.319766773,-108.0096233,0,326.1348807,-29.10920292,-3.960299681
0.07654971278,0.1057690038,6.351529437,-0.8964986256,1,-138.3755755,6.414486416,-29.99285234,0,329.4068325,57.31493887,-8.034048969
0.07654971278,0.1096327117,7.042765064,-0.7738080346,1,-361.8772237,7.085147749,55.99181502,78.28544147,216.7720015,54.53049866,-6.270095225
0.07654971278,0.1134964196,5.790885244,-0.890852526,1,-1069.795069,5.859007606,-89.19616507,255,-528.1041557,38.98154482,-8.745651001
0.07654971278,0.1173601275,0.8689492072,-1.269049265,1,-1028.826847,1.538037308,189.4179396,202.1470594,-695.4564724,-46.54531651,-55.59959917
0.07654971278,0.1212238354,-0.8712418412,0.02084057107,1,-407.9921963,0.8714910644,-369.9120177,0,-492.7959032,-1037.607335,178.6297156
0.08041342068,0.01690372206,1.619097033,0.5843997085,1,-249.2855819,1.721336174,-293.1734962,0,-251.2588402,-30.68762232,19.84662937
0.08041342068,0.02076742997,0.6521183142,0.07731533618,1,-152.7118957,0.6566855846,-179.0947292,0,-162.3171418,-4.176271329,6.761441269
0.08041342068,0.02463113787,0.4019168521,-0.09143411925,1,-2.759897885,0.4121860674,-74.70729153,0,7.656472835,6.53686554,-12.81638136
0.08041342068,0.02849484577,0.6710372496,-0.2365883554,1,116.5550176,0.7115230426,-18.29356912,0,130.4371443,38.59287106,-19.42117862
0.08041342068,0.03235855367,1.356222419,-0.3112267076,1,153.6935334,1.391474511,55.12869495,0,181.1852992,68.51148177,-12.92449598
0.08041342068,0.03622226157,1.964911241,-0.2882955345,1,122.8734461,1.985948262,83.92559253,0,138.9716879,78.63498285,-8.346990239
0.08041342068,0.04008596947,2.367915532,-0.2907853372,1,94.38594369,2.385703268,66.21968699,0,116.5582928,80.8613791,-7.000998027
0.08041342068,0.04394967737,2.779938153,-0.344866756,1,127.9619404,2.801247796,97.29118382,0,136.9777348,94.97351265,-7.071729667
0.08041342068,0.04781338527,3.391565049,-0.2818305328,1,-86.32863773,3.403254608,108.4959713,0,-52.22840861,123.7845993,-4.750221626
0.08041342068,0.05167709317,2.244594199,-0.4039375487,1,-264.5937023,2.280650929,129.2893802,38.97126693,-182.3821182,220.7992774,-10.20176311
0.08041342068,0.05554080107,1.66458104,-0.6353980456,1,-108.3578832,1.781729697,8.933637203,29.1102679,-22.02731155,145.6116405,-20.89268057
0.08041342068,0.05940450897,1.740823892,-0.9320214297,1,4.673386012,1.97462193,-107.4532104,0,26.61588366,12.3342406,-28.16419538
0.08041342068,0.06326821687,1.785473638,-1.098221767,1,62.70071675,2.096188723,-127.3937627,0,103.1441857,-68.04842107,-31.59513566
0.08041342068,0.06713192477,2.381600151,-1.161314495,1,175.2828863,2.649654815,-59.99396746,0,226.5444666,-14.23477927,-25.99476193
0.08041342068,0.07099563267,3.338017156,-1.275021903,1,138.4504045,3.573239341,-33.54427359,0,198.579464,56.80155438,-20.90534925
0.08041342068,0.07485934057,3.683785117,-1.510384384,1,21.6182353,3.98139847,-13.23083297,0,121.3296598,103.0955063,-22.29406172
0.08041342068,0.07872304847,3.890326068,-1.7244729,1,-13.05163776,4.255401708,25.89767618,0,80.07068678,107.9383613,-23.90637253
0.08041342068,0.08258675637,3.942727146,-1.827365628,1,-18.32160716,4.345614167,75.99835272,0,89.68289928,66.25051042,-24.86666534
0.08041342068,0.08645046427,4.166045256,-1.686810084,1,-33.69142827,4.494581331,133.4115748,0,134.9807203,6.873412142,-22.04276939
0.08041342068,0.09031417218,4.334079384,-1.338459129,1,-33.794148,4.5360464,125.0331796,0,133.5873759,-52.16071148,-17.16183959
0.08041342068,0.09417788008,4.551617139,-1.002184647,1,40.51246456,4.660642944,66.34951344,0,180.7337007,-159.5577817,-12.41737037
0.08041342068,0.09804158798,5.188909941,-0.4656193279,1,92.74425115,5.209758894,-2.620294489,0,161.4784805,-276.5039581,-5.127620602
0.08041342068,0.1019052959,5.533859516,0.05602182757,1,-7.862420316,5.534143077,-201.0243853,0,201.0899357,-275.9509984,0.5800119474
0.08041342068,0.1057690038,5.935484618,-0.1761247807,1,-152.515145,5.938097136,-192.2569077,0,223.4115529,-128.6957982,-1.699649995
0.08041342068,0.1096327117,5.807782528,-0.1895597333,1,-463.5431487,5.810875217,-321.266568,86.9938613,-108.8437438,-354.4438213,-1.869408568
0.08041342068,0.1134964196,3.723948859,-0.04793756516,1,-732.1555776,3.724257391,-392.5796765,138.0514756,-361.351895,-357.9552089,-0.7375150868
0.08041342068,0.1173601275,1.582789066,-0.3233385626,1,-845.0916264,1.615477965,150.0905943,188.3315138,-473.1352319,142.8587468,-11.54575421
0.08041342068,0.1212238354,-1.369294668,-0.01999581869,1,-750.6357982,1.36944066,-17.45221879,0,-777.4733706,-174.4737907,-179.1633688
0.08427712858,0.01690372206,0.3081541953,0.3177007839,1,8.507856261,0.4425977815,-320.6144133,0,-132.4321581,-151.510484,45.87390344
0.08427712858,0.02076742997,0.06875054315,-0.008983309838,1,8.369425613,0.0693349626,-150.1022007,0,-24.03393932,-43.56806139,-7.444393898
0.08427712858,0.02463113787,0.2476310899,-0.09391601188,1,81.68520031,0.264842168,-48.38826624,0,83.56039471,8.482952368,-20.76962059
0.08427712858,0.02849484577,0.7072112542,-0.2287170865,1,152.8087676,0.7432760346,-5.381628423,0,175.9302156,42.96168896,-17.92157163
0.08427712858,0.03235855367,1.517782497,-0.2807004692,1,187.4722083,1.5435208,20.37608242,0,204.6487653,33.02194712,-10.47795889
0.08427712858,0.03622226157,2.222252158,-0.2775770139,1,141.8386304,2.239520853,51.54766092,0,137.2966654,63.96699211,-7.119824685
0.08427712858,0.04008596947,2.596279744,-0.3286851372,1,111.7598152,2.617002566,47.84110071,11.71476759,91.60507312,71.34612276,-7.215177152
0.08427712858,0.04394967737,3.007994684,-0.3683935533,1,70.29468006,3.030469572,33.16850971,0,73.78606835,37.248726,-6.982327397
0.08427712858,0.04781338527,3.15296567,-0.3444499012,1,-31.55980772,3.171724807,-41.51852552,0,-24.37760901,-45.51389152,-6.234628665
0.08427712858,0.05167709317,2.791868845,-0.3529566261,1,-153.4146558,2.814091332,53.0510201,6.752159615,-141.8461833,93.15714843,-7.205283657
0.08427712858,0.05554080107,2.012164033,-0.499408266,1,-182.0528484,2.073213137,-6.511311279,25.53922509,-156.5194,126.7483668,-13.9388457
0.08427712858,0.05940450897,1.483724574,-0.8678330971,1,-133.1403698,1.71888711,-107.3904608,20.91993821,-20.53251574,3.650559909,-30.32343985
0.08427712858,0.06326821687,1.418416891,-0.928438335,1,11.21983349,1.695259337,-34.92059657,0,163.1587802,7.229526031,-33.20713606
0.08427712858,0.06713192477,2.157472601,-1.030688859,1,181.3793502,2.391026463,-83.22604603,0,277.4044302,-13.3546807,-25.53519424
0.08427712858,0.07099563267,3.191023409,-1.198400881,1,191.0928985,3.408635367,-59.28637427,0,297.4929591,8.32287089,-20.58385724
0.08427712858,0.07485934057,4.045225639,-1.291911233,1,73.12309613,4.246514466,7.998938301,0,207.0924776,84.48002985,-17.71176183
0.08427712858,0.07872304847,4.273694535,-1.493901479,1,-37.54251028,4.527273639,44.64452123,0,114.4538325,77.2549394,-19.26745062
0.08427712858,0.08258675637,4.342388523,-1.417908364,1,-96.42023403,4.568019506,146.2627085,0,167.4239758,63.36504409,-18.08327346
0.08427712858,0.08645046427,4.548032253,-1.173609118,1,-115.5963294,4.69701562,77.42570518,0,202.1519561,-33.70176384,-14.46938906
0.08427712858,0.09031417218,4.676814181,-0.9885442838,1,-118.6492802,4.780147559,67.75400718,0,132.9041249,-59.04451189,-11.93500934
0.08427712858,0.09417788008,4.603108809,-0.6836966781,1,-159.7259301,4.653606328,43.17545192,34.70332028,88.11657024,-128.2823389,-8.448339032
0.08427712858,0.09804158798,4.400136532,-0.3260814629,1,-106.4751248,4.412202468,1.642186303,22.11203272,69.89723539,-271.2954534,-4.238278074
0.08427712858,0.1019052959,4.461782529,0.3708546367,1,26.88889118,4.477168357,-104.643631,0,157.2154508,-332.9356791,4.751391374
0.08427712858,0.1057690038,5.111461932,0.555972327,1,-166.8918553,5.141609506,-233.4694378,0,159.1881068,-291.9086955,6.207642574
0.08427712858,0.1096327117,4.432017495,0.5966468586,1,-508.8387298,4.471998049,-407.7594633,81.82900218,-65.84867196,-404.0977645,7.667174001
0.08427712858,0.1134964196,2.891037677,0.5418245921,1,-503.2779344,2.941372595,-232.1788637,117.958994,-125.9615596,-121.2581433,10.61496513
0.08427712858,0.1173601275,2.000819891,0.1680815949,1,-740.9739571,2.00786744,39.28801771,166.8414045,-424.7004866,200.9660166,4.801935166
0.08427712858,0.1212238354,-1.61278788,-0.08285196968,1,-946.703094,1.614914609,40.2240614,0,-923.8357066,170.1166781,-177.0591924
0.08814083648,0.01690372206,-0.2050556625,0.03984866139,1,89.24136767,0.2088916957,-112.4007957,0,-32.87651931,-66.98822077,169.0027252
0.08814083648,0.02076742997,-0.09616700754,-0.04788180094,1,61.14310689,0.1074279303,-49.72869806,0,56.04743903,-17.62544895,-153.5311682
0.08814083648,0.02463113787,0.2477343756,-0.08418891584,1,108.5964387,0.2616487997,-6.031606644,0,127.5504589,19.68773753,-18.76958023
0.08814083648,0.02849484577,0.8162356264,-0.1472538342,1,148.345636,0.8294120143,13.68947994,0,191.9498693,55.27455747,-10.2265062
0.08814083648,0.03235855367,1.562536808,-0.2448615084,1,190.8420201,1.581606283,-17.61178246,0,221.971405,23.43441738,-8.906255193
0.08814083648,0.03622226157,2.411226118,-0.3058443608,1,164.4976866,2.430545652,0.2703334782,5.814204186,163.1366413,32.31102297,-7.22889889
0.08814083648,0.04008596947,2.828420149,-0.3686573736,1,75.30060055,2.852344439,41.8950453,0,90.54621858,48.50338406,-7.426089847
0.08814083648,0.04394967737,3.052009783,-0.3313770515,1,16.63696096,3.069946981,41.32671512,0,42.08307379,11.67210311,-6.196710101
0.08814083648,0.04781338527,3.055297211,-0.2540806148,1,-54.15466842,3.065843768,20.2799152,13.62191414,-8.611445095,27.49145898,-4.753817859
0.08814083648,0.05167709317,2.809499855,-0.3592403502,1,-111.9434209,2.832374104,-13.00170155,0,-127.762927,60.15694599,-7.2866592
0.08814083648,0.05554080107,2.129141901,-0.5367442593,1,-166.1275774,2.195754912,0.8981797997,0,-214.2056868,36.53680148,-14.14911671
0.08814083648,0.05940450897,1.340003217,-0.4969375744,1,-161.1503096,1.429180036,29.46270902,41.86872569,44.51145322,22.84466171,-20.34720045
0.08814083648,0.06326821687,1.67848343,-0.5111740576,1,7.164981718,1.75459555,-35.86519956,0,165.8390949,40.06291611,-16.93786204
0.08814083648,0.06713192477,2.008440434,-0.7903016347,1,125.8589448,2.158334926,-83.59774625,0,252.6959753,7.700328053,-21.47915166
0.08814083648,0.07099563267,3.141109066,-0.8639231486,1,146.0941263,3.257749126,-26.44415124,0,379.9954371,25.95737527,-15.37825493
0.08814083648,0.07485934057,4.041096837,-0.9927658267,1,16.44143198,4.161255535,-70.85609234,0,299.3694271,-0.1260352196,-13.80236997
0.08814083648,0.07872304847,4.361309977,-1.137203429,1,-61.67947986,4.50713394,-17.06455103,0,245.8473133,-64.89869428,-14.6143595
0.08814083648,0.08258675637,4.75266755,-0.8079486695,1,-155.5141504,4.820853648,76.57287491,0,148.6999232,-98.92691008,-9.647988911
0.08814083648,0.08645046427,4.334981794,-0.4591235233,1,-204.8430724,4.359227175,5.279477812,48.37406211,105.2141071,-108.9678801,-6.045731869
0.08814083648,0.09031417218,4.36773033,-0.3665302502,1,-154.0882406,4.383082552,-57.02964772,19.1825526,125.0506402,-164.3177536,-4.796895691
0.08814083648,0.09417788008,4.222788988,-0.04459362076,1,-164.6880507,4.223024441,-36.53875505,32.83033153,107.5714535,-187.2650053,-0.6050340898
0.08814083648,0.09804158798,4.147048482,0.2158319538,1,-175.3123261,4.15266114,27.91239453,42.67280403,77.06263461,-128.4553283,2.979254499
0.08814083648,0.1019052959,3.843180878,0.5595655854,1,-112.0523999,3.883703504,2.055422765,27.66721952,49.55504902,-222.5787923,8.284031286
0.08814083648,0.1057690038,3.905576974,1.083752945,1,-253.5786937,4.053153334,-82.6137778,64.57487482,-49.80281598,-331.7161666,15.50872613
0.08814083648,0.1096327117,2.671003343,1.522024453,1,-309.0106517,3.074218159,-155.522236,69.08096095,-91.43511452,-239.9359018,29.6758951
0.08814083648,0.1134964196,2.358371503,1.409902693,1,-137.0548022,2.747679339,-126.9707738,0,95.65859168,34.37028126,30.87220302
0.08814083648,0.1173601275,2.511060477,0.8986497441,1,-562.5642535,2.667020075,-103.2560637,142.8132598,-191.8848584,243.9610761,19.69109921
0.08814083648,0.1212238354,-0.556599491,0.06835708668,1,-882.4997774,0.5607813162,131.9207036,0,-705.4359812,561.711298,172.9984522
0.09200454438,0.01690372206,-0.3849525651,-0.1541270608,1,81.78270286,0.4146608593,-17.96130178,0,18.36273425,-82.90181075,-158.1798554
0.09200454438,0.02076742997,-0.1914862068,-0.02867148202,1,78.37159308,0.1936208183,8.134519579,0,99.0090406,-26.4032483,-171.4842906
0.09200454438,0.02463113787,0.3003943907,-0.0206832142,1,123.6204296,0.3011056049,14.16487977,0,177.9433498,22.33619722,-3.938800159
0.09200454438,0.02849484577,0.9736681504,-0.06024306581,1,130.9432366,0.975530058,7.212067889,0,189.9622506,43.38002061,-3.540507064
0.09200454438,0.03235855367,1.540279457,-0.1604256189,1,166.2334676,1.548611373,-22.57759976,0,189.504825,35.03354359,-5.946121262
0.09200454438,0.03622226157,2.348137002,-0.2828356955,1,176.4022405,2.365109598,-46.03078814,0,187.3088497,-17.7276901,-6.868251532
0.09200454438,0.04008596947,2.94555287,-0.2697805224,1,97.3598871,2.957881546,-8.824846415,0,126.422463,-12.12698254,-5.233068556
0.09200454438,0.04394967737,3.212766637,-0.2700772061,1,49.28599575,3.224098503,72.53541432,0,52.16769749,46.31802533,-4.805200251
0.09200454438,0.04781338527,3.337540306,-0.1684841894,1,-27.96072648,3.341790271,60.60269157,0,-33.82026404,97.87294446,-2.889926224
0.09200454438,0.05167709317,2.974062935,-0.4140785766,1,-151.360176,3.002750641,-41.19635147,0,-154.237056,92.53110955,-7.926332272
0.09200454438,0.05554080107,2.156801866,-0.6851680371,1,-180.0496949,2.263017793,17.48851672,25.51997494,-153.3704272,-70.73307409,-17.62389628
0.09200454438,0.05940450897,1.685824975,-0.07321611923,1,-155.5867791,1.68741413,105.5600777,30.26810123,-31.32337113,9.848875881,-2.486818111
0.09200454438,0.06326821687,1.434635642,-0.3153679105,1,-49.59608797,1.468889494,-33.77882001,0,95.76991276,87.19603484,-12.39782118
0.09200454438,0.06713192477,1.864227147,-0.5406276217,1,134.9732759,1.941036084,54.62790703,0,319.126012,49.27207475,-16.1722086
0.09200454438,0.07099563267,3.189142648,-0.294674539,1,107.8945172,3.202727574,77.31261005,0,385.606631,-11.16910931,-5.279100136
0.09200454438,0.07485934057,3.770971432,-0.1987601035,1,-100.2709897,3.776205916,-28.258686,0,299.0100942,-25.40307689,-3.017150075
0.09200454438,0.07872304847,3.957012496,-0.3057077784,1,-173.8905983,3.968803994,-58.64413929,0,299.4300129,-47.31979959,-4.417737144
0.09200454438,0.08258675637,4.25601906,-0.2425140443,1,-173.4523873,4.262922859,-58.61442928,0,222.7309721,-144.04248,-3.261268742
0.09200454438,0.08645046427,4.147410554,0.02436125592,1,-224.4589116,4.1474821,-7.326401117,53.52076462,112.021172,-93.3786773,0.3365427843
0.09200454438,0.09031417218,3.821592478,0.08996681502,1,-193.4006609,3.822651317,-53.20478187,45.169993,87.54014761,-142.2056257,1.348591425
0.09200454438,0.09417788008,3.738396452,0.3682345193,1,-69.42966613,3.756488346,26.94219107,0,118.6247738,-117.7516797,5.625525292
0.09200454438,0.09804158798,4.011668004,0.6490216668,1,-104.2340694,4.063829388,41.07888167,17.72847039,70.93657076,-121.2067027,9.189885108
0.09200454438,0.1019052959,3.609744644,0.9952586139,1,-171.3124945,3.744435351,15.90163749,45.54800077,41.6298258,-163.7913276,15.41429907
0.09200454438,0.1057690038,3.510612052,1.343302796,1,-166.5624178,3.758837504,-14.30029548,45.47972709,-16.07609888,-128.7076415,20.93888115
0.09200454438,0.1096327117,2.904082764,1.437295181,1,-152.8352488,3.240295378,145.7681587,0,-100.1227011,120.4923414,26.33183193
0.09200454438,0.1134964196,2.533256423,1.440961171,1,-82.59086511,2.914405119,120.5800544,0,-10.48547863,78.39691689,29.63198653
0.09200454438,0.1173601275,2.544462959,1.600278502,1,-343.9332491,3.00585812,-109.6741738,89.22594416,-35.50870057,107.6534229,32.1668482
0.09200454438,0.1212238354,1.067203564,0.6012708184,1,-588.7558308,1.224928588,72.43928507,0,-175.9289916,589.5630996,29.39724991
0.09586825228,0.01690372206,-0.5947612672,-0.2051875724,1,111.1470331,0.6291604762,9.99003029,0,110.4065828,-112.712227,-160.9660017
0.09586825228,0.02076742997,-0.166752039,0.03185526811,1,115.9110105,0.1697674899,29.99405819,0,138.643725,-55.64558149,169.1848777
0.09586825228,0.02463113787,0.3887638751,0.1256989801,1,124.6512266,0.4085799606,22.16380655,0,180.3564882,9.501584225,17.91757048
0.09586825228,0.02849484577,1.011708678,0.08077839654,1,138.1011716,1.014928372,-15.43846153,0,178.1492005,57.1981788,4.565013334
0.09586825228,0.03235855367,1.610662937,-0.154947781,1,128.3484201,1.618098857,-57.56140477,0,170.1144382,31.59719991,-5.495015464
0.09586825228,0.03622226157,2.164881982,-0.2637044088,1,132.7112271,2.180883768,-62.49201598,0,161.515328,-36.24254504,-6.94498813
0.09586825228,0.04008596947,2.747468402,-0.2563680693,1,166.1285902,2.759403415,-36.7842468,0,182.3301468,-22.1510006,-5.330870584
0.09586825228,0.04394967737,3.511224757,-0.3202429977,1,124.2145382,3.525798473,24.91224178,11.77260344,113.9329615,30.17974328,-5.21127205
0.09586825228,0.04781338527,3.667600778,-0.2767201564,1,-43.08546818,3.678025219,58.60364759,0,-87.19932691,71.57377315,-4.314786342
0.09586825228,0.05167709317,3.007842365,-0.3703557743,1,-261.1931994,3.030557555,-21.25674016,48.93391597,-190.2333419,19.36310213,-7.019500131
0.09586825228,0.05554080107,1.923420484,-0.433663362,1,-249.0986174,1.971702379,-19.45663805,65.833192,-67.1604513,-110.9583044,-12.70572164
0.09586825228,0.05940450897,1.785909703,-0.01682006305,1,-45.04059667,1.785988908,43.39836929,0,35.06351248,-81.90641107,-0.5396074219
0.09586825228,0.06326821687,1.884871945,0.05047770786,1,2.534440391,1.885547732,111.5444468,0,158.9606644,127.5832344,1.53403976
0.09586825228,0.06713192477,2.409879615,-0.07878925356,1,99.55451137,2.411167249,212.5487556,0,291.7266946,171.5007168,-1.872576637
0.09586825228,0.07099563267,3.396668232,0.2090753398,1,67.88083061,3.403096763,129.3796403,0,300.6469881,-33.34718109,3.522286924
0.09586825228,0.07485934057,3.83376346,0.5499396517,1,-89.58445315,3.873006053,100.5044669,0,233.2878726,-24.37397332,8.163187574
0.09586825228,0.07872304847,3.951896269,0.6915691559,1,-166.6134403,4.011951149,37.30490135,0,201.7861274,-7.431517485,9.926066974
0.09586825228,0.08258675637,3.969660449,0.7227881066,1,-216.0119184,4.034925864,-58.21317131,0,214.4565517,-96.87242874,10.31925972
0.09586825228,0.08645046427,3.945886787,0.8409372343,1,-233.6586704,4.034500956,-19.64542825,50.96059013,141.2762068,-18.6502352,12.03074252
0.09586825228,0.09031417218,3.612721594,0.7189429713,1,-182.4489604,3.683562992,106.1718238,0,163.3069497,147.3093616,11.25500331
0.09586825228,0.09417788008,3.871927649,0.6819938046,1,-71.95318222,3.931531415,128.0868888,0,130.1191716,83.1308069,9.989501409
0.09586825228,0.09804158798,3.837457987,0.8926401401,1,-161.329569,3.939909926,52.753833,41.94847996,5.99967602,-128.5017702,13.09483997
0.09586825228,0.1019052959,3.271778314,1.382312511,1,-177.3179185,3.551805346,-199.7426201,0,51.94045171,-399.692514,22.90385234
0.09586825228,0.1057690038,3.353036078,1.665188125,1,-26.58478982,3.743755124,-464.84234,0,137.3534704,-553.7149563,26.40995991
0.09586825228,0.1096327117,3.699756141,1.72569034,1,-153.5059128,4.082426074,211.2312291,0,95.04505492,205.1984958,25.00592384
0.09586825228,0.1134964196,3.127160399,1.688496844,1,-284.5841854,3.553892761,197.9526543,55.87304718,-25.09327619,103.5817085,28.36663795
0.09586825228,0.1173601275,2.503252886,2.090312109,1,-302.774617,3.261238986,-19.28759511,83.14280945,11.35091846,-12.79190798,39.86317535
0.09586825228,0.1212238354,2.001184353,1.663399407,1,-289.1359539,2.602236807,-16.79012351,0,29.24646655,204.1958894,39.73361256
0.09973196018,0.01690372206,-0.7818411281,-0.1569879445,1,111.3403633,0.7974464022,88.00510802,0,142.9464207,-23.88173051,-168.646406
0.09973196018,0.02076742997,-0.2905962,0.05916108655,1,150.8290767,0.2965572215,42.83343103,0,160.9391445,-48.15004869,168.492688
0.09973196018,0.02463113787,0.4227402112,0.194545645,1,184.3442633,0.4653571683,-20.67088791,0,184.6307567,-29.81488489,24.71195446
0.09973196018,0.02849484577,1.1350155,0.09449081995,1,123.6965773,1.138941921,-66.17669676,0,139.5793143,-16.06950057,4.758939021
0.09973196018,0.03235855367,1.439961354,0.0009460751644,1,70.8301353,1.439961664,-61.61075911,0,144.4138791,7.244312253,0.03764413961
0.09973196018,0.03622226157,1.966655499,-0.1715450633,1,126.6215336,1.974122985,-55.93910162,0,204.1185141,-2.071542142,-4.985109881
0.09973196018,0.04008596947,2.717844289,-0.20718244,1,161.1247863,2.725729653,-66.89377072,0,216.4841099,-31.11022924,-4.359250996
0.09973196018,0.04394967737,3.425625974,-0.3098022152,1,104.8732563,3.439606188,-99.37368248,0,185.6931051,-65.2756561,-5.167582064
0.09973196018,0.04781338527,3.840507835,-0.3389272539,1,-85.46118292,3.855434102,-82.35122356,0,-33.3054307,-126.3224048,-5.043323227
0.09973196018,0.05167709317,2.966746471,-0.1399104148,1,-328.4481906,2.970043695,-26.24342098,61.98177209,-237.7414047,-118.5679848,-2.700042448
0.09973196018,0.05554080107,1.652916623,0.01778789282,1,-292.1866458,1.653012332,44.0756093,76.59164704,-77.84788001,-53.29023324,0.6165657905
0.09973196018,0.05940450897,1.53704115,0.2362827602,1,24.39233123,1.555096473,20.88792892,0,158.2401422,-49.31133077,8.739421434
0.09973196018,0.06326821687,2.358555153,0.2890173271,1,171.0290352,2.376197261,14.52815229,0,297.7023038,23.43493304,6.986194886
0.09973196018,0.06713192477,3.348082128,0.201869561,1,82.30129222,3.354162378,95.49481136,0,228.7027737,13.79904561,3.45041967
0.09973196018,0.07099563267,3.56018402,0.6046659027,1,17.20697105,3.611167555,128.8117118,0,168.3751983,-90.37015009,9.63920171
0.09973196018,0.07485934057,4.065117422,1.048724252,1,-25.92042941,4.198214169,62.20662807,0,158.5004585,-70.57117308,14.46582345
0.09973196018,0.07872304847,4.072434526,1.117680542,1,-152.1814983,4.223024125,81.96364568,32.90301728,46.50481925,-14.30815891,15.34696164
0.09973196018,0.08258675637,3.656813602,1.420690384,1,-144.4306701,3.923091496,67.72205057,6.240319052,125.5402076,-24.24130965,21.23139748
0.09973196018,0.08645046427,3.999447296,1.473000103,1,27.44713097,4.262077895,66.29978816,0,268.6819149,64.96007195,20.21879852
0.09973196018,0.09031417218,4.800969736,1.425866656,1,-42.12901437,5.008233833,99.4513567,0,185.7818602,183.3130363,16.54118531
0.09973196018,0.09417788008,4.554479932,1.148983069,1,-224.9520941,4.697174634,104.5508057,52.70648406,-55.08192079,138.2836,14.15887747
0.09973196018,0.09804158798,3.719000101,1.295532993,1,-598.7053601,3.938193429,126.276213,146.3168721,-245.2449683,-63.19538777,19.20604723
0.09973196018,0.1019052959,1.29370238,1.88104599,1,-728.7756618,2.282980479,136.6902607,172.9028266,-343.716366,-39.61171957,55.48148271
0.09973196018,0.1057690038,-0.4247958205,1.976712347,1,223.0361075,2.021841535,84.24188376,0,610.1902348,-49.4580598,102.128413
0.09973196018,0.1096327117,4.513045582,2.397623518,1,374.1459193,5.1103991,43.87529741,0,692.9877899,-76.95316885,27.98014819
0.09973196018,0.1134964196,3.698297123,2.443558247,1,-529.6489926,4.432649153,12.9763396,145.7613088,-11.93657912,-94.78136564,33.45374628
0.09973196018,0.1173601275,2.42051713,2.813967815,1,-470.5838563,3.71178098,-281.9000545,103.5621757,-22.98669022,-123.4639692,49.29856094
0.09973196018,0.1212238354,1.791284703,1.831407492,1,21.93448278,2.561787323,-694.0239723,0,-347.6487672,-185.4139278,45.63454811
0.1035956681,0.01690372206,-0.3470072669,-0.08307099872,1,33.92838587,0.3568120431,187.9606657,0,48.74523975,108.2503876,-166.5371731
0.1035956681,0.02076742997,-0.1872938967,0.07091761686,1,72.05929647,0.2002705973,68.94590788,0,67.88628864,14.62583228,159.2611543
0.1035956681,0.02463113787,0.1937015959,0.1268059065,1,129.1051346,0.2315168378,-40.38339193,19.93560429,98.97300058,-58.81828353,33.21058894
0.1035956681,0.02849484577,0.693933396,0.1421446532,1,149.2342894,0.7083421917,-96.22099487,0,163.1354087,-96.88160503,11.57627575
0.1035956681,0.03235855367,1.400606866,0.1293583112,1,137.4422958,1.406567868,-78.44510952,0,185.256116,-50.90074831,5.276797097
0.1035956681,0.03622226157,1.940745799,0.03572128719,1,82.33731034,1.941074514,-81.69969252,0,168.2516917,-37.22580144,1.05446469
0.1035956681,0.04008596947,2.368809573,-0.04247581311,1,60.3708262,2.369190366,-93.97311773,0,181.449216,-82.66273988,-1.027277188
0.1035956681,0.04394967737,2.875067807,-0.007978709084,1,-12.58896415,2.875078878,-168.6947655,0,140.0668355,-160.2236926,-0.1590032701
0.1035956681,0.04781338527,2.861346832,-0.07520556451,1,-130.4142956,2.862334986,-224.1941433,0,19.96743329,-221.1109547,-1.505574081
0.1035956681,0.05167709317,2.448333392,-0.01989124894,1,-191.9342245,2.448414193,-43.93498616,48.71896083,-60.03331244,-165.4981575,-0.4654838034
0.1035956681,0.05554080107,1.887817869,0.394479021,1,-168.3632467,1.928592752,95.86615497,37.10992757,-31.50781811,-38.77653641,11.80271383
0.1035956681,0.05940450897,1.67608998,0.5003287815,1,-37.35775172,1.749173094,68.2481168,0,74.5583768,30.60883372,16.62086408
0.1035956681,0.06326821687,2.031550218,0.5399062164,1,95.09512198,2.102069221,-2.656307967,0,204.1172416,0.8288091282,14.88294459
0.1035956681,0.06713192477,2.832159154,0.486863307,1,107.6255857,2.873701681,-15.77333799,0,284.1340967,-81.31633551,9.754113895
0.1035956681,0.07099563267,3.545195198,0.7931452137,1,46.93042087,3.63283475,98.34629742,0,203.9389958,-102.3999304,12.61077735
0.1035956681,0.07485934057,3.801445301,1.262488093,1,31.63610592,4.005603895,60.27309545,0,141.2812386,-112.1234351,18.37170857
0.1035956681,0.07872304847,4.213297308,1.459235051,1,-49.04332837,4.458838541,67.86940256,0,136.0613014,-62.41700599,19.10303619
0.1035956681,0.08258675637,4.137657331,1.76587672,1,-65.37048657,4.498725239,133.7426159,0,127.4194932,52.53489204,23.11190589
0.1035956681,0.08645046427,4.453036545,1.772997975,1,-24.11224864,4.793021624,-22.05477083,0,171.0134372,21.00042528,21.71021284
0.1035956681,0.09031417218,4.705240614,1.599524018,1,-10.49958615,4.96968473,-54.46448346,0,102.9321211,58.03766496,18.77521934
0.1035956681,0.09417788008,4.810168861,1.338322535,1,-121.5043804,4.992878096,222.41694,0,-40.01319803,51.91134096,15.54804375
0.1035956681,0.09804158798,4.08118387,2.258307848,1,-423.2241394,4.664334477,237.8381736,90.33777592,122.1383819,-158.6065522,28.95778481
0.1035956681,0.1019052959,3.646861441,2.870069154,1,-297.2333521,4.640786067,430.2482218,0,143.558884,196.6045924,38.2026408
0.1035956681,0.1057690038,3.487430613,3.161038585,1,-143.927642,4.706839409,506.2702299,0,124.53991,483.6150389,42.1894457
0.1035956681,0.1096327117,3.571952907,2.957602195,1,-262.092484,4.63748405,-97.47725368,62.55751913,87.04277603,-234.0682733,39.6249963
0.1035956681,0.1134964196,2.811089674,3.688786387,1,-695.2777598,4.637819548,-205.0973796,182.8931117,13.31414596,-428.2236209,52.69029558
0.1035956681,0.1173601275,0.9370447046,3.819696816,1,-654.8251547,3.932955192,-672.3917337,0,-434.2314179,221.3996169,76.21645111
0.1035956681,0.1212238354,-1.39670681,0.235437684,1,-654.3589324,1.416411245,-1179.818172,0,-553.6783077,675.5286734,170.4318118
0.107459376,0.01690372206,0.3626318588,-0.09973994905,1,-101.4340525,0.3760982883,114.3312414,0,-69.55778989,40.4241263,-15.37862908
0.107459376,0.02076742997,0.03230059272,0.04303780325,1,-41.87112193,0.05381060117,64.97909234,0,-41.77338569,18.9446005,53.11115778
0.107459376,0.02463113787,0.03945391393,0.07812388081,1,57.95954747,0.08752115217,-5.827164007,12.75597832,34.34113247,-33.04528815,63.20543307
0.107459376,0.02849484577,0.388923459,0.1482006845,1,113.1410117,0.4162029552,-52.32077337,0,119.9906976,-80.15953136,20.85952236
0.107459376,0.03235855367,0.9402067409,0.18568471,1,133.6435921,0.958367115,-119.3631096,0,155.7775282,-122.5213003,11.17177723
0.107459376,0.03622226157,1.507162128,0.1604030107,1,115.0523556,1.515673714,-130.7114736,0,168.3976924,-150.1084837,6.074960436
0.107459376,0.04008596947,2.035374931,0.2606290912,1,24.09877662,2.051993818,-109.9426527,0,143.5171555,-140.9005295,7.296996382
0.107459376,0.04394967737,2.154781129,0.280015204,1,-58.26386515,2.172899038,-164.8478637,0,80.16098616,-160.0531765,7.404131441
0.107459376,0.04781338527,2.11997901,0.2421038201,1,-85.47644378,2.133758483,-139.5858943,0,86.19514458,-162.802188,6.515013106
0.107459376,0.05167709317,2.157557979,0.3697161811,1,-115.1620108,2.189005822,-28.26125373,27.29363193,51.36713208,-107.0595172,9.723685603
0.107459376,0.05554080107,1.873494233,0.5465572933,1,-69.97257456,1.951590509,47.82213104,13.88162015,8.228142879,-29.55892797,16.26362839
0.107459376,0.05940450897,1.918995531,0.6686939901,1,23.580655,2.032165225,73.37688931,0,100.134701,31.01093851,19.21142377
0.107459376,0.06326821687,2.351494231,0.7102469522,1,108.2140203,2.456415244,79.16000844,0,164.5706947,23.47440672,16.8064529
0.107459376,0.06713192477,2.972955989,0.8838468895,1,89.91243473,3.101556486,92.25953465,0,218.865497,-37.42268642,16.55698477
0.107459376,0.07099563267,3.544521966,1.211301174,1,34.25249636,3.745782495,74.68381694,0,196.5690069,-77.63466663,18.86729549
0.107459376,0.07485934057,3.864782855,1.472361018,1,5.152686583,4.135745819,23.13748383,0,136.9333721,-137.7363721,20.8552709
0.107459376,0.07872304847,4.093500993,1.832870762,1,-20.06137855,4.485104861,-29.60707554,0,152.512547,-209.0237272,24.12051523
0.107459376,0.08258675637,4.376535481,2.165574552,1,-92.42270997,4.883008904,-57.71415286,7.38147526,67.02550532,-159.6985691,26.32688676
0.107459376,0.08645046427,3.995373613,2.226908757,1,-52.53440915,4.57407181,-205.5313729,0,165.9591286,-127.5128166,29.13406464
0.107459376,0.09031417218,4.814775466,1.86413364,1,25.74300121,5.16304726,-205.7765392,0,393.2924711,-8.280356047,21.1648777
0.107459376,0.09417788008,5.614404278,1.463841194,1,-320.6923035,5.802100175,69.61975987,80.02737398,116.3167285,-328.5782598,14.6133635
0.107459376,0.09804158798,4.025127942,3.402654475,1,-478.0330685,5.2706463,117.8980843,127.509933,-13.39272663,-430.8745702,40.20961191
0.107459376,0.1019052959,3.715678551,3.584138435,1,-44.69089648,5.162588054,-179.6821605,0,-117.1474839,-79.08917143,43.96766208
0.107459376,0.1057690038,3.399831713,3.013992548,1,23.12917182,4.543457578,77.38367467,0,-148.3011707,35.3407072,41.55738217
0.107459376,0.1096327117,3.23205051,3.746580181,1,-357.4122674,4.94803128,230.026939,51.78250816,-198.6602927,-330.9258811,49.21674894
0.107459376,0.1134964196,1.25132977,5.181350391,1,-415.3521841,5.330311254,-219.3040017,69.69533843,-245.6799774,-198.5201838,76.4226799
0.107459376,0.1173601275,0.678015325,3.666277579,2,-133.6062004,3.728444189,-416.3303386,0,-230.932844,350.0170279,79.52249952
0.107459376,0.1212238354,-0.1571426163,2.220408017,2,-542.7929717,2.225961716,-161.472957,0,110.4839241,586.9633118,94.04818466
0.1113230839,0.01690372206,NaN,NaN,0,-61.64705498,0.2541046224,-6.088490984,0,2.657330825,-22.24171639,9.077364526
0.1113230839,0.02076742997,NaN,NaN,0,-42.81858547,0.1544079114,23.84747869,9.324417298,-10.8636493,25.02208067,27.49899691
0.1113230839,0.02463113787,0.04350979539,0.0355512499,1,-8.595583534,0.05618713078,34.71353892,0,20.26972111,9.526697642,39.2517815
0.1113230839,0.02849484577,0.1820681959,0.1686098388,1,39.30218873,0.2481493617,9.187238435,0,70.05555165,-37.22572287,42.80217538
0.1113230839,0.03235855367,0.4660361609,0.2148773752,1,64.58066435,0.5131880646,-62.01880607,0,109.7780949,-80.97009574,24.75322042
0.1113230839,0.03622226157,0.8557395116,0.2418320864,1,72.801158,0.8892541087,-117.2908054,0,168.8290718,-170.1013571,15.78029816
0.1113230839,0.04008596947,1.399624789,0.4189219209,1,64.57663087,1.460974033,-139.4640983,0,133.1623284,-213.233235,16.66297601
0.1113230839,0.04394967737,1.619745091,0.5268544826,1,-5.355610762,1.703276198,-141.6796916,0,81.28858196,-185.4618281,18.01815235
0.1113230839,0.04781338527,1.693007609,0.5880833077,1,-20.92504186,1.792237915,-106.867435,0,100.0584488,-131.888538,19.15518748
0.1113230839,0.05167709317,1.925493461,0.6235287161,1,0.2762701943,2.02393506,-61.04971004,0,68.40747827,-89.14201045,17.94340576
0.1113230839,0.05554080107,1.958381551,0.6966237508,1,-0.1425332105,2.078591578,7.005971307,0,39.98006721,-37.66162319,19.58118518
0.1113230839,0.05940450897,2.079414055,0.7961112538,1,19.85542373,2.226601882,0.7825625699,0,101.7164134,-15.01267747,20.94952676
0.1113230839,0.06326821687,2.428099619,0.7576519445,1,81.2679292,2.543561328,7.069109297,0,168.3934548,-41.84478992,17.32974664
0.1113230839,0.06713192477,3.044032717,0.9851002727,1,110.3751972,3.1994621,61.75047823,0,175.7992203,-109.7523554,17.93245468
0.1113230839,0.07099563267,3.533793977,1.420288798,1,1.665940399,3.808532544,43.08540201,0,79.76773981,-160.488449,21.89599013
0.1113230839,0.07485934057,3.358668671,1.771650169,1,-81.68093268,3.797288449,-45.56689983,17.92467281,18.91832412,-228.2208454,27.81101222
0.1113230839,0.07872304847,3.29129759,2.12601029,1,-61.0007367,3.918234243,-117.4897949,0,45.20487601,-275.4437332,32.86039712
0.1113230839,0.08258675637,3.297638079,2.381938049,1,-64.92605535,4.067928929,-175.2839941,0,32.56167532,-302.4113301,35.84119885
0.1113230839,0.08645046427,3.166251079,2.617193183,1,22.88575215,4.107900443,-134.9430787,0,127.3712632,-299.9891372,39.57681349
0.1113230839,0.09031417218,3.878187296,3.019627809,1,-115.279448,4.915128565,-379.5946519,0,281.7976725,-485.6079978,37.90497973
0.1113230839,0.09417788008,3.809628859,3.026797785,1,-400.3477157,4.865673321,-305.4138084,59.96556405,139.9105466,-573.0102794,38.46758097
0.1113230839,0.09804158798,2.871934149,4.053542408,1,-185.2353459,4.96781761,-336.9687987,0,-115.6632436,-223.9479051,54.68243432
0.1113230839,0.1019052959,2.647044601,2.590118065,1,144.9325095,3.703451999,-483.4147112,0,127.0938902,-80.98765624,44.37723496
0.1113230839,0.1057690038,3.922964698,2.498681816,1,-44.39205849,4.651135651,-122.2584995,0,182.8767162,-376.1222525,32.49457331
0.1113230839,0.1096327117,3.182108867,3.570973453,1,-406.6310204,4.783060552,-31.79444433,75.38752187,-298.9672549,-509.4880131,48.29563916
0.1113230839,0.1134964196,1.196739067,4.344350232,1,-193.2948397,4.506169475,93.28549329,0,-454.0831428,126.2378703,74.59870493
0.1113230839,0.1173601275,0.6808294422,3.443655094,2,-37.2286979,3.510311829,-215.0210461,0,-208.5133343,195.1656155,78.8165337
0.1113230839,0.1212238354,NaN,NaN,0,-163.2093936,2.770564573,-128.509445,0,-61.22051551,225.6303214,84.87973049
0.1151867918,0.01690372206,NaN,NaN,0,-34.10798704,0.2936185433,9.334512497,0,17.51567815,0.1262966582,30.42998568
0.1151867918,0.02076742997,NaN,NaN,0,-29.48481619,0.2767965509,24.31961773,0,18.41075251,13.72420704,36.97979124
0.1151867918,0.02463113787,NaN,NaN,0,-25.17060847,0.2832480478,45.72454658,0,40.56324461,19.70799569,42.03295748
0.1151867918,0.02849484577,NaN,NaN,0,-0.4596121164,0.3873401588,42.80423544,0,46.362183,-1.366648474,43.58067013
0.1151867918,0.03235855367,NaN,NaN,0,-12.5373657,0.5293092552,26.65000405,0,42.60480801,-41.78273745,42.90037288
0.1151867918,0.03622226157,0.3967627596,0.5314268198,1,0.5100471524,0.6632006877,-28.81274491,0,73.23156928,-71.59802201,53.25501647
0.1151867918,0.04008596947,0.6726554572,0.5256241927,1,43.27036014,0.8536663026,-95.22735704,0,84.59621476,-116.8015128,38.00466231
0.1151867918,0.04394967737,0.8908018552,0.6147830559,1,52.77304401,1.082352138,-103.9668639,0,83.06543729,-151.5699697,34.61133
0.1151867918,0.04781338527,1.197495671,0.7095486888,1,75.95510967,1.391925006,-155.5378642,0,101.7133903,-160.2411731,30.64789252
0.1151867918,0.05167709317,1.577261042,0.632955268,1,49.15774282,1.699524865,-171.8026093,0,95.1476996,-169.7399825,21.86560436
0.1151867918,0.05554080107,1.755049749,0.7015793016,1,10.93044099,1.890082839,-83.29052982,0,63.28673291,-174.4013705,21.78900853
0.1151867918,0.05940450897,1.864014523,0.9849809428,1,14.89865062,2.108254634,-43.80306928,0,104.6966766,-133.1719453,27.85283001
0.1151867918,0.06326821687,2.217131159,1.046874534,1,44.94636792,2.451859879,-68.36247943,0,194.0665848,-107.6111146,25.27552318
0.1151867918,0.06713192477,2.787490757,1.136626205,1,50.65578148,3.01031956,-58.5112712,0,175.4947839,-179.169766,22.18365184
0.1151867918,0.07099563267,3.090910886,1.513063714,1,-17.65839707,3.441379361,-49.03687569,0,22.69403218,-236.5305929,26.08268779
0.1151867918,0.07485934057,2.806946981,1.861047161,1,-74.71748862,3.367855087,-37.75451286,7.329065324,-58.72693375,-226.7321821,33.54496394
0.1151867918,0.07872304847,2.575320617,2.243218227,1,-43.20245065,3.415304422,-41.03450283,0,-28.25395979,-217.3396284,41.05730651
0.1151867918,0.08258675637,2.530860283,2.542238668,1,-42.32103224,3.587231692,-75.11092405,0,-25.07486022,-175.3752386,45.12850771
0.1151867918,0.08645046427,2.314922574,2.630610252,1,-137.4325624,3.504137101,-28.30509731,0,-136.6500437,-249.8759309,48.65240012
0.1151867918,0.09031417218,1.471885153,3.398323648,1,51.48747072,3.703383523,-178.5935556,0,-75.94387029,-416.8701238,66.58155309
0.1151867918,0.09417788008,2.22043019,3.551241311,1,100.582713,4.188272326,-374.9543182,0,-0.6723421632,-445.6473196,57.98412549
0.1151867918,0.09804158798,1.857909642,3.671460756,1,-17.29887755,4.114784602,-477.6620508,0,-160.1051973,-468.3378236,63.15871978
0.1151867918,0.1019052959,1.534992665,3.515215221,1,-146.3189969,3.835745107,-294.1536775,0,47.01656833,-351.257361,66.41050012
0.1151867918,0.1057690038,1.474234064,3.892092709,1,912.387461,4.161940861,-333.2069792,0,-1014.43955,-500.7523315,69.25447945
0.1151867918,0.1096327117,1.140693203,4.162561522,1,-62.4092665,4.316028198,-371.7216166,0,224.2408221,-444.6173588,74.67509208
0.1151867918,0.1134964196,2.099503924,4.173740564,1,116.8923399,4.672047412,-335.0755996,0,-256.4974745,-35.3433798,63.29637239
0.1151867918,0.1173601275,0.6012997411,3.004483776,2,-28.96452725,3.064063338,-366.6614185,0,-457.9770044,36.90876679,78.68267832
0.1151867918,0.1212238354,NaN,NaN,0,-11.16540433,2.623544831,-158.0807674,0,-187.1910293,43.80847241,85.23130602
0.1190504997,0.01690372206,NaN,NaN,0,-22.247367,0.3742003419,13.68292124,0,20.42367406,4.985888825,39.80379936
0.1190504997,0.02076742997,NaN,NaN,0,-19.99016101,0.3825499567,20.6739871,0,22.27965935,7.73840119,42.07538913
0.1190504997,0.02463113787,NaN,NaN,0,-14.84653983,0.414286142,29.96597259,0,29.9144396,5.852904891,44.33554425
0.1190504997,0.02849484577,NaN,NaN,0,-4.569828398,0.4891237917,31.31901699,0,33.36229312,-4.502264943,45.60837049
0.1190504997,0.03235855367,NaN,NaN,0,0.8850752018,0.5909619712,28.22815305,0,31.62533018,-16.62286362,46.39614751
0.1190504997,0.03622226157,NaN,NaN,0,19.53945132,0.7015316225,31.09558175,0,25.194642,-7.898650825,48.17939629
0.1190504997,0.04008596947,NaN,NaN,0,8.828643029,0.819537849,-0.3624301607,0,33.78424959,-31.70243799,44.91031329
0.1190504997,0.04394967737,NaN,NaN,0,-24.23765577,0.9025315711,-25.39349145,0,-3.579540466,-53.60805403,45.51489156
0.1190504997,0.04781338527,0.4729296482,0.6876057802,1,-11.41283559,0.8345442835,-59.53156966,0,4.540484303,-100.2502362,55.48012391
0.1190504997,0.05167709317,0.6058726501,0.8012204755,1,32.44538888,1.004507799,-92.59529487,0,94.32549657,-147.2856066,52.90389586
0.1190504997,0.05554080107,0.9627353199,0.8989131695,1,66.16967972,1.317157615,-85.47444237,0,138.2354315,-173.9501061,43.0365207
0.1190504997,0.05940450897,1.395634293,1.143064596,1,87.70127234,1.803993279,-97.4868322,0,115.5888711,-210.0459972,39.31846177
0.1190504997,0.06326821687,1.748189053,1.333808905,1,53.76072154,2.198911358,-130.1042968,0,135.1946399,-214.0591725,37.34240227
0.1190504997,0.06713192477,2.125702616,1.467441713,1,52.15909901,2.583020866,-167.1655099,0,124.4214439,-229.9005558,34.61858179
0.1190504997,0.07099563267,2.430444692,1.576198797,1,4.538732105,2.896802384,-123.3082452,0,50.0892904,-218.0336486,32.9643284
0.1190504997,0.07485934057,2.336769338,1.833433002,1,-40.06526888,2.970179711,-35.12732091,5.159407567,4.495997725,-192.3773281,38.11778813
0.1190504997,0.07872304847,2.293015418,2.183766893,1,3.272015461,3.166505574,-8.325457609,0,-5.067343904,-167.5350131,43.60206799
0.1190504997,0.08258675637,2.329832713,2.44857222,1,-23.10021998,3.379885558,-19.5528632,0,-29.07105701,-132.514227,46.42346094
0.1190504997,0.08645046427,2.091440843,2.620216606,1,-110.3604846,3.352560195,-75.08207287,0,-84.36001673,-95.45061838,51.40334701
0.1190504997,0.09031417218,1.577489574,2.52727033,1,-81.08821967,2.979189265,-24.57593634,0,-294.8141655,-28.55170837,58.02812111
0.1190504997,0.09417788008,0.6390638275,2.635577828,1,-182.710518,2.711950048,-55.73014757,0,-428.2628461,-307.9516398,76.37021542
0.1190504997,0.09804158798,-0.78313304,3.501780502,1,7.263947368,3.588281489,-136.859962,0,-132.9719375,-318.4296888,102.6061141
0.1190504997,0.1019052959,0.1533648728,3.337110216,1,283.4577405,3.340632482,-1286.540288,0,100.6092229,899.9074583,87.36868704
0.1190504997,0.1057690038,0.7007895204,-4.946014929,1,103.7493649,4.99541486,-56.18416015,0,-136.1926441,-403.3624365,-81.93557196
0.1190504997,0.1096327117,0.02801351871,4.678505665,1,-16.86889669,4.678589533,777.6561462,0,-225.1890473,-1253.474619,89.65693379
0.1190504997,0.1134964196,-0.2344516702,2.901681056,1,42.65726815,2.911137327,-746.5652938,0,-203.4489268,2.049649017,94.6193819
0.1190504997,0.1173601275,-0.5932384832,1.786076197,1,170.4189324,1.882020212,-190.6320011,0,-160.0142801,22.1904709,108.3737129
0.1190504997,0.1212238354,NaN,NaN,0,203.7920401,2.088450664,20.82441419,0,2.738764229,-131.0095238,95.33691354
0.1229142076,0.01690372206,NaN,NaN,0,-15.61239504,0.4518358634,13.26950359,0,18.5072426,4.863729164,43.94895102
0.1229142076,0.02076742997,NaN,NaN,0,-13.83784425,0.4671974147,16.90169495,0,19.91384798,4.216345897,44.9067887
0.1229142076,0.02463113787,NaN,NaN,0,-9.655561434,0.5031117226,22.14633968,0,23.45256133,0.4674876326,46.1125862
0.1229142076,0.02849484577,NaN,NaN,0,-3.858236848,0.5645011043,24.27770689,0,25.54721969,-5.87245257,47.10895564
0.1229142076,0.03235855367,NaN,NaN,0,1.108043588,0.6454824585,23.84800941,0,25.3395776,-12.30780126,47.92030822
0.1229142076,0.03622226157,NaN,NaN,0,6.447790552,0.7366745761,22.20755765,0,23.6236683,-14.79307104,48.68110605
0.1229142076,0.04008596947,NaN,NaN,0,2.077702976,0.8295087408,13.40960881,0,23.59039552,-23.16747158,48.58137828
0.1229142076,0.04394967737,NaN,NaN,0,-8.540596122,0.9084894667,12.63445603,0,16.6621397,-25.96636312,49.86837945
0.1229142076,0.04781338527,NaN,NaN,0,-10.09765911,0.9650384134,40.91538141,0,26.88680316,-5.00991994,53.04675888
0.1229142076,0.05167709317,NaN,NaN,0,4.923358025,1.087896141,34.41746671,0,39.73934182,-19.63233846,53.28178814
0.1229142076,0.05554080107,NaN,NaN,0,-17.09709031,1.235722771,-2.610784141,0,23.66233622,-59.72911585,52.4737712
0.1229142076,0.05940450897,0.6757975008,1.092730478,1,10.19260721,1.284819894,-33.53971369,0,24.66379915,-132.2767562,58.26534423
0.1229142076,0.06326821687,0.8873840438,1.361511408,1,67.62800201,1.625165762,-73.28016625,0,81.85171447,-156.9035476,56.90514119
0.1229142076,0.06713192477,1.253343462,1.415826797,1,101.9475757,1.890882163,-107.3615128,0,127.0245652,-192.1366476,48.48353029
0.1229142076,0.07099563267,1.772065514,1.689057766,1,53.69370051,2.448087482,-119.9469591,0,120.9033513,-279.7395981,43.62614483
0.1229142076,0.07485934057,1.927935471,2.033218879,1,-26.45813641,2.801948284,-89.34337571,0,58.49513716,-224.4311273,46.52250443
0.1229142076,0.07872304847,1.895847127,2.210997379,1,-13.74100392,2.912515362,-75.64322831,0,17.72215236,-201.4162502,49.38815262
0.1229142076,0.08258675637,1.943317465,2.519169097,1,-56.09342882,3.181618411,-82.28588727,0,-5.974684211,-216.8900291,52.35297185
0.1229142076,0.08645046427,1.656034068,2.731068465,1,-117.9384063,3.193929209,-140.0087187,0,-57.20475427,-153.8244435,58.76869425
0.1229142076,0.09031417218,1.266615452,2.572549022,1,-129.4588372,2.867459359,-115.755896,0,-88.14665854,-82.4796683,63.78629546
0.1229142076,0.09417788008,0.8152699949,2.602498841,1,-153.7301193,2.72720835,85.34083481,0,-148.5215159,-58.84222755,72.60608855
0.1229142076,0.09804158798,0.0988034213,3.12963026,1,12.5672415,3.131189499,187.3836227,0,-212.9223585,134.0040394,88.19175463
0.1229142076,0.1019052959,0.0411563463,2.808741959,1,46.44025441,2.809043473,-32.15542464,0,-149.9996289,10.44701608,89.16050807
0.1229142076,0.1057690038,-0.3013197522,2.965026873,1,-1133.183668,2.980298299,-144.9591608,168.8070383,941.9459357,-287.0328801,95.80274092
0.1229142076,0.1096327117,-0.6977303905,3.35767331,1,119.3154576,3.429401953,-266.0140027,0,-242.4529501,-332.745559,101.7390953
0.1229142076,0.1134964196,-0.7770870547,3.222858114,1,94.6790956,3.315219256,-402.1646466,0,73.0927125,19.68063511,103.5562515
0.1229142076,0.1173601275,-0.04950913002,1.727786363,1,106.7613625,1.728495551,-157.2160593,0,40.627641,201.3012068,91.64134192
0.1229142076,0.1212238354,NaN,NaN,0,7.428698837,1.849343388,4.514564914,0,-89.27229125,-52.35606859,96.44597619
0.1267779155,0.01690372206,NaN,NaN,0,-10.89512818,0.5155130836,11.28699449,0,15.04105143,3.325852869,46.08767851
0.1267779155,0.02076742997,NaN,NaN,0,-9.369547646,0.5321701418,13.61839303,0,16.13964054,1.694321995,46.61489805
0.1267779155,0.02463113787,NaN,NaN,0,-6.079624805,0.5669961969,17.43998431,0,18.43473805,-2.326847688,47.41247084
0.1267779155,0.02849484577,NaN,NaN,0,-2.315601148,0.6207191862,19.79746147,0,20.0344467,-7.147231705,48.25520502
0.1267779155,0.03235855367,NaN,NaN,0,0.9575454456,0.6902633922,20.67862007,0,20.56209222,-11.94281782,49.07670614
0.1267779155,0.03622226157,NaN,NaN,0,3.065964327,0.7704299834,20.47703061,0,20.37005807,-15.7983605,49.88279978
0.1267779155,0.04008596947,NaN,NaN,0,1.574974444,0.8557989243,19.15885173,0,20.29152448,-20.20801418,50.64296505
0.1267779155,0.04394967737,NaN,NaN,0,-1.904772584,0.9417777789,21.60632536,0,19.75090059,-22.08000694,51.91514056
0.1267779155,0.04781338527,NaN,NaN,0,-2.658388221,1.031436122,30.65649699,0,23.90307227,-19.67541754,53.62869184
0.1267779155,0.05167709317,NaN,NaN,0,-0.2277981754,1.146810539,31.51019524,0,28.75332217,-26.9550807,54.68133584
0.1267779155,0.05554080107,NaN,NaN,0,-5.028327229,1.279480855,29.42022522,0,28.8318403,-38.71064664,55.65383719
0.1267779155,0.05940450897,NaN,NaN,0,-3.66644393,1.416870668,54.34513618,0,39.11277353,-31.67831477,57.80233573
0.1267779155,0.06326821687,NaN,NaN,0,18.74266484,1.632866048,39.13278677,0,36.53100603,-55.42788642,58.26693452
0.1267779155,0.06713192477,NaN,NaN,0,-22.47650643,1.839886692,8.999513539,0,29.55420595,-106.7214707,58.2369908
0.1267779155,0.07099563267,0.8861725831,1.835877256,1,1.201506575,2.038564972,-38.14635745,0,39.15017339,-192.748045,64.23353222
0.1267779155,0.07485934057,1.124436312,2.161667637,1,40.06598878,2.436629638,-69.45944746,0,46.99181872,-190.9629602,62.51786723
0.1267779155,0.07872304847,1.222538522,2.305331338,1,4.982810039,2.609435383,-72.08066082,0,7.820448089,-196.4556873,62.06257925
0.1267779155,0.08258675637,1.173904362,2.642216409,1,-10.67275012,2.89125561,-111.1355563,0,-58.2722105,-253.3674158,66.04500889
0.1267779155,0.08645046427,0.9561553327,2.854873697,1,-46.07398933,3.010736928,-142.5416271,0,-47.70615997,-154.1036066,71.48325313
0.1267779155,0.09031417218,0.8115652578,2.686888521,1,-63.09110611,2.806778953,-120.1958188,0,7.520490415,-68.6465421,73.19324262
0.1267779155,0.09417788008,0.7414467058,2.65570235,1,-38.15959162,2.757262807,-26.20867489,0,-53.19054604,-11.62838846,74.40077483
0.1267779155,0.09804158798,0.4586150092,2.630554553,1,1.694180567,2.670233133,54.63831594,0,-175.6091865,74.7170758,80.11036287
0.1267779155,0.1019052959,0.06948992318,2.578123887,1,-120.1249405,2.579060221,86.09161635,0,-249.1877992,-28.07984107,88.45604178
0.1267779155,0.1057690038,-0.9683015408,3.071679715,1,-266.9080265,3.220686906,109.6281509,0,-342.5864058,-72.22160114,107.4966855
0.1267779155,0.1096327117,-2.28541853,3.28073821,1,-54.15819475,3.998297271,-72.96188761,0,-138.3917199,-7.376666203,124.8617311
0.1267779155,0.1134964196,-1.712258167,2.818277577,1,349.3347079,3.297653186,-270.0976864,48.84590933,132.7183426,182.8825702,121.2809755
0.1267779155,0.1173601275,-0.4229063506,1.530554814,1,157.4042344,1.587906742,-221.4177677,0,187.6429257,66.51931129,105.4459647
0.1267779155,0.1212238354,NaN,NaN,0,22.79673744,1.747390972,6.637425973,0,-0.1192354709,-84.06197487,102.5299634
0.1306416234,0.01690372206,NaN,NaN,0,-6.942565057,0.5629976888,8.972192928,0,11.23714796,1.42040135,47.30547118
0.1306416234,0.02076742997,NaN,NaN,0,-5.629112529,0.5793584746,10.83518379,0,12.20540552,-0.4283485012,47.68076716
0.1306416234,0.02463113787,NaN,NaN,0,-2.977788993,0.6123086134,14.19774304,0,14.11230363,-4.321968676,48.31937068
0.1306416234,0.02849484577,NaN,NaN,0,-0.2820883859,0.6614329423,16.79353463,0,15.59373685,-8.446808744,49.09854546
0.1306416234,0.03235855367,NaN,NaN,0,1.971775017,0.7247782663,18.59197876,0,16.50428651,-12.5178778,49.95324248
0.1306416234,0.03622226157,NaN,NaN,0,3.283546865,0.7994079309,19.863093,0,17.00294728,-16.24953895,50.87240803
0.1306416234,0.04008596947,NaN,NaN,0,3.061003058,0.882523901,21.14244213,0,17.45474374,-19.7862177,51.88650099
0.1306416234,0.04394967737,NaN,NaN,0,2.004919564,0.9728566156,23.97549669,0,18.14686591,-22.47023292,53.12871662
0.1306416234,0.04781338527,NaN,NaN,0,1.596676985,1.072915246,28.59408594,0,20.22126318,-24.65666258,54.53095009
0.1306416234,0.05167709317,NaN,NaN,0,1.852164723,1.189350173,31.54659203,0,22.53903426,-29.80192017,55.82812937
0.1306416234,0.05554080107,NaN,NaN,0,0.8780234997,1.322044182,34.4363536,0,23.79892929,-36.48007523,57.16640766
0.1306416234,0.05940450897,NaN,NaN,0,1.887307691,1.471512347,41.63387299,0,25.96442042,-41.03134321,58.75026311
0.1306416234,0.06326821687,NaN,NaN,0,5.673687113,1.650837155,38.78875859,0,23.41725077,-54.08611765,60.03982943
0.1306416234,0.06713192477,NaN,NaN,0,-2.240878256,1.838807061,34.56491686,0,16.61371641,-70.37054357,61.55772527
0.1306416234,0.07099563267,NaN,NaN,0,6.707898595,2.035693143,50.86940591,0,5.188702709,-63.81835058,64.38867076
0.1306416234,0.07485934057,NaN,NaN,0,15.45249638,2.256792832,11.1431241,0,-21.05744134,-88.83359871,65.89382269
0.1306416234,0.07872304847,NaN,NaN,0,-34.77229892,2.381972356,-25.01689656,0,-65.32711715,-96.26462817,68.87940678
0.1306416234,0.08258675637,0.534984452,2.335258686,1,-5.752377005,2.395754891,-7.656215286,0,-84.42462157,-137.7905485,77.09676397
0.1306416234,0.08645046427,0.5098835349,2.724762234,1,43.85056204,2.772058883,11.41036706,0,-43.33311134,-120.6164146,79.40085038
0.1306416234,0.09031417218,0.5369837304,2.845371606,1,34.65550362,2.895598574,-66.97257574,0,6.54717098,-20.29756421,79.31273169
0.1306416234,0.09417788008,0.6690786343,2.544423624,1,29.69434864,2.630923373,-100.8171009,0,-13.7482312,2.914800324,75.26710508
0.1306416234,0.09804158798,0.5985948703,2.444581839,1,-22.22988353,2.516802771,-47.31298251,0,-82.27639486,13.33933844,76.24094477
0.1306416234,0.1019052959,0.2652969008,2.310080772,1,4.02222197,2.325264634,46.51684956,0,-199.5304385,-12.50569753,83.44867457
0.1306416234,0.1057690038,-0.1567917705,2.672627721,1,-31.6895194,2.677222926,217.3580826,0,-297.8985419,30.45502979,93.35745296
0.1306416234,0.1096327117,-1.008135096,3.032219574,1,-11.14093608,3.19541733,209.1674658,0,-236.6182222,283.3738954,108.3906406
0.1306416234,0.1134964196,-1.114060788,2.385915753,1,184.9370424,2.633196806,-22.13505087,43.79657011,-91.72513688,285.2380144,115.0293834
0.1306416234,0.1173601275,NaN,NaN,0,54.99296318,1.955125402,-98.6270221,0,102.1866076,66.18985168,109.3557275
0.1306416234,0.1212238354,NaN,NaN,0,37.69492128,1.821044103,-39.48619075,0,35.40930134,9.952504151,106.15773
0.1345053313,0.01690372206,NaN,NaN,0,-3.297018052,0.5942935233,6.714425934,0,7.471423334,-0.5563257482,47.99590672
0.1345053313,0.02076742997,NaN,NaN,0,-2.152902695,0.6101371236,8.440354075,0,8.406175675,-2.394096568,48.31582743
0.1345053313,0.02463113787,NaN,NaN,0,0.07966974998,0.641647299,11.72226941,0,10.21533409,-6.085869771,48.89415717
0.1345053313,0.02849484577,NaN,NaN,0,2.193261581,0.6881623447,14.58695526,0,11.72391057,-9.800156792,49.65234283
0.1345053313,0.03235855367,NaN,NaN,0,3.928096142,0.7483046465,17.03266736,0,12.85836968,-13.4323457,50.5353208
0.1345053313,0.03622226157,NaN,NaN,0,5.035445059,0.8202988531,19.24092048,0,13.68270081,-16.89569982,51.52295816
0.1345053313,0.04008596947,NaN,NaN,0,5.380571358,0.9026624647,21.57232711,0,14.37763729,-20.21708473,52.62473952
0.1345053313,0.04394967737,NaN,NaN,0,5.266770795,0.9950321203,24.55913333,0,15.16055614,-23.35804448,53.86711033
0.1345053313,0.04781338527,NaN,NaN,0,5.188011875,1.098820473,28.19775804,0,16.29608027,-26.67907967,55.21529164
0.1345053313,0.05167709317,NaN,NaN,0,5.161756585,1.216606069,31.64573336,0,17.38262241,-31.11586218,56.5988289
0.1345053313,0.05554080107,NaN,NaN,0,4.800948813,1.349327338,35.14472414,0,17.86042219,-36.37639091,58.05299659
0.1345053313,0.05940450897,NaN,NaN,0,4.663964083,1.497588515,38.96524361,0,17.5287281,-41.8808652,59.62370453
0.1345053313,0.06326821687,NaN,NaN,0,4.305654179,1.662329678,39.82345774,0,14.5598602,-49.51469738,61.24371016
0.1345053313,0.06713192477,NaN,NaN,0,1.131407699,1.835638869,39.6019894,0,8.2947062,-56.85623532,63.11119995
0.1345053313,0.07099563267,NaN,NaN,0,0.4129791452,2.011979224,40.5861742,0,-1.946147088,-58.65098097,65.44404898
0.1345053313,0.07485934057,NaN,NaN,0,-3.542531826,2.182257923,28.56821437,0,-17.73224073,-63.89967601,67.80802602
0.1345053313,0.07872304847,NaN,NaN,0,-20.53107294,2.313570184,23.37245576,0,-34.42195807,-58.8402639,70.98120975
0.1345053313,0.08258675637,NaN,NaN,0,-25.48214758,2.41699887,54.40125341,0,-31.38733584,-31.20175097,75.3341146
0.1345053313,0.08645046427,NaN,NaN,0,20.24130981,2.574066385,35.04535164,0,-55.84483531,-27.08053983,78.02192306
0.1345053313,0.09031417218,NaN,NaN,0,27.4915691,2.621563418,-13.46066593,0,-71.75843788,-5.6524828,79.57474432
0.1345053313,0.09417788008,0.3631808134,2.487852911,1,2.688283793,2.514222029,-61.3970126,0,-40.74192558,-14.87854749,81.69453559
0.1345053313,0.09804158798,0.3273507722,2.398552373,1,13.22377978,2.420787478,-129.1495646,0,-55.22533311,51.03927584,82.22837438
0.1345053313,0.1019052959,0.20089908,1.791655864,1,26.75369296,1.802884127,-55.91103213,0,-114.2796761,36.08002162,83.60212626
0.1345053313,0.1057690038,-0.01082406042,2.043125812,1,99.07701553,2.043154483,109.0952218,0,-250.0412387,-50.82990454,90.30353842
0.1345053313,0.1096327117,-0.382382582,2.409559838,1,106.656005,2.439712084,87.10539591,0,-283.9160685,163.1437741,99.01729911
0.1345053313,0.1134964196,-0.6957051683,1.749335729,1,113.8418392,1.882599579,41.68946383,0,-156.7673202,221.9987899,111.6875559
0.1345053313,0.1173601275,NaN,NaN,0,62.94821813,1.798493172,31.00184915,14.80361748,-10.53770823,44.56236883,107.7479175
0.1345053313,0.1212238354,NaN,NaN,0,29.80950046,1.767162708,6.500765851,0,-1.325030843,14.75989366,106.2061986
0.1383690392,0.01690372206,NaN,NaN,0,-1.531084,0.609805498,5.601981545,0,5.601981545,-1.531084,48.31323857
0.1383690392,0.02076742997,NaN,NaN,0,-0.4703934803,0.6253352499,7.299072529,0,6.524985929,-3.331682721,48.61481787
0.1383690392,0.02463113787,NaN,NaN,0,1.574690417,0.6561110359,10.58240941,0,8.300365177,-6.908872927,49.17315935
0.1383690392,0.02849484577,NaN,NaN,0,3.45695239,0.701448432,13.58122294,0,9.8186181,-10.45372963,49.92614495
0.1383690392,0.03235855367,NaN,NaN,0,5.00656396,0.7602297457,16.30839824,0,11.02791976,-13.91806509,50.8238676
0.1383690392,0.03622226157,NaN,NaN,0,6.07842431,0.8311627862,18.90147674,0,11.96299055,-17.27794761,51.84129141
0.1383690392,0.04008596947,NaN,NaN,0,6.632325546,0.9132707949,21.60603028,0,12.73928945,-20.56915914,52.9741752
0.1383690392,0.04394967737,NaN,NaN,0,6.829550033,1.006405529,24.70353694,0,13.48567144,-23.85319513,54.22324383
0.1383690392,0.04781338527,NaN,NaN,0,6.880325026,1.111456228,28.1952446,0,14.26639746,-27.38258439,55.5684582
0.1383690392,0.05167709317,NaN,NaN,0,6.791374937,1.229816705,31.73775984,0,14.8494789,-31.56215735,56.98488751
0.1383690392,0.05554080107,NaN,NaN,0,6.384372152,1.362222175,35.28296846,0,14.84708788,-36.27735857,58.48541379
0.1383690392,0.05940450897,NaN,NaN,0,5.627813669,1.508578246,38.5878647,0,13.76434159,-41.27208415,60.09550451
0.1383690392,0.06326821687,NaN,NaN,0,4.130958867,1.667280864,40.28897337,0,10.62135468,-46.88443734,61.83487089
0.1383690392,0.06713192477,NaN,NaN,0,1.096115952,1.832799301,40.70575353,0,4.903155058,-51.61637464,63.80287855
0.1383690392,0.07099563267,NaN,NaN,0,-2.199408566,1.998174161,39.94279967,0,-3.981205852,-53.39194941,66.08066619
0.1383690392,0.07485934057,NaN,NaN,0,-7.505086626,2.153421577,34.11972492,0,-15.50285969,-54.32523898,68.61442017
0.1383690392,0.07872304847,NaN,NaN,0,-15.87040087,2.285105429,31.30837749,0,-25.69805111,-48.22387476,71.60072566
0.1383690392,0.08258675637,NaN,NaN,0,-16.69283538,2.395316758,37.25135859,0,-30.05154325,-30.6877146,74.88439745
0.1383690392,0.08645046427,NaN,NaN,0,1.680156063,2.490188463,21.00833764,0,-43.47535654,-17.67362532,77.46036128
0.1383690392,0.09031417218,NaN,NaN,0,8.604433799,2.505082757,-9.919390876,0,-51.64213109,4.099684909,79.34594741
0.1383690392,0.09417788008,NaN,NaN,0,7.26313764,2.405927377,-33.56897594,0,-50.31416027,39.36203124,81.0481666
0.1383690392,0.09804158798,NaN,NaN,0,32.50496011,2.200224767,-87.03497416,0,-80.56668892,71.2205065,82.24744618
0.1383690392,0.1019052959,NaN,NaN,0,-22.71101612,1.775223989,-113.986945,0,-36.42159436,107.6596493,83.8989243
0.1383690392,0.1057690038,0.06832839607,1.323736764,1,156.4374247,1.325499072,-10.83168694,0,-215.9453055,51.80396462,87.04513964
0.1383690392,0.1096327117,-0.04124540032,1.523163168,1,208.2479561,1.523721503,90.44402723,0,-250.5841779,86.14136195,91.55112076
0.1383690392,0.1134964196,-0.09524639874,1.340361005,1,65.11379835,1.343740861,160.2665214,0,-146.5868449,150.5534396,94.06462054
0.1383690392,0.1173601275,NaN,NaN,0,-3.230352611,1.600786787,87.07400629,0,-82.01767084,12.41625197,102.8507139
0.1383690392,0.1212238354,NaN,NaN,0,-0.1193995565,1.683254605,35.38349477,0,-35.38349477,0.1193995565,104.61136
