PIVlab, ASCII chart output - 19-Sep-2021
FRAME: 47, filenames: A: 72_12_75_60 047.jpg & B: 72_12_75_60 048.jpg, conversion factor xy (px -> m): 0.00024148, conversion factor uv (px/frame -> m/s): 1
x [m],y [m],u [m/s],v [m/s],Vector type [-],vorticity [1/s],magnitude [m/s],divergence [1/s],dcev [1],simple shear [1/s],simple strain [1/s],vector direction [degrees]
0.03791263377,0.01690372206,NaN,NaN,0,-2.524442167,0.8796189643,-1.955005365,0,1.955005365,2.524442167,-77.20904716
0.03791263377,0.02076742997,NaN,NaN,0,-2.376062641,0.8878193379,-2.991286772,0,1.571338548,3.461861355,-77.40192048
0.03791263377,0.02463113787,NaN,NaN,0,-2.011284372,0.9032854341,-4.762944666,0,0.8143777595,5.076735122,-77.75151915
0.03791263377,0.02849484577,NaN,NaN,0,-1.237187021,0.924001759,-5.81323786,0,-0.1911433134,5.962294847,-78.19597509
0.03791263377,0.03235855367,NaN,NaN,0,-0.07674102179,0.9466957574,-5.804277908,0,-1.432241947,5.81652619,-78.66212954
0.03791263377,0.03622226157,NaN,NaN,0,1.286558735,0.9668736859,-4.512046267,0,-2.75160537,4.411925316,-79.07848102
0.03791263377,0.04008596947,NaN,NaN,0,2.480758831,0.9794672732,-2.011401691,0,-3.773278686,1.766469082,-79.38332983
0.03791263377,0.04394967737,NaN,NaN,0,3.004268342,0.9802897256,1.117103625,0,-3.892627551,-1.680492307,-79.52672172
0.03791263377,0.04781338527,NaN,NaN,0,2.409355033,0.9682118297,3.675260401,0,-2.372735684,-4.961828836,-79.46512217
0.03791263377,0.05167709317,NaN,NaN,0,0.9836658888,0.9475205447,4.281736863,0,0.9395876681,-6.768436843,-79.15149323
0.03791263377,0.05554080107,NaN,NaN,0,-0.3719360034,0.9277185612,2.359404089,0,5.297806296,-5.877937578,-78.53178626
0.03791263377,0.05940450897,NaN,NaN,0,-0.3238491387,0.9201758397,-1.044705197,0,8.539171478,-2.015665407,-77.61444544
0.03791263377,0.06326821687,NaN,NaN,0,2.740853334,0.9308981055,-2.851400544,0,7.048794508,2.763120142,-76.57083746
0.03791263377,0.06713192477,NaN,NaN,0,4.573772316,0.9500256869,-0.4364440986,0,2.364525814,6.227423924,-75.66660033
0.03791263377,0.07099563267,NaN,NaN,0,2.067351141,0.9623770461,2.553035307,0,-2.272290265,5.942459376,-75.37438304
0.03791263377,0.07485934057,NaN,NaN,0,-3.053698848,0.9625261043,-3.817848736,0,0.8365077785,-0.6531420564,-75.9052551
0.03791263377,0.07872304847,NaN,NaN,0,-6.600049559,0.9721118254,-22.14236937,0,19.6446447,-3.910212251,-76.04492109
0.03791263377,0.08258675637,NaN,NaN,0,-17.97207445,1.043605338,-59.57138848,0,66.75526252,14.14678425,-74.16304782
0.03791263377,0.08645046427,NaN,NaN,0,-59.24892855,1.299018095,-153.6259444,0,169.2137683,76.68724525,-70.99997146
0.03791263377,0.09031417218,NaN,NaN,0,-33.18384723,2.022454718,-274.1917394,0,220.1932361,197.0413403,-69.45782816
0.03791263377,0.09417788008,NaN,NaN,0,183.9383642,3.257024873,-208.0272384,0,-2.642205588,296.6040981,-69.4091672
0.03791263377,0.09804158798,NaN,NaN,0,87.76227023,4.094118258,-86.32048914,0,-38.53120842,261.8738232,-69.85283189
0.03791263377,0.1019052959,NaN,NaN,0,112.6241838,4.592786886,-570.4434999,0,243.9247763,-219.7456307,-73.0928235
0.03791263377,0.1057690038,2.787749145,-5.198597465,1,-1280.129745,5.898894888,313.0730857,0,1222.190065,-556.9184359,-61.79755489
0.03791263377,0.1096327117,1.11182163,-1.032880502,1,-212.1558683,1.517560367,379.6675219,0,-517.6381711,-790.2365144,-42.89203708
0.03791263377,0.1134964196,-0.0319618506,-0.6784299972,1,-184.8162446,0.6791824651,-8.819741155,0,-98.73008344,-49.52966435,-92.6972954
0.03791263377,0.1173601275,NaN,NaN,0,33.3489542,0.875740612,-36.34768961,0,-11.77599887,43.14685142,-88.9347169
0.03791263377,0.1212238354,NaN,NaN,0,37.55271946,0.9869125552,-19.37934503,0,-19.37934503,37.55271946,-87.0151886
0.04177634167,0.01690372206,NaN,NaN,0,-3.826746744,0.8714287458,-2.053953781,0,3.158447725,2.957540093,-77.0125461
0.04177634167,0.02076742997,NaN,NaN,0,-3.574247704,0.8805791073,-3.272608999,0,2.641700438,4.007431828,-77.23597182
0.04177634167,0.02463113787,NaN,NaN,0,-2.962549146,0.8980812387,-5.407849087,0,1.604883735,5.882509442,-77.63984164
0.04177634167,0.02849484577,NaN,NaN,0,-1.729565044,0.922082857,-6.828245569,0,0.1504636222,7.037868667,-78.15277396
0.04177634167,0.03235855367,NaN,NaN,0,0.1295600885,0.9492680635,-7.078377659,0,-1.763132026,7.084530346,-78.69180191
0.04177634167,0.03622226157,NaN,NaN,0,2.348501981,0.9744983134,-5.753600046,0,-3.942139061,5.619639833,-79.17654864
0.04177634167,0.04008596947,NaN,NaN,0,4.321705036,0.9912588164,-2.743906687,0,-5.845858757,2.46332998,-79.53887309
0.04177634167,0.04394967737,NaN,NaN,0,5.157499247,0.9931998403,1.445424075,0,-6.566676369,-2.088145258,-79.72818102
0.04177634167,0.04781338527,NaN,NaN,0,3.779851717,0.9768487225,5.186060659,0,-4.704888017,-6.877437414,-79.70751762
0.04177634167,0.05167709317,NaN,NaN,0,0.6806461861,0.9467118488,6.230945612,0,0.1266248434,-10.0451446,-79.43800684
0.04177634167,0.05554080107,NaN,NaN,0,-2.562924785,0.9156436362,3.334046327,0,7.201959765,-9.356844758,-78.8123607
0.04177634167,0.05940450897,NaN,NaN,0,-3.619130461,0.9021866195,-2.778729959,0,13.54957934,-3.068789606,-77.74794479
0.04177634167,0.06326821687,NaN,NaN,0,3.386178589,0.9227654266,-6.36832993,0,10.82914447,4.782324315,-76.46112707
0.04177634167,0.06713192477,NaN,NaN,0,8.368725905,0.9569803528,-0.3569084449,1.402938634,2.861459768,10.63075087,-75.08089816
0.04177634167,0.07099563267,NaN,NaN,0,3.176829572,0.9747301943,10.11952234,0,-8.512754005,10.45921985,-74.56532854
0.04177634167,0.07485934057,NaN,NaN,0,-9.132109682,0.9531561244,4.86426382,0,-10.35911954,-7.263197331,-76.29881486
0.04177634167,0.07872304847,NaN,NaN,0,-14.36758771,0.9115055511,-8.99862425,1.570591236,6.935376132,-31.1850323,-78.3472402
0.04177634167,0.08258675637,NaN,NaN,0,-30.56225877,0.8631054245,-17.33752081,0,53.90238808,-44.72834938,-76.80299229
0.04177634167,0.08645046427,NaN,NaN,0,-154.0012949,0.8333226369,-138.5237813,0,248.1032372,7.464535123,-70.783022
0.04177634167,0.09031417218,NaN,NaN,0,-171.3672383,1.512135599,-438.7248956,0,441.1344066,240.0298175,-68.23791138
0.04177634167,0.09417788008,1.316586745,-3.409398912,1,-385.1007525,3.654777914,-493.8746917,0,692.7487777,200.5919258,-68.88523965
0.04177634167,0.09804158798,1.749291513,-4.087583893,1,-147.4503837,4.446162714,-605.4276267,0,-242.7015496,-416.1738955,-66.83137823
0.04177634167,0.1019052959,-0.1908463619,-4.140620049,1,86.12789432,4.145015889,117.369326,0,60.72172365,-846.2394491,-92.63896652
0.04177634167,0.1057690038,2.316675542,-0.3644810556,2,-1836.7602,2.345172064,786.9358205,0,1968.630588,135.3357466,-8.941017515
0.04177634167,0.1096327117,0.3186622997,-1.623027695,1,76.44083051,1.65401468,-250.2237638,0,-713.4868976,-212.0109757,-78.89194633
0.04177634167,0.1134964196,-0.1446843801,-0.5121241067,1,21.5757356,0.532169776,105.9558307,0,-96.43798641,-64.93276734,-105.7759516
0.04177634167,0.1173601275,NaN,NaN,0,93.61188815,0.9632133606,-56.95886688,11.81572332,-33.77754285,94.04478696,-88.2499211
0.04177634167,0.1212238354,NaN,NaN,0,60.42461974,1.09896747,-17.89600398,0,-30.87703271,50.84317193,-85.48566736
0.04564004958,0.01690372206,NaN,NaN,0,-6.703437631,0.8541243925,-2.163361241,0,5.796473867,3.854578944,-76.57983074
0.04564004958,0.02076742997,NaN,NaN,0,-6.285557337,0.8650372758,-3.772576177,0,5.051907288,5.098333538,-76.87143242
0.04564004958,0.02463113787,NaN,NaN,0,-5.241514997,0.886446279,-6.689149499,0,3.519408652,7.486449765,-77.39368946
0.04564004958,0.02849484577,NaN,NaN,0,-3.109595023,0.9170599993,-8.976253423,0,1.21275702,9.259404279,-78.05360521
0.04564004958,0.03235855367,NaN,NaN,0,0.31491967,0.9538715789,-9.924325042,0,-2.167485949,9.867148764,-78.74708458
0.04564004958,0.03622226157,NaN,NaN,0,4.665725089,0.9906537927,-8.705099808,0,-6.417501117,8.493743454,-79.37420957
0.04564004958,0.04008596947,NaN,NaN,0,8.863569466,1.017913429,-4.717282237,0,-10.66485029,4.494123109,-79.85070006
0.04564004958,0.04394967737,NaN,NaN,0,11.24839587,1.024438057,2.081591531,0,-13.54755512,-2.39882846,-80.12384099
0.04564004958,0.04781338527,NaN,NaN,0,8.067429082,0.9993241442,9.07097044,0,-11.20228754,-10.73627307,-80.17715494
0.04564004958,0.05167709317,NaN,NaN,0,0.5330114782,0.9469660407,11.5002636,0,-2.941179597,-17.79953439,-80.05162416
0.04564004958,0.05554080107,NaN,NaN,0,-8.358714435,0.8862485926,6.644932194,0,11.25126415,-19.31514062,-79.52125977
0.04564004958,0.05940450897,NaN,NaN,0,-17.19168166,0.8505749625,-7.801023685,0,29.84379682,-6.450065223,-78.14250955
0.04564004958,0.06326821687,NaN,NaN,0,4.977280285,0.9015040845,-19.50835087,0,20.93372954,8.782145754,-76.52517885
0.04564004958,0.06713192477,NaN,NaN,0,22.89043477,0.9810305241,-3.294637138,3.890026162,6.212611168,22.50178034,-73.7277133
0.04564004958,0.07099563267,NaN,NaN,0,12.48826127,1.028245371,35.54157236,0,-25.36597633,34.65074015,-71.72047668
0.04564004958,0.07485934057,NaN,NaN,0,-23.25653339,0.9649203228,21.03625823,0,-39.72305641,-8.791582517,-76.50761902
0.04564004958,0.07872304847,NaN,NaN,0,-17.73710641,0.86474407,-7.892016043,0,-28.88523514,-75.35151563,-84.7465299
0.04564004958,0.08258675637,0.04499629754,-0.6776456415,1,7.84278236,0.6791378963,95.16830703,0,-49.93518396,-211.9150884,-86.20108393
0.04564004958,0.08645046427,-0.08345510933,0.3253689289,1,795.3847537,0.3359013176,149.4819274,0,-822.0491218,-148.241881,104.3858853
0.04564004958,0.09031417218,-0.05802703204,0.472672189,1,648.2250675,0.4762206785,328.0688542,0,-623.4391983,123.5569358,96.99882791
0.04564004958,0.09417788008,0.0123102492,1.115543244,1,155.4413769,1.115611165,-933.4955791,0,-797.0516625,278.8885681,89.36775495
0.04564004958,0.09804158798,-2.537021761,-4.211626019,1,-1655.738422,4.916733991,-1128.706757,0,1269.382127,322.7432566,-121.0641433
0.04564004958,0.1019052959,-1.480457622,-4.492435639,1,1414.943273,4.730088027,1718.388671,0,885.4787765,-1831.555414,-108.2393534
0.04564004958,0.1057690038,6.351137085,9.504320987,1,5.078822214,11.43105681,211.2837814,0,203.6168809,105.8138172,56.24769603
0.04564004958,0.1096327117,-0.6741183849,-4.084930505,1,-723.0952474,4.14018029,-1194.668099,0,-887.9472957,1558.832375,-99.37081677
0.04564004958,0.1134964196,0.1265392836,-1.134400547,1,579.3550378,1.141436285,467.6501852,0,-363.5807062,-235.5980351,-83.63512416
0.04564004958,0.1173601275,NaN,NaN,0,145.5884665,1.377061378,9.095698296,10.81109243,-132.0914066,61.87816976,-83.3457522
0.04564004958,0.1212238354,NaN,NaN,0,63.97268212,1.350212667,33.95619458,0,-54.07681197,18.71270196,-82.39513124
0.04950375748,0.01690372206,NaN,NaN,0,-10.28814755,0.8260162408,-2.246039092,0,8.888927849,5.090348529,-75.8179319
0.04950375748,0.02076742997,NaN,NaN,0,-9.849769956,0.8391169668,-4.469670016,0.6355573609,8.023305254,6.549358659,-76.23397897
0.04950375748,0.02463113787,NaN,NaN,0,-8.608358483,0.8657363228,-8.599919308,0,6.208086566,9.705551802,-76.96114329
0.04950375748,0.02849484577,NaN,NaN,0,-5.782219721,0.9059740692,-12.46329358,0,3.348641755,12.64614992,-77.86822547
0.04950375748,0.03235855367,NaN,NaN,0,-0.4260114744,0.9586321307,-14.93756928,0,-1.702067673,14.63091698,-78.81715673
0.04950375748,0.03622226157,NaN,NaN,0,7.135909239,1.016443996,-14.42519191,0,-8.895529168,13.99406211,-79.67504813
0.04950375748,0.04008596947,NaN,NaN,0,15.21845187,1.065399559,-9.501713985,0,-16.84848617,9.418247464,-80.3212485
0.04950375748,0.04394967737,NaN,NaN,0,22.90508567,1.087403941,2.527253847,0,-25.75640629,-1.265018621,-80.69191992
0.04950375748,0.04781338527,NaN,NaN,0,16.70845727,1.049137322,17.51596597,0,-23.61552742,-15.86929202,-80.77980365
0.04950375748,0.05167709317,NaN,NaN,0,1.74268508,0.9558107345,24.05420617,0,-11.94031985,-31.10157925,-81.01994754
0.04950375748,0.05554080107,NaN,NaN,0,-14.21326277,0.8324852292,19.54644253,0,10.90047962,-43.65411811,-81.10643872
0.04950375748,0.05940450897,NaN,NaN,0,-61.76616204,0.7130725311,-15.5619461,0,73.64061423,-12.19847642,-78.97275894
0.04950375748,0.06326821687,NaN,NaN,0,10.82418944,0.8535173711,-60.56941274,0,36.84936572,14.29454359,-78.1972454
0.04950375748,0.06713192477,NaN,NaN,0,65.72747161,1.039814262,-28.8548616,9.431516402,26.42123169,35.94348458,-72.04229804
0.04950375748,0.07099563267,0.5306167726,-1.08583381,1,385.7951305,1.208548395,69.94626297,0,-398.0935224,70.07465989,-63.95652694
0.04950375748,0.07485934057,0.2730727343,-0.9896551594,1,525.5721526,1.026638229,302.2241997,0,-698.499226,263.3906297,-74.57437321
0.04950375748,0.07872304847,-0.1375229272,-0.9357922388,1,578.3332882,0.9458433642,191.1136626,0,-714.7569569,210.2386979,-98.36027779
0.04950375748,0.08258675637,-0.2540284722,-1.063548709,1,856.2863187,1.093465281,-752.2342934,0,-748.4626113,826.6606249,-103.4334085
0.04950375748,0.08645046427,0.2790763828,-7.036181009,1,1286.188207,7.041713344,-596.4034608,170.3105573,-623.7136934,763.4711551,-87.72866532
0.04950375748,0.09031417218,2.30557954,-6.317707007,1,806.5092266,6.72525976,122.674887,0,-1192.589116,136.4887639,-69.95098716
0.04950375748,0.09417788008,-1.212623535,-7.089553794,1,649.5855135,7.192511998,1816.581409,0,-1599.526778,-1685.736788,-99.70615539
0.04950375748,0.09804158798,-1.364716029,7.214227481,1,381.635784,7.342174609,491.1091754,0,-230.3474491,257.3343634,100.7120663
0.04950375748,0.1019052959,-0.6280896004,-6.186316206,1,1097.113019,6.218119068,-865.4939099,116.3791895,172.7976976,897.4798051,-95.79730958
0.04950375748,0.1057690038,3.541848039,0.4026120102,2,1463.061708,3.564657622,555.666908,187.5231264,-853.8603006,-460.5456139,6.485138335
0.04950375748,0.1096327117,1.725686691,-2.259967856,2,-734.0980225,2.843492442,-77.7396051,130.3380575,12.00650694,1101.946986,-52.63504325
0.04950375748,0.1134964196,0.7518973455,-4.155352391,1,-697.1992677,4.222831172,567.317288,42.22138052,329.1466087,509.2565147,-79.74349476
0.04950375748,0.1173601275,NaN,NaN,0,-98.60204262,2.058159006,317.9855508,0,-20.94686563,-355.8970453,-81.51622801
0.04950375748,0.1212238354,NaN,NaN,0,-10.9476996,1.578533298,152.3036178,0,3.885343606,-98.21796418,-79.41395985
0.05336746538,0.01690372206,NaN,NaN,0,-14.79722242,0.7850989643,-1.931959302,0,12.36101707,6.693981266,-74.54429803
0.05336746538,0.02076742997,NaN,NaN,0,-14.56682138,0.7999565451,-5.094242392,1.285364028,11.59449439,8.137297674,-75.18728056
0.05336746538,0.02463113787,NaN,NaN,0,-13.55992926,0.8316791905,-10.77756413,0,9.940990605,12.14024886,-76.24567532
0.05336746538,0.02849484577,NaN,NaN,0,-10.9849139,0.8827275405,-17.33943232,0,7.675791105,16.98872663,-77.53473757
0.05336746538,0.03235855367,NaN,NaN,0,-3.372655085,0.9584782525,-22.93746658,0,0.9061026711,22.01630711,-78.87406116
0.05336746538,0.03622226157,NaN,NaN,0,9.08547147,1.051306406,-24.55638456,0,-10.61406172,23.43334054,-80.08592144
0.05336746538,0.04008596947,NaN,NaN,0,21.96924311,1.140030327,-21.39163564,0,-22.07715891,20.44982326,-80.96397997
0.05336746538,0.04394967737,NaN,NaN,0,48.44503767,1.210813158,0.01317187804,0,-49.01405647,3.789798534,-81.42257308
0.05336746538,0.04781338527,NaN,NaN,0,34.11862923,1.154104361,34.4114334,0,-45.563096,-20.37429715,-81.18554501
0.05336746538,0.05167709317,NaN,NaN,0,3.942534344,0.9949839303,47.65415259,0,-32.10505199,-47.08337249,-82.12241154
0.05336746538,0.05554080107,NaN,NaN,0,11.52914032,0.7774189374,63.04857785,0,-29.34964004,-112.0012762,-84.97920445
0.05336746538,0.05940450897,0.0675163991,-0.3092529119,1,446.5686127,0.3165372453,-6.857736157,0,-456.0836911,-6.418211577,-77.68437327
0.05336746538,0.06326821687,0.03127412793,-0.776134175,1,468.3687858,0.7767640109,156.9048238,30.20287429,-407.6087305,359.9083366,-87.69252954
0.05336746538,0.06713192477,0.3022755049,-1.093599188,1,650.8346727,1.134605511,-157.306059,81.68518585,-435.4358348,678.4041876,-74.54897283
0.05336746538,0.07099563267,0.8635123199,-4.005074457,1,827.8388373,4.097105678,-337.9824934,125.1889893,-282.190346,845.8918131,-77.83301559
0.05336746538,0.07485934057,2.410501892,-5.6677437,1,756.4933105,6.159045219,43.1115462,90.86408834,-558.1414627,522.4852977,-66.95986069
0.05336746538,0.07872304847,1.629885922,-5.857234608,1,492.2359636,6.079780043,212.741269,0,-1030.046803,525.9593207,-74.4497716
0.05336746538,0.08258675637,0.3325579027,-6.877926761,1,692.4887832,6.8859619,165.841087,0,-968.865851,475.5693469,-87.23182043
0.05336746538,0.08645046427,0.5620456611,-7.053934133,1,211.9444289,7.076290135,-8.839564041,36.57126289,-53.87147753,87.78603987,-85.44439258
0.05336746538,0.09031417218,0.9433056137,-7.25125987,1,153.4387996,7.312359071,13.52336696,0,-164.876003,148.2218399,-82.58810079
0.05336746538,0.09417788008,0.5178556478,-7.574369687,1,-104.0601718,7.592051806,279.8487238,0,-48.27022584,105.1177619,-86.08880444
0.05336746538,0.09804158798,0.3547454527,-6.576150472,1,1518.182876,6.585711759,184.7132037,0,-2003.397898,311.3662464,-86.91221541
0.05336746538,0.1019052959,-1.356873465,-8.063720049,1,853.0062207,8.177083015,1085.855058,0,794.093584,-759.1502506,-99.55162015
0.05336746538,0.1057690038,6.718657981,0.5524111166,1,1421.829023,6.741329476,498.1861743,234.5145865,-220.9118351,-1277.703641,4.700312402
0.05336746538,0.1096327117,3.283119763,-1.20220054,2,160.4450608,3.49630684,123.5899207,0,-790.0350953,-466.1774909,-20.1115316
0.05336746538,0.1134964196,4.286105991,2.831100124,1,-257.2619466,5.136714171,-20.81430095,0,-589.0825968,-55.61316871,33.44594505
0.05336746538,0.1173601275,0.01309166384,-1.06774788,1,-617.3431329,1.067828135,-550.4819019,0,-391.6479564,513.8134028,-89.29753127
0.05336746538,0.1212238354,NaN,NaN,0,54.49835981,1.338397311,18.54939193,0,139.3918065,128.9501669,-73.16333823
0.05723117328,0.01690372206,NaN,NaN,0,-20.48674019,0.7300905296,-0.4657669558,0,15.64958713,8.864468129,-72.39844203
0.05723117328,0.02076742997,NaN,NaN,0,-20.66941521,0.7445839636,-5.354261257,2.259199831,15.44361327,9.322087052,-73.5033408
0.05723117328,0.02463113787,NaN,NaN,0,-20.07962326,0.778885881,-12.07666251,1.303333725,14.28559036,13.72941935,-75.0765351
0.05723117328,0.02849484577,NaN,NaN,0,-21.22485156,0.8353144523,-23.179405,0,16.50742939,21.15220061,-76.91971246
0.05723117328,0.03235855367,NaN,NaN,0,-11.16516643,0.9417239376,-34.91648016,0,8.264748969,33.01224429,-78.83451568
0.05723117328,0.03622226157,NaN,NaN,0,10.60938861,1.090694109,-39.4712441,0,-12.38966145,37.2731697,-80.61596494
0.05723117328,0.04008596947,NaN,NaN,0,15.12801144,1.232968316,-51.52161591,0,-11.83203131,45.15790649,-81.81769063
0.05723117328,0.04394967737,NaN,NaN,0,114.7871927,1.46211247,-15.49436409,8.743037596,-102.6595647,16.34868665,-82.51068912
0.05723117328,0.04781338527,0.2223377611,-1.343449219,1,178.286635,1.36172313,71.62161457,0,-188.4258954,-23.17515122,-80.60285657
0.05723117328,0.05167709317,0.1513983906,-1.083372461,1,270.2267442,1.09390007,268.3727922,0,-343.4142135,174.4140619,-82.04458968
0.05723117328,0.05554080107,-0.06043724236,-0.9804201302,1,391.7201459,0.9822811675,-141.9097794,0,-408.8796569,661.4943775,-93.52749047
0.05723117328,0.05940450897,0.08509905247,-4.18749145,1,756.1493107,4.18835606,-73.22944748,130.5606947,-178.5089998,765.2327581,-88.83578377
0.05723117328,0.06326821687,2.171396191,-4.219993178,1,776.0744565,4.745872295,136.300972,131.9617071,-194.026825,394.783132,-62.77192853
0.05723117328,0.06713192477,2.333961085,-5.186191013,1,595.6360929,5.687174304,157.1567756,46.40911156,-512.3912304,456.0067889,-65.77064574
0.05723117328,0.07099563267,2.493030024,-5.374662335,1,263.5749694,5.92471045,99.33899776,13.91214914,-231.3746461,327.8316604,-65.1158344
0.05723117328,0.07485934057,2.458373728,-6.069019919,1,70.4609412,6.54802292,-73.61657958,0,-12.59674456,299.8034338,-67.94864089
0.05723117328,0.07872304847,2.716600377,-6.817448191,1,18.76409999,7.338768115,-17.25162933,0,-79.37417865,348.5932668,-68.27382585
0.05723117328,0.08258675637,2.224194089,-7.482537735,1,-207.3287472,7.806113649,-402.3512087,0,-344.6016593,-79.92315077,-73.44534995
0.05723117328,0.08645046427,0.5841025051,-8.063216026,1,-616.4699242,8.08434465,-178.1688602,0,799.2792109,-161.3340758,-85.85670879
0.05723117328,0.09031417218,2.930515774,-7.547582424,1,-268.8864915,8.096537726,461.071517,0,188.8266122,153.2795415,-68.78019721
0.05723117328,0.09417788008,0.274774517,-6.873997739,2,-513.883119,6.879487332,-292.9399264,73.17601096,-101.7239025,-591.992152,-87.71093276
0.05723117328,0.09804158798,0.5519900614,-6.392131978,2,-66.29387919,6.415921153,135.8219639,0,159.3205361,16.74973466,-85.06448926
0.05723117328,0.1019052959,0.6342023464,-6.413937426,2,-366.2609963,6.445215739,597.3820074,0,360.5747964,481.5158069,-84.35301868
0.05723117328,0.1057690038,0.5300202458,-5.944458823,1,784.0480741,5.968040898,-633.7638262,0,-844.1390445,-758.4088287,-84.90486317
0.05723117328,0.1096327117,0.4020283894,-5.932345545,1,618.507694,5.945952446,-226.4184257,0,-637.5092129,-357.6520432,-86.12305728
0.05723117328,0.1134964196,0.4566039272,-5.437410458,1,1057.980367,5.456548326,320.8276684,0,-1120.113954,-913.4084375,-85.19987638
0.05723117328,0.1173601275,0.1619623547,-1.163617751,1,-65.55646253,1.17483534,1102.184954,0,169.9345827,11.58826077,-82.07598939
0.05723117328,0.1212238354,NaN,NaN,0,173.5608197,1.495581418,196.9998222,0,187.7129402,228.0816997,-54.90359026
0.06109488118,0.01690372206,NaN,NaN,0,-28.21783505,0.6627236268,3.896858761,0,16.91987894,12.569397,-68.61288319
0.06109488118,0.02076742997,NaN,NaN,0,-28.75376428,0.6708856723,-6.112931937,3.690369504,19.03549295,8.889721825,-70.8709031
0.06109488118,0.02463113787,NaN,NaN,0,-24.86429702,0.7052400431,-8.99541967,3.117395318,15.25032819,12.30314087,-73.17552685
0.06109488118,0.02849484577,NaN,NaN,0,-42.66970263,0.7390709621,-28.38504498,0,35.80358711,20.87841219,-75.68781115
0.06109488118,0.03235855367,NaN,NaN,0,-30.6725477,0.8834278324,-54.07780498,0,28.03512527,51.60729972,-78.40273712
0.06109488118,0.03622226157,0.172511919,-1.124468912,1,-6.423031108,1.137625024,-23.07502431,0,0.4349673208,71.30465894,-81.27789571
0.06109488118,0.04008596947,0.1544603616,-1.230048052,1,51.07766324,1.239708117,6.262144082,2.839931693,-48.13318209,242.5513102,-82.84268175
0.06109488118,0.04394967737,0.1838885341,-2.03742123,1,127.1753839,2.045702877,65.31792264,14.49416771,-72.93422993,408.847037,-84.84271259
0.06109488118,0.04781338527,0.3640323367,-2.557344205,1,365.965318,2.58312387,72.89219419,62.99840937,64.52274681,414.300664,-81.89849888
0.06109488118,0.05167709317,1.847168671,-3.356523832,1,456.2043059,3.831224913,219.9249875,71.33696271,-13.22868871,559.0747348,-61.17504681
0.06109488118,0.05554080107,2.075560728,-3.867719763,1,482.2514863,4.389442847,323.2770327,45.57380443,-250.8555296,469.2445315,-61.78035638
0.06109488118,0.05940450897,2.741215057,-3.92049961,1,5.353480171,4.783782728,319.1985955,0,-3.369052767,489.1395988,-55.03873722
0.06109488118,0.06326821687,2.083227976,-4.52432216,1,24.28123259,4.980896487,-67.97670387,0,-42.3609233,308.3958219,-65.2762531
0.06109488118,0.06713192477,2.671360414,-5.374693112,1,-33.97175686,6.001957389,-126.5368955,0,145.457149,234.0216852,-63.57144447
0.06109488118,0.07099563267,2.513974967,-5.917415197,1,42.8807498,6.429297998,89.6377959,0,115.7910313,248.5424648,-66.98210679
0.06109488118,0.07485934057,3.284421828,-5.988654336,1,-41.29986992,6.830183563,261.6074711,0,143.8226971,344.1698856,-61.25784322
0.06109488118,0.07872304847,2.910093224,-6.236412251,1,-774.7657483,6.881967766,160.4601284,105.978382,-471.5063049,527.8934065,-64.98486055
0.06109488118,0.08258675637,-1.53080935,-7.408309195,1,-655.8620162,7.564814763,972.5122235,0,-291.359625,-231.6469303,-101.6749487
0.06109488118,0.08645046427,-0.7496945148,-1.583893015,1,357.9563761,1.752358111,690.4654488,0,896.7419932,192.1050369,-115.3293154
0.06109488118,0.09031417218,3.316978652,-5.482790135,1,-544.0590928,6.408067965,-404.6642906,64.90056512,-12.80725308,733.624101,-58.82689856
0.06109488118,0.09417788008,-2.901263415,-5.981906866,1,-504.5908949,6.648348604,500.1555365,0,-109.5188627,557.5232631,-115.8736844
0.06109488118,0.09804158798,0.9442379297,-5.704442273,2,583.5191856,5.782062514,451.5132315,0,895.0956854,263.489698,-80.60123536
0.06109488118,0.1019052959,2.811672544,-5.255438855,1,-152.796326,5.960296977,295.1071973,0,255.1517773,303.9034223,-61.85311066
0.06109488118,0.1057690038,1.339709495,-5.738428317,1,-419.3074164,5.892739692,267.8859506,57.09676756,-42.74367855,474.8488351,-76.85894346
0.06109488118,0.1096327117,1.026442078,-6.055082987,1,-78.33850317,6.141466707,922.4435213,0,248.3403545,882.5833121,-80.37882969
0.06109488118,0.1134964196,1.996546991,-5.584420112,1,303.6266384,5.930594226,1508.604874,0,547.8725015,-17.70194562,-70.32696745
0.06109488118,0.1173601275,4.316386032,-0.1578792678,1,518.0795129,4.31927242,1108.481148,0,-509.4083111,-19.46998865,-2.09475818
0.06109488118,0.1212238354,NaN,NaN,0,-452.7825441,2.371714234,-269.553416,0,-730.7106747,283.5252085,-31.13603343
0.06495858908,0.01690372206,NaN,NaN,0,-41.85182111,0.5940159584,17.09806382,0,9.635736291,21.1252124,-61.39488959
0.06495858908,0.02076742997,NaN,NaN,0,-44.08799888,0.5740239934,-16.16704014,5.708034891,25.70366238,3.532396939,-67.23062698
0.06495858908,0.02463113787,0.213365413,-0.597623405,1,-32.4634719,0.6345695657,-23.24617723,2.795115113,16.38601632,-28.12412787,-70.35225711
0.06495858908,0.02849484577,0.1600417563,-0.5104434208,1,-21.18754901,0.5349447164,-9.136891417,2.829822736,10.69190039,16.60166643,-72.59197849
0.06495858908,0.03235855367,0.1728132925,-0.6970696743,1,24.98583392,0.718171682,-35.00004807,0,27.85001605,104.5439677,-76.07630309
0.06495858908,0.03622226157,0.3641840473,-1.049600737,1,116.4356226,1.110986826,48.01330894,0,133.0680642,282.676241,-70.86456122
0.06495858908,0.04008596947,1.136822658,-1.603738699,1,234.1282414,1.965793369,113.0820714,11.2422148,195.1030637,416.7292061,-54.66878218
0.06495858908,0.04394967737,2.022608432,-2.22280457,1,140.4434865,3.005296163,189.2276417,0,110.0635454,423.3024183,-47.69983226
0.06495858908,0.04781338527,2.104708656,-2.508135263,1,164.9616472,3.274223728,163.5427584,0,129.733855,338.0693734,-49.99821334
0.06495858908,0.05167709317,3.161225772,-2.897124431,1,40.64950202,4.287969024,4.961003638,0,191.4917346,342.6667181,-42.50388846
0.06495858908,0.05554080107,3.001634586,-3.812931499,1,-96.33384087,4.852654615,319.9818873,0,108.5128019,662.6755826,-51.78929828
0.06495858908,0.05940450897,3.20828172,-4.221192769,1,-64.78075004,5.302031685,180.7815139,0,90.31861483,352.7788594,-52.76365853
0.06495858908,0.06326821687,3.100305436,-4.477479002,1,-82.3967841,5.446073082,255.053393,0,-36.40898895,325.3841141,-55.30041528
0.06495858908,0.06713192477,2.749250916,-4.492930132,1,-67.87883321,5.267333459,63.19523818,0,248.8848384,222.4928141,-58.53728605
0.06495858908,0.07099563267,3.799659769,-5.092958305,1,85.60300461,6.354182768,59.80441853,0,444.8898857,282.6034201,-53.27480011
0.06495858908,0.07485934057,4.798920488,-5.353760394,1,25.17771574,7.189741873,167.4240109,0,382.8597551,310.4948624,-48.12807958
0.06495858908,0.07872304847,5.376197368,-5.645742284,1,-154.6254565,7.796018476,327.4351555,0,229.1033144,513.9002275,-46.40090663
0.06495858908,0.08258675637,5.086681176,-6.074206966,1,-532.3103783,7.922771968,1023.542892,0,174.5969226,1110.444776,-50.05641609
0.06495858908,0.08645046427,3.994097064,-5.981505781,1,254.618717,7.192442058,1085.591772,0,-483.7149132,935.6771078,-56.26733603
0.06495858908,0.09031417218,4.201520392,-5.494980494,1,-40.57292293,6.917194824,405.4881219,0,135.6213575,241.4097313,-52.59808796
0.06495858908,0.09417788008,4.361336451,-5.347554807,1,-299.2631124,6.900550561,1054.606309,0,69.69920998,975.2294237,-50.80014688
0.06495858908,0.09804158798,3.314552529,-5.188291394,1,-386.8246515,6.156673294,504.18922,0,21.18312855,372.2409198,-57.4274266
0.06495858908,0.1019052959,2.94860441,-4.837745117,1,-152.2342345,5.665513726,258.3212992,0,174.2798908,77.46786064,-58.63770314
0.06495858908,0.1057690038,3.399730505,-4.489526534,1,271.3113317,5.631519867,742.5342432,0,874.6139116,699.1584863,-52.86487743
0.06495858908,0.1096327117,7.376124826,-4.670153862,1,-48.02347137,8.730266579,840.2776663,0,777.1900956,841.3619235,-32.33972639
0.06495858908,0.1134964196,6.217017352,-4.493715787,1,-683.1317266,7.671035545,148.4319307,117.8618072,-95.01753523,268.3625065,-35.85973996
0.06495858908,0.1173601275,4.369583375,-5.133530575,1,-386.500603,6.741394146,-55.99062885,0,-986.0524131,-624.4133282,-49.59607512
0.06495858908,0.1212238354,NaN,NaN,0,-984.178143,2.472580606,-2.069897331,0,-804.6268311,-1470.107407,-68.30885941
0.06882229698,0.01690372206,0.3893572917,-0.4181541617,1,-77.96407517,0.5713597847,-156.9470017,0,-35.04971979,-184.8826712,-47.04237379
0.06882229698,0.02076742997,0.1710311455,-0.3641865283,1,-83.33968737,0.4023474619,-73.98981957,6.226927571,-15.97216528,-56.34909663,-64.84407037
0.06882229698,0.02463113787,0.005645302004,-0.4863127623,1,-29.94638458,0.4863455276,-7.646178166,0,40.43183397,51.56459422,-89.33491885
0.06882229698,0.02849484577,0.2115438591,-0.5929596573,1,39.65454554,0.629564897,58.07420295,0,74.39356366,153.3229662,-70.36566965
0.06882229698,0.03235855367,0.4462938826,-0.8543261614,1,147.229843,0.9638731347,105.9495469,0,173.3575095,226.8816593,-62.41775495
0.06882229698,0.03622226157,1.450199746,-1.060206016,1,217.0426156,1.796417574,113.6946578,0,237.2366785,249.9637008,-36.16963609
0.06882229698,0.04008596947,2.20149638,-1.38082994,1,106.484217,2.598706916,0.3604364063,0,178.3007741,283.6619853,-32.09689704
0.06882229698,0.04394967737,2.550525766,-2.154800448,1,-170.5656242,3.338913993,-338.410085,0,196.6076324,1.32164387,-40.19264799
0.06882229698,0.04781338527,2.302115093,-2.693454105,1,-448.8416068,3.543222956,-864.9589166,0,614.4273333,-704.7726205,-49.4792445
0.06882229698,0.05167709317,3.190300646,-2.773713506,1,316.7954891,4.227470263,-122.3521434,0,607.2254662,-23.2768312,-41.00437243
0.06882229698,0.05554080107,5.872262158,-3.076252171,1,-233.9497729,6.629237534,-17.30488553,0,651.2783813,124.405481,-27.64831299
0.06882229698,0.05940450897,4.802736487,-3.321240969,1,-1236.274058,5.839256745,-297.3862541,153.7186375,836.0385223,31.41359686,-34.6650582
0.06882229698,0.06326821687,4.325868958,-4.346638753,1,-378.785357,6.132406599,-74.04661373,63.20306797,112.8333453,140.6616053,-45.13721744
0.06882229698,0.06713192477,3.775175598,-4.150810811,1,-241.1016058,5.610809316,190.1578161,16.79628601,114.5573295,237.4173109,-47.71338093
0.06882229698,0.07099563267,3.836938838,-4.529235636,1,-30.25947908,5.935998239,64.91581996,0,381.1620812,182.9021211,-49.7304199
0.06882229698,0.07485934057,5.130960754,-4.606675415,1,91.56472888,6.895521492,49.53881686,0,509.8856427,107.6593417,-41.91810616
0.06882229698,0.07872304847,6.160767391,-4.753796367,1,-8.391427318,7.781621601,81.81862253,0,418.1881682,100.0266389,-37.65464201
0.06882229698,0.08258675637,6.71429566,-4.677025872,1,-235.0914091,8.182685208,178.2412689,0,467.8032644,96.14451617,-34.86019311
0.06882229698,0.08645046427,7.059898025,-4.436598495,1,-495.7673476,8.338199226,278.6342222,56.12578086,263.3759027,310.9868309,-32.14617677
0.06882229698,0.09031417218,5.816402998,-4.802026902,1,-521.245251,7.5425464,226.0140576,83.73750968,-27.05424143,257.0064966,-39.54310728
0.06882229698,0.09417788008,4.941428944,-4.556344226,2,-373.4332519,6.721457633,203.1907487,55.91525895,-11.14421905,28.74497553,-42.67822935
0.06882229698,0.09804158798,4.330507985,-4.12801939,1,-283.3936969,5.982795625,241.7603279,23.45080314,67.96199456,96.18499152,-43.62865887
0.06882229698,0.1019052959,4.109063773,-3.993883649,1,279.0156229,5.730227892,270.6906639,0,388.602418,84.19208909,-44.18561849
0.06882229698,0.1057690038,6.909989085,-3.407443373,1,311.4651432,7.704454522,231.0925179,0,572.3341919,-60.6440392,-26.2487585
0.06882229698,0.1096327117,7.523806247,-2.866698808,1,-597.9146769,8.051436052,-827.8245938,0,-256.9817641,-852.4964144,-20.85769597
0.06882229698,0.1134964196,3.606918951,-3.312118664,2,-895.0379527,4.896937244,-883.2632711,0,-615.5064541,-984.804714,-42.56026729
0.06882229698,0.1173601275,1.687503888,-2.474372333,2,-1485.520567,2.995027181,108.8913892,255,-394.7799724,-610.496868,-55.70629732
0.06882229698,0.1212238354,-3.658013098,-0.5326125712,1,-1648.827236,3.696584367,385.5116557,0,-1118.212677,-619.6159636,-171.7158561
0.07268600488,0.01690372206,-1.036332888,-0.3557020004,1,181.7704306,1.095677767,-178.9258441,0,208.9949979,-223.8050289,-161.0561694
0.07268600488,0.02076742997,-0.2814311518,-0.2690019699,1,160.9462221,0.3893142086,7.658755884,0,206.4175303,-0.1056701989,-136.2935607
0.07268600488,0.02463113787,0.3830533441,-0.325702526,1,128.5782555,0.5028041367,85.39721583,0,197.0803743,113.1477692,-40.37384277
0.07268600488,0.02849484577,0.976818669,-0.376222002,1,110.5619545,1.046765354,39.58400795,0,167.8551871,109.5731178,-21.06420503
0.07268600488,0.03235855367,1.458775853,-0.5961200027,1,20.1340542,1.575876279,8.975331918,0,184.9629852,163.0643029,-22.22708526
0.07268600488,0.03622226157,1.769253721,-0.9715767767,1,8.741910529,2.018469757,-70.04156911,0,191.9529917,118.9324724,-28.77316806
0.07268600488,0.04008596947,2.234202333,-1.3262605,1,-201.4642798,2.59819687,-16.56275258,33.60202974,-70.05121487,-59.89481171,-30.69408838
0.07268600488,0.04394967737,0.7201971587,-0.8041543575,2,-907.6380285,1.079512936,314.7360203,87.64394264,-695.6088984,-442.6415861,-48.15251293
0.07268600488,0.04781338527,-3.960275485,1.600025342,1,-399.7763256,4.271283532,-135.8228213,0,885.9312944,115.4470732,158.0003708
0.07268600488,0.05167709317,2.598557952,-1.774987834,1,691.1082284,3.146916784,-150.722477,0,1217.865141,365.0240233,-34.33567338
0.07268600488,0.05554080107,3.415440003,-0.3926684865,2,-386.8197956,3.437938184,349.2295876,0,278.6550741,-1089.95932,-6.558422957
0.07268600488,0.05940450897,2.180641063,3.785617719,1,-266.8743867,4.368763779,-587.0996419,0,251.9266476,-21.49284449,60.05663399
0.07268600488,0.06326821687,3.357686305,-2.578007938,1,-31.61715872,4.233223625,-1001.953706,0,606.3591699,785.0306601,-37.51680067
0.07268600488,0.06713192477,4.401276312,-3.118767894,1,-110.0971883,5.394251232,62.55306807,0,472.3061431,302.047786,-35.32158995
0.07268600488,0.07099563267,4.757155906,-3.503345572,1,-202.1302642,5.907957558,39.62067912,0,462.2461861,199.7577021,-36.36930522
0.07268600488,0.07485934057,5.406288255,-3.737490575,1,-136.1015002,6.572426378,-120.6764126,0,478.1662914,7.236403675,-34.65699088
0.07268600488,0.07872304847,6.078794342,-3.997563331,1,-211.2196817,7.275455534,-108.8572077,0,402.8851661,-206.9658955,-33.32989479
0.07268600488,0.08258675637,6.146827701,-3.358427263,1,-325.6574777,7.00446461,-17.81759746,0,375.7198136,-263.479368,-28.65076106
0.07268600488,0.08645046427,6.272220585,-3.048398007,1,-336.779361,6.973770965,-157.2418086,0,316.3179339,-98.4528088,-25.920482
0.07268600488,0.09031417218,6.067770723,-3.585570786,1,-459.7081573,7.047989743,-117.9454499,71.11377161,197.071263,114.8303769,-30.57971611
0.07268600488,0.09417788008,5.257468341,-3.947775808,1,-417.0050771,6.574641221,36.17219813,73.79994107,42.36593993,99.63063059,-36.90248736
0.07268600488,0.09804158798,4.62027453,-3.830755633,1,-526.5178457,6.00180185,-593.8230941,0,283.8233516,-473.0691565,-39.66275939
0.07268600488,0.1019052959,4.319767707,-4.414333751,1,-446.9444334,6.176304356,527.514626,0,301.4932489,437.1478302,-45.62032981
0.07268600488,0.1057690038,4.058293639,-3.48160473,1,-613.4879821,5.347085071,-46.55606888,97.50675981,-275.7905358,-321.2779435,-40.62624944
0.07268600488,0.1096327117,0.8838552713,-3.352888673,1,-842.2529334,3.467428816,-666.0149715,38.97497778,-467.0969062,-683.5931642,-75.23220923
0.07268600488,0.1134964196,-1.000651681,-3.413687728,1,-50.21319514,3.557325918,-44.93689492,0,450.7794627,-674.8140011,-106.3374036
0.07268600488,0.1173601275,2.431526324,-0.9192275218,1,-144.4740739,2.599480621,305.7083718,0,405.884735,-513.7973881,-20.70887184
0.07268600488,0.1212238354,0.009362755428,-0.2473568488,1,-664.8057876,0.2475339812,665.5805747,0,-588.9968449,317.7951363,-87.83232038
0.07654971278,0.01690372206,-1.166677164,-0.3129663861,1,338.4548284,1.207925314,50.28254714,0,369.099294,-14.14660414,-164.9836808
0.07654971278,0.02076742997,0.2002140623,-0.1884986757,1,231.9663029,0.2749862205,83.18574752,0,269.9977025,59.54891889,-43.273689
0.07654971278,0.02463113787,0.7727651291,-0.2216405846,1,57.50017745,0.8039219449,45.34385923,0,94.58931201,92.73270718,-16.00368235
0.07654971278,0.02849484577,0.7878434243,-0.3715953419,1,15.32521663,0.871079996,-11.06981545,0,72.21754243,-12.14786436,-25.25144327
0.07654971278,0.03235855367,1.111004779,-0.2174753185,1,28.50701552,1.132089719,-116.0560308,0,191.8141146,-121.041767,-11.07540879
0.07654971278,0.03622226157,1.639099915,-0.3523319138,1,-16.05113724,1.676539982,-148.160482,0,221.8332322,21.52442713,-12.13138874
0.07654971278,0.04008596947,1.906086685,-0.8730882426,1,-74.31064918,2.09653274,-168.9358771,0,182.2991712,85.54762291,-24.61027786
0.07654971278,0.04394967737,2.056336021,-1.335581823,1,32.08408828,2.451998499,615.2176174,0,50.03973613,-199.3452088,-33.00355879
0.07654971278,0.04781338527,2.223389154,2.274144584,1,755.7095419,3.180439108,1076.593225,0,-247.9167031,922.0517387,45.64656513
0.07654971278,0.05167709317,4.018299224,-0.7384786621,1,-15.03000892,4.085594129,-266.8682294,0,218.6969799,452.439833,-10.4135555
0.07654971278,0.05554080107,3.010298839,-0.5050516596,1,-255.4110684,3.052372238,-227.0795109,0,-150.154356,-77.41326635,-9.524074876
0.07654971278,0.05940450897,2.451312889,-1.316745314,1,582.1145325,2.782580296,-172.9317055,56.09979609,-458.5433812,183.3666866,-28.24287865
0.07654971278,0.06326821687,3.487741673,-1.881684572,1,96.59310966,3.962963387,-42.36309399,0,610.648219,108.742828,-28.34747149
0.07654971278,0.06713192477,5.183886798,-1.900574458,1,-179.3204409,5.521310135,2.934824729,0,509.0775915,23.79419785,-20.1345104
0.07654971278,0.07099563267,4.761826981,-1.962279097,1,-468.8801656,5.150294695,-79.20965214,55.55628478,341.7419048,6.912188814,-22.39584108
0.07654971278,0.07485934057,4.692661696,-2.233324096,1,-383.4364807,5.197000126,-199.3027225,0,429.6853678,-90.9105953,-25.45063688
0.07654971278,0.07872304847,4.940519172,-2.381074615,1,-314.7088486,5.484363774,-289.2102093,0,556.648633,-358.1116925,-25.73166103
0.07654971278,0.08258675637,5.627446352,-1.96710889,1,-180.4257183,5.961347988,-249.9399122,0,473.2660595,-371.0291119,-19.26739136
0.07654971278,0.08645046427,6.071968711,-1.913221317,1,-296.9215214,6.366256344,-224.6968592,0,342.7119691,-147.7463794,-17.48915865
0.07654971278,0.09031417218,5.804367266,-2.264423067,1,-468.2110511,6.230432664,-238.0241429,45.73465867,311.4090048,-13.30542607,-21.31195086
0.07654971278,0.09417788008,5.466131406,-2.781468799,1,-1167.436443,6.133120024,214.0251489,198.709135,-280.9182057,-113.9824013,-26.96949938
0.07654971278,0.09804158798,0.2083479674,-0.9970977035,1,-158.542677,1.018632763,-299.6685092,0,771.9706021,-734.310511,-78.1976102
0.07654971278,0.1019052959,7.836237727,-1.102139063,1,227.2079069,7.913364154,-987.7101537,0,1139.468372,-701.5649776,-8.005934339
0.07654971278,0.1057690038,5.488785905,-2.102679081,1,-1187.26319,5.877757228,-181.4156201,204.9771647,-243.2080664,-99.87052208,-20.96115543
0.07654971278,0.1096327117,2.30931463,-1.417205502,1,-968.1537139,2.709502814,164.236895,164.967546,-238.6596106,-23.73013707,-31.53706412
0.07654971278,0.1134964196,0.8260117282,-1.376429374,2,-583.974792,1.605257985,411.752889,63.20779669,214.9495045,135.0086642,-59.03152695
0.07654971278,0.1173601275,0.8835087115,-0.3479466545,1,-223.7260822,0.9495549051,-90.32687603,35.59339994,46.55214965,-384.5314182,-21.49569498
0.07654971278,0.1212238354,0.1414634053,-0.2397089602,1,-203.4490844,0.2783384283,-9.343253377,0,-180.6613739,-65.37114013,-59.45316888
0.08041342068,0.01690372206,-0.89671416,-0.2373007366,1,278.4220089,0.9275817616,139.9235826,0,325.5408664,80.27052968,-165.177388
0.08041342068,0.02076742997,0.2700539065,-0.1220597507,1,216.2222081,0.2963573774,2.01708248,0,253.0821677,-12.19201259,-24.32215536
0.08041342068,0.02463113787,0.9165408646,-0.1824009437,1,54.10647949,0.9345144519,-18.83974221,0,105.5998041,-9.950115073,-11.25538973
0.08041342068,0.02849484577,0.8871123361,-0.1564066733,1,-115.8682227,0.9007948403,44.25312771,18.81581588,19.11100008,-11.9757269,-9.999049982
0.08041342068,0.03235855367,0.542699219,0.03485092606,1,0.2600153898,0.5438170918,-47.08408925,0,101.4186489,-73.98716191,3.674361011
0.08041342068,0.03622226157,1.279968995,-0.05246105898,1,106.6506235,1.281043633,-162.6117754,0,247.7538224,-66.94045524,-2.347022358
0.08041342068,0.04008596947,1.912014476,-0.3347951096,1,4.951644213,1.941104614,-127.444423,0,266.0413246,49.15223945,-9.931844707
0.08041342068,0.04394967737,2.327006669,-0.7347789791,1,110.8239303,2.440258221,-219.0995131,0,367.9623605,283.7589459,-17.52410785
0.08041342068,0.04781338527,3.761904851,-2.27769331,2,1687.61388,4.397705643,623.8988666,114.1851162,-1431.759716,659.3974201,-31.19334415
0.08041342068,0.05167709317,3.315552423,-0.8719350208,2,-229.8095364,3.428287992,196.2420033,0,-164.3548352,-396.8944538,-14.73420846
0.08041342068,0.05554080107,2.238968854,0.01401270496,1,-194.8020859,2.239012703,33.42752843,30.40964893,-88.49925824,-131.3764768,0.3585839838
0.08041342068,0.05940450897,2.220958782,-0.235180484,1,-38.54582128,2.233375869,-97.61494909,0,394.4705934,59.19345141,-6.044606028
0.08041342068,0.06326821687,3.614158208,-0.591849151,1,42.95956665,3.662297772,-168.7342325,0,548.076486,-110.8058127,-9.300124241
0.08041342068,0.06713192477,4.504549448,-0.4589989774,1,-188.8772505,4.527874313,-220.6741658,0,412.409008,-277.7464088,-5.818172937
0.08041342068,0.07099563267,4.477819625,-0.3713386745,1,-396.3883972,4.493190515,-102.7894433,31.57111158,339.5619787,-67.37623636,-4.740603227
0.08041342068,0.07485934057,4.284988766,-0.5958252649,1,-544.895781,4.326215028,-60.29697058,79.05355023,311.9361337,6.880434422,-7.916187009
0.08041342068,0.07872304847,3.577731596,-0.6308925449,1,-527.0079016,3.632931155,-212.7026247,51.14120814,387.9176798,-151.3812418,-10.00065132
0.08041342068,0.08258675637,3.747584777,-0.8327531763,1,-213.4123132,3.838993294,-195.8577801,0,538.3533123,-209.7955595,-12.52817481
0.08041342068,0.08645046427,4.833208701,-0.5770410366,2,-203.852933,4.867533534,-180.6538633,0,553.030961,-247.7931416,-6.808366318
0.08041342068,0.09031417218,5.096706682,-0.5733466166,2,-326.6594506,5.128854194,-212.8276899,0,536.5085424,-226.9366099,-6.418421664
0.08041342068,0.09417788008,5.644004295,-0.5225282907,1,-1090.424174,5.668140815,-280.4294824,187.7956066,-66.86441385,-367.8642731,-5.289429983
0.08041342068,0.09804158798,0.6252816204,-0.2355241247,2,-1334.903609,0.668168181,-222.528892,199.3741805,-697.1087639,-127.5171826,-20.63982999
0.08041342068,0.1019052959,-2.207097964,-0.8896257833,1,129.6118865,2.379646078,-98.25535611,0,477.6298069,-202.1639969,-158.0468736
0.08041342068,0.1057690038,2.971486149,0.1659485115,2,-344.136293,2.976116403,264.5163276,0,1284.639664,172.560815,3.196475557
0.08041342068,0.1096327117,1.426732342,-0.5343365428,1,-362.121872,1.523509343,-374.8248372,0,-119.1802722,-247.2722023,-20.53181549
0.08041342068,0.1134964196,1.111875252,-0.3268776119,1,-291.6963926,1.158928621,66.15675018,48.83896704,76.89760791,-104.5044845,-16.38268575
0.08041342068,0.1173601275,0.5968125808,0.1250486179,1,-275.3580863,0.6097724275,-26.91559752,46.54050863,-84.70719942,-70.28477144,11.83384509
0.08041342068,0.1212238354,-0.2793118371,-0.159311792,1,-242.1503148,0.3215514724,-188.9085664,0,-211.3645162,-41.71296195,-150.3007533
0.08427712858,0.01690372206,-0.3159114329,-0.130912884,1,97.85705722,0.3419623029,-50.94496313,0,148.9589804,-94.85631843,-157.4910088
0.08427712858,0.02076742997,0.1609011045,-0.04608255879,1,109.2938556,0.1673701516,-47.09820486,0,143.6861802,-75.10950054,-15.98187146
0.08427712858,0.02463113787,0.6615295301,-0.02268541959,1,70.1835326,0.6619183843,-23.83893692,0,124.3582878,-74.56935223,-1.964038792
0.08427712858,0.02849484577,0.9125538728,0.1499249476,1,-60.52900763,0.924787576,55.7311703,0,55.79037281,4.987812434,9.329868727
0.08427712858,0.03235855367,0.6432208293,0.1733720931,1,-48.04622333,0.6661763414,95.4206245,0,6.537721933,84.31091231,15.08487007
0.08427712858,0.03622226157,0.7521771481,0.1928496304,1,84.37438253,0.7765059189,-19.16991516,0,164.18678,-9.416052878,14.3802292
0.08427712858,0.04008596947,1.603588557,0.1356860183,1,112.0850525,1.609318786,-244.3496765,0,290.115133,-105.9014079,4.836503832
0.08427712858,0.04394967737,2.306161182,-0.342074039,1,611.9399238,2.331393156,-1416.546773,0,831.7723709,1149.353678,-8.4371923
0.08427712858,0.04781338527,7.181671156,-9.778203826,1,50.77783949,12.13217502,-104.9643646,0,191.7031159,-67.82212185,-53.70431474
0.08427712858,0.05167709317,3.243036765,-0.4855808158,1,-778.0658354,3.279188343,1393.792878,0,-399.5124287,-1112.575484,-8.515651476
0.08427712858,0.05554080107,2.631852713,-0.09432858464,1,-257.9972488,2.633542593,554.3542086,0,14.66277724,336.4587398,-2.052667044
0.08427712858,0.05940450897,2.302863445,0.3563036287,1,-175.5299508,2.330264432,35.45079945,22.4079317,117.5100053,-7.06490017,8.795177577
0.08427712858,0.06326821687,2.407680592,0.06993965987,1,-68.12492,2.408696201,-144.2803458,0,315.3671717,-161.4442676,1.663892123
0.08427712858,0.06713192477,3.258135287,0.4226200092,1,-35.39194166,3.285430446,-123.1868753,0,474.5234578,-333.1609587,7.390697811
0.08427712858,0.07099563267,4.1043565,0.8812181849,1,-153.7191803,4.197890871,-64.44069582,0,471.5849579,-233.8645111,12.11762127
0.08427712858,0.07485934057,4.486275803,1.077224143,1,-447.8890242,4.61379263,-63.45848115,58.26248102,300.2197245,-134.0415594,13.50198777
0.08427712858,0.07872304847,3.53380546,1.153930582,1,-489.7687097,3.717436861,55.64091734,54.39375653,379.4716906,91.80572325,18.08395703
0.08427712858,0.08258675637,4.060120339,0.9374938965,2,-306.3928848,4.16694996,84.39536667,0,534.8700876,121.3478542,13.00189253
0.08427712858,0.08645046427,4.416574634,1.011156964,2,-407.0550954,4.530846488,-4.189452637,0,418.7345829,-38.64134047,12.89539406
0.08427712858,0.09031417218,4.105246467,1.070605928,2,-608.218051,4.24255178,-127.8830706,97.8024854,231.5692541,-169.8402204,14.61658866
0.08427712858,0.09417788008,2.961313701,1.173267135,2,-1093.475285,3.185268373,-259.766413,183.6737195,-265.1611382,-362.4008154,21.6133813
0.08427712858,0.09804158798,-1.144127817,1.467155279,1,118.6395879,1.86053032,75.59033067,0,842.6627398,316.4901691,127.9480802
0.08427712858,0.1019052959,6.675505099,0.2425005258,1,682.4704793,6.679908296,1112.479454,0,1471.329017,407.6435183,2.080464243
0.08427712858,0.1057690038,7.177524313,4.190435453,1,-1131.486992,8.311233636,-87.00183816,168.2295441,-620.6619513,99.61958038,30.27755413
0.08427712858,0.1096327117,-0.09428661605,-0.4785501234,1,-836.0495537,0.4877501272,-804.7727289,0,-846.1886477,267.4421958,-101.1459722
0.08427712858,0.1134964196,0.6778472842,0.04771017772,1,3.37347533,0.6795242466,39.74267021,0,152.4979077,-184.7108415,4.02611497
0.08427712858,0.1173601275,0.507954878,0.3886726832,1,-277.0977325,0.639597227,-42.19589006,46.04168827,-92.34999404,1.407769645,37.42219294
0.08427712858,0.1212238354,-0.7495908157,-0.1207616268,1,-332.9741864,0.7592560579,-218.4508507,0,-317.9785906,45.25143897,-170.8480918
0.08814083648,0.01690372206,-1.460047724,-0.03985783211,1,311.6078289,1.460591662,-359.4213705,0,339.5421988,-385.6552263,-178.4362713
0.08814083648,0.02076742997,-0.2021209704,0.01082214587,1,239.868471,0.2024104876,-114.8482776,0,276.8288972,-132.1302046,176.9351436
0.08814083648,0.02463113787,0.5363199803,0.02691448583,1,150.7524527,0.536994889,46.87678409,0,191.880519,-26.16064453,2.872900369
0.08814083648,0.02849484577,1.121712749,0.2930174359,1,58.06890293,1.159352712,80.72527005,0,123.3137004,24.08722535,14.63984512
0.08814083648,0.03235855367,1.237129378,0.2457473466,1,-5.421654555,1.261301255,140.4412391,0,17.7953681,150.0451494,11.23516442
0.08814083648,0.03622226157,1.169521164,0.2559107318,1,-92.23788035,1.197192573,154.4669152,0,-83.34029504,126.6921001,12.34273294
0.08814083648,0.04008596947,0.5587465944,0.3530611191,1,-16.65057513,0.6609462237,-110.2465051,0,49.03641709,-73.66989218,32.28799668
0.08814083648,0.04394967737,1.294650598,0.1145893836,1,173.3605586,1.299711851,-483.3824372,0,482.8903301,56.58082598,5.058062404
0.08814083648,0.04781338527,3.094308338,-1.733199207,2,-1140.212098,3.546649628,-932.622063,0,1944.476751,-1055.844469,-29.25427468
0.08814083648,0.05167709317,4.402094292,0.5906847673,1,66.64222793,4.441547326,658.0157167,0,602.7928353,-66.85549002,7.64245145
0.08814083648,0.05554080107,5.680809881,1.067491402,1,787.9235628,5.780236915,-46.83666386,0,-1324.056402,-126.1272185,10.64244852
0.08814083648,0.05940450897,2.330633605,0.8970403097,1,802.4352456,2.497305412,-119.7625637,0,-1643.048035,-73.78622893,21.05127515
0.08814083648,0.06326821687,2.432927604,0.8898522737,1,-202.8888418,2.590554727,56.59542328,0,309.1911611,-102.3516002,20.09017993
0.08814083648,0.06713192477,2.741354716,1.51116518,1,-165.3370896,3.130278882,29.08935266,0,396.2882535,-269.7949369,28.86564516
0.08814083648,0.07099563267,3.325255441,2.044653865,1,-161.0808619,3.903579533,-91.9522585,0,363.1022369,-294.7324007,31.58678683
0.08814083648,0.07485934057,3.521906299,2.294648418,1,-159.5079331,4.203478957,-107.359989,0,372.3001333,-284.1188461,33.08568779
0.08814083648,0.07872304847,4.147422346,2.727598457,1,-193.8060458,4.963960662,17.52743025,0,457.9590854,-14.30541064,33.33136479
0.08814083648,0.08258675637,4.542516485,2.417641216,1,-294.9464795,5.145818212,-38.6602162,0,429.6100448,-9.147273604,28.02302801
0.08814083648,0.08645046427,4.667723027,2.613569068,1,-422.3910137,5.349615083,-22.16348812,58.15243352,268.1025298,-87.82709904,29.24550121
0.08814083648,0.09031417218,3.946390851,2.671346229,2,-605.6823726,4.765510615,-34.74872688,99.40415422,236.1950291,-51.38211576,34.09441235
0.08814083648,0.09417788008,3.240131859,2.677835624,2,-638.9971734,4.203481663,108.9480208,108.1873255,171.5123759,137.2773831,39.57233043
0.08814083648,0.09804158798,2.140166145,2.561889848,2,-265.4236247,3.338201719,442.9725053,0,375.7014529,577.4398242,50.12510037
0.08814083648,0.1019052959,3.666213175,2.158293181,2,-332.1399236,4.254332909,-552.4257737,0,559.9188595,-443.1363034,30.48524633
0.08814083648,0.1057690038,3.020237419,2.139627258,2,-376.3774484,3.701329338,-1038.220366,0,-740.572686,-331.1782471,35.31490724
0.08814083648,0.1096327117,-0.6493558836,-0.5735110404,1,-661.0687764,0.8663590347,493.3086219,78.48575455,22.18071866,982.5618653,-138.5490617
0.08814083648,0.1134964196,0.5517605832,0.2492956356,1,64.14549452,0.605465156,225.9583817,0,217.5981335,-139.5896854,24.3143325
0.08814083648,0.1173601275,0.4392191977,0.8388599145,1,-413.5149581,0.9468893598,-43.76986857,73.2910883,25.21843206,46.98979411,62.3638666
0.08814083648,0.1212238354,-0.9485037724,-0.1013731902,1,-405.8289195,0.953905619,-269.2481108,0,-312.508494,217.451779,-173.8995593
0.09200454438,0.01690372206,-3.194669766,-0.02298263821,1,617.6298932,3.194752435,19.85534283,0,625.3823735,-42.10812505,-179.587818
0.09200454438,0.02076742997,-0.7933516086,0.09672173198,1,491.040951,0.7992257931,27.4425923,0,527.7318211,-13.76239969,173.0490681
0.09200454438,0.02463113787,0.7415706422,0.1362214149,1,234.5653194,0.7539783095,82.38139414,0,311.7674786,3.366607589,10.40879971
0.09200454438,0.02849484577,1.317518739,0.402011787,1,97.54085629,1.377486517,37.34391886,0,167.4907578,4.511604576,16.96841252
0.09200454438,0.03235855367,1.765575383,0.263075887,1,11.54637646,1.785067325,-43.53835006,0,123.291642,1.699149894,8.474886064
0.09200454438,0.03622226157,1.838493457,0.2272273011,1,-169.0331311,1.852482236,17.20603284,28.26308845,-56.80849207,-15.51007444,7.045700757
0.09200454438,0.04008596947,0.8929893197,0.3894813691,1,-248.7561312,0.9742308053,270.3505187,0,-57.00430974,108.1666012,23.56464266
0.09200454438,0.04394967737,0.6571244252,0.8538585847,1,-377.8938828,1.077444659,297.5046907,41.49895775,17.05604286,-155.5967145,52.4183361
0.09200454438,0.04781338527,-0.5011826934,2.140132848,1,101.033973,2.198033826,-68.83291081,0,1159.40882,-258.3115039,103.1801814
0.09200454438,0.05167709317,5.527107204,1.585948522,1,1338.228592,5.750143194,-2084.31588,0,-700.3042066,605.9845716,16.01030651
0.09200454438,0.05554080107,1.963570795,-8.25440226,1,-32.40192748,8.484737294,-2004.113005,0,-995.6415634,759.6254142,-76.6190842
0.09200454438,0.05940450897,1.555047446,-9.092329444,1,-118.8260247,9.224349694,1255.707631,0,188.0137846,-1410.868037,-80.29469105
0.09200454438,0.06326821687,2.230892089,2.048467213,1,-130.6241791,3.028712174,1455.056264,0,330.7096392,-1569.216282,42.55901519
0.09200454438,0.06713192477,2.328119219,2.592576285,1,-172.8541561,3.484478568,-14.80289391,0,271.0571901,-236.8800732,48.07633552
0.09200454438,0.07099563267,2.610319927,2.906508565,1,-97.73738274,3.906604941,-91.44052151,0,264.8299095,-231.04706,48.0731573
0.09200454438,0.07485934057,2.973715935,3.131975171,1,-54.89484776,4.318825642,-34.40246842,0,297.1322268,-232.567579,46.48477155
0.09200454438,0.07872304847,3.546254403,3.672160669,1,-58.86814315,5.104966627,-98.79986817,0,292.2424694,-255.3835202,45.99927285
0.09200454438,0.08258675637,3.875406163,3.736968664,1,-190.662059,5.383651895,-215.9237125,0,305.926655,-217.6996372,43.95814245
0.09200454438,0.08645046427,3.991603133,3.679022323,1,-259.7118263,5.428452894,-205.9049833,0,233.0679609,-357.6777484,42.66646701
0.09200454438,0.09031417218,3.77246205,4.323374296,1,-307.3430212,5.737859812,-147.13837,0,286.9102153,-309.1115256,48.89290966
0.09200454438,0.09417788008,3.912656739,4.304839284,1,-466.7224433,5.817260869,-60.07819892,73.22838596,214.6291919,38.03972286,47.73238557
0.09200454438,0.09804158798,2.798447363,3.944275306,2,-484.3844243,4.836177761,-57.43547615,77.78949454,203.899271,101.9151284,54.64445346
0.09200454438,0.1019052959,2.828944037,3.689155094,1,-410.8978999,4.648955761,-267.3071572,46.1539498,174.8864535,33.17722197,52.51803221
0.09200454438,0.1057690038,1.886568072,2.783291436,1,193.2308439,3.362417331,-112.161564,0,526.052777,283.2691426,55.86983097
0.09200454438,0.1096327117,5.608045845,2.161326349,1,-698.9286086,6.010117286,372.0869032,63.59845473,472.4577168,926.6539513,21.07653352
0.09200454438,0.1134964196,1.011550699,0.6406063511,1,-1148.604571,1.197335088,510.0689472,181.3094296,-168.1746076,530.1315403,32.3457284
0.09200454438,0.1173601275,0.5203957298,2.083810349,1,-678.3562564,2.147807553,260.1293886,107.6429055,170.7435016,363.8652617,75.97816795
0.09200454438,0.1212238354,-0.9497167122,0.2398012386,1,-624.3028717,0.9795235921,-404.6056068,0,-136.6824201,549.9226122,165.829149
0.09586825228,0.01690372206,-1.546025974,-0.009904512933,1,355.2179763,1.5460577,534.5573152,0,367.798001,450.4466796,-179.6329434
0.09586825228,0.02076742997,-0.1492647021,0.1525849506,1,311.0674412,0.2134528483,171.2259086,0,313.630711,84.4943026,134.3697904
0.09586825228,0.02463113787,0.867625212,0.3252010784,1,142.4342201,0.9265685349,-12.00365689,0,228.3740824,-118.3001169,20.54687535
0.09586825228,0.02849484577,1.283430266,0.5632834229,1,-18.87731114,1.401599608,-52.27050211,0,72.67271257,-143.4516531,23.69614177
0.09586825228,0.03235855367,1.07547493,0.6774984118,1,-100.1236388,1.271082382,-108.8957546,0,72.3377873,-141.5665818,32.20899051
0.09586825228,0.03622226157,1.176073852,0.6895139561,1,32.36074681,1.36329718,56.54881994,0,212.4173979,-51.23255111,30.3824382
0.09586825228,0.04008596947,2.021226181,1.093934147,1,-40.28139157,2.298270479,237.1692125,0,212.8792513,-8.979461328,28.42327229
0.09586825228,0.04394967737,1.842941566,1.640560532,1,-135.2070048,2.46736144,524.4817568,0,85.79635897,197.8219943,41.67502441
0.09586825228,0.04781338527,1.830317878,2.356052052,1,-402.1714129,2.983461883,-566.4956352,0,-413.8032184,1743.764683,52.15786686
0.09586825228,0.05167709317,-1.309746063,-7.285610512,1,-190.2555092,7.402401994,-1076.711987,0,-57.65260371,220.0312897,-100.1912991
0.09586825228,0.05554080107,0.8724733437,-2.65418519,2,-1042.290152,2.793905646,1101.215357,0,1829.328214,-1323.447806,-71.80347442
0.09586825228,0.05940450897,1.731139118,2.082579705,1,-1414.435541,2.708132359,699.1940067,0,1704.150325,-679.4031128,50.26503237
0.09586825228,0.06326821687,1.991846642,2.672311392,1,-141.0766026,3.332971831,88.27893193,0,150.8563611,-207.7396284,53.30045321
0.09586825228,0.06713192477,1.768925248,3.226308956,1,-72.17051652,3.679424685,-20.30259466,0,94.79411638,-220.4203581,61.26485998
0.09586825228,0.07099563267,2.079257624,3.445507976,1,10.01476139,4.024280989,-70.12693662,0,176.7195333,-181.0228072,58.89031622
0.09586825228,0.07485934057,2.490412017,3.654778207,1,-14.78207305,4.422618654,-47.93016302,0,195.8784665,-213.2323405,55.72898853
0.09586825228,0.07872304847,2.77896119,4.084187305,1,-15.95590062,4.939960651,-101.2601979,0,113.455638,-277.6546782,55.76786051
0.09586825228,0.08258675637,2.867122523,4.336314954,1,-139.084982,5.198463133,-208.5276884,0,64.34920396,-320.6839205,56.52777221
0.09586825228,0.08645046427,2.490203974,4.517526225,1,-236.338552,5.158406636,-199.3192307,20.04248454,59.42352227,-362.6473641,61.13505004
0.09586825228,0.09031417218,2.183574525,4.967367154,1,7.560024341,5.426115935,-125.5997013,0,164.4968879,-330.8049382,66.27048339
0.09586825228,0.09417788008,3.154981625,5.31037932,1,-104.1231187,6.176895464,-199.0801788,0,137.367869,-264.7812753,59.28477315
0.09586825228,0.09804158798,2.312022529,5.221216999,1,-237.0565735,5.710214981,-223.2234094,0,135.2429424,6.811191331,66.11561676
0.09586825228,0.1019052959,2.761603495,4.421592816,1,-53.09976719,5.21315038,-268.0671401,0,407.5066294,196.6840925,58.01225043
0.09586825228,0.1057690038,3.681347123,3.42555399,1,-66.32272616,5.028591928,126.1505609,0,482.2433816,247.5907081,42.93868762
0.09586825228,0.1096327117,4.368599417,3.95238356,1,-246.6789981,5.891179565,-57.93092343,0,476.8838493,-216.2857104,42.13644974
0.09586825228,0.1134964196,4.570791425,4.037390632,1,-694.5654413,6.098578306,399.7082326,85.96097187,301.562865,356.4467329,41.45423514
0.09586825228,0.1173601275,2.850152258,4.119533358,1,-1000.273112,5.009383493,150.1112713,169.22222,-282.9068963,733.6804459,55.32207808
0.09586825228,0.1212238354,-0.3870413104,1.782649801,2,-934.7498426,1.824182362,-878.1214902,0,-740.9428606,331.5370126,102.2496961
0.09973196018,0.01690372206,0.6110979503,0.02562290256,1,-109.0097918,0.6116348894,425.7373555,0,-106.5455086,383.8073973,2.400964939
0.09973196018,0.02076742997,0.1946765917,0.106625458,1,-33.74512357,0.2219638792,135.9044234,0,-62.78987284,21.33959385,28.7097671
0.09973196018,0.02463113787,0.238114922,0.4682679395,1,50.2398171,0.5253318754,-12.58462404,3.444212811,44.65061452,-180.5861644,63.04659806
0.09973196018,0.02849484577,0.561305502,0.7557343369,1,32.1527928,0.9413810358,-102.8696419,0,112.7202586,-222.22352,53.39767164
0.09973196018,0.03235855367,0.7978620755,0.9294164614,1,112.7758114,1.22490769,-79.79617713,0,223.1006311,-123.0653045,49.35539896
0.09973196018,0.03622226157,1.859033966,0.9229136064,1,59.77682479,2.075518444,-4.476268524,0,193.0336396,-117.8915926,26.4020061
0.09973196018,0.04008596947,1.774647864,1.367620145,1,182.3252732,2.240482069,51.57590044,0,228.9017681,-151.5547299,37.61939621
0.09973196018,0.04394967737,3.447895135,1.707751027,1,318.3079569,3.847647909,151.9255431,13.09162405,269.9334999,-36.38341373,26.34932861
0.09973196018,0.04781338527,4.047441028,2.095190949,1,-137.1461245,4.557587519,161.2919694,0,-181.3955302,60.2138346,27.36871289
0.09973196018,0.05167709317,2.217143227,2.098287415,1,-1642.309717,3.05262742,547.6040993,227.4047672,880.7326052,354.654379,43.42235555
0.09973196018,0.05554080107,1.104929526,2.840692308,1,-790.0776875,3.048016084,193.4130493,75.57921567,638.5057874,-28.83149147,68.74571289
0.09973196018,0.05940450897,1.631513679,2.956975403,1,-50.13625431,3.377208969,28.23497345,0,222.0957667,-58.65529147,61.11224511
0.09973196018,0.06326821687,1.769330852,3.176410911,1,-120.2104203,3.635948011,-15.03061433,18.42954673,59.7820338,-87.68192744,60.8812298
0.09973196018,0.06713192477,1.398036045,3.237678856,1,-44.39245926,3.526622911,40.71107617,2.489516968,10.9064459,-56.13791138,66.64521898
0.09973196018,0.07099563267,1.639950678,3.550607109,1,50.05748165,3.911041942,29.15664536,0,96.59549436,-154.1457998,65.20877893
0.09973196018,0.07485934057,1.964660307,3.945905962,1,29.40900044,4.407954625,-29.54337436,0,85.06324627,-190.4152517,63.53135954
0.09973196018,0.07872304847,2.082238002,4.172169053,1,-8.732845616,4.662907859,-90.18761341,0,-25.94193351,-239.5449118,63.47722341
0.09973196018,0.08258675637,1.830687089,4.522978935,1,-40.17795074,4.879421448,-134.7240344,0,-27.60917195,-302.8504948,67.96423544
0.09973196018,0.08645046427,1.82032836,4.821760586,1,-7.20616899,5.153927676,-186.8721045,0,53.36927306,-292.1475472,69.31729538
0.09973196018,0.09031417218,2.009047839,4.929732495,1,18.0371508,5.323395128,-114.0177273,0,59.63518409,-221.7197962,67.82729186
0.09973196018,0.09417788008,2.120431574,5.237889921,1,-14.78081027,5.650815949,-194.7163722,0,2.679980249,-311.9611028,67.96064074
0.09973196018,0.09804158798,1.962293766,5.382731887,1,37.71917867,5.729258189,-54.2755183,0,74.2740746,-114.0403226,69.97049595
0.09973196018,0.1019052959,2.553140792,5.468803668,1,39.78874691,6.035423884,-155.4684715,0,314.3532937,-31.25068414,64.97422506
0.09973196018,0.1057690038,3.330595166,4.902790641,1,-27.60077283,5.927075183,-165.7692845,0,544.0508075,-33.29502873,55.81069689
0.09973196018,0.1096327117,4.548552871,4.956961839,1,-121.8440491,6.727615022,-307.3066506,0,277.7868538,-200.3018011,47.46022732
0.09973196018,0.1134964196,3.933112613,4.489355158,1,-242.7715386,5.968557997,-219.6971063,10.73702478,84.00071106,-193.4378813,48.77848112
0.09973196018,0.1173601275,3.93510877,4.855503863,1,-1043.016836,6.249879903,-515.6529577,86.23289031,-767.3353613,390.4042398,50.97720686
0.09973196018,0.1212238354,-3.061559477,0.9886148063,1,-1620.440608,3.217220177,-942.5504625,0,-2001.297073,1059.096223,162.1041005
0.1035956681,0.01690372206,1.581818483,-0.0003832423353,1,-285.9858924,1.58181853,87.61078234,0,-295.5996014,66.51821182,-0.01388159776
0.1035956681,0.02076742997,0.4582802495,0.04036452335,1,-180.7097201,0.4600544336,46.64110049,0,-197.307669,-32.03701969,5.033522612
0.1035956681,0.02463113787,0.1212697104,0.3036060322,1,-15.81988213,0.3269296032,61.70448402,0,-95.70899452,-154.2041911,68.22669256
0.1035956681,0.02849484577,0.02736524767,0.8745725772,1,21.41020378,0.8750005997,77.69662958,0,22.69450446,-129.3985437,88.20780819
0.1035956681,0.03235855367,0.2916774201,1.103761289,1,111.6886264,1.141649991,61.81937071,12.17999129,63.25082291,-23.54080546,75.19752014
0.1035956681,0.03622226157,0.7032801802,1.204379364,1,132.744494,1.39468013,-83.161362,0,214.9163029,-127.1944083,59.71781631
0.1035956681,0.04008596947,1.634937188,1.273892118,1,191.4574121,2.072636181,5.853919382,0,219.0504381,-58.66348267,37.92461079
0.1035956681,0.04394967737,2.289362604,1.45365576,1,182.4049975,2.711880566,3.46821343,28.35887787,89.66899,-232.3656485,32.41395116
0.1035956681,0.04781338527,2.686151603,2.185085274,1,15.18556229,3.462659106,38.62113146,0,-44.44384472,-222.5353291,39.12708282
0.1035956681,0.05167709317,2.176317147,2.46268804,1,-201.3956617,3.286516196,61.03257795,28.86989211,-103.4366973,-115.0570263,48.53244897
0.1035956681,0.05554080107,1.508368409,2.865444069,1,-62.35435872,3.238200884,135.9947864,0,-83.28637483,-37.85807532,62.23770236
0.1035956681,0.05940450897,1.613603895,3.134404716,1,20.3162836,3.525366711,163.1567199,0,2.104400519,33.15062124,62.76041191
0.1035956681,0.06326821687,1.594995383,3.367749659,1,-13.44668959,3.72635855,27.45991284,0,38.21993083,-51.62553167,64.65735989
0.1035956681,0.06713192477,1.709320462,3.439967772,1,-41.19409313,3.841243903,62.82544426,0,41.54108029,-3.837877752,63.57721212
0.1035956681,0.07099563267,1.59633604,3.625317263,1,-16.0436511,3.961213705,21.24958262,0,-1.75384502,-90.00162862,66.23466542
0.1035956681,0.07485934057,1.640556136,3.869809956,1,4.160054032,4.203195633,-33.2093838,0,-27.80703134,-134.7644606,67.02610872
0.1035956681,0.07872304847,1.504971027,4.017696416,1,-51.70915966,4.290317271,-86.86795833,0,-68.40700617,-220.1769716,69.46477616
0.1035956681,0.08258675637,1.176462357,4.384877044,1,-80.96719569,4.539957089,-108.691688,0,-143.0557088,-298.6324501,74.98125016
0.1035956681,0.08645046427,0.6394119611,4.751572039,1,-7.249562034,4.79440137,-169.637928,0,-67.82846202,-361.9953159,82.33583377
0.1035956681,0.09031417218,0.8863828025,5.128089803,1,56.84958981,5.204131004,-258.0045375,0,87.54949907,-420.0951229,80.19340501
0.1035956681,0.09417788008,1.197327862,5.377842714,1,98.21827027,5.509517789,-305.5313992,0,102.4481626,-366.1893583,77.4483335
0.1035956681,0.09804158798,1.661699285,5.362454439,1,145.0838776,5.614014796,-119.0664566,6.995624568,73.06081075,-146.1356122,72.78301313
0.1035956681,0.1019052959,2.040175218,5.482430024,1,216.9518768,5.849731096,-87.24721572,29.91880422,106.7065131,-157.5926676,69.5882697
0.1035956681,0.1057690038,2.912220763,5.634248717,1,1798.426448,6.34238034,610.1620931,0,-1703.395089,606.535884,62.6665398
0.1035956681,0.1096327117,2.407348632,5.496440637,1,-213.2215961,6.00051557,-284.3367498,0,229.3557729,-197.8122062,66.34738912
0.1035956681,0.1134964196,2.974558509,5.299943154,1,-180.3152185,6.077614315,-237.1591551,0,169.6723761,-156.471227,60.69696534
0.1035956681,0.1173601275,2.366227797,5.184686052,1,-537.8014875,5.699123041,-986.9338077,0,-215.697772,304.2640815,65.46861937
0.1035956681,0.1212238354,0.06325746709,0.3111316686,1,-590.2923907,0.3174971218,-1032.259452,0,-601.8113548,1490.474931,78.50760161
0.107459376,0.01690372206,1.206607363,-0.01152166104,1,-270.3117091,1.206662371,-110.0211703,0,-224.2934181,-137.9826489,-0.5470897231
0.107459376,0.02076742997,0.251102494,0.04249583169,1,-190.5189629,0.2546730418,-2.603012857,20.35327084,-152.6447347,-46.89243905,9.605550969
0.107459376,0.02463113787,-0.1192769271,0.1595997448,1,34.55415684,0.1992462393,68.26357451,0,-5.969720114,-117.6202155,126.7726136
0.107459376,0.02849484577,0.3615444081,0.7606964996,1,185.6311607,0.8422431499,76.43694274,25.57621112,90.0201631,-74.36824424,64.57915844
0.107459376,0.03235855367,0.9457592704,0.7422669372,1,147.5626304,1.202256547,64.67564376,23.0855437,29.65995589,-59.48099182,38.12613738
0.107459376,0.03622226157,1.046280715,1.240401473,1,108.3426062,1.622744327,82.77547919,8.059619028,53.37972963,-106.6706744,49.8523127
0.107459376,0.04008596947,1.570607137,1.474231538,1,199.0029724,2.154104316,-84.24827564,0,193.6824041,-112.4710896,43.18707237
0.107459376,0.04394967737,2.563502306,1.349446183,1,216.7984758,2.896989657,-71.80397772,0,240.3383466,-172.8905016,27.76264373
0.107459376,0.04781338527,3.33685029,1.864800338,1,-34.8579546,3.822571145,27.77366487,0,-108.8107134,-263.9994418,29.1986621
0.107459376,0.05167709317,2.008408539,2.47677224,1,-215.1755206,3.188746711,72.80222061,0,-264.3506821,-158.8448906,50.96148874
0.107459376,0.05554080107,1.484101112,2.759817112,1,67.87687838,3.133551755,65.61117986,0,30.88301108,-40.46251343,61.73070595
0.107459376,0.05940450897,2.389987904,2.886610007,1,46.10175925,3.747607172,72.90850053,0,3.555423196,-86.58040091,50.37671751
0.107459376,0.06326821687,1.67596196,3.376035641,1,-66.9468819,3.769146473,69.50864596,0,-130.8012793,-104.0897237,63.5988656
0.107459376,0.06713192477,1.625946771,3.557343399,1,-28.7341842,3.91131627,-25.00143863,0,-49.33825634,-84.47361184,65.43639054
0.107459376,0.07099563267,1.374312855,3.605818746,1,-25.95385298,3.858842398,-35.85620842,0,-54.35458197,-104.4563948,69.13627863
0.107459376,0.07485934057,1.315658437,3.822394481,1,-28.62486765,4.042481502,-44.33774863,0,-95.19576954,-174.2219734,71.00666754
0.107459376,0.07872304847,0.8959060804,4.107653451,1,-119.2232214,4.204219854,-104.0791977,0,-154.8018514,-223.3150683,77.6961014
0.107459376,0.08258675637,0.2569055982,4.283087057,1,-98.69495289,4.290784919,-129.8292064,0,-193.6804838,-254.0746133,86.56743098
0.107459376,0.08645046427,-0.2337472041,4.587701412,1,-50.97091307,4.593652359,-107.0226762,0,-173.6415052,-305.0865413,92.91674544
0.107459376,0.09031417218,-0.6109311768,5.048347977,1,63.40203505,5.085179859,-185.8457424,0,-125.8172138,-358.3566036,96.90015598
0.107459376,0.09417788008,-0.4749012233,5.254232989,1,270.2331292,5.27565119,-320.0307453,0,130.5636325,-334.5524998,95.16461704
0.107459376,0.09804158798,0.9376304378,5.104455795,1,349.9058595,5.189857397,-295.0063084,0,188.968268,-240.2958567,79.59144899
0.107459376,0.1019052959,1.607151,5.042847785,1,1021.442077,5.292754304,-1950.608442,0,814.6000096,1603.407815,72.32296696
0.107459376,0.1057690038,8.031560753,-8.627224898,1,737.266391,11.78706823,147.2824787,99.74604861,-458.1254291,-273.0659981,-47.04783879
0.107459376,0.1096327117,2.68567014,6.666951516,1,-608.9740065,7.18756333,1756.532299,0,-845.411548,-1988.271983,68.058782
0.107459376,0.1134964196,2.412239795,5.841604993,1,-365.7667829,6.320067224,-286.7684543,40.52836887,6.47518506,-140.0355758,67.56224935
0.107459376,0.1173601275,1.297472355,6.100018534,1,-542.4419274,6.236478223,-873.5615259,0,-416.0644091,394.0022301,77.99215134
0.107459376,0.1212238354,-1.29114871,0.944108894,1,-996.8921386,1.599501983,-1374.561566,0,-343.0751321,1294.330479,143.8251226
0.1113230839,0.01690372206,NaN,NaN,0,-139.9843908,0.6483512179,-102.3477385,0,-44.58436841,-107.1521834,15.88127421
0.1113230839,0.02076742997,NaN,NaN,0,-133.3419574,0.3258363747,-2.405264897,22.34400486,-46.02825347,5.458782848,34.95866864
0.1113230839,0.02463113787,-0.06942993319,0.1470336087,1,-65.35607611,0.1626019609,74.0730687,0,5.391349864,-8.350380661,115.2768925
0.1113230839,0.02849484577,0.03535809442,0.5051596104,1,70.26195952,0.5063955241,36.92282656,9.393927703,28.39404162,-92.79354917,85.9961745
0.1113230839,0.03235855367,0.3117480379,0.6482197944,1,74.81671774,0.7192883573,-30.68959875,0,74.15883789,-156.6978959,64.31572487
0.1113230839,0.03622226157,0.6109561257,0.9920188638,1,121.2103891,1.165061721,-28.50438326,20.57698752,24.53639065,-185.1195357,58.37226909
0.1113230839,0.04008596947,0.8748710224,1.253334996,1,150.3576431,1.528478956,-105.3475007,17.82266481,39.35092309,-248.3676501,55.08363144
0.1113230839,0.04394967737,1.343934612,1.544606945,1,112.5365907,2.047430305,-222.0550048,0,120.0309851,-389.2566762,48.97405877
0.1113230839,0.04781338527,1.773444202,1.899353415,1,88.68971583,2.598585718,-264.5393847,0,40.70381107,-452.980813,46.9634195
0.1113230839,0.05167709317,1.843873404,2.27268958,1,12.75111832,2.926599914,-2.324307551,0,-56.209034,-215.3728033,50.94696677
0.1113230839,0.05554080107,1.60553551,2.722510571,1,-0.8900205207,3.160665766,19.01813023,0,-72.37994345,-161.463557,59.4710381
0.1113230839,0.05940450897,1.560779665,2.970018101,1,13.42585467,3.355151365,-154.2635939,0,-50.73491468,-257.4091625,62.27754249
0.1113230839,0.06326821687,1.4613842,3.12103492,1,47.22839729,3.446230223,-78.14209153,0,-118.2583061,-179.1697999,64.90926507
0.1113230839,0.06713192477,1.286340845,3.360359656,1,12.57875601,3.598150885,-63.66557688,0,-117.9632944,-165.7825673,69.05322592
0.1113230839,0.07099563267,1.054209127,3.515585142,1,-24.65823355,3.670244648,-62.05263134,0,-102.2239341,-127.3370128,73.30772986
0.1113230839,0.07485934057,0.7961052116,3.612599437,1,-65.07109883,3.699278064,-90.56911872,0,-145.6575412,-184.9462945,77.5724126
0.1113230839,0.07872304847,0.2400152154,3.880230982,1,-81.17234508,3.887647075,-70.41991956,0,-204.2879185,-175.3143038,86.46042718
0.1113230839,0.08258675637,-0.3068298641,4.017880698,1,-87.03113928,4.029579366,-12.66056302,0,-221.7067169,-115.509363,94.36697909
0.1113230839,0.08645046427,-0.9528576785,4.277608703,1,-5.44884291,4.382450681,-27.5036129,0,-229.9277074,-125.6272829,102.5578805
0.1113230839,0.09031417218,-1.216256101,4.397001897,1,103.5646838,4.56211624,-30.72311957,0,-201.6396224,-175.8148004,105.4619935
0.1113230839,0.09417788008,-1.331790594,4.838200576,1,251.508111,5.01815215,-160.0259214,33.83025157,-41.94149723,-248.9655379,105.3904026
0.1113230839,0.09804158798,-0.4065519198,4.740638596,1,392.5215794,4.758039382,-441.5379454,0,133.0057267,-401.4345305,94.90162963
0.1113230839,0.1019052959,0.6986934106,4.683252696,1,480.9413651,4.735084824,-868.2543065,0,252.2356704,95.85447021,81.51464079
0.1113230839,0.1057690038,2.426229985,1.015603898,2,-1454.227023,2.630217333,-1121.876581,0,1664.719326,-1095.907315,22.71386462
0.1113230839,0.1096327117,1.511974184,4.58291504,2,214.212179,4.825886053,342.5967519,0,-499.0985129,-1138.512492,71.74148209
0.1113230839,0.1134964196,1.325512406,6.738177387,1,183.2545556,6.867315169,-131.6466725,0,-441.7170101,-413.7738041,78.87106192
0.1113230839,0.1173601275,0.513350757,5.672971868,1,389.9699688,5.696151228,-629.8058013,0,-796.8962853,379.8170494,84.82935192
0.1113230839,0.1212238354,NaN,NaN,0,-319.7504528,2.847997362,-561.974926,0,-73.69687542,905.8804805,94.96996487
0.1151867918,0.01690372206,NaN,NaN,0,-78.30081327,0.5340787691,-35.33878855,0,8.802565915,-47.12763009,41.95781909
0.1151867918,0.02076742997,NaN,NaN,0,-80.03764802,0.4619556306,7.967319817,14.05685937,12.09656035,-11.66950994,55.31229204
0.1151867918,0.02463113787,NaN,NaN,0,-74.5610043,0.453404401,63.15037403,0,44.22120046,6.448205873,72.72312566
0.1151867918,0.02849484577,NaN,NaN,0,-16.25906516,0.6163927542,59.8339374,0,38.80020623,-19.56594376,76.32956772
0.1151867918,0.03235855367,NaN,NaN,0,-15.71343245,0.7722471718,21.33605542,0,35.18282235,-48.01449957,73.3127513
0.1151867918,0.03622226157,0.2209002912,0.8668813817,1,-1.548233427,0.8945838522,-12.24405166,0,-3.057086852,-91.34136512,75.70403423
0.1151867918,0.04008596947,0.2039551145,1.045333997,1,9.179865344,1.065045001,-20.83828291,0,-14.18225082,-153.2294898,78.95971955
0.1151867918,0.04394967737,0.201572535,1.378402334,1,66.46776963,1.393062985,-67.72984508,0,26.86400595,-231.8371841,81.68024568
0.1151867918,0.04781338527,0.5645618331,1.679396819,1,162.259206,1.771751602,-104.2125227,15.75006655,87.68669619,-319.5310826,71.41893026
0.1151867918,0.05167709317,1.167290492,2.210330355,1,82.18067806,2.499625446,-85.1380131,0,13.36789017,-293.2811061,62.16116108
0.1151867918,0.05554080107,0.9337335911,2.483600932,1,25.6910559,2.653324708,-87.27485604,0,-120.906812,-198.1479323,69.39576789
0.1151867918,0.05940450897,0.7994046227,2.638711536,1,56.16423562,2.757144595,-127.938378,0,-121.3735179,-193.4304989,73.1456769
0.1151867918,0.06326821687,0.681783972,2.736643357,1,57.4691442,2.820291873,-134.356508,0,-72.99269315,-241.5735966,76.01060216
0.1151867918,0.06713192477,0.739426164,3.052967048,1,52.64976155,3.141235242,-80.67639988,0,-62.7999548,-228.069576,76.38518426
0.1151867918,0.07099563267,0.6425665901,3.306127536,1,-2.41088029,3.367992148,-36.65649206,0,-123.9648237,-155.2122864,79.00132763
0.1151867918,0.07485934057,0.2511473581,3.511032007,1,-25.40652447,3.520002948,-43.84987991,0,-154.7586919,-128.1842318,85.90854875
0.1151867918,0.07872304847,-0.05353917989,3.631970838,1,-5.944503656,3.632365429,-30.24001065,0,-120.7350819,-95.38674605,90.84454061
0.1151867918,0.08258675637,-0.2383055574,3.762739963,1,-24.28801696,3.770278713,-13.9843659,0,-175.4840921,-36.86648176,93.62387277
0.1151867918,0.08645046427,-0.8254002559,3.72038065,1,-4.055887775,3.810842133,58.29907346,0,-298.9245245,30.76393693,102.5089792
0.1151867918,0.09031417218,-1.40893337,3.869127688,1,-19.18455425,4.117674381,76.84010443,0,-299.0911881,-26.70001308,110.0089705
0.1151867918,0.09417788008,-2.055124756,4.12042942,1,77.73898707,4.604506093,29.20419366,0,-313.3767813,-31.0060143,116.5084014
0.1151867918,0.09804158798,-2.319368977,4.101762344,1,254.7244716,4.712104284,-135.9261523,35.77186337,-79.25872107,-145.9596141,119.4862793
0.1151867918,0.1019052959,-1.377176349,4.159195785,1,338.7228702,4.381269711,-379.3734213,0,122.5077962,-203.8193662,108.3205344
0.1151867918,0.1057690038,-0.5373084074,3.423472754,2,-337.0984024,3.465381079,-709.5864933,0,592.7234601,-645.329973,98.91971402
0.1151867918,0.1096327117,-0.3895157944,3.91092736,2,157.192733,3.930276755,-562.4354868,0,60.7851318,-563.3218535,95.68771849
0.1151867918,0.1134964196,0.304894391,3.426897417,1,1481.929442,3.440434056,-395.0849739,107.4782826,-1295.294051,225.2034669,84.91572608
0.1151867918,0.1173601275,0.3315888395,1.514314011,1,560.8088545,1.550192918,-237.3400452,0,-629.98916,159.1985678,77.64890186
0.1151867918,0.1212238354,NaN,NaN,0,118.6108295,1.895161111,134.0200897,0,-270.7894874,-62.92752832,88.86311964
0.1190504997,0.01690372206,NaN,NaN,0,-50.40810449,0.5976340665,-9.665520291,0,23.36780229,-24.53162357,59.3155889
0.1190504997,0.02076742997,NaN,NaN,0,-51.32137897,0.5986469864,9.410169066,7.923167019,24.01616665,-14.40460876,65.0273533
0.1190504997,0.02463113787,NaN,NaN,0,-46.48716852,0.6379619382,33.6636941,1.767930378,30.49262603,-11.68481828,71.77911859
0.1190504997,0.02849484577,NaN,NaN,0,-27.65153905,0.7428516072,39.23182951,0,30.03051614,-22.59859626,75.10555884
0.1190504997,0.03235855367,NaN,NaN,0,-22.79545268,0.8702559025,33.36253585,0,27.91759788,-36.07763653,76.12641929
0.1190504997,0.03622226157,NaN,NaN,0,-27.09848811,1.008452799,39.90169375,0,25.45593931,-42.45508776,77.93823678
0.1190504997,0.04008596947,NaN,NaN,0,-26.92659222,1.180537262,53.00074244,0,20.65354594,-51.92449668,80.13176185
0.1190504997,0.04394967737,NaN,NaN,0,-13.11658382,1.404030612,58.55063763,0,-3.991673013,-57.44064018,82.36693559
0.1190504997,0.04781338527,0.1362226866,1.61122702,1,34.53232103,1.616975303,34.23210218,0,16.00911587,-125.0003019,85.16736775
0.1190504997,0.05167709317,0.3817724631,2.006817068,1,98.01671156,2.042808106,-43.09630213,15.7107322,-3.153810238,-184.1194397,79.2288833
0.1190504997,0.05554080107,0.5027452279,2.156099231,1,64.4959951,2.213936914,-44.14772873,0,-80.71571672,-115.9044503,76.87466233
0.1190504997,0.05940450897,0.3191041965,2.28406408,1,36.1567912,2.306247214,-15.20623503,0,-163.9731674,-134.4878342,82.04674558
0.1190504997,0.06326821687,0.008900085285,2.616968488,1,82.26765759,2.616983622,17.49676935,0,-140.6746654,-145.6189762,89.80514272
0.1190504997,0.06713192477,0.09343657883,2.914295675,1,117.915798,2.915793147,-22.90345763,19.4311406,-39.23901029,-133.928342,88.16364261
0.1190504997,0.07099563267,0.3128842115,3.045936211,1,72.11565567,3.061964064,-42.62872808,0,-62.2859591,-94.01065848,84.13504222
0.1190504997,0.07485934057,0.1314156551,3.112820445,1,1.789765286,3.115593234,-3.187599511,0,-146.2763835,-104.3281404,87.58254806
0.1190504997,0.07872304847,-0.245369877,3.436713718,1,-27.47255216,3.445461878,-32.89243016,0,-136.8044474,-115.9429068,94.0837976
0.1190504997,0.08258675637,-0.5033026859,3.433703228,1,20.48190081,3.470393558,-113.743217,0,-114.5299899,-36.51395843,98.33887473
0.1190504997,0.08645046427,-0.6087442217,3.138322421,1,2.479590263,3.196816721,-68.5396884,0,-136.8652016,-37.95279966,100.9774124
0.1190504997,0.09031417218,-1.022529434,3.315524424,1,-20.05564264,3.469620822,54.19543638,0,-168.8841271,5.350887136,107.140105
0.1190504997,0.09417788008,-1.338752303,3.327043492,1,54.6218071,3.586290023,144.4902467,0,-177.081051,109.6271891,111.9191132
0.1190504997,0.09804158798,-1.495676182,3.450225095,1,85.61374653,3.760465457,178.0710958,0,-141.4774073,43.27381627,113.4367823
0.1190504997,0.1019052959,-1.55459317,3.847860806,1,-81.48612539,4.150035266,105.4428467,0,-258.367539,-194.2534317,111.999443
0.1190504997,0.1057690038,-2.808771471,4.608163974,1,-152.6893161,5.396700139,-145.0572025,0,-179.3829339,-238.89541,121.3631736
0.1190504997,0.1096327117,-2.837623346,4.21042423,1,539.0300601,5.077379092,-1335.500731,0,361.1185654,890.4353801,123.9780744
0.1190504997,0.1134964196,0.6691398854,-3.992202964,1,1463.236952,4.047892376,-460.7174957,216.8375428,-674.0835439,351.5457859,-80.48500343
0.1190504997,0.1173601275,0.2114349137,1.072076171,1,27.02487058,1.092726883,648.0880352,0,-192.9771187,-730.1122901,78.84330248
0.1190504997,0.1212238354,NaN,NaN,0,64.2386314,1.333053542,41.22679791,0,-159.2178821,-93.71319077,88.79864555
0.1229142076,0.01690372206,NaN,NaN,0,-34.98981727,0.6946701973,-0.1092270159,0,23.89697825,-15.02134624,67.57190921
0.1229142076,0.02076742997,NaN,NaN,0,-35.11267038,0.7137880228,9.391708462,4.372705435,23.3476024,-13.44900907,70.04497167
0.1229142076,0.02463113787,NaN,NaN,0,-32.41475177,0.7626668794,22.86240377,0,23.70262088,-16.18427396,73.26737293
0.1229142076,0.02849484577,NaN,NaN,0,-25.06446984,0.8481905462,30.06715069,0,22.91163441,-23.06598649,75.66932647
0.1229142076,0.03235855367,NaN,NaN,0,-20.7183511,0.9592184419,32.9805647,0,21.00111374,-31.24236252,77.27686407
0.1229142076,0.03622226157,NaN,NaN,0,-18.85195201,1.090550055,38.40956734,0,18.03797817,-37.55483372,78.84217739
0.1229142076,0.04008596947,NaN,NaN,0,-14.50894129,1.246663336,45.89266304,0,13.16994727,-43.06902725,80.39026113
0.1229142076,0.04394967737,NaN,NaN,0,-3.715243083,1.428568762,52.68774479,0,5.202573194,-45.31625096,81.71465267
0.1229142076,0.04781338527,NaN,NaN,0,13.94633227,1.62198915,63.86571418,0,7.6738306,-41.15741312,82.42346331
0.1229142076,0.05167709317,NaN,NaN,0,47.58882684,1.842308508,23.23596943,6.364107683,-21.32423794,-58.21861693,80.96238008
0.1229142076,0.05554080107,NaN,NaN,0,30.87155733,1.948234821,-26.98579295,0,-48.56564083,-38.89943239,80.68520267
0.1229142076,0.05940450897,0.2210304648,1.865467833,1,31.40220606,1.878516623,-20.00703846,0,-64.68151618,-7.768548198,83.24279734
0.1229142076,0.06326821687,0.186757189,1.875259342,1,66.38384962,1.884535977,97.23305986,0,-89.04512898,-52.95917907,84.31266313
0.1229142076,0.06713192477,0.1334739007,2.445766773,1,77.22196102,2.449406131,125.079693,0,-95.88933396,-110.8541914,86.87627098
0.1229142076,0.07099563267,0.1146319127,2.786838955,1,51.52240987,2.789195554,40.54921937,0,-128.5820541,-87.09523445,87.64456273
0.1229142076,0.07485934057,-0.1642620556,2.938947658,1,-22.19994881,2.943534501,54.26272132,0,-170.1612179,-55.14135009,93.19901607
0.1229142076,0.07872304847,-0.628595447,3.20954433,1,8.95279149,3.270520913,84.34355795,0,-178.3738125,6.142564381,101.0812253
0.1229142076,0.08258675637,-0.8188553932,3.241093455,1,25.39202026,3.34293448,9.695304942,0,-182.8212805,16.8260857,104.1789424
0.1229142076,0.08645046427,-1.236856123,3.181993076,1,-13.73442189,3.413926333,-45.38899321,0,-79.44249146,-59.10753596,111.2413452
0.1229142076,0.09031417218,-1.178863769,3.294097897,1,35.01125398,3.498685573,-1.028466165,6.111147671,7.322927597,-12.21051735,109.6908412
0.1229142076,0.09417788008,-1.073289212,3.225197256,1,11.75589858,3.399095037,44.7647489,0,-85.59510426,62.81721031,108.4065398
0.1229142076,0.09804158798,-1.464156892,3.224348459,1,-23.82272186,3.54121143,70.61455085,0,-143.6395485,5.759644499,114.422508
0.1229142076,0.1019052959,-1.720314508,3.47577767,1,40.2873725,3.87820995,4.955213134,0,-184.3542306,-19.88826773,116.3328223
0.1229142076,0.1057690038,-2.02078915,3.320336412,1,131.5265952,3.886929724,99.60604029,0,-232.1563032,164.8926415,121.3251019
0.1229142076,0.1096327117,-2.109118306,3.223529313,1,365.4318925,3.852209919,-905.4416073,0,127.326875,1204.298904,123.1962642
0.1229142076,0.1134964196,-0.1169132069,-4.831084671,1,-601.6924092,4.832499125,-573.8849777,0,1151.368896,88.49395787,-91.38629864
0.1229142076,0.1173601275,0.01467107759,0.6642905866,1,1.435253285,0.6644525746,638.3314855,0,-13.93024177,-878.9938845,88.73480941
0.1229142076,0.1212238354,NaN,NaN,0,-16.06784973,1.044561892,21.75554238,0,-77.03508396,-168.2830274,99.099128
0.1267779155,0.01690372206,NaN,NaN,0,-24.65898195,0.7813870466,3.437891245,0,19.76522506,-10.57516656,71.60974967
0.1267779155,0.02076742997,NaN,NaN,0,-24.49794328,0.8042837344,9.131517831,2.228349397,19.00143405,-11.91383712,72.85736032
0.1267779155,0.02463113787,NaN,NaN,0,-22.99469834,0.8530781293,18.32706185,0,18.05862066,-16.53728199,74.68769819
0.1267779155,0.02849484577,NaN,NaN,0,-19.47323744,0.9291910643,25.19380476,0,16.9122869,-22.2387132,76.43169528
0.1267779155,0.03235855367,NaN,NaN,0,-16.16152987,1.02885748,30.08300495,0,15.1372445,-28.27099335,77.9160263
0.1267779155,0.03622226157,NaN,NaN,0,-13.08202754,1.148835063,34.86334787,0,12.52491234,-33.45285735,79.26272008
0.1267779155,0.04008596947,NaN,NaN,0,-8.541977839,1.287790169,39.47259759,0,8.78569177,-37.48052764,80.46900728
0.1267779155,0.04394967737,NaN,NaN,0,-1.181779495,1.442158231,42.44196431,0,3.958187922,-39.59792327,81.42721011
0.1267779155,0.04781338527,NaN,NaN,0,8.531357687,1.602717008,41.54677848,0,-0.3440621206,-39.85474454,81.96729768
0.1267779155,0.05167709317,NaN,NaN,0,17.73394936,1.757940679,25.58277766,0,-11.46457443,-42.27566345,81.93575968
0.1267779155,0.05554080107,NaN,NaN,0,8.662877233,1.865757548,9.825892598,0,-17.67553802,-34.76017152,82.3558307
0.1267779155,0.05940450897,NaN,NaN,0,-15.91373202,1.924513455,18.66117597,0,-1.743538056,-24.62864277,83.68195978
0.1267779155,0.06326821687,NaN,NaN,0,-28.51476143,2.024450921,41.25100711,0,12.10884186,-44.83716574,84.90002025
0.1267779155,0.06713192477,NaN,NaN,0,29.67885103,2.25034267,44.94059546,0,-41.82195922,-41.40880354,86.21886259
0.1267779155,0.07099563267,0.1330440053,2.350065171,1,64.08713428,2.353828161,39.60539757,0,-69.36156811,-36.92655869,86.75977845
0.1267779155,0.07485934057,0.1280208902,2.541141321,1,72.3056828,2.544364078,81.60141077,0,-79.76016364,-12.31699007,87.11591778
0.1267779155,0.07872304847,0.1042420688,2.712938438,1,45.96460173,2.7149404,102.2989856,0,-182.8415819,79.50054058,87.79954688
0.1267779155,0.08258675637,-0.4008317794,2.629227853,1,19.90197235,2.659606215,133.1327658,0,-308.9327129,88.74348991,98.66812939
0.1267779155,0.08645046427,-1.012488287,2.884445634,1,31.95670424,3.056985304,225.5423249,0,-206.1026897,75.60423934,109.3419199
0.1267779155,0.09031417218,-1.073680999,3.208544819,1,68.78685622,3.383422933,123.5723712,0,-45.64813754,106.3707552,108.5018776
0.1267779155,0.09417788008,-0.9230870368,2.950907653,1,51.40589485,3.091916179,27.2641469,0,-84.25195993,84.52958952,107.3704454
0.1267779155,0.09804158798,-1.2005886,2.987287876,1,-29.86242698,3.219518883,77.49017974,0,-148.5162476,69.98350052,111.8951549
0.1267779155,0.1019052959,-1.612290131,2.979911269,1,27.86753907,3.388119041,87.35685551,0,-179.596717,31.52664889,118.4157401
0.1267779155,0.1057690038,-1.786825824,3.202999486,1,75.82963632,3.667690313,100.2547255,0,-94.11153454,19.87993232,119.1554072
0.1267779155,0.1096327117,-1.682926046,3.290455993,1,91.75602428,3.695854531,38.92618925,10.5365276,58.50289959,148.1180969,117.0877815
0.1267779155,0.1134964196,-1.206269233,2.78111385,1,-770.4943731,3.031448451,-416.58919,0,1020.128085,172.9345692,113.4481143
0.1267779155,0.1173601275,-0.7184142986,1.012708387,1,-10.15225891,1.241651071,-331.0310006,0,183.0635455,104.7972132,125.3518507
0.1267779155,0.1212238354,NaN,NaN,0,18.68513569,1.222087943,-51.34857647,0,74.60544152,-95.0850868,116.1285177
0.1306416234,0.01690372206,NaN,NaN,0,-16.63468757,0.8477040906,4.781763246,0,14.2517606,-8.280696629,73.73278334
0.1306416234,0.02076742997,NaN,NaN,0,-16.44886167,0.8707148748,8.872674217,0.4582675698,13.61084885,-10.59715531,74.48874323
0.1306416234,0.02463113787,NaN,NaN,0,-15.59286088,0.9173910005,16.12052104,0,12.61814083,-15.81230369,75.70665051
0.1306416234,0.02849484577,NaN,NaN,0,-13.67225169,0.9875104395,22.29800155,0,11.54164801,-21.08059099,77.04654284
0.1306416234,0.03235855367,NaN,NaN,0,-11.37250342,1.078902126,27.29430245,0,10.11066502,-26.15004032,78.32864353
0.1306416234,0.03622226157,NaN,NaN,0,-8.772650423,1.188752336,31.48822159,0,8.138734938,-30.50507471,79.50727732
0.1306416234,0.04008596947,NaN,NaN,0,-5.395163037,1.313962708,34.69241515,0,5.489719549,-33.80230268,80.54669358
0.1306416234,0.04394967737,NaN,NaN,0,-1.001254744,1.449826438,36.06073639,0,2.188548845,-35.74016994,81.39802194
0.1306416234,0.04781338527,NaN,NaN,0,3.626928613,1.588896569,34.29665778,0,-1.543692575,-36.38797832,82.02673154
0.1306416234,0.05167709317,NaN,NaN,0,6.152735674,1.721377249,27.72247012,0,-6.514459637,-36.26912079,82.49281611
0.1306416234,0.05554080107,NaN,NaN,0,1.959734259,1.833904498,22.04540971,0,-8.928398774,-33.23694748,83.14152459
0.1306416234,0.05940450897,NaN,NaN,0,-6.253087936,1.930395877,24.31022746,0,-5.678101893,-30.41330082,84.11361751
0.1306416234,0.06326821687,NaN,NaN,0,-7.392385654,2.039559051,30.52508147,0,-5.769634986,-33.99615325,85.1369782
0.1306416234,0.06713192477,NaN,NaN,0,8.849576173,2.174491081,30.12791358,0,-21.2519516,-31.73366511,86.12057145
0.1306416234,0.07099563267,NaN,NaN,0,11.96168472,2.274668332,21.37704832,0,-23.26870018,-25.70236932,86.85028432
0.1306416234,0.07485934057,NaN,NaN,0,28.75772958,2.353683421,1.702249706,0,-41.99820906,-12.34434051,87.48132367
0.1306416234,0.07872304847,NaN,NaN,0,49.28160604,2.326675587,-56.40496049,0,-66.11079206,42.16288475,88.18171445
0.1306416234,0.08258675637,0.03840964904,1.970572283,1,34.59663456,1.970946581,43.47060194,0,-72.67885663,59.85459307,88.88335375
0.1306416234,0.08645046427,-0.07331376378,2.262201115,1,27.13883549,2.263388785,234.800905,0,-112.2488782,6.682670771,91.85620082
0.1306416234,0.09031417218,-0.2904306952,2.851954507,1,11.00588829,2.866704467,174.6462207,0,-158.0245346,61.06263033,95.81470884
0.1306416234,0.09417788008,-0.6413508689,2.701054931,1,-31.68670601,2.776153576,90.6996789,0,-124.6219458,112.9709671,103.3572129
0.1306416234,0.09804158798,-0.8943616683,2.765904755,1,-16.60124603,2.906907619,106.5564333,0,-143.7712563,113.5079283,107.9187331
0.1306416234,0.1019052959,-1.260983373,2.674196385,1,48.04763772,2.956586777,113.7879047,0,-219.4535183,140.2317741,115.2456265
0.1306416234,0.1057690038,-1.556623923,2.663733368,1,110.632244,3.085215307,141.923289,0,-143.1011703,32.99875886,120.3010233
0.1306416234,0.1096327117,-1.38643382,3.095048952,1,135.8310918,3.391390092,-36.6191479,23.32600597,-6.861603016,112.5577345,114.130096
0.1306416234,0.1134964196,-1.058323491,2.087357469,1,240.1866574,2.340322588,-244.4382114,0,-103.7882444,191.4717951,116.8857345
0.1306416234,0.1173601275,NaN,NaN,0,5.736412906,1.651978625,-136.0716202,0,78.98955623,81.30516264,121.3485479
0.1306416234,0.1212238354,NaN,NaN,0,15.49248367,1.445860279,-75.54607238,0,51.00483095,9.006355031,120.3684403
0.1345053313,0.01690372206,NaN,NaN,0,-9.760139642,0.8917934119,5.362269386,0,8.41528733,-6.99731313,74.85455538
0.1345053313,0.02076742997,NaN,NaN,0,-9.665686697,0.9142040154,8.72250972,0,7.976328194,-9.647398774,75.40270941
0.1345053313,0.02463113787,NaN,NaN,0,-9.255631815,0.9589206095,14.98434654,0,7.261445797,-15.03418648,76.33917992
0.1345053313,0.02849484577,NaN,NaN,0,-8.250405034,1.02515788,20.58337797,0,6.52549928,-20.12130673,77.4535541
0.1345053313,0.03235855367,NaN,NaN,0,-6.883581707,1.111025155,25.30798172,0,5.625032644,-24.74350223,78.58921276
0.1345053313,0.03622226157,NaN,NaN,0,-5.240907695,1.213768771,29.10282088,0,4.429642835,-28.61509848,79.66119198
0.1345053313,0.04008596947,NaN,NaN,0,-3.264769142,1.329839895,31.74810502,0,2.845902642,-31.48343844,80.62290686
0.1345053313,0.04394967737,NaN,NaN,0,-1.055005056,1.45452976,32.81190831,0,0.8499804827,-33.1724755,81.4513341
0.1345053313,0.04781338527,NaN,NaN,0,0.8248758336,1.581814707,31.85664613,0,-1.504797387,-33.68787799,82.1559874
0.1345053313,0.05167709317,NaN,NaN,0,1.290330464,1.705045559,28.96503533,0,-4.121172769,-33.17589393,82.80375637
0.1345053313,0.05554080107,NaN,NaN,0,-0.7235879346,1.818692647,26.32304868,0,-5.845495542,-31.5051968,83.52976383
0.1345053313,0.05940450897,NaN,NaN,0,-3.665968328,1.9242723,26.00924268,0,-6.270835758,-29.79145976,84.38710878
0.1345053313,0.06326821687,NaN,NaN,0,-3.651269426,2.029551464,26.41117772,0,-8.257328312,-29.00048131,85.29286745
0.1345053313,0.06713192477,NaN,NaN,0,1.150154591,2.133883702,23.66892909,0,-14.14751201,-25.82733434,86.17914987
0.1345053313,0.07099563267,NaN,NaN,0,3.661296938,2.216999498,16.16146691,0,-17.97207004,-19.71607848,86.99214717
0.1345053313,0.07485934057,NaN,NaN,0,5.913867915,2.269425537,3.668756939,0,-23.28510349,-10.08763071,87.80544
0.1345053313,0.07872304847,NaN,NaN,0,-3.026129818,2.267630041,-11.52961751,0,-19.8835645,2.191490027,88.75640009
0.1345053313,0.08258675637,NaN,NaN,0,-56.10351497,2.214747278,3.335502987,9.134877462,22.79842595,-17.05845738,90.04173904
0.1345053313,0.08645046427,NaN,NaN,0,-32.39333606,2.347237784,43.23056913,0,-9.368993383,-44.95258479,91.94013284
0.1345053313,0.09031417218,NaN,NaN,0,46.98787551,2.560651982,50.54060151,0,-61.66208657,-13.11348829,93.64901486
0.1345053313,0.09417788008,-0.1361631526,2.591833033,1,16.0253198,2.595407266,50.12005756,0,-64.51587427,65.5250876,93.00729574
0.1345053313,0.09804158798,-0.3503241878,2.495940102,1,16.25764612,2.520405529,-6.821871097,0,-144.2872879,160.2373659,97.98970508
0.1345053313,0.1019052959,-0.6308322912,1.946364939,1,46.91500582,2.046041509,81.23283964,0,-243.7864975,151.966037,107.95792
0.1345053313,0.1057690038,-1.110978126,2.222647689,1,173.9239948,2.48484107,284.9491146,0,-370.2869853,79.76586021,116.5579211
0.1345053313,0.1096327117,-1.389521529,2.7391331,1,180.7116855,3.071419903,55.68475973,0,-258.3412257,255.118155,116.8980036
0.1345053313,0.1134964196,-1.410915994,1.452095304,1,225.9161478,2.024664099,-89.74647962,31.71301332,-106.9874795,283.8314415,134.1759592
0.1345053313,0.1173601275,NaN,NaN,0,121.7525403,1.594949619,-1.642419924,20.67816652,37.58544523,54.69854479,125.6689109
0.1345053313,0.1212238354,NaN,NaN,0,46.19023245,1.468414074,-15.08205648,0,23.55382517,16.66302525,122.792044
0.1383690392,0.01690372206,NaN,NaN,0,-6.479126651,0.9137101532,5.516509063,0,5.516509063,-6.479126651,75.34678867
0.1383690392,0.02076742997,NaN,NaN,0,-6.442248966,0.9356911705,8.615548653,0,5.189439946,-9.195931517,75.8159284
0.1383690392,0.02463113787,NaN,NaN,0,-6.233269413,0.9793148923,14.48859777,0,4.645509651,-14.57811639,76.63940602
0.1383690392,0.02849484577,NaN,NaN,0,-5.622167717,1.043606198,19.80129946,0,4.105883467,-19.56882982,77.65362112
0.1383690392,0.03235855367,NaN,NaN,0,-4.722927731,1.126699617,24.33335669,0,3.486740496,-24.0056323,78.71721674
0.1383690392,0.03622226157,NaN,NaN,0,-3.618394821,1.225844889,27.93627351,0,2.68466643,-27.65908021,79.73871064
0.1383690392,0.04008596947,NaN,NaN,0,-2.359135021,1.337422964,30.40597508,0,1.605401944,-30.32317776,80.66960561
0.1383690392,0.04394967737,NaN,NaN,0,-1.103442175,1.45689769,31.48401073,0,0.194837833,-31.87655059,81.495488
0.1383690392,0.04781338527,NaN,NaN,0,-0.2419736849,1.579011479,31.02189256,0,-1.525081689,-32.34625477,82.23567989
0.1383690392,0.05167709317,NaN,NaN,0,-0.3290833195,1.698575221,29.31627452,0,-3.383556907,-31.88308201,82.94477024
0.1383690392,0.05554080107,NaN,NaN,0,-1.686884766,1.811950207,27.50051747,0,-4.853138235,-30.58847553,83.69540178
0.1383690392,0.05940450897,NaN,NaN,0,-3.40268338,1.918933323,26.36534523,0,-5.935661919,-28.87403177,84.51682988
0.1383690392,0.06326821687,NaN,NaN,0,-3.624652223,2.02099625,24.96869753,0,-7.913556589,-26.85973801,85.37681148
0.1383690392,0.06713192477,NaN,NaN,0,-1.834128941,2.114960991,21.53318096,0,-11.53355446,-23.30108965,86.2376418
0.1383690392,0.07099563267,NaN,NaN,0,-0.9772969736,2.190473958,15.27321019,0,-14.59018699,-17.90490264,87.08885163
0.1383690392,0.07485934057,NaN,NaN,0,-1.962852388,2.239973925,7.270596051,0,-17.06114301,-11.55192647,87.98827538
0.1383690392,0.07872304847,NaN,NaN,0,-10.32632319,2.26068699,1.797927487,0,-13.80694346,-7.735139581,89.04333022
0.1383690392,0.08258675637,NaN,NaN,0,-30.93808442,2.275473251,8.384655573,0,0.4719741801,-15.11313066,90.36792453
0.1383690392,0.08645046427,NaN,NaN,0,-18.34350325,2.352519969,20.15353836,0,-15.6164718,-20.4127929,91.94797998
0.1383690392,0.09031417218,NaN,NaN,0,17.08605063,2.436530374,9.447143663,0,-46.73753609,-0.5709099515,93.43113035
0.1383690392,0.09417788008,NaN,NaN,0,32.11238533,2.397771518,-52.19003177,0,-72.4326556,21.97622844,94.65353561
0.1383690392,0.09804158798,NaN,NaN,0,69.2636381,2.166700997,-95.94750105,0,-112.082409,121.1643032,98.00166931
0.1383690392,0.1019052959,NaN,NaN,0,122.2718874,1.592235316,-134.9509885,0,-82.37828797,275.158927,103.0663377
0.1383690392,0.1057690038,-0.1474717936,0.5610611045,1,452.6172975,0.5801185162,229.6600534,0,-407.4821858,269.0869311,104.7267653
0.1383690392,0.1096327117,-0.1855821434,1.398676751,1,326.1049577,1.410934933,342.6673067,0,-367.7654819,280.5368362,97.55809078
0.1383690392,0.1134964196,-0.3084358901,0.801115094,1,107.8116876,0.8584393352,244.8304131,0,-229.1600644,325.8546034,111.0571154
0.1383690392,0.1173601275,NaN,NaN,0,0.4924770411,1.267621687,117.770245,0,-108.270501,24.8798078,121.0824752
0.1383690392,0.1212238354,NaN,NaN,0,1.027975289,1.367866463,37.48097287,0,-37.48097287,-1.027975289,121.9999952
