PIVlab, ASCII chart output - 19-Sep-2021
FRAME: 216, filenames: A: 72_12_75_60 216.jpg & B: 72_12_75_60 217.jpg, conversion factor xy (px -> m): 0.00024148, conversion factor uv (px/frame -> m/s): 1
x [m],y [m],u [m/s],v [m/s],Vector type [-],vorticity [1/s],magnitude [m/s],divergence [1/s],dcev [1],simple shear [1/s],simple strain [1/s],vector direction [degrees]
0.03791263377,0.01690372206,NaN,NaN,0,-0.5867995712,0.2827070239,-0.9687199563,0,0.9687199563,0.5867995712,-31.6513191
0.03791263377,0.02076742997,NaN,NaN,0,-0.4761465887,0.2849202529,-1.284399504,0,0.9965360531,1.007461345,-32.08787691
0.03791263377,0.02463113787,NaN,NaN,0,-0.3319389884,0.2891379675,-1.939374799,0,1.066469199,1.788031464,-32.93607779
0.03791263377,0.02849484577,NaN,NaN,0,-0.2989676291,0.2951689092,-2.637804159,0,1.167141264,2.521860645,-34.16415007
0.03791263377,0.03235855367,NaN,NaN,0,-0.3756866508,0.3031589286,-3.51593843,0,1.421991348,3.27561982,-35.75468659
0.03791263377,0.03622226157,NaN,NaN,0,-0.5146721651,0.3138524864,-4.728956391,0,1.948980713,4.193267297,-37.71570705
0.03791263377,0.04008596947,NaN,NaN,0,-0.6446308573,0.3287313397,-6.440858096,0,2.839567416,5.455291168,-40.07035513
0.03791263377,0.04394967737,NaN,NaN,0,-0.6984458807,0.3500694257,-8.805696735,0,4.158501574,7.261025393,-42.82431221
0.03791263377,0.04781338527,NaN,NaN,0,-0.5956720368,0.3809139183,-11.90296291,0,5.867608295,9.823873117,-45.9316334
0.03791263377,0.05167709317,NaN,NaN,0,-0.230600128,0.4247611468,-15.59985451,0,7.684038132,13.31594081,-49.27533569
0.03791263377,0.05554080107,NaN,NaN,0,0.4218105874,0.4845824704,-19.35264668,0,8.956101098,17.78761302,-52.68835254
0.03791263377,0.05940450897,NaN,NaN,0,1.095706608,0.5610668058,-22.34148884,0,8.781147937,22.90863678,-56.04758284
0.03791263377,0.06326821687,NaN,NaN,0,1.561011866,0.6511737776,-23.95102563,0,6.261699325,27.49216439,-59.35740713
0.03791263377,0.06713192477,NaN,NaN,0,0.4075903499,0.7477749667,-24.92540738,0,3.020071645,30.17436701,-62.64685574
0.03791263377,0.07099563267,NaN,NaN,0,-4.675294976,0.8466736754,-28.83581557,0,3.953969173,31.88483154,-65.94359605
0.03791263377,0.07485934057,NaN,NaN,0,-17.65684093,0.9612163188,-42.50016233,0,16.78345572,39.75526518,-69.23434877
0.03791263377,0.07872304847,NaN,NaN,0,-33.39838696,1.143225275,-74.14881756,0,39.96710657,62.00950505,-72.60583081
0.03791263377,0.08258675637,NaN,NaN,0,-39.60047556,1.471150035,-123.8335577,0,63.80140448,100.7084516,-75.5873203
0.03791263377,0.08645046427,NaN,NaN,0,-8.475371441,2.006295574,-174.5686888,0,62.85377974,137.3388362,-77.47006088
0.03791263377,0.09031417218,NaN,NaN,0,217.3405917,2.692366389,-63.2154931,0,-160.4661331,95.45324509,-77.64070812
0.03791263377,0.09417788008,NaN,NaN,0,-95.14606432,2.653670164,161.6113194,0,-27.50310111,165.1981768,-75.70985542
0.03791263377,0.09804158798,NaN,NaN,0,-156.61399,2.645810501,-153.9776276,0,-26.65597028,-51.59027873,-87.78200547
0.03791263377,0.1019052959,NaN,NaN,0,-27.00370705,2.96763057,-54.78809649,0,-71.30264782,90.42879188,-91.02505872
0.03791263377,0.1057690038,-0.2774298357,-3.204903927,2,-212.8440611,3.216889258,196.61383,0,-171.7129565,340.2468002,-94.94742836
0.03791263377,0.1096327117,-1.538905994,-3.522111491,1,227.2519403,3.843631228,547.8721966,0,-383.6788,-117.0233363,-113.6018211
0.03791263377,0.1134964196,-0.8818175295,-0.6359418038,1,891.9345304,1.087209333,304.4903587,0,-622.9366644,-101.7072222,-144.2019259
0.03791263377,0.1173601275,NaN,NaN,0,311.8374543,2.015576016,-162.896828,0,-171.1330858,277.2123286,-104.3508009
0.03791263377,0.1212238354,NaN,NaN,0,141.0852524,2.360742549,-57.53863418,0,-57.53863418,141.0852524,-98.23596788
0.04177634167,0.01690372206,NaN,NaN,0,-0.9438975613,0.2805104659,-1.131864052,0,1.430800173,0.5064923612,-31.20789822
0.04177634167,0.02076742997,NaN,NaN,0,-0.7845323786,0.2829636441,-1.398065028,0,1.420210368,0.9723514906,-31.65735339
0.04177634167,0.02463113787,NaN,NaN,0,-0.6057985842,0.2874314931,-1.956305319,0,1.420826118,1.774387819,-32.5157992
0.04177634167,0.02849484577,NaN,NaN,0,-0.6217715714,0.2934014306,-2.527028856,0,1.445457569,2.433001043,-33.73105915
0.04177634167,0.03235855367,NaN,NaN,0,-0.8464411016,0.3007637114,-3.283883238,0,1.682873009,3.008903019,-35.26946815
0.04177634167,0.03622226157,NaN,NaN,0,-1.228254835,0.3101381131,-4.402621758,0,2.289939224,3.676341793,-37.13710353
0.04177634167,0.04008596947,NaN,NaN,0,-1.679875041,0.3229652639,-6.061619539,0,3.370320476,4.637882437,-39.37397563
0.04177634167,0.04394967737,NaN,NaN,0,-2.127667536,0.3415372046,-8.453265547,0,5.040961799,6.123915552,-42.01008856
0.04177634167,0.04781338527,NaN,NaN,0,-2.435046447,0.3691945127,-11.74071128,0,7.337361525,8.457279335,-45.03173529
0.04177634167,0.05167709317,NaN,NaN,0,-2.28867208,0.4103485944,-15.88400638,0,9.999138148,11.99628385,-48.34932585
0.04177634167,0.05554080107,NaN,NaN,0,-1.366121988,0.4696981952,-20.15452972,0,12.1695645,17.10032845,-51.76258319
0.04177634167,0.05940450897,NaN,NaN,0,-0.08308678856,0.5494400398,-23.36855492,0,12.51302755,23.79837223,-55.08805097
0.04177634167,0.06326821687,NaN,NaN,0,1.780429849,0.6469329369,-24.01743845,0,8.383187184,29.96223158,-58.42617781
0.04177634167,0.06713192477,NaN,NaN,0,1.657686581,0.7480372284,-21.65408218,0,1.523914014,31.48140387,-61.77935622
0.04177634167,0.07099563267,NaN,NaN,0,-3.882512793,0.833941062,-19.21811538,0,-0.8357413961,25.58862406,-65.10714436
0.04177634167,0.07485934057,NaN,NaN,0,-26.78545612,0.897318197,-26.10220371,0,18.31790667,23.78510911,-68.04463243
0.04177634167,0.07872304847,NaN,NaN,0,-59.05701517,1.001164089,-59.54540528,0,55.43563031,42.13212564,-71.46170113
0.04177634167,0.08258675637,NaN,NaN,0,-87.25085946,1.266576252,-129.3441816,0,98.90651829,96.21599895,-75.29544694
0.04177634167,0.08645046427,NaN,NaN,0,-116.7327315,1.856614174,-325.071391,0,198.7925688,227.4404364,-78.71427887
0.04177634167,0.09031417218,NaN,NaN,0,626.4485012,3.419979505,-112.353637,141.7353137,-387.5543681,48.15819521,-79.23894973
0.04177634167,0.09417788008,1.286359803,-2.440884515,1,-126.987846,2.759101078,67.10847685,0,-114.5641485,-183.1870381,-62.21051843
0.04177634167,0.09804158798,-0.2947299676,-2.392768374,1,-94.69147863,2.410851768,3.22351679,0,-234.1628821,161.5818176,-97.02205428
0.04177634167,0.1019052959,0.01576261158,-3.052734733,1,220.2961289,3.052775428,110.8717063,54.11328229,52.61178444,300.5020523,-89.70415933
0.04177634167,0.1057690038,0.7597064935,-3.12544464,1,-2.909513514,3.216451174,-23.21675204,0,-184.0434217,403.732118,-76.33798411
0.04177634167,0.1096327117,-0.7065689212,-4.702340455,1,-18.40787874,4.755128326,187.3384265,0,-305.0577278,300.4440433,-98.54527749
0.04177634167,0.1134964196,-0.4900701261,-3.562451706,1,519.7806578,3.59600207,361.0316204,0,-409.0494716,-109.1460605,-97.8327546
0.04177634167,0.1173601275,NaN,NaN,0,215.8824594,2.899141781,180.3191859,0,-134.7963501,-37.69531173,-95.51718498
0.04177634167,0.1212238354,NaN,NaN,0,104.2701194,2.7258456,97.82912651,0,-51.49238365,12.10635954,-93.71836694
0.04564004958,0.01690372206,NaN,NaN,0,-1.680176999,0.2759131086,-1.577435422,0,2.461413692,0.3179940795,-30.29258884
0.04564004958,0.02076742997,NaN,NaN,0,-1.358731788,0.2790736142,-1.698514879,0,2.322575443,0.9414190012,-30.7854234
0.04564004958,0.02463113787,NaN,NaN,0,-1.034553445,0.284358082,-1.998588426,0,2.100769381,1.866331443,-31.68882086
0.04564004958,0.02849484577,NaN,NaN,0,-1.102406194,0.2904536108,-2.259108585,0,1.87751711,2.39786681,-32.90061184
0.04564004958,0.03235855367,NaN,NaN,0,-1.609470848,0.2966765496,-2.750023563,0,2.023523393,2.590569768,-34.34282361
0.04564004958,0.03622226157,NaN,NaN,0,-2.487944254,0.3034516512,-3.669950137,0,2.773495919,2.731392145,-36.00925939
0.04564004958,0.04008596947,NaN,NaN,0,-3.589996504,0.3121689167,-5.196124487,0,4.181863033,3.049589503,-37.97918881
0.04564004958,0.04394967737,NaN,NaN,0,-4.911539637,0.3249513334,-7.591202467,0,6.511900484,3.753307206,-40.32032605
0.04564004958,0.04781338527,NaN,NaN,0,-6.34399422,0.3453869708,-11.24238275,0,10.05755794,5.365272377,-43.08614851
0.04564004958,0.05167709317,NaN,NaN,0,-7.101579324,0.3794868537,-16.61190843,0,14.78424801,8.540608376,-46.31611021
0.04564004958,0.05554080107,NaN,NaN,0,-5.648112296,0.4364052798,-22.40416931,0,19.34356382,14.42778629,-49.75735279
0.04564004958,0.05940450897,NaN,NaN,0,-3.763721956,0.5224055639,-26.8189757,0,22.6395709,25.36407907,-52.91379734
0.04564004958,0.06326821687,NaN,NaN,0,2.810935872,0.6417686765,-26.21080639,0,14.40927971,37.96227053,-56.43101696
0.04564004958,0.06713192477,NaN,NaN,0,7.672118596,0.7664121312,-17.14312759,0,-3.818741051,41.51263275,-60.14261813
0.04564004958,0.07099563267,NaN,NaN,0,12.11569731,0.8463973133,0.4818939489,0,-24.98143941,15.9654057,-64.09695965
0.04564004958,0.07485934057,NaN,NaN,0,-35.15552976,0.7968887767,16.16864384,8.695647079,10.49835622,-13.02180272,-65.39100185
0.04564004958,0.07872304847,NaN,NaN,0,-107.1347315,0.7042696695,-11.62124635,19.77930691,82.89236308,-16.51693869,-67.0618468
0.04564004958,0.08258675637,0.2381778469,-0.7055924193,1,-126.3501667,0.7447075594,-52.59017934,26.86906773,70.33342058,-29.08082482,-71.34751579
0.04564004958,0.08645046427,0.05804780112,-0.7394135877,1,-115.9423188,0.7416886146,-539.1718219,0,139.253468,972.8959501,-85.51119068
0.04564004958,0.09031417218,0.3282453183,-6.547780616,1,-33.27796879,6.55600305,-185.3804301,0,71.70482085,276.3899109,-87.13012064
0.04564004958,0.09417788008,0.206517933,-2.523559303,1,96.08861582,2.5319955,320.7297528,0,10.26299495,-550.2148557,-85.32156951
0.04564004958,0.09804158798,0.739156877,-3.182705052,1,253.6444118,3.267409423,135.3251091,57.52667025,90.53794772,417.8205,-76.92530776
0.04564004958,0.1019052959,1.536338035,-3.615038976,1,61.2764549,3.927956384,184.0180147,0,56.12722171,370.8974077,-66.97522661
0.04564004958,0.1057690038,1.19277039,-3.904752439,1,-59.9811084,4.08286576,-59.89920606,0,-248.1671981,202.6992688,-73.01385263
0.04564004958,0.1096327117,0.3457429882,-4.629642778,1,-173.7204802,4.642534918,157.0697117,0,-111.3361855,239.8704001,-85.72906362
0.04564004958,0.1134964196,0.09139469853,-4.224670113,1,101.9538537,4.225658594,317.4177486,0,-178.1145833,-24.75087187,-88.76068103
0.04564004958,0.1173601275,NaN,NaN,0,37.69581489,3.308003775,242.237585,0,-38.94152032,-90.72088481,-89.1083094
0.04564004958,0.1212238354,NaN,NaN,0,17.73329923,2.939491235,168.3090006,0,0.436542784,-22.89972565,-88.31212931
0.04950375748,0.01690372206,NaN,NaN,0,-2.438586784,0.2682896297,-2.477389897,0,3.930180325,0.0815334376,-28.82282791
0.04950375748,0.02076742997,NaN,NaN,0,-1.740355154,0.2732132874,-2.293828016,0,3.503217504,1.082856367,-29.43977639
0.04950375748,0.02463113787,NaN,NaN,0,-1.071277216,0.280665029,-2.080424922,0,2.782158852,2.351652143,-30.48612371
0.04950375748,0.02849484577,NaN,NaN,0,-1.143828911,0.2876233757,-1.760793496,0,1.940318097,2.701564987,-31.76393194
0.04950375748,0.03235855367,NaN,NaN,0,-2.001091844,0.2923664918,-1.787152291,0,1.760207534,2.224117097,-33.09275591
0.04950375748,0.03622226157,NaN,NaN,0,-3.524054827,0.2953071604,-2.331030739,0.1425412085,2.598658027,1.609067515,-34.41657093
0.04950375748,0.04008596947,NaN,NaN,0,-5.280627086,0.2980459588,-3.461725804,0,4.071735251,1.075776224,-35.92098759
0.04950375748,0.04394967737,NaN,NaN,0,-7.584500289,0.3018478343,-5.473037083,0,6.767219162,0.4744513917,-37.66467924
0.04950375748,0.04781338527,NaN,NaN,0,-10.92781147,0.3096468296,-9.025708821,0,11.59672175,0.7098945912,-39.70992457
0.04950375748,0.05167709317,NaN,NaN,0,-14.1255387,0.3280921904,-16.91707529,0,19.73673212,2.373090992,-42.59493662
0.04950375748,0.05554080107,NaN,NaN,0,-10.36102592,0.3764632073,-26.03126339,0,27.78087186,6.706129246,-46.34291431
0.04950375748,0.05940450897,NaN,NaN,0,-12.13462461,0.4656828515,-35.29237217,0,44.29241254,25.26788725,-48.45698903
0.04950375748,0.06326821687,NaN,NaN,0,5.554916997,0.635573263,-36.86368381,0,30.43310182,55.01013873,-52.8148079
0.04950375748,0.06713192477,NaN,NaN,0,14.10415463,0.8339864597,-21.18951573,0,-6.226718526,80.64145087,-57.51799058
0.04950375748,0.07099563267,0.4145722921,-0.8997975248,1,-3.472606188,0.990709731,68.58845964,0,-22.46831204,56.25045345,-65.26260752
0.04950375748,0.07485934057,0.3476515886,-0.6558472606,1,-52.67265713,0.7422918943,185.9188284,0,-0.3803770147,8.681909934,-62.07282697
0.04950375748,0.07872304847,0.2095908649,-0.2150058426,1,-77.48886412,0.300259626,153.4205894,0,-10.95036603,104.0684191,-45.7306664
0.04950375748,0.08258675637,0.005948236369,-0.4651648901,1,254.1362208,0.4652029197,35.71526892,36.44443935,219.3817512,196.1067574,-89.2673775
0.04950375748,0.08645046427,2.039125994,-0.8347117037,1,135.471555,2.203356178,-50.82316499,11.62444593,119.2687672,593.38946,-22.2616303
0.04950375748,0.09031417218,0.9901904321,-2.954214299,2,-844.43948,3.115743766,-138.7694501,212.7429598,420.124382,362.7637897,-71.46993275
0.04950375748,0.09417788008,0.399696398,-2.772489645,1,186.1644405,2.801152627,111.330505,42.94293485,34.41969334,129.1242438,-81.79646646
0.04950375748,0.09804158798,1.842463093,-3.022964108,1,222.9964038,3.540195227,120.5797165,0,232.5497608,198.2616297,-58.63815584
0.04950375748,0.1019052959,2.159793713,-3.072629866,1,-92.85870454,3.755763994,-52.81453656,18.34367374,-44.57892851,161.8954351,-54.89608995
0.04950375748,0.1057690038,1.311444224,-3.852540722,1,-191.0202256,4.069638309,-101.2171462,14.95440301,-153.9080202,258.198196,-71.20090118
0.04950375748,0.1096327117,0.8270917249,-4.461305763,1,-147.2981445,4.537326287,39.21719329,41.26927689,-26.30064806,244.2051574,-79.49705021
0.04950375748,0.1134964196,0.6407091977,-4.644554338,1,-43.12490132,4.688538501,300.6707395,0,-91.56732409,-30.48531159,-82.14570597
0.04950375748,0.1173601275,NaN,NaN,0,-203.8330773,3.196561085,253.0764766,0,137.6615848,-227.7097015,-84.4945347
0.04950375748,0.1212238354,NaN,NaN,0,-69.97334187,2.813409853,189.5897815,0,110.5362271,-14.81414299,-82.13384018
0.05336746538,0.01690372206,NaN,NaN,0,-3.285065833,0.2560451964,-4.431487396,0,6.436072146,-0.285668991,-26.58031881
0.05336746538,0.02076742997,NaN,NaN,0,-1.719926444,0.2651099606,-3.558713201,0,5.35085378,1.596551721,-27.53969133
0.05336746538,0.02463113787,NaN,NaN,0,-0.3663713526,0.2777435207,-2.268489747,0,3.584330427,3.755855773,-28.96076488
0.05336746538,0.02849484577,NaN,NaN,0,-0.4005403897,0.2872826649,-0.916488188,0,1.341388891,3.832623898,-30.5107333
0.05336746538,0.03235855367,NaN,NaN,0,-1.727012789,0.2901612946,-0.3067613655,0.4823817996,0.4783306193,1.995266119,-31.78451789
0.05336746538,0.03622226157,NaN,NaN,0,-4.326556124,0.2878195175,-0.4052947259,1.158996878,1.789193403,0.404984596,-32.52417046
0.05336746538,0.04008596947,NaN,NaN,0,-6.423956723,0.2835848584,-0.8467109066,1.700370425,2.739200784,-0.8300035151,-33.36569318
0.05336746538,0.04394967737,NaN,NaN,0,-9.218022963,0.2759579359,-1.81351124,2.248466671,4.888519161,-3.641172454,-34.1249459
0.05336746538,0.04781338527,NaN,NaN,0,-15.65721268,0.2657508674,-2.470340162,3.530987116,9.825377795,-5.373236396,-34.07770728
0.05336746538,0.05167709317,NaN,NaN,0,-28.11173808,0.2510354582,-15.9994205,0,24.78508684,-6.464268245,-34.89093138
0.05336746538,0.05554080107,NaN,NaN,0,-9.535828069,0.2783149499,-29.5114368,0,27.75077896,-15.24424754,-41.86624497
0.05336746538,0.05940450897,0.2762871822,-0.1987205643,1,15.88863105,0.3403299424,-49.61359573,0,40.45880696,15.833172,-35.72571429
0.05336746538,0.06326821687,0.4249725377,-0.4386129041,1,15.53892894,0.6107232904,32.01211376,0,71.15770671,172.943101,-45.90491387
0.05336746538,0.06713192477,0.6112576583,-0.743236733,1,18.15647426,0.9623080412,109.2979387,0,92.38936146,211.8275897,-50.56521189
0.05336746538,0.07099563267,0.8520893565,-0.8347575267,1,-1.141778663,1.192843829,169.3525352,0,123.4248398,112.2128937,-44.41132431
0.05336746538,0.07485934057,1.083723688,-0.5224658487,1,34.29422086,1.20309085,193.076028,0,73.69870102,78.35137749,-25.73883
0.05336746538,0.07872304847,1.269342462,-0.3914949882,1,88.36974208,1.328344312,138.4134718,0,-75.3908226,220.5645292,-17.14098971
0.05336746538,0.08258675637,1.133870441,-0.8398735384,1,163.7366425,1.411045619,171.655807,0,65.32389801,277.9064475,-36.52786045
0.05336746538,0.08645046427,2.154365482,-0.8020164271,1,61.17747159,2.2988086,-477.1278837,0,-45.69400911,-264.3784434,-20.41904117
0.05336746538,0.09031417218,1.193694018,-1.661875232,1,-232.8630993,2.04615119,-246.0538337,0,-30.8215948,351.2584667,-54.31101694
0.05336746538,0.09417788008,1.135564846,-3.109856681,1,82.58129091,3.310697222,27.2323655,0,118.6173265,411.298262,-69.9403232
0.05336746538,0.09804158798,1.971066705,-3.145793671,1,86.94341776,3.712293331,-30.74382718,0,125.8650914,51.72704055,-57.92988766
0.05336746538,0.1019052959,1.957794764,-3.428500024,1,-1.314356258,3.948110023,-93.06869149,0,-43.14226348,66.2518533,-60.27210502
0.05336746538,0.1057690038,1.799299312,-3.761361718,1,-113.1673027,4.16957072,-4.817125584,32.88098465,-20.63955159,185.0636288,-64.43523504
0.05336746538,0.1096327117,1.440804164,-4.162143795,1,-203.1162922,4.404470185,8.187602112,59.31349342,31.26400455,176.5429187,-70.90574485
0.05336746538,0.1134964196,1.135312271,-4.411837485,1,-342.9899141,4.555572845,374.035706,0,8.773608923,-188.63008,-75.56899774
0.05336746538,0.1173601275,0.1494899849,-1.988167552,1,-195.9777365,1.993779695,314.1840905,0,99.32224172,-247.726371,-85.70003107
0.05336746538,0.1212238354,NaN,NaN,0,49.82838384,2.366755046,111.3947028,0,267.159185,242.1561628,-71.22199864
0.05723117328,0.01690372206,NaN,NaN,0,-4.361141625,0.2354528915,-8.826545032,0,11.36272498,-0.9669061881,-22.9431125
0.05723117328,0.02076742997,NaN,NaN,0,-0.7001618596,0.2539771602,-6.277502247,0,8.667546621,2.869618336,-24.90838982
0.05723117328,0.02463113787,NaN,NaN,0,1.72625864,0.2783375086,-2.518332678,0,4.862920187,7.24259533,-27.17635853
0.05723117328,0.02849484577,NaN,NaN,0,1.635051494,0.293891098,0.6700918571,0.3988239957,-0.63742358,6.877808712,-29.49141816
0.05723117328,0.03235855367,NaN,NaN,0,-0.1798627992,0.2933750157,1.881889743,0,-2.97746735,1.519338885,-31.00247007
0.05723117328,0.03622226157,NaN,NaN,0,-5.631200157,0.282623658,1.863324108,1.520961339,1.340584181,-1.154391735,-30.46176134
0.05723117328,0.04008596947,NaN,NaN,0,-6.870620718,0.2731638541,2.293688143,1.914658871,0.2073553199,-1.159602426,-30.69724372
0.05723117328,0.04394967737,NaN,NaN,0,-7.206422165,0.2536729577,1.536043192,2.081533812,0.2222789018,-8.835901297,-30.81206022
0.05723117328,0.04781338527,0.2079025797,-0.0993764079,1,-8.773503078,0.2304325348,16.17431933,0,-7.56659169,-12.88036005,-25.54756962
0.05723117328,0.05167709317,0.1547341986,-0.01767849564,1,-31.42307269,0.1557408149,24.23422102,5.916429635,0.1221583192,31.72037074,-6.517823314
0.05723117328,0.05554080107,0.08696498955,-0.1283007037,1,-14.76889111,0.1549967096,10.39230821,0,20.87200207,71.45634986,-55.8697321
0.05723117328,0.05940450897,0.1783148366,-0.2536121158,1,127.3093631,0.3100246543,31.96091616,0,154.5593239,74.18900485,-54.88892346
0.05723117328,0.06326821687,1.176023263,-0.2914577036,1,168.7288608,1.211601546,67.50334844,0,222.1651102,109.7144597,-13.91934275
0.05723117328,0.06713192477,1.688614961,-0.4167035199,1,-12.63627615,1.739270626,133.2514811,0,97.12392643,166.134607,-13.86206048
0.05723117328,0.07099563267,1.502458864,-0.418508497,1,-92.33925079,1.559657655,138.864472,0,16.70020957,161.3548728,-15.56512823
0.05723117328,0.07485934057,1.3963678,-0.5035998593,1,26.11174992,1.484404207,4.896085688,7.568768575,-1.75221196,115.9863503,-19.83183213
0.05723117328,0.07872304847,1.596577004,-0.8477288301,1,120.4311607,1.807678704,-63.42117267,28.88531461,-30.73554189,25.04388159,-27.96680276
0.05723117328,0.08258675637,1.742925471,-0.8454029883,1,-276.0707011,1.937135878,-21.19989324,0,-350.8956551,82.30251123,-25.87562429
0.05723117328,0.08645046427,-0.8258378599,-1.247631888,1,61.30869007,1.496193002,-210.8074841,0,-150.9259893,132.950892,-123.5015432
0.05723117328,0.09031417218,1.396670404,-2.173584942,1,489.8835513,2.583633046,-41.39402852,121.0924723,265.8383053,317.231695,-57.27660434
0.05723117328,0.09417788008,2.094050648,-2.633256929,1,26.21609631,3.364385556,61.33388513,0,110.1466178,242.2474548,-51.50715029
0.05723117328,0.09804158798,1.9235361,-2.87258213,1,-71.96193396,3.457125862,-71.11174216,0,62.16063286,84.43411383,-56.19297658
0.05723117328,0.1019052959,2.056181284,-3.234240682,1,-76.42875561,3.832518005,-3.771827236,0,98.25441245,157.3320669,-57.55367833
0.05723117328,0.1057690038,2.007864063,-3.495040519,1,-161.5855922,4.030735209,100.5140761,36.48047056,28.20470537,183.7212143,-60.123085
0.05723117328,0.1096327117,1.540836497,-3.555728759,1,-276.8580096,3.875226977,248.142798,17.04549674,108.4183398,193.8949903,-66.57102635
0.05723117328,0.1134964196,1.35706238,-3.285442835,1,-428.6147138,3.554680425,479.276956,0,175.6496871,87.20122333,-67.55677523
0.05723117328,0.1173601275,0.5634535254,-2.040862653,1,0.82894589,2.11721521,992.9624569,0,101.1448012,646.6090006,-74.56591851
0.05723117328,0.1212238354,NaN,NaN,0,219.2831604,2.618764857,433.9424045,0,395.4660168,385.4768341,-48.03639531
0.06109488118,0.01690372206,NaN,NaN,0,-6.080306209,0.1985754851,-19.05672401,0,22.00244714,-2.198589357,-15.72424
0.06109488118,0.02076742997,NaN,NaN,0,3.30455783,0.2381242686,-12.17132779,0,14.84408338,5.571142192,-21.27004742
0.06109488118,0.02463113787,NaN,NaN,0,6.336516276,0.288501784,-2.197430575,0,7.837227278,15.4670985,-25.09669242
0.06109488118,0.02849484577,NaN,NaN,0,5.394350525,0.3169479152,4.233298551,0,-5.776536047,14.91667674,-29.20153647
0.06109488118,0.03235855367,NaN,NaN,0,5.003710255,0.3070337193,5.300904373,0,-13.09136062,-1.641327554,-32.2074268
0.06109488118,0.03622226157,0.2454183673,-0.1278107648,1,-2.876510028,0.276705198,3.565058564,0,-1.927995605,-5.500242703,-27.50992713
0.06109488118,0.04008596947,0.2412254189,-0.1286189846,1,-7.061133876,0.2733725406,7.900940683,0,-4.632412539,7.460731346,-28.06609347
0.06109488118,0.04394967737,0.2002379196,-0.1261099245,1,8.102179578,0.2366409464,12.37991754,0,-10.27180982,16.42332097,-32.20274067
0.06109488118,0.04781338527,0.2328426014,-0.1442415144,1,54.0413261,0.2739001488,55.70414625,0,3.381288888,28.68472007,-31.77741867
0.06109488118,0.05167709317,0.4221021308,-0.02171475415,1,51.56046139,0.422660312,78.69162781,0,23.66758617,53.79279827,-2.944945898
0.06109488118,0.05554080107,0.5235018031,-0.04803971001,1,4.692672959,0.5257013901,88.45677993,0,63.71760718,107.0192394,-5.243124698
0.06109488118,0.05940450897,0.6864194706,-0.09343467553,1,58.94172947,0.6927493979,63.68651523,0,92.77485861,111.3379267,-7.751400197
0.06109488118,0.06326821687,1.109690383,-0.2321508449,1,113.1480659,1.133713703,-48.25824686,0,166.7847368,10.16249857,-11.81605037
0.06109488118,0.06713192477,1.767998052,-0.3191553712,1,82.44297515,1.796573757,-50.77653228,0,151.1043972,-3.850092182,-10.23271573
0.06109488118,0.07099563267,2.012049211,-0.4134609023,1,-59.65868621,2.054091513,-7.640751725,17.47128399,3.43809526,72.84377122,-11.61220044
0.06109488118,0.07485934057,1.550778111,-0.6301240584,1,-131.4181022,1.673908324,-24.61804376,24.43927164,-99.18561176,120.8634687,-22.11326806
0.06109488118,0.07872304847,1.121063819,-0.9755589714,1,-26.53923852,1.48610208,-110.6391589,0,-20.26166001,18.47289063,-41.03005937
0.06109488118,0.08258675637,1.369953109,-1.128975304,1,140.4827799,1.775206117,-147.905689,0,49.09845957,19.41292815,-39.49185892
0.06109488118,0.08645046427,1.853550352,-1.622029234,1,178.0851516,2.463052526,224.0941469,0,52.13335937,586.0638792,-41.18894813
0.06109488118,0.09031417218,2.259450189,-2.527520619,1,72.4926793,3.39020289,49.73009659,8.011301421,45.26055862,350.8771961,-48.2052167
0.06109488118,0.09417788008,2.308514468,-2.785573662,1,-41.59322683,3.617825268,84.12997362,0,-19.72345055,110.0280573,-50.35012126
0.06109488118,0.09804158798,2.022540458,-2.627583249,1,-18.68738359,3.315850364,125.6696974,0,81.47479242,117.3879186,-52.41329395
0.06109488118,0.1019052959,2.551106675,-2.753575288,1,8.157556102,3.753707785,110.2399295,0,218.2987429,213.8927435,-47.18579903
0.06109488118,0.1057690038,2.89750145,-3.028067446,1,-52.55138795,4.191026975,220.3525989,0,207.2220823,199.640172,-46.2622704
0.06109488118,0.1096327117,3.148709059,-2.67354852,1,-116.1280807,4.13064528,439.4235321,0,226.5186819,193.3047453,-40.33437136
0.06109488118,0.1134964196,3.324018488,-2.077136345,1,258.4021749,3.919642114,493.3189939,0,604.9151892,215.6137019,-32.00073222
0.06109488118,0.1173601275,6.484315179,-1.600576389,1,24.44147908,6.678936152,428.6197769,0,131.8440854,294.7908598,-13.8656131
0.06109488118,0.1212238354,NaN,NaN,0,-767.1093909,4.226331148,243.0539674,0,-556.2074782,222.0814252,-21.66189751
0.06495858908,0.01690372206,NaN,NaN,0,-10.3365145,0.1357361681,-44.15919886,0,46.64835339,-3.213104414,7.075681027
0.06495858908,0.02076742997,NaN,NaN,0,17.64271834,0.2141393922,-25.36818798,0,24.84964771,10.36097495,-16.9366545
0.06495858908,0.02463113787,0.298880534,-0.1213270307,1,7.94661551,0.3225675464,-5.490183607,0,24.3927242,26.98115652,-22.09411336
0.06495858908,0.02849484577,0.3298013753,-0.1878416293,1,-10.58579256,0.3795437061,5.366683316,2.635044249,1.973329367,31.17018205,-29.66410311
0.06495858908,0.03235855367,0.2656044919,-0.2210242126,1,-21.60373632,0.3455393591,15.83756484,4.27540581,-2.638753249,3.35561299,-39.76571754
0.06495858908,0.03622226157,0.2361354768,-0.1396150133,1,-1.617329353,0.2743215547,26.84643617,0,9.028808587,3.30492811,-30.5936865
0.06495858908,0.04008596947,0.2942402828,-0.130066702,1,-4.544395719,0.3217059076,10.44195211,0,28.61955297,26.31116535,-23.84746439
0.06495858908,0.04394967737,0.3291548521,-0.2009290179,1,26.56203255,0.3856363402,0.5381759438,0,35.48101848,43.25499,-31.40152663
0.06495858908,0.04781338527,0.5339565092,-0.2951119939,1,44.8112961,0.6100824884,33.79399322,0,42.5297967,14.25819965,-28.92895467
0.06495858908,0.05167709317,0.6666153224,-0.125448418,1,44.68010557,0.6783165143,55.9558393,0,35.10613308,-46.24298241,-10.65768258
0.06495858908,0.05554080107,0.8422272299,0.09975440094,1,17.99641386,0.8481141711,18.66530187,0,30.64671292,18.00333916,6.754712237
0.06495858908,0.05940450897,0.8545581557,-0.1228907874,1,5.911281802,0.8633491687,7.537620551,0,42.38563758,55.15397253,-8.183386423
0.06495858908,0.06326821687,1.028832419,-0.0842212744,1,32.22318057,1.032273883,-1.858550606,0,129.0197241,5.524267691,-4.679856152
0.06495858908,0.06713192477,1.47755364,-0.1514158408,1,28.86769048,1.485291728,-43.20061753,0,158.9187276,-19.77760216,-5.851097004
0.06495858908,0.07099563267,1.754384286,-0.174720964,1,-24.59352639,1.763063141,-42.16986147,0,99.82653461,16.74947099,-5.687392785
0.06495858908,0.07485934057,1.768232008,-0.3790629311,1,-100.1748594,1.808406243,10.8261348,27.80961374,-32.83489047,178.7356024,-12.09959215
0.06495858908,0.07872304847,1.240473465,-0.8234741005,1,-46.03734165,1.488920418,59.23745228,0,-89.00522531,271.3193173,-33.57773992
0.06495858908,0.08258675637,1.246466976,-1.198485309,1,217.9814953,1.729175224,15.94358755,62.02312468,57.37644303,251.6753627,-43.87572687
0.06495858908,0.08645046427,2.304376107,-1.734272823,1,290.3474541,2.884068561,-27.20977373,73.24497582,149.1353002,252.3964027,-36.96510882
0.06495858908,0.09031417218,2.944499966,-2.278801902,1,21.63885717,3.723307421,2.618529748,0,118.0830042,213.4226847,-37.73693746
0.06495858908,0.09417788008,2.844220566,-2.548758502,1,-80.25313908,3.819130861,134.4402678,0,59.06617655,187.9595408,-41.86410386
0.06495858908,0.09804158798,2.862639731,-2.48558474,1,0.6383918806,3.791152559,261.9820666,0,119.5349491,229.256512,-40.96726478
0.06495858908,0.1019052959,3.308535253,-2.422316518,1,-5.41871684,4.10049056,216.0915609,0,204.1795286,217.5841608,-36.20941245
0.06495858908,0.1057690038,3.63059345,-2.49135171,1,-85.56024492,4.403185453,183.466328,0,260.7749625,134.1678905,-34.45832685
0.06495858908,0.1096327117,3.985513742,-2.231841756,1,-67.73922385,4.567870117,171.6115351,0,188.239479,30.62418335,-29.24832357
0.06495858908,0.1134964196,4.096171237,-1.946617765,1,-137.9116275,4.535189029,188.7314862,0,-24.37103983,31.89990987,-25.41840428
0.06495858908,0.1173601275,3.358500918,-1.625890355,1,-75.88061646,3.731360055,-197.7987168,0,-65.94293958,-408.5410715,-25.83217775
0.06495858908,0.1212238354,NaN,NaN,0,-125.4607932,3.724517786,54.02024294,0,223.6594823,-201.4439403,-17.69990829
0.06882229698,0.01690372206,0.008111487646,0.1663573977,1,-26.68693267,0.166555036,-57.25749872,0,107.3392541,59.15651301,87.20850275
0.06882229698,0.02076742997,0.1639199934,-0.05853747071,1,25.21387134,0.17405861,-26.26203797,0,61.79804606,32.01919122,-19.65215501
0.06882229698,0.02463113787,0.3443001203,-0.05882424798,1,17.32461145,0.3492890852,3.303250148,0,48.3932105,15.61558666,-9.695464689
0.06882229698,0.02849484577,0.4178344613,-0.1061087426,1,-29.30462049,0.4310970915,-0.8938370157,3.61161811,26.62463989,7.270666779,-14.24900911
0.06882229698,0.03235855367,0.3339454581,-0.09036950579,1,-46.32723009,0.3459569577,17.14364705,8.56055435,31.85407863,12.1143991,-15.14222977
0.06882229698,0.03622226157,0.3619144316,-0.08667719756,1,-18.36715811,0.3721491534,63.53233374,0,31.12259211,40.26806686,-13.4684466
0.06882229698,0.04008596947,0.3832287292,-0.0004831740407,1,-25.74191947,0.3832290338,60.03378181,0,27.69017472,61.32072447,-0.07223836974
0.06882229698,0.04394967737,0.3694419209,-0.0916495681,1,-49.51608962,0.3806402189,-19.70190992,0,58.64553479,19.78694161,-13.93242858
0.06882229698,0.04781338527,0.4185022386,-0.1530565617,1,-50.29451712,0.4456124267,-18.13921898,0,73.63682306,-26.66568672,-20.08870906
0.06882229698,0.05167709317,0.4596297727,-0.05870578732,1,4.679093772,0.4633636773,-4.280595622,0,59.16540195,-44.11122362,-7.278641245
0.06882229698,0.05554080107,0.6651787212,0.0008373504207,1,52.26588833,0.6651792482,-49.66509566,0,69.12312799,-77.15096445,0.07212590874
0.06882229698,0.05940450897,0.9286414741,0.04749158107,1,20.43263748,0.9298550628,9.05160038,0,98.28102665,-27.4432326,2.927608478
0.06882229698,0.06326821687,1.123853643,0.1418427249,1,39.20031566,1.132769337,45.47125527,0,115.0626743,10.31531938,7.193325504
0.06882229698,0.06713192477,1.524668607,0.1833238483,1,50.79288354,1.535650349,14.01969456,0,153.6683813,33.32261714,6.856243426
0.06882229698,0.07099563267,1.913832247,0.06726187044,1,71.47527005,1.915013846,-35.52667758,0,124.8440959,107.6689136,2.012838773
0.06882229698,0.07485934057,2.283189292,-0.3699420885,1,48.49386194,2.312965735,-75.37497801,0,76.87958415,237.4944791,-9.203572945
0.06882229698,0.07872304847,2.398238622,-1.141574323,1,79.23949376,2.656076132,78.30981295,0,-47.98317918,435.3668837,-25.45469633
0.06882229698,0.08258675637,2.403954562,-1.749506314,1,124.3616642,2.97317505,232.6410638,0,-40.1505654,498.2039511,-36.04569713
0.06882229698,0.08645046427,2.723605709,-2.167631749,1,79.34488651,3.480898657,216.0519429,0,99.29588864,320.9724758,-38.51517402
0.06882229698,0.09031417218,3.094170336,-2.154888606,1,48.82174012,3.770601407,111.3160021,0,166.1446774,131.9316321,-34.85470469
0.06882229698,0.09417788008,3.554173155,-2.247284521,1,30.51342812,4.205048696,150.2428102,0,183.3672586,153.6884838,-32.30494685
0.06882229698,0.09804158798,3.920542835,-2.168201682,1,-1.537653679,4.480151187,175.5611887,0,175.6009757,97.00048017,-28.94417733
0.06882229698,0.1019052959,4.226702987,-1.943748891,1,-90.36456357,4.652222898,161.4419996,0,143.2165025,37.65616342,-24.69645002
0.06882229698,0.1057690038,4.124747289,-1.689929369,1,-180.3761232,4.457510681,130.7551735,20.28722218,103.6068143,63.66228925,-22.27915518
0.06882229698,0.1096327117,3.930088802,-1.684521584,1,-83.13471096,4.275887155,-0.3553868663,0,96.52248978,-13.67955396,-23.20102682
0.06882229698,0.1134964196,4.176473756,-1.638448679,1,-2.780215829,4.486362347,-30.82745714,0,57.5220731,-62.49172322,-21.42029146
0.06882229698,0.1173601275,4.141595349,-1.562180109,1,-109.9816798,4.426422791,181.7000169,0,-101.7878492,-187.7085878,-20.66611625
0.06882229698,0.1212238354,3.358258154,-0.2111617346,1,-285.4783812,3.364890356,68.82763485,0,-120.0063059,-630.5101044,-3.597927425
0.07268600488,0.01690372206,0.1420396801,0.5345580551,1,-40.73339987,0.5531072093,-126.8423499,0,84.76151669,108.9877687,75.11954274
0.07268600488,0.02076742997,0.2270955715,0.07896870901,1,13.12314899,0.2404338903,-65.21755284,0,46.38903957,73.46919781,19.17426907
0.07268600488,0.02463113787,0.3719773932,-0.001287039071,1,6.429974958,0.3719796198,-6.017717133,0,26.52904126,7.10853734,-0.1982421887
0.07268600488,0.02849484577,0.3544395828,0.02825269589,1,-35.90021949,0.3555638237,4.095546011,0,37.62696564,-17.21366492,4.557461648
0.07268600488,0.03235855367,0.378649036,0.08104552755,1,-7.089547291,0.3872253478,26.35294908,0,80.27062855,20.31050739,12.08122199
0.07268600488,0.03622226157,0.6371899047,0.05159892558,1,5.333577987,0.6392757024,54.84231267,0,94.17436138,56.05001914,4.629646
0.07268600488,0.04008596947,0.7631186475,0.07637930252,1,-93.95076641,0.7669314624,119.1012215,0,14.31055476,76.29856057,5.715606263
0.07268600488,0.04394967737,0.3294833897,0.2169759048,1,-124.0291997,0.394509629,82.26890161,26.81480078,19.91283875,54.48646968,33.36624937
0.07268600488,0.04781338527,0.3608434411,0.1837225043,1,-52.5786012,0.40492215,22.6925855,0,91.44284307,56.83210817,26.9828017
0.07268600488,0.05167709317,0.4796434681,0.08507076137,1,-42.66827459,0.4871292343,21.87547255,0,40.44335884,26.75075137,10.05753126
0.07268600488,0.05554080107,0.3522470165,0.164885851,1,4.636053013,0.3889284054,-44.36815365,0,74.0072608,-68.39219735,25.08416356
0.07268600488,0.05940450897,0.783498261,0.1778926488,1,97.54563626,0.80343968,-37.49848343,0,133.3539179,-48.88725041,12.79208703
0.07268600488,0.06326821687,1.244375448,0.2088887199,1,104.6917949,1.261786334,12.94793262,0,122.2850536,-4.696357663,9.529186214
0.07268600488,0.06713192477,1.660470504,0.2460650326,1,96.41685906,1.678603674,-14.18881424,0,107.7252203,31.72773392,8.429312357
0.07268600488,0.07099563267,2.033120813,0.03148059001,1,91.94990107,2.033364519,-40.79493337,0,98.06029657,92.61417462,0.8870898407
0.07268600488,0.07485934057,2.394614406,-0.269388792,1,131.2585816,2.409719584,-168.9334539,0,177.2661293,179.5675124,-6.418660825
0.07268600488,0.07872304847,3.225170176,-1.315025347,1,220.9785129,3.482960569,55.72937419,6.497621237,212.7044339,460.709191,-22.18260298
0.07268600488,0.08258675637,4.070238634,-1.83411251,1,72.49030902,4.464393714,326.6305049,0,226.2153514,415.188605,-24.25706417
0.07268600488,0.08645046427,4.379281596,-1.657187978,1,-151.0749509,4.682347626,294.5632244,0,102.9603246,292.3342339,-20.72741873
0.07268600488,0.09031417218,3.884337772,-1.825500342,1,-150.9441298,4.291914657,129.5178339,15.35416678,57.57286639,207.4191605,-25.17185227
0.07268600488,0.09417788008,4.018522308,-1.958175949,1,-109.5834437,4.470232051,110.9803526,0,117.7105158,104.6839335,-25.97939833
0.07268600488,0.09804158798,3.915738405,-1.801172818,1,-96.40095715,4.310131178,66.35429996,0,111.7411671,-47.09849016,-24.70162291
0.07268600488,0.1019052959,4.077792399,-1.519827508,1,-29.19270947,4.351811864,33.89243965,0,149.8093151,-71.45926868,-20.44084746
0.07268600488,0.1057690038,4.381765736,-1.39412459,1,-97.13002025,4.598201207,59.69492299,14.38363463,59.21163399,64.3203508,-17.64925031
0.07268600488,0.1096327117,3.93128683,-1.53769881,1,-150.8554844,4.221318961,-48.26274926,41.99712607,-16.38090364,34.43054758,-21.36264889
0.07268600488,0.1134964196,3.735613183,-1.713627334,1,-121.8724217,4.109905655,-91.76291091,21.70296327,-32.38387576,-77.13111709,-24.64221074
0.07268600488,0.1173601275,3.335285555,-1.594231787,1,-375.2434762,3.696715397,24.09978631,86.25002044,-234.9433691,-291.8123548,-25.54731425
0.07268600488,0.1212238354,1.378029448,-0.493035099,1,-486.2672476,1.463573971,80.20153557,0,-526.8818606,-489.819137,-19.68633076
0.07654971278,0.01690372206,-0.06087339894,0.6512330983,1,106.6583691,0.6540719525,-231.4363976,0,26.20640476,69.43566611,95.34015195
0.07654971278,0.02076742997,0.1958019392,0.06999221354,1,54.37619415,0.2079358299,-124.1086281,0,51.58112469,39.56845139,19.670159
0.07654971278,0.02463113787,0.348514731,0.01883267329,1,10.51159135,0.3490231902,-7.345160784,0,33.83646672,-35.29411882,3.093080955
0.07654971278,0.02849484577,0.3671498816,0.1779788235,1,2.27134456,0.4080140894,39.32561132,0,40.6213111,-19.77099442,25.86215664
0.07654971278,0.03235855367,0.5142394235,0.2471646958,1,35.7435627,0.5705546175,58.53813317,0,73.79373655,38.19528696,25.6708608
0.07654971278,0.03622226157,0.7903700101,0.2565776391,1,34.19206053,0.8309734279,99.31117943,0,127.2996991,55.14576722,17.98497373
0.07654971278,0.04008596947,1.138196411,0.4178069479,1,-47.28639503,1.212457717,88.86455549,0,75.09768977,35.0502431,20.1570791
0.07654971278,0.04394967737,0.8978247294,0.4645004231,1,-95.50439578,1.01086591,85.72513436,12.00002249,-11.24124747,89.45386278,27.35532914
0.07654971278,0.04781338527,0.7257624259,0.4034002304,1,-70.46057751,0.8303389939,60.34905753,10.62563316,5.673736075,112.6529948,29.06660058
0.07654971278,0.05167709317,0.6475072983,0.2624132874,1,-117.2781591,0.6986604574,34.3718098,33.00117032,-11.16238986,69.19141828,22.06108453
0.07654971278,0.05554080107,0.2295056621,0.268867434,1,-36.42155676,0.3535004187,-24.4485908,4.276320425,22.79861531,-4.631107767,49.51587678
0.07654971278,0.05940450897,0.5948722318,0.1858443216,1,112.1906996,0.6232263505,-60.96417079,0,127.5348905,-45.68105471,17.34935192
0.07654971278,0.06326821687,1.155735318,0.2098179377,1,103.4931638,1.174626619,-67.25230788,0,154.6944796,-77.90832345,10.28969297
0.07654971278,0.06713192477,1.59243387,0.2270160531,1,100.4317275,1.60853409,-67.6039437,0,147.5972037,-36.81815788,8.113370606
0.07654971278,0.07099563267,2.114046659,0.09087065379,1,75.72879987,2.11599876,-55.49548894,0,113.6857048,53.00091577,2.461299462
0.07654971278,0.07485934057,2.324276188,-0.1921823629,1,262.9974047,2.332207936,-159.3428889,0,326.9953653,167.9110429,-4.726739009
0.07654971278,0.07872304847,4.393606386,-1.173542948,1,265.0221495,4.547634564,-121.2147264,0,497.4192165,128.1248497,-14.95472453
0.07654971278,0.08258675637,5.270126918,-1.155557653,1,-114.7403122,5.395326794,105.745453,0,269.4103041,108.9989857,-12.36727805
0.07654971278,0.08645046427,4.991206056,-1.186113648,1,-211.1975971,5.130205013,-11.74404551,62.21362137,-15.04374331,38.38453362,-13.3678487
0.07654971278,0.09031417218,4.395996463,-1.34923984,1,-211.4597258,4.598394617,93.12352423,53.72964478,55.19297116,140.4804703,-17.0625427
0.07654971278,0.09417788008,4.387436961,-1.369087054,1,-225.4377183,4.596085557,242.9218409,0,121.6372205,246.7423864,-17.33038187
0.07654971278,0.09804158798,3.99494166,-1.364001312,1,-135.3507484,4.221381106,229.9001869,0,56.18295526,199.6314133,-18.8515518
0.07654971278,0.1019052959,4.081555733,-1.252137355,1,-35.47888116,4.269302655,245.7418782,0,193.0902841,173.7565121,-17.05493644
0.07654971278,0.1057690038,4.603906082,-1.085870884,1,-214.8990046,4.730229042,177.438803,0,161.864323,154.8733625,-13.27116234
0.07654971278,0.1096327117,3.876645215,-1.164951084,1,-324.9842864,4.047899351,55.11011064,93.77419873,45.46276339,108.6390519,-16.72578331
0.07654971278,0.1134964196,3.523916566,-1.292691077,1,-310.9435646,3.753536757,24.52314811,85.51434066,111.8050551,-12.96664435,-20.14473515
0.07654971278,0.1173601275,3.107232183,-1.020101476,1,-402.7221628,3.270397355,26.2213569,117.9514996,-49.77093958,-213.0840889,-18.17496079
0.07654971278,0.1212238354,1.775615391,-0.3680847358,1,-358.5789425,1.813366038,77.72104196,0,-330.7158106,-259.787257,-11.71152404
0.08041342068,0.01690372206,-0.483883826,0.223715165,1,202.2844114,0.5330966443,-57.62415546,0,-3.335184963,22.89217337,155.1873704
0.08041342068,0.02076742997,-0.09954297703,0.06816937706,1,98.70565728,0.120647703,-61.5767846,0,80.16798316,-26.66687364,145.5957374
0.08041342068,0.02463113787,0.2072316718,0.08883346619,1,59.45204909,0.2254691786,-16.44807111,0,77.6017607,-44.46685264,23.20323685
0.08041342068,0.02849484577,0.4299929106,0.1764257646,1,74.62075247,0.4647794677,19.15913112,8.27019719,66.47869341,-16.87537829,22.30830548
0.08041342068,0.03235855367,0.7523987155,0.2280602849,1,109.3162809,0.786203104,88.0794042,0,98.76713016,27.27929049,16.86263046
0.08041342068,0.03622226157,1.23396643,0.4113396443,1,49.19610555,1.300720359,102.3236663,0,77.49321228,19.19746183,18.43568017
0.08041342068,0.04008596947,1.241889234,0.5492356578,1,-30.60950387,1.357920718,23.64935694,0,-28.30865729,-10.30881376,23.85780192
0.08041342068,0.04394967737,1.006323865,0.5425440967,1,-30.22892494,1.143259296,47.94738931,0,-24.80018226,66.41472859,28.33064662
0.08041342068,0.04781338527,1.029272838,0.4778832531,1,-48.92621953,1.134801735,195.1958435,0,16.17469234,207.4827452,24.90507007
0.08041342068,0.05167709317,0.8797815306,0.4950710974,1,-173.0714277,1.009510244,202.4546759,0,-31.23523894,224.2440962,29.3673495
0.08041342068,0.05554080107,0.2398915554,0.3936952977,1,-101.8723865,0.4610248863,97.5450537,0,-29.69275331,164.2925883,58.64466763
0.08041342068,0.05940450897,0.3714522606,0.2371781207,1,24.61084711,0.4407156032,-19.34535912,0,90.20777426,-22.71526985,32.55887256
0.08041342068,0.06326821687,0.6835171699,0.4067156484,1,57.49012665,0.7953699392,-93.52083626,0,171.7098458,-142.9864118,30.75406522
0.08041342068,0.06713192477,1.257014005,0.4282986556,1,94.03633308,1.32797739,-76.76503468,0,252.7718045,-17.60407566,18.81536455
0.08041342068,0.07099563267,2.023482511,0.1781349836,1,81.07811416,2.031308333,14.79905338,0,221.922339,131.375677,5.030998915
0.08041342068,0.07485934057,2.42771925,-0.02211936602,1,27.85964562,2.427820015,-49.37584531,0,290.0697617,104.684959,-0.522017219
0.08041342068,0.07872304847,3.251868874,-0.4171109633,1,14.83908841,3.278510749,-205.3176938,0,625.0201431,-120.4905327,-7.309307816
0.08041342068,0.08258675637,4.899948418,-0.3498667387,1,-119.1553173,4.912423153,-284.3457603,0,437.5913426,-159.544447,-4.084109307
0.08041342068,0.08645046427,4.482212661,-0.8993067833,1,-295.3088044,4.571540553,-395.1573438,0,266.0537339,-279.8884149,-11.34513343
0.08041342068,0.09031417218,4.786915371,-0.7952322097,1,-154.571601,4.852520277,-63.90148126,0,524.2240768,-136.9212396,-9.432191782
0.08041342068,0.09417788008,5.910441852,-0.617179766,1,-449.0942019,5.942578039,-98.9465025,0,653.1488796,-30.12392822,-5.96133139
0.08041342068,0.09804158798,5.575323042,-1.061142534,1,-1355.053925,5.675407518,-190.630187,97.76044342,1300.228298,-185.5772036,-10.77612852
0.08041342068,0.1019052959,5.698611643,-0.636703018,1,-183.8907375,5.734070578,422.1210774,0,207.2879083,131.5397452,-6.375188238
0.08041342068,0.1057690038,5.665722876,0.06157885552,1,-407.0167292,5.666057506,278.9602838,81.00192549,113.3491151,141.7078271,0.6227042319
0.08041342068,0.1096327117,4.563965763,-0.1063996168,1,-456.503004,4.56520584,180.2767587,123.7019443,-31.48904571,216.9847634,-1.335493129
0.08041342068,0.1134964196,3.780264138,-0.08025015243,1,-473.3405963,3.781115846,45.28055535,139.0528888,-31.52759567,77.40817566,-1.216133146
0.08041342068,0.1173601275,2.613302541,-0.2305313573,1,-538.3076598,2.623450948,-160.9720095,130.0689598,-265.5019044,-81.99866278,-5.041272778
0.08041342068,0.1212238354,0.6745787743,-0.3853800961,1,-511.2805782,0.7769004706,-370.9223247,0,-492.2754962,-290.7668146,-29.73889497
0.08427712858,0.01690372206,-0.1950676325,-0.1432209606,1,50.89296445,0.2419992249,233.3855631,0,-25.05154293,160.0937823,-143.7134448
0.08427712858,0.02076742997,-0.1451457803,-0.001631944388,1,49.14700961,0.1451549544,102.6330797,0,30.62736757,42.5408512,-179.3558229
0.08427712858,0.02463113787,0.1131572588,0.08895785741,1,68.90091851,0.1439377144,23.83522791,0,65.97455064,-14.50934518,38.17243302
0.08427712858,0.02849484577,0.3759736354,0.1465202856,1,109.0864058,0.4035150166,6.846025154,0,110.0798683,-23.55171829,21.29130713
0.08427712858,0.03235855367,0.9599517236,0.2064058589,1,107.0743232,0.9818913841,45.59021105,0,121.7003514,-11.19180095,12.13480655
0.08427712858,0.03622226157,1.259892153,0.365909394,1,32.89001815,1.311951951,35.92169519,0,26.58358996,-21.0937143,16.19483687
0.08427712858,0.04008596947,1.189740373,0.426696747,1,22.17466838,1.263943143,41.7488481,0,-1.522383877,10.80289976,19.73021674
0.08427712858,0.04394967737,1.339686548,0.4854754991,1,144.811003,1.424937369,101.0481305,0,137.7813993,41.97679367,19.91949924
0.08427712858,0.04781338527,2.281594871,0.6549311379,1,97.00094175,2.373733336,122.9628132,0,150.548871,38.85930436,16.01611026
0.08427712858,0.05167709317,2.296146715,0.8104268906,1,-184.0307301,2.43497053,163.0389349,1.252199778,-85.25076561,190.7798222,19.4405267
0.08427712858,0.05554080107,1.241169828,0.5477484529,1,-302.8332668,1.356661678,133.070035,60.44635993,-179.5490757,229.1267797,23.81264861
0.08427712858,0.05940450897,0.4323622473,0.4392916873,1,-203.2241423,0.616371884,116.8109382,46.37955,-55.39515754,90.05396819,45.45547812
0.08427712858,0.06326821687,0.2419403958,0.6511295691,1,36.08721243,0.6946257056,28.7417463,0,169.7919497,-75.05281352,69.61643019
0.08427712858,0.06713192477,1.227819192,0.8403235481,1,218.3010751,1.487845299,-31.82493819,0,412.4098344,-27.66365804,34.38786853
0.08427712858,0.07099563267,2.67882312,0.6350515982,1,37.73152219,2.753068078,10.72178372,0,301.3612066,15.74354377,13.33655026
0.08427712858,0.07485934057,2.537974448,0.8209209341,1,-144.116269,2.667437999,59.12202578,0,262.1260822,-82.96087234,17.92406854
0.08427712858,0.07872304847,3.134778567,1.184018414,1,-178.5210379,3.350930657,8.04957415,0,441.7630829,-37.14739353,20.69175159
0.08427712858,0.08258675637,3.555064817,0.9955488152,1,-423.8539202,3.691829261,-184.1727986,90.28017575,229.2863799,-132.1007496,15.64419925
0.08427712858,0.08645046427,2.383026425,0.982827227,1,-390.7175595,2.577744033,-70.71037352,0,407.5437055,-142.6308124,22.41263028
0.08427712858,0.09031417218,3.62007613,1.273428383,2,-169.0050615,3.83752147,70.07929557,0,558.7136348,-423.4443015,19.38026079
0.08427712858,0.09417788008,3.888746518,2.889658248,2,-479.2055429,4.844839964,672.2098813,0,200.0203754,-1300.456119,36.61538265
0.08427712858,0.09804158798,2.541386192,8.895233595,1,107.136218,9.251152603,-619.0490025,0,496.4272421,61.74665959,74.05525392
0.08427712858,0.1019052959,6.220739428,0.2592626699,1,333.6464263,6.226139748,-1201.668652,0,620.8404781,861.262361,2.386543453
0.08427712858,0.1057690038,6.229244786,0.9246707396,1,-323.1265034,6.297500026,-18.74680445,89.2926186,113.6925214,-75.14755738,8.443345872
0.08427712858,0.1096327117,5.411547697,0.4771787046,1,-509.5485246,5.432545259,0.7028941383,149.3707457,-67.95237823,132.7846791,5.039185841
0.08427712858,0.1134964196,3.997949985,0.4143453036,1,-620.6969091,4.019363894,35.15961799,171.5072399,-218.6737947,149.8780284,5.916977913
0.08427712858,0.1173601275,2.168464477,0.03394027605,1,-754.4578937,2.168730073,-116.2401449,168.0969424,-482.4130791,67.26232795,0.8967063193
0.08427712858,0.1212238354,-0.7809581642,-0.2946546505,1,-797.4858165,0.8346957633,-478.1639303,0,-729.2458707,-308.0708824,-159.3285644
0.08814083648,0.01690372206,1.036405429,-0.06971222819,1,-162.939962,1.038747327,304.3825197,0,-134.7216404,270.0491178,-3.84811664
0.08814083648,0.02076742997,0.4613666868,-0.003385110227,1,-111.096603,0.4613791051,121.3690884,0,-94.18321912,83.26085982,-0.4203793956
0.08814083648,0.02463113787,0.2432641585,0.07752683554,1,-19.98579533,0.2553191357,60.69125695,0,-4.840018928,13.15937096,17.67676996
0.08814083648,0.02849484577,0.3654469921,0.1802642132,1,73.85326472,0.4074882705,34.18063552,0,92.31870853,-19.40626991,26.25576315
0.08814083648,0.03235855367,0.8853041244,0.2845709854,1,103.8887142,0.9299161459,10.82718508,0,135.7283708,-42.67303803,17.81941364
0.08814083648,0.03622226157,1.291257417,0.3869734479,1,59.90400504,1.347996352,22.92602586,0,84.93865056,-21.87709819,16.68280573
0.08814083648,0.04008596947,1.444933837,0.4576771698,1,9.33437269,1.515685385,71.82840875,0,59.94440945,38.59341357,17.57539553
0.08814083648,0.04394967737,1.558930395,0.5153837613,1,7.56853028,1.641914857,97.10619712,0,46.6727322,38.32855492,18.2939313
0.08814083648,0.04781338527,1.654506232,0.6847768103,1,83.46695516,1.790617254,-11.904163,0,94.57535055,-105.4268295,22.4839741
0.08814083648,0.05167709317,2.246833858,0.8767280266,1,-21.38952445,2.411828024,-6.195155615,3.163185494,17.457555,-54.14199713,21.31602705
0.08814083648,0.05554080107,1.63931425,0.8700294007,1,-216.0236005,1.855883178,105.5501496,52.59637216,-62.49539005,123.2486638,27.95612837
0.08814083648,0.05940450897,1.170717834,0.8083461373,1,-245.9820031,1.422674848,181.2096621,47.13510217,-47.70725755,167.4192052,34.62393461
0.08814083648,0.06326821687,0.5045847337,0.9233116979,1,-101.9409261,1.052193064,135.8023284,0,64.78739599,40.05697834,61.34363969
0.08814083648,0.06713192477,1.027167446,1.178278203,1,144.8318564,1.563141863,13.66179687,0,274.7526759,-57.10219128,48.91961508
0.08814083648,0.07099563267,2.125736806,1.196723078,1,51.09011894,2.439447293,-84.26468159,0,287.5600839,-179.8216499,29.37814508
0.08814083648,0.07485934057,2.33561291,1.547482416,1,-2.092258749,2.801747579,61.87376378,0,264.4585192,-140.7198684,33.5268406
0.08814083648,0.07872304847,3.139443399,1.979485695,1,24.47834482,3.711397105,52.71914144,0,322.9461851,-109.3516463,32.23230142
0.08814083648,0.08258675637,3.677959811,2.173676599,1,-161.6266682,4.272266182,21.55984237,0,295.819327,-31.61598852,30.58311452
0.08814083648,0.08645046427,3.657924635,2.184941573,1,-271.1824985,4.260795972,107.7940707,41.7912799,204.8359703,148.4846033,30.85060154
0.08814083648,0.09031417218,3.421616206,2.016460267,1,-227.5704943,3.97159533,-94.40806874,29.0346706,182.317918,-48.3924804,30.51211065
0.08814083648,0.09417788008,3.483081899,2.007150781,2,27.25248484,4.02001415,-292.7689253,0,-27.13514402,114.4813212,29.9530036
0.08814083648,0.09804158798,3.422069576,0.4429642718,1,1020.933438,3.450619877,-161.0361246,186.0291235,-787.9191184,236.0487254,7.375548257
0.08814083648,0.1019052959,4.383381166,0.4729309089,1,27.62475691,4.408820034,-184.3021755,0,459.180395,-522.4115084,6.157924765
0.08814083648,0.1057690038,5.302942488,1.749319973,1,-111.2330685,5.584023585,-66.97737633,0,291.459319,-358.6319276,18.25654625
0.08814083648,0.1096327117,5.079722754,1.599798903,1,-383.8411297,5.32568679,-109.7700268,95.7249725,174.7810882,-38.26611171,17.48120768
0.08814083648,0.1134964196,4.495195554,1.473049731,1,-440.8901292,4.730397296,79.56507221,105.5416379,-246.4434529,281.2440243,18.14367241
0.08814083648,0.1173601275,2.424066563,0.8205703421,1,-1120.225361,2.559186274,287.8059279,255,-654.856662,700.5624432,18.7014649
0.08814083648,0.1212238354,-2.363202883,-0.1217208782,1,-1321.070475,2.36633553,-341.3187054,0,-1156.999591,146.4465422,-177.0514867
0.09200454438,0.01690372206,2.024368424,-0.03419360872,1,-376.2085346,2.024657185,-25.4382559,0,-337.5534224,-76.12016144,-0.9676910369
0.09200454438,0.02076742997,0.6454845672,0.0637164307,1,-222.9592883,0.6486217003,5.914041525,30.35558048,-197.8473441,-41.10564183,5.637461129
0.09200454438,0.02463113787,0.3984945133,0.1474767133,1,-43.51120586,0.4249085291,30.60400796,8.496225936,-11.46890757,-9.292625014,20.30874103
0.09200454438,0.02849484577,0.4330574686,0.2178653667,1,38.32533885,0.4847722033,46.10041013,0,75.14445439,-0.9912135463,26.70635124
0.09200454438,0.03235855367,0.8369086499,0.3294249918,1,92.4030915,0.8994092025,38.50668238,0,122.6461451,-24.84453134,21.4856509
0.09200454438,0.03622226157,1.263944903,0.4626359517,1,84.65539326,1.345952726,19.38469782,0,117.0858901,-56.40109179,20.10390969
0.09200454438,0.04008596947,1.61637804,0.6222391459,1,47.67254843,1.732010255,13.64792327,0,107.3655604,-31.36758147,21.05465573
0.09200454438,0.04394967737,1.862966869,0.636562713,1,1.45902014,1.968719798,33.10582629,0,53.38056738,13.5361308,18.86493791
0.09200454438,0.04781338527,1.828262188,0.6978507329,1,27.51738775,1.95692061,91.08153484,0,24.26052019,7.235148488,20.89193909
0.09200454438,0.05167709317,2.063021581,0.9605206584,1,47.25085607,2.275666491,25.44066103,7.878158185,29.59745404,-89.23826681,24.96618041
0.09200454438,0.05554080107,2.125181611,1.140936612,1,-62.80025802,2.412080685,49.69110597,10.91591294,-10.61606442,-13.6798154,28.22981513
0.09200454438,0.05940450897,1.779362356,1.205367388,1,-213.571217,2.149195416,60.01569715,53.24897375,-97.98758955,20.05861553,34.11431599
0.09200454438,0.06326821687,0.9214093885,1.295319104,1,-158.2500146,1.589605877,122.9952865,28.2697032,-27.94008504,87.55465271,54.574321
0.09200454438,0.06713192477,1.059978197,1.342299645,1,56.57958247,1.710357306,67.01466944,0,134.1856889,1.434306688,51.70279155
0.09200454438,0.07099563267,1.658470674,1.54870247,1,98.54907824,2.269141758,-1.49663233,0,205.1379403,-133.1048307,43.03976882
0.09200454438,0.07485934057,2.23333613,1.850795281,1,121.4440921,2.900557436,89.44975042,0,204.0195477,-114.631023,39.64899323
0.09200454438,0.07872304847,2.915967111,2.337210967,1,112.9094379,3.737033489,58.18041938,0,219.1225656,-177.9117655,38.71293221
0.09200454438,0.08258675637,3.516210805,2.762986521,1,-22.24987261,4.471893664,-21.28571723,0,140.5935112,-146.7642967,38.1597398
0.09200454438,0.08645046427,3.373212362,2.822023546,1,-151.3074829,4.397997105,-30.81634316,42.5478177,35.3892259,-55.17919911,39.91579341
0.09200454438,0.09031417218,3.06833652,2.85711748,1,-152.3765709,4.192589807,-29.52470559,30.71987028,107.5188661,7.357794999,42.95849605
0.09200454438,0.09417788008,3.199895294,2.679520337,1,-117.2094754,4.173626615,-112.620928,0,55.83745785,133.45404,39.94204861
0.09200454438,0.09804158798,2.831212971,1.906355682,1,-219.2564425,3.413203608,-46.82983182,0,294.3938228,148.0225633,33.95377473
0.09200454438,0.1019052959,3.490204184,1.926667598,1,-49.19879703,3.986674463,-10.31777178,0,503.0637967,-158.9317022,28.89963987
0.09200454438,0.1057690038,4.584814756,2.480556499,1,34.21023369,5.212838659,-202.1291529,0,315.0333297,-385.5964856,28.41504808
0.09200454438,0.1096327117,4.839579299,2.635531781,1,-46.55170034,5.510676506,-470.6132677,0,255.4691979,-130.2857715,28.57176974
0.09200454438,0.1134964196,5.392010942,1.165630463,2,504.5348082,5.516563819,122.5894192,131.1069515,-207.5010023,330.5613482,12.19833953
0.09200454438,0.1173601275,5.987231161,1.831988996,1,-588.3349309,6.261239546,297.3554266,0,-1204.217302,511.233692,17.01320295
0.09200454438,0.1212238354,-1.533887281,0.3392673194,1,-2043.616507,1.570959103,132.1023512,0,-1849.596249,904.79103,167.5280338
0.09586825228,0.01690372206,0.6440133698,0.07963983428,1,-124.0819838,0.6489188883,-452.8106532,0,-40.84598457,-460.0577188,7.049508733
0.09586825228,0.02076742997,0.3253966226,0.09364010665,1,-45.58674027,0.3386021731,-123.0880785,0,-36.82328161,-154.5834931,16.05434825
0.09586825228,0.02463113787,0.3256051172,0.2013289166,1,16.97143254,0.3828211397,-1.783554661,0,38.5035501,-61.02261208,31.72942763
0.09586825228,0.02849484577,0.5397357513,0.3225225208,1,56.16350089,0.6287570737,47.67782853,0,102.3592405,-4.109832225,30.86069603
0.09586825228,0.03235855367,0.9380906853,0.4014213106,1,58.31063375,1.02036915,20.11486494,0,99.18086073,-28.99673949,23.16671738
0.09586825228,0.03622226157,1.148236883,0.5122754149,1,51.537242,1.257328135,6.276288505,0,61.92360437,-67.97679394,24.04360375
0.09586825228,0.04008596947,1.376470254,0.6883135319,1,80.23835364,1.538975594,-35.42133375,0,72.69877957,-88.1473793,26.56766201
0.09586825228,0.04394967737,1.739141293,0.7159934536,1,74.08804341,1.880760235,-74.63456971,0,96.18956059,-70.46233235,22.37665473
0.09586825228,0.04781338527,2.034373178,0.6721932254,1,25.59931659,2.142549406,-13.33735434,0,42.00342624,-37.28507154,18.28447751
0.09586825228,0.05167709317,2.000338544,0.8085204378,1,-14.01826118,2.157558711,-20.35072319,0,-52.21910103,-123.7386259,22.00815499
0.09586825228,0.05554080107,1.778451358,1.071653882,1,-61.41682676,2.076374551,-39.96605041,0,-73.23024529,-155.5045656,31.07220014
0.09586825228,0.05940450897,1.480101588,1.254927512,1,-62.84616078,1.940500907,-12.47301892,7.387966564,-56.30445115,-104.3892117,40.29347143
0.09586825228,0.06326821687,1.318088197,1.426791202,1,-42.65891294,1.942444241,128.6645459,0,-6.119953713,70.89671699,47.26784845
0.09586825228,0.06713192477,1.291634296,1.478125529,1,-2.019691849,1.96295039,120.2224536,0,76.45282186,73.17953292,48.85197924
0.09586825228,0.07099563267,1.60567607,1.608551307,1,97.26169759,2.272802884,69.56510642,0,147.7582565,-30.96121104,45.05125303
0.09586825228,0.07485934057,2.238319828,1.866529856,1,134.1713647,2.914448379,94.05172683,0,143.0650126,-108.166171,39.82465073
0.09586825228,0.07872304847,2.676836451,2.389862196,1,107.7774044,3.588439034,72.52666905,0,96.77838421,-169.8120469,41.7582708
0.09586825228,0.08258675637,3.028663645,2.802855867,1,99.77167639,4.126597204,-18.66009505,20.83313564,68.15678628,-152.319507,42.78250384
0.09586825228,0.08645046427,3.325662979,2.906283122,1,51.26556138,4.416618145,8.0282443,12.42459598,28.27101368,-48.33327622,41.15007555
0.09586825228,0.09031417218,3.335969738,3.02062032,1,35.96085557,4.500315679,22.58477318,3.332960677,25.61522233,82.25013708,42.15989396
0.09586825228,0.09417788008,3.563574958,2.675753584,1,68.04784289,4.456312794,-25.21844599,8.982094699,55.42913999,128.2769722,36.9014993
0.09586825228,0.09804158798,3.813048732,2.42755886,1,-43.72384355,4.520219315,139.2938508,0,86.65557717,157.1630403,32.48266996
0.09586825228,0.1019052959,3.729450636,2.606712255,1,-168.7573978,4.550137452,142.6313087,24.78739348,-33.35582017,37.34914506,34.95175548
0.09586825228,0.1057690038,3.032142295,2.834338387,1,-152.9996105,4.150585621,-65.06353551,28.81199291,-98.42370413,-106.4763913,43.0688529
0.09586825228,0.1096327117,2.758024389,2.766719433,1,374.0885612,3.906588659,-768.5345207,0,457.7278032,295.8283009,45.09017412
0.09586825228,0.1134964196,6.246037754,-1.278048656,1,196.6217124,6.375452611,-1037.082127,0,525.5328632,82.50009386,-11.56409309
0.09586825228,0.1173601275,5.548218728,-1.559019239,1,-512.7396027,5.7630957,-138.658782,0,-678.5998067,-631.9583343,-15.69507374
0.09586825228,0.1212238354,1.643050266,0.6279167222,1,-1096.398756,1.758946726,994.1354591,0,-925.0627847,-137.9045488,20.91511908
0.09973196018,0.01690372206,-1.502688318,0.287405979,1,258.6635295,1.529926265,-368.8626744,0,297.9681142,-270.5994988,169.1723051
0.09973196018,0.02076742997,-0.4273572779,0.09757587515,1,216.1174436,0.4383552149,-148.9062376,0,213.1381292,-134.2220394,167.138478
0.09973196018,0.02463113787,0.1558298307,0.2306705261,1,132.8895591,0.2783735399,1.67468514,0,133.3698954,-75.65422875,55.95894578
0.09973196018,0.02849484577,0.6013914801,0.3963522107,1,85.4343535,0.7202546683,29.63063359,0,81.95973193,-36.79909951,33.38722192
0.09973196018,0.03235855367,0.8025916811,0.4873356107,1,50.09651168,0.9389618756,-25.56009108,0,59.6842232,-53.10192759,31.26622514
0.09973196018,0.03622226157,1.025552173,0.502765822,1,38.70183402,1.142160554,-42.55182575,0,48.35261087,-69.92781433,26.11590215
0.09973196018,0.04008596947,1.138944628,0.593108434,1,41.71813259,1.284123234,-51.49698827,0,29.92357966,-108.2276478,27.50836616
0.09973196018,0.04394967737,1.302354822,0.7219565195,1,62.76486584,1.48907666,-88.44435678,0,65.02100884,-131.957736,29.00166425
0.09973196018,0.04781338527,1.632671921,0.761231421,1,13.31266694,1.801413578,-104.5357145,0,39.472794,-128.0797438,24.99723273
0.09973196018,0.05167709317,1.506302425,0.8129237717,1,-54.46452795,1.711663534,-51.86529581,2.855060855,-13.53535211,-138.3266955,28.35492212
0.09973196018,0.05554080107,1.369940247,1.095293014,1,-39.09513648,1.753967807,-28.48617182,7.637009092,-7.094067546,-136.5996427,38.64299369
0.09973196018,0.05940450897,1.327840832,1.230642643,1,39.74039878,1.81042608,13.56471948,0,43.73267361,-74.7447399,42.82434823
0.09973196018,0.06326821687,1.692455817,1.43649497,1,63.18674762,2.2198929,89.41223285,0,60.88737,-17.95920505,40.32338645
0.09973196018,0.06713192477,1.807226981,1.645494516,1,0.4794457072,2.444119793,104.962525,0,29.32845809,25.42456256,42.31811006
0.09973196018,0.07099563267,1.80762485,1.743806424,1,28.36766352,2.51164656,69.89157332,0,67.80292434,7.862240777,43.97051845
0.09973196018,0.07485934057,2.178802041,1.885157738,1,96.17770451,2.881145264,40.39080632,0,93.396662,-102.194388,40.86723497
0.09973196018,0.07872304847,2.540084828,2.294713966,1,114.2080649,3.423118916,34.54044027,26.67728038,60.95878067,-161.0432066,42.0946747
0.09973196018,0.08258675637,2.855595566,2.64083582,1,123.5325458,3.889529517,-8.69527217,33.07291387,51.79143879,-122.1783241,42.76244437
0.09973196018,0.08645046427,3.217485492,2.73317933,1,114.0604371,4.22166817,-5.653904039,30.84817358,45.83581819,-51.28601686,40.34712932
0.09973196018,0.09031417218,3.473387991,2.817144975,1,91.2796073,4.472217565,14.15738167,26.58669252,7.226246004,40.66403746,39.04431433
0.09973196018,0.09417788008,3.598083336,2.630765355,1,54.46911309,4.457255887,11.53585433,0,75.78085024,116.8857684,36.1726819
0.09973196018,0.09804158798,3.976635803,2.41010368,1,34.6014805,4.649971189,86.97382059,0,117.4578274,133.8059352,31.218628
0.09973196018,0.1019052959,4.185596085,2.449819744,1,-4.832789189,4.849827972,171.03691,0,-9.299029113,98.22649392,30.34034026
0.09973196018,0.1057690038,3.922034585,2.691421859,1,-122.8204777,4.756690752,273.2070098,0,-180.6226325,141.5020128,34.45912292
0.09973196018,0.1096327117,3.013180542,2.958689381,1,-286.8501599,4.222925507,125.0798179,0,-287.274449,191.0720695,44.47721117
0.09973196018,0.1134964196,1.703784798,2.436447075,1,-528.476593,2.973071979,-613.4654851,0,527.5995024,-155.99411,55.03526371
0.09973196018,0.1173601275,3.00979172,1.191153615,2,-566.0873516,3.236926495,-513.8304884,0,584.3480626,-142.3770433,21.59165222
0.09973196018,0.1212238354,1.774338852,1.001259465,1,-549.3942393,2.037350946,185.6712925,0,-90.1224636,283.9676211,29.43603842
0.1035956681,0.01690372206,-1.826681681,0.2315012684,1,272.8707187,1.841292698,-19.26058196,0,274.8691054,58.06015044,172.7772257
0.1035956681,0.02076742997,-0.7685283381,0.08212890605,1,240.905539,0.7729042396,-15.33120446,0,242.1670687,-8.002370844,173.900227
0.1035956681,0.02463113787,0.03976977004,0.203184796,1,179.9577947,0.2070403244,19.05504103,28.17958412,151.476999,-39.68870922,78.92539145
0.1035956681,0.02849484577,0.5120388929,0.309097598,1,113.0428837,0.5981012899,5.407153642,31.14192336,40.79738259,-55.48788227,31.11771703
0.1035956681,0.03235855367,0.6341636223,0.4384654274,1,38.06936194,0.770983418,-7.206292699,10.23873876,14.11095838,-69.44329555,34.66026913
0.1035956681,0.03622226157,0.7136484088,0.5495631976,1,-5.090185921,0.9007295707,-40.64971706,0,37.48841488,-93.52053506,37.59898888
0.1035956681,0.04008596947,0.7593409155,0.6427428246,1,5.14410798,0.9948451963,-57.44295282,0,39.87057254,-102.7743645,40.24618847
0.1035956681,0.04394967737,0.8875719856,0.7247105311,1,36.33436998,1.145857488,-62.05149149,0,61.05241182,-95.83393412,39.23194807
0.1035956681,0.04781338527,1.135614994,0.773268315,1,34.48434801,1.373886932,-71.12569314,0,63.32849631,-133.7464432,34.25191619
0.1035956681,0.05167709317,1.265492245,0.9666588178,1,-26.07511127,1.592450907,-3.572857409,0,27.36739285,-112.8017019,37.37475968
0.1035956681,0.05554080107,1.140607992,1.195296665,1,-16.6773172,1.652186645,17.69549016,0,11.04221601,-60.90612406,46.34117537
0.1035956681,0.05940450897,1.24371986,1.270352496,1,49.96827572,1.777817357,26.8897972,0,67.41995463,-30.72594905,45.60693581
0.1035956681,0.06326821687,1.594161825,1.417907079,1,80.60479872,2.133497694,20.24738338,13.93773703,62.18344264,-62.37718311,41.65108912
0.1035956681,0.06713192477,1.795411916,1.589589686,1,60.35666788,2.397978173,18.34080032,15.90465815,20.37724843,-70.43675886,41.52046129
0.1035956681,0.07099563267,1.906094096,1.760917635,1,36.717878,2.59500012,20.99430299,7.528683652,16.11140685,-47.90195956,42.73285242
0.1035956681,0.07485934057,1.999528841,1.85578472,1,48.79995724,2.728012558,9.801259197,12.19808583,24.17983958,-99.73209353,42.86473444
0.1035956681,0.07872304847,2.188066713,2.184122516,1,84.96548689,3.09160591,17.67038705,19.51869298,50.52028707,-155.7082645,44.94831289
0.1035956681,0.08258675637,2.523006297,2.525669186,1,129.1374876,3.569953166,-17.21796763,20.14706277,108.3538205,-135.9020449,45.03022026
0.1035956681,0.08645046427,3.105663757,2.642683123,1,135.9123904,4.077857459,-24.19080258,10.08939931,129.3192001,-68.24006876,40.39525018
0.1035956681,0.09031417218,3.547783688,2.695862683,1,111.6790033,4.455832662,10.64187552,0,135.2586182,-19.22911665,37.2301972
0.1035956681,0.09417788008,4.059758596,2.758095911,1,90.45402845,4.908027395,59.11248977,0,198.9812911,45.69819973,34.191183
0.1035956681,0.09804158798,4.666077219,2.747691582,1,2.133819392,5.414987132,46.99755171,0,181.6396954,90.64471827,30.49236052
0.1035956681,0.1019052959,4.769805777,2.589456009,1,-83.86365353,5.427368568,38.95378069,0,75.6797024,74.33011874,28.4968714
0.1035956681,0.1057690038,4.634456822,2.611007745,1,-138.3710338,5.319356304,116.4577418,10.27398055,-66.16379732,71.00293518,29.39648599
0.1035956681,0.1096327117,3.979542934,2.765080104,1,-160.1240395,4.845867306,247.1540405,0,-192.2282138,197.6386119,34.79248247
0.1035956681,0.1134964196,3.273070637,2.802320898,1,-201.9962587,4.308827429,396.4549482,0,-48.20858476,365.1774657,40.56930809
0.1035956681,0.1173601275,3.012824504,2.88592716,1,-205.3615554,4.172012352,34.31228418,0,253.1206548,137.8170515,43.76761028
0.1035956681,0.1212238354,3.457597847,2.40240871,1,-9.841654254,4.210291021,-4.312723305,0,240.0730045,245.9745459,34.79235215
0.107459376,0.01690372206,-1.352778118,0.2951271615,1,216.9763069,1.384596937,99.61634514,0,215.3890492,199.3532346,167.6929718
0.107459376,0.02076742997,-0.5175113972,0.1024500577,1,179.1852275,0.5275547939,35.28126042,0,190.6371087,80.44464113,168.8021263
0.107459376,0.02463113787,0.07610736385,0.1206290507,1,151.7500223,0.1426313384,8.264613207,36.53586288,87.76227894,4.442730211,57.75132459
0.107459376,0.02849484577,0.4078941732,0.1172166973,1,85.75186814,0.424402416,-5.67348466,24.1468438,25.62629724,-76.62560991,16.03308257
0.107459376,0.03235855367,0.5064400614,0.3947673375,1,24.71482335,0.6421236536,23.36126879,2.368507175,0.9763880244,-119.0046696,37.93622581
0.107459376,0.03622226157,0.5071575096,0.6672770983,1,-9.730225767,0.838133322,0.565691777,0,13.21694156,-85.49516492,52.76370113
0.107459376,0.04008596947,0.5199117127,0.7272813495,1,3.744241764,0.8940057888,-13.87076058,0,44.18229701,-52.74086117,54.44015614
0.107459376,0.04394967737,0.6923316561,0.817459813,1,23.25290264,1.071243982,-28.35462973,0,59.87815306,-65.98569267,49.73771913
0.107459376,0.04781338527,0.8411058294,0.8726767847,1,17.86599759,1.212032915,-39.07341386,0,76.4303296,-91.34190548,46.05537184
0.107459376,0.05167709317,1.05666512,1.019409997,1,27.07821089,1.46824314,-9.214777526,0,66.58341147,-94.55156209,43.97193881
0.107459376,0.05554080107,1.20298698,1.202393193,1,33.88815784,1.700860684,36.46237582,0,32.46104563,-35.66026982,44.9858561
0.107459376,0.05940450897,1.313019062,1.298070833,1,29.79537513,1.846349627,28.87993776,0,54.75853145,-13.28863233,44.67199096
0.107459376,0.06326821687,1.529678577,1.365320231,1,32.3095417,2.050369694,-0.1514796213,0,43.50476923,-50.09181916,41.75062339
0.107459376,0.06713192477,1.605943414,1.491025717,1,28.55874302,2.191394976,-6.895712911,6.592416928,16.47130393,-84.24856031,42.87492891
0.107459376,0.07099563267,1.703661525,1.664189038,1,47.28256271,2.381593531,-35.8821575,8.500629551,11.05314936,-113.2707918,44.32850247
0.107459376,0.07485934057,1.831335566,1.790032795,1,58.66892663,2.560860668,7.282907428,16.19528813,19.775219,-121.4635582,44.34655312
0.107459376,0.07872304847,2.00674679,2.161627775,1,78.19692623,2.949519845,66.24958837,7.15173104,33.78074118,-133.1705091,47.1279149
0.107459376,0.08258675637,2.263984564,2.560533801,1,116.6369901,3.417888157,17.45467123,14.55758954,104.2940006,-123.8803903,48.51738107
0.107459376,0.08645046427,2.860359604,2.707705169,1,122.0320986,3.938695767,-40.19572807,0,182.3969281,-130.1911229,43.42956847
0.107459376,0.09031417218,3.4402094,2.908249719,1,88.10319572,4.504770487,-42.02509032,0,207.6442184,-130.6388874,40.2101749
0.107459376,0.09417788008,4.003041225,3.050082997,1,56.13754519,5.032628074,-59.84839989,0,220.3419292,-110.4247469,37.30527791
0.107459376,0.09804158798,4.508445329,3.103661951,1,2.824681709,5.473462962,-64.50104298,0,157.7078361,-68.68502173,34.54393953
0.107459376,0.1019052959,4.623291982,3.066248668,1,-70.21027107,5.547676058,-34.18615474,0,105.8968597,0.3020686808,33.55303839
0.107459376,0.1057690038,4.646327884,2.97040953,1,-85.73533065,5.514680007,-37.56284151,0,113.8009734,22.37969171,32.59088728
0.107459376,0.1096327117,4.731729428,2.834648229,1,-88.29304772,5.515840277,106.5278205,0,88.3401759,90.93963473,30.92465899
0.107459376,0.1134964196,4.646509973,3.030637726,1,-237.435427,5.547505742,205.335396,33.60700561,-36.1049803,172.2203865,33.11398168
0.107459376,0.1173601275,3.674849195,2.962594953,1,-235.2911691,4.720326838,-123.6418985,0,-266.4187113,151.6845619,38.87511311
0.107459376,0.1212238354,2.708049545,1.966856706,1,-234.7644407,3.346947511,-373.7271075,0,-265.6872884,141.704324,35.99090846
0.1113230839,0.01690372206,NaN,NaN,0,95.87045134,0.7083580576,105.3801139,0,85.38201641,156.6225684,161.4485386
0.1113230839,0.02076742997,NaN,NaN,0,82.96936703,0.3453505426,8.114402442,0,113.8410044,77.84372163,158.5349039
0.1113230839,0.02463113787,0.0888672332,-0.04404515346,1,57.46563236,0.0991834698,-14.94956723,0,75.94416525,-2.115865418,-26.36433654
0.1113230839,0.02849484577,0.194059231,0.0767899547,1,3.777252794,0.2086999815,13.75353624,0,41.71226924,-87.39080768,21.58888857
0.1113230839,0.03235855367,0.2646254589,0.3467470472,1,23.84439663,0.4361882028,31.86576732,0,25.7055451,-113.4439738,52.65036773
0.1113230839,0.03622226157,0.3855057324,0.6382243493,1,50.0048615,0.7456171871,21.1850343,12.96454392,11.42514655,-95.86227428,58.86682501
0.1113230839,0.04008596947,0.5019730663,0.7989836581,1,18.70730756,0.9435845724,-6.317614167,1.465813595,16.89652372,-65.32710897,57.86031204
0.1113230839,0.04394967737,0.5230685366,0.8662198006,1,16.26418496,1.011897938,-31.04530952,0,17.31889926,-82.95402891,58.87423843
0.1113230839,0.04781338527,0.6317282941,0.9995437873,1,22.22733795,1.18244172,-17.6686509,0,66.15948914,-83.1693511,57.70643271
0.1113230839,0.05167709317,0.8645694187,1.119295373,1,34.54180399,1.414320477,-17.14511336,0,97.96790294,-66.38251369,52.31667913
0.1113230839,0.05554080107,1.143707096,1.18978272,1,54.94381381,1.650348097,2.563125785,0,58.77873005,-61.49644418,46.13117948
0.1113230839,0.05940450897,1.30396011,1.36680284,1,19.70843327,1.889037313,18.31601725,0,46.63439229,-51.92206874,46.34791406
0.1113230839,0.06326821687,1.400036395,1.461162168,1,-7.963201449,2.023634549,-4.224443598,0,44.01586417,-49.79841468,46.22386337
0.1113230839,0.06713192477,1.443257068,1.542887352,1,-27.9164223,2.112697883,-17.16444676,5.84000445,9.740688058,-58.51736505,46.91091832
0.1113230839,0.07099563267,1.329810667,1.620937765,1,12.87191852,2.096624823,-44.43996504,0,16.92098877,-86.52995906,50.63468725
0.1113230839,0.07485934057,1.558368159,1.705510795,1,100.634207,2.310255048,-27.06249304,23.69268101,54.57761843,-128.4090741,47.58126836
0.1113230839,0.07872304847,1.929503823,2.012511351,1,127.1036709,2.788043568,32.89877155,35.99919541,16.13703485,-167.0305982,46.20630643
0.1113230839,0.08258675637,2.111808405,2.47797948,1,114.3935192,3.255782094,52.70794075,29.46348119,19.63185872,-170.7571511,49.5613688
0.1113230839,0.08645046427,2.447338735,2.875915192,1,76.63878901,3.776288531,-63.03553814,0,122.3545427,-238.9688165,49.60296883
0.1113230839,0.09031417218,2.880660513,3.157734277,1,79.95809742,4.274282485,-115.9441003,0,167.0932283,-249.654647,47.62719321
0.1113230839,0.09417788008,3.401872894,3.392533687,1,92.17675125,4.804375506,-134.7700344,0,236.7364813,-183.5264561,44.92124452
0.1113230839,0.09804158798,4.151485169,3.346114849,1,62.12847787,5.332102183,-164.1313337,0,258.0340976,-132.3869139,38.86896325
0.1113230839,0.1019052959,4.638887566,3.269882521,1,-69.64937003,5.675509629,-159.0213865,0,179.4683338,-168.298198,35.17943712
0.1113230839,0.1057690038,4.575793567,3.381957739,1,-103.4780577,5.689949465,-67.42999307,0,130.2947678,-113.4108925,36.46801528
0.1113230839,0.1096327117,4.742499501,3.447539286,1,-103.0963922,5.863175645,-50.58390578,0,143.4830711,-101.8934771,36.01511365
0.1113230839,0.1134964196,4.731835897,3.580202936,1,-309.7553647,5.933643401,-224.393395,54.15674453,-109.8742706,-47.91011165,37.11188774
0.1113230839,0.1173601275,3.121173164,2.76565943,1,-204.1912417,4.170203112,-399.7737641,0,-357.6282248,-64.0157022,41.54402822
0.1113230839,0.1212238354,NaN,NaN,0,-164.2864737,3.430912798,-235.4394645,0,-125.6130698,14.43841595,41.71307518
0.1151867918,0.01690372206,NaN,NaN,0,28.31753751,0.4251432038,57.11079184,0,51.95870225,74.12753665,143.211427
0.1151867918,0.02076742997,NaN,NaN,0,21.10802561,0.2890239124,21.86291297,0,69.64619571,38.05932586,129.9000083
0.1151867918,0.02463113787,NaN,NaN,0,-8.010178091,0.1922939073,-4.267646302,0,87.9270838,-15.15290837,86.96788573
0.1151867918,0.02849484577,NaN,NaN,0,-16.37145124,0.2912151522,14.74269717,0,63.23684284,-39.59204365,64.93302694
0.1151867918,0.03235855367,NaN,NaN,0,-4.7999127,0.4451352268,19.17251307,0,29.45115553,-46.67869396,64.55559752
0.1151867918,0.03622226157,0.2186264675,0.5182163489,1,13.44188535,0.5624461899,16.80480147,0,-0.02168626982,-65.58412292,67.12596451
0.1151867918,0.04008596947,0.2430974299,0.7202850097,1,15.43694473,0.7602018518,3.306640758,3.975893764,-6.832504404,-75.19788908,71.35037276
0.1151867918,0.04394967737,0.2518715116,0.821534921,1,34.23361027,0.8592781184,4.697032372,8.162952064,19.70416657,-78.6769656,72.95516779
0.1151867918,0.04781338527,0.4514972444,1.042417784,1,78.55468722,1.135994982,4.714954189,18.73734359,46.21335135,-109.9249221,66.58135557
0.1151867918,0.05167709317,0.7339387679,1.264469917,1,78.21970079,1.462036349,-40.77581909,10.10453524,57.34660518,-86.01536871,59.86775027
0.1151867918,0.05554080107,0.9752858518,1.21721019,1,63.60707919,1.559738163,-53.13480546,0,52.66369985,-88.75731116,51.2966571
0.1151867918,0.05940450897,1.183175096,1.402104873,1,47.1109343,1.834612052,-15.28141744,4.099647649,42.3534324,-105.5941369,49.84044128
0.1151867918,0.06326821687,1.320950032,1.566152157,1,12.48928037,2.048839078,-24.24428419,0,21.24927023,-84.91577507,49.85449152
0.1151867918,0.06713192477,1.313531,1.636521792,1,-26.1740285,2.098467837,-43.60999922,0,-5.742990374,-73.03285126,51.2482241
0.1151867918,0.07099563267,1.197631994,1.679833463,1,-26.74153945,2.063046984,-37.64155777,0,5.287496219,-31.31649322,54.51314927
0.1151867918,0.07485934057,1.230638844,1.61208359,1,24.54666333,2.028123632,-52.03750282,0,50.7355798,-65.76826219,52.6424645
0.1151867918,0.07872304847,1.488500592,1.732885107,1,93.31531717,2.284409071,-19.79363536,21.26874404,56.08470697,-170.5086609,49.33832923
0.1151867918,0.08258675637,1.807876897,2.194402425,1,82.31376553,2.843206092,60.1839522,14.17789844,-29.2553029,-237.833499,50.5163095
0.1151867918,0.08645046427,1.693502993,2.884337487,1,38.08292025,3.344750384,-75.8211477,0,18.79656952,-347.7133339,59.58120276
0.1151867918,0.09031417218,2.027642631,3.244914413,1,177.4657497,3.826330382,-155.4526702,0,101.9895286,-342.9104437,58.00006267
0.1151867918,0.09417788008,2.77323656,3.608619568,1,217.9283878,4.551151085,-62.83785381,48.83093375,127.6315863,-222.1846897,52.45759821
0.1151867918,0.09804158798,3.362785433,3.860584042,1,-64.38750088,5.119808103,-150.4039657,0,215.8969247,-259.1459182,48.94230629
0.1151867918,0.1019052959,3.358624717,4.028766709,1,-59.04721045,5.245123563,-319.5611939,0,210.4111612,-322.9401761,50.18335911
0.1151867918,0.1057690038,3.947611526,3.873639442,1,-61.05344122,5.530706943,-380.2154814,0,263.9612856,-317.7347076,44.45812226
0.1151867918,0.1096327117,4.142601359,3.78735925,1,-209.1610132,5.61295253,-337.5773781,0,117.7455203,-319.2738327,42.43500939
0.1151867918,0.1134964196,3.594408764,3.802919889,1,-447.4294615,5.232778807,-615.3331985,0,-137.4230293,-248.4317616,46.61458893
0.1151867918,0.1173601275,1.88290217,2.369759269,1,-52.20945869,3.026727536,-500.7729535,0,-398.1979636,-64.23880285,51.53095489
0.1151867918,0.1212238354,NaN,NaN,0,68.49798577,2.813640064,-252.2994624,0,-83.37287942,-121.0888047,48.77696442
0.1190504997,0.01690372206,NaN,NaN,0,2.873264685,0.3568766137,35.17081031,0,35.74702372,36.6192541,117.4451178
0.1190504997,0.02076742997,NaN,NaN,0,1.22443592,0.3265254839,22.23991769,0,44.92705234,19.67313972,105.9767472
0.1190504997,0.02463113787,NaN,NaN,0,-4.691642054,0.3269211446,12.58782024,0,53.32985436,-5.648601931,87.5751182
0.1190504997,0.02849484577,NaN,NaN,0,-7.724478451,0.396681546,16.2674307,0,45.12837427,-23.19071956,75.6897649
0.1190504997,0.03235855367,NaN,NaN,0,-5.545175763,0.5045743583,20.40185734,0,31.16514253,-31.83601802,71.70991845
0.1190504997,0.03622226157,NaN,NaN,0,-6.536029,0.618433347,26.16602365,0,23.58096961,-34.36076755,71.42134686
0.1190504997,0.04008596947,NaN,NaN,0,3.272541627,0.7473642639,25.91282003,0,7.130677873,-32.03080269,72.54263773
0.1190504997,0.04394967737,NaN,NaN,0,-1.127220672,0.8441043554,20.36839042,0,1.39158532,-21.46844223,73.67738997
0.1190504997,0.04781338527,0.22522771,0.8745863124,1,32.97616571,0.9031216635,7.485392215,9.468093635,2.59940681,-51.67165607,75.55869956
0.1190504997,0.05167709317,0.3746853047,1.038647829,1,76.60628995,1.104164114,-13.2199191,21.58282393,19.22126824,-83.85527596,70.16342788
0.1190504997,0.05554080107,0.5954774036,1.147500699,1,68.51479158,1.292807484,-29.3714112,10.32285872,51.12338573,-109.5465749,62.57365571
0.1190504997,0.05940450897,0.8369322756,1.348421242,1,69.78249093,1.587039848,-54.73895563,9.42437357,29.29239199,-144.6804108,58.17313133
0.1190504997,0.06326821687,0.9782738115,1.49500821,1,45.52003704,1.78663628,-69.54665683,0,-5.234670452,-140.3091679,56.80086266
0.1190504997,0.06713192477,0.9925831648,1.621826916,1,24.90952434,1.901458357,-67.24360485,0,-2.883250304,-131.8655689,58.53272283
0.1190504997,0.07099563267,1.063376901,1.744688603,1,2.61757575,2.043210404,-45.57984409,0,26.012417,-93.42771645,58.63795112
0.1190504997,0.07485934057,1.103201094,1.806697118,1,-36.69436175,2.116886187,-14.20679357,0,70.56194188,-46.29372873,58.59102562
0.1190504997,0.07872304847,1.194231337,1.868663148,1,-4.35969455,2.217676813,-18.52341429,0,87.75661847,-80.69479909,57.418035
0.1190504997,0.08258675637,1.425422448,2.046909189,1,-33.62780433,2.494326839,23.43546292,0,-65.5790031,-217.9738884,55.14749716
0.1190504997,0.08645046427,0.8109252118,2.801398366,1,8.562426888,2.916407465,56.92104671,0,-130.2826623,-155.105079,73.85577245
0.1190504997,0.09031417218,0.9551310127,2.866116206,1,260.3056722,3.02107553,-86.0112519,62.51625631,125.2575916,-148.7113477,71.56938828
0.1190504997,0.09417788008,2.300629041,3.043653222,1,258.0185277,3.815326843,45.27155024,58.42601811,159.707935,-359.2455182,52.91518525
0.1190504997,0.09804158798,2.569104047,4.429051999,1,32.48751841,5.120234097,-70.81962251,0,-69.80376949,-398.8303759,59.88380928
0.1190504997,0.1019052959,2.156449946,4.310990961,1,-104.2085648,4.820261345,-324.3137414,0,-74.37277663,-378.3208541,63.42480136
0.1190504997,0.1057690038,1.879117907,4.637719707,1,-147.1090548,5.003951258,-347.1880843,0,159.5759242,-450.6171457,67.94312269
0.1190504997,0.1096327117,2.204618288,4.710610642,1,-231.8814293,5.20098014,-429.4926362,0,106.4533371,-465.7939129,64.91988207
0.1190504997,0.1134964196,1.394500397,4.777977237,1,-305.8083846,4.977318337,-783.9623273,0,-21.98179632,65.41599445,73.72958753
0.1190504997,0.1173601275,0.9381327766,1.42886091,1,112.7963378,1.709308809,-577.2408804,0,-184.2391114,220.3944788,56.71270277
0.1190504997,0.1212238354,NaN,NaN,0,120.8224648,2.031719069,-97.89729873,0,-27.47502974,-236.2546977,56.59850792
0.1229142076,0.01690372206,NaN,NaN,0,-5.377635099,0.3867991651,23.42988864,0,25.89986086,18.78891869,99.38890455
0.1229142076,0.02076742997,NaN,NaN,0,-4.736832458,0.3912867785,18.97601629,0,30.64020767,10.0246918,93.4364823
0.1229142076,0.02463113787,NaN,NaN,0,-4.256347592,0.4178426747,16.11157887,0,35.33690703,-3.923919507,84.92219185
0.1229142076,0.02849484577,NaN,NaN,0,-4.289644743,0.4778666569,17.33734805,0,32.78165735,-15.68621465,78.33349681
0.1229142076,0.03235855367,NaN,NaN,0,-3.120282901,0.5633321934,20.00146193,0,26.5000707,-23.113891,74.86661665
0.1229142076,0.03622226157,NaN,NaN,0,-1.880140467,0.6615489311,23.11935184,0,20.61651757,-26.41739051,73.58359676
0.1229142076,0.04008596947,NaN,NaN,0,1.503540994,0.7672478512,24.78530756,0,14.19559142,-26.12102965,73.37930629
0.1229142076,0.04394967737,NaN,NaN,0,2.15528968,0.8673643142,26.61264103,0,13.71420596,-22.52646179,73.41203912
0.1229142076,0.04781338527,NaN,NaN,0,4.430242345,0.9667230082,35.92877601,0,24.36265297,-18.80727255,73.11573733
0.1229142076,0.05167709317,NaN,NaN,0,18.00478764,1.102776589,24.81371937,0,22.82979611,-33.41118331,71.00881198
0.1229142076,0.05554080107,NaN,NaN,0,4.809388547,1.23079567,-0.6986762021,0,9.117219109,-53.21610468,69.1261215
0.1229142076,0.05940450897,0.4126769139,1.245662958,1,19.00377032,1.312241762,-27.24109292,0,-0.4772423257,-84.19051074,71.67043155
0.1229142076,0.06326821687,0.5101284241,1.370050793,1,29.73674971,1.461940554,-32.90898374,0,4.311993534,-106.2777989,69.57755206
0.1229142076,0.06713192477,0.5442313121,1.529138629,1,29.99482796,1.62309971,-19.42757263,6.221345878,8.936417396,-122.9999734,70.40899414
0.1229142076,0.07099563267,0.6605473844,1.770224296,1,63.35860169,1.889448836,-24.14041869,6.857776222,53.79600658,-152.8644324,69.53727588
0.1229142076,0.07485934057,0.9968824977,2.026490618,1,57.60117382,2.258415139,-41.63427349,0,57.47041646,-124.0865046,63.8062487
0.1229142076,0.07872304847,1.105150397,2.088795633,1,-14.26825743,2.363138717,-76.50496886,0,29.63037839,-88.012492,62.1173554
0.1229142076,0.08258675637,1.056237246,2.070952326,1,9.734618805,2.324753891,-85.59408888,0,44.3580249,-152.6501379,62.97728639
0.1229142076,0.08645046427,1.314148572,2.34788062,1,100.958121,2.690637447,42.50701834,10.60495556,-84.26280538,-126.288286,60.76352119
0.1229142076,0.09031417218,1.120743069,2.723128077,2,85.71574009,2.94473964,74.96999878,10.41764775,-22.05039744,-153.0222712,67.62966963
0.1229142076,0.09417788008,1.560132859,3.228776154,1,85.91105344,3.585946178,-108.5913226,0,24.72152196,-300.6949512,64.21033602
0.1229142076,0.09804158798,1.548195024,3.465360384,1,5.084281365,3.795474994,-197.9876407,0,-242.2354851,-434.875974,65.92667234
0.1229142076,0.1019052959,0.6438498795,4.144043479,1,-66.48689388,4.193761918,-50.97719428,0,-110.304387,-463.3324434,81.16870321
0.1229142076,0.1057690038,0.8651251555,5.058580618,1,-96.66858949,5.132024884,-136.9258204,0,106.9244804,-382.9440249,80.29509039
0.1229142076,0.1096327117,0.6834756461,5.09458596,1,-45.55407382,5.140228114,-383.0310237,0,33.39747803,-341.8690875,82.35897923
0.1229142076,0.1134964196,0.8181556202,4.89954292,1,-19.84685149,4.967383561,-738.0761494,0,-26.5654918,264.1955031,80.51987055
0.1229142076,0.1173601275,0.5041519087,1.222101057,1,-26.3619683,1.322006105,-578.887807,0,-39.65111749,289.7704264,67.58244133
0.1229142076,0.1212238354,NaN,NaN,0,13.25004296,1.642820961,-52.97803443,0,17.26387371,-219.2432861,69.95462147
0.1267779155,0.01690372206,NaN,NaN,0,-6.698799377,0.4375603536,16.30814702,0,18.88288932,9.557502456,90.17845664
0.1267779155,0.02076742997,NaN,NaN,0,-5.407226622,0.4511448027,15.28292246,0,21.52756691,4.400385828,87.18261622
0.1267779155,0.02463113787,NaN,NaN,0,-3.307271115,0.4834589378,15.54513089,0,24.59590872,-4.385553247,82.76082136
0.1267779155,0.02849484577,NaN,NaN,0,-2.057470027,0.5378411892,16.9689207,0,24.16127741,-12.51632855,78.80424858
0.1267779155,0.03235855367,NaN,NaN,0,-0.7661706293,0.6112983806,19.14729048,0,21.43696534,-18.51594082,76.15087141
0.1267779155,0.03622226157,NaN,NaN,0,0.6322090373,0.6978984901,21.52461422,0,18.18943856,-22.07387382,74.68830314
0.1267779155,0.04008596947,NaN,NaN,0,2.466473137,0.7928388815,23.49641735,0,15.32096427,-23.50946363,73.96169798
0.1267779155,0.04394967737,NaN,NaN,0,3.814596053,0.8914054567,25.36809013,0,14.90699415,-23.70910273,73.51027914
0.1267779155,0.04781338527,NaN,NaN,0,5.717946937,0.9952103772,27.43904847,0,17.1739824,-24.98409199,72.97538515
0.1267779155,0.05167709317,NaN,NaN,0,8.78319034,1.111063696,23.56941344,0,16.00808351,-31.44136336,72.10138537
0.1267779155,0.05554080107,NaN,NaN,0,5.02349165,1.226837884,18.06203,0,11.78054594,-37.80711256,71.60412237
0.1267779155,0.05940450897,NaN,NaN,0,1.677959971,1.336440098,26.55284928,0,12.12492119,-33.65601916,72.29679877
0.1267779155,0.06326821687,NaN,NaN,0,0.3249937862,1.464587328,20.75251874,0,8.964430418,-48.43259446,72.496438
0.1267779155,0.06713192477,NaN,NaN,0,-7.774292246,1.602698715,22.21503943,0,-8.017502164,-58.26908573,73.98061945
0.1267779155,0.07099563267,0.3794818589,1.707741529,1,17.71960244,1.749396356,-0.5749073395,3.745152667,-12.38284177,-69.3504329,77.47171211
0.1267779155,0.07485934057,0.4629044142,1.80619191,1,57.92031802,1.864566897,-34.21805404,13.39268884,-11.56534766,-119.7662201,75.62520498
0.1267779155,0.07872304847,0.5585839242,2.038274654,1,35.06160337,2.113428391,-43.8133581,0,-24.18812814,-140.7389064,74.67450222
0.1267779155,0.08258675637,0.5049163464,2.180683916,1,17.66480181,2.238375049,-94.41517866,0,-36.13541609,-106.7049678,76.96344161
0.1267779155,0.08645046427,0.4872188659,2.085758809,1,97.52509763,2.141908503,-112.4062343,0,-59.05337858,-182.0428164,76.85186346
0.1267779155,0.09031417218,0.6535598312,2.449739329,2,99.94802641,2.535421707,-14.52700052,26.76390554,-39.88976864,-201.2584912,75.06211941
0.1267779155,0.09417788008,0.7192664309,2.807234745,2,80.51558278,2.89791496,0.3982715584,0,-217.6004624,-264.5651679,75.62889664
0.1267779155,0.09804158798,0.1239038987,3.473480663,2,-73.01701909,3.475689873,-278.8630061,0,-69.3225959,-624.2457978,87.95704588
0.1267779155,0.1019052959,0.1693077359,4.141692966,2,47.3286809,4.145152076,174.184726,0,-112.9162528,-330.7352231,87.65911653
0.1267779155,0.1057690038,-0.1295073213,5.42434386,1,81.28665243,5.425889646,255.9111116,0,-279.4102565,29.71300526,91.36768864
0.1267779155,0.1096327117,-0.5961839986,5.015656377,1,6.471045148,5.050964685,-253.901529,0,-85.90993836,-79.89109551,96.77863478
0.1267779155,0.1134964196,-0.4364360006,4.752018373,1,133.1778655,4.772017917,-680.6318929,0,-25.18531576,260.9871299,95.24745156
0.1267779155,0.1173601275,-0.1789323311,1.377515519,1,-117.0029945,1.389088113,-507.0943985,0,247.2195467,279.8084897,97.40099404
0.1267779155,0.1212238354,NaN,NaN,0,-23.24429036,1.712953888,-10.21561287,0,150.3838456,-183.1789717,87.76899767
0.1306416234,0.01690372206,NaN,NaN,0,-5.187616614,0.4818677668,11.52100623,0,13.34515998,4.173826599,85.61568884
0.1306416234,0.02076742997,NaN,NaN,0,-3.839981051,0.4974397635,11.99005678,0,15.03728442,0.7172411557,83.93057134
0.1306416234,0.02463113787,NaN,NaN,0,-1.50804022,0.5300992019,13.81710152,0,17.35788351,-5.50235076,81.30910405
0.1306416234,0.02849484577,NaN,NaN,0,0.1332063799,0.5805656639,15.84591337,0,17.83057825,-11.47760547,78.69239026
0.1306416234,0.03235855367,NaN,NaN,0,1.480861373,0.6470908708,18.09416509,0,16.89707468,-16.35966991,76.64142568
0.1306416234,0.03622226157,NaN,NaN,0,2.708674109,0.7263293801,20.3353972,0,15.38330706,-19.85270032,75.25674453
0.1306416234,0.04008596947,NaN,NaN,0,3.915546462,0.8149490273,22.30765749,0,13.99183295,-22.1338483,74.38153301
0.1306416234,0.04394967737,NaN,NaN,0,4.918674457,0.9102887837,23.92425365,0,13.41882395,-23.8163935,73.79550351
0.1306416234,0.04781338527,NaN,NaN,0,5.843759011,1.011839709,24.88991432,0,13.41819899,-25.97862931,73.32974169
0.1306416234,0.05167709317,NaN,NaN,0,6.386535128,1.119913892,23.96285592,0,12.24800958,-29.56306558,72.94528866
0.1306416234,0.05554080107,NaN,NaN,0,4.823427741,1.230647906,22.8245335,0,9.871959953,-32.91496303,72.88061262
0.1306416234,0.05940450897,NaN,NaN,0,2.934040528,1.342486242,24.58949328,0,7.657494305,-34.24230689,73.32429178
0.1306416234,0.06326821687,NaN,NaN,0,1.779005697,1.460196354,23.7776685,0,3.318861126,-38.90097553,73.97158605
0.1306416234,0.06713192477,NaN,NaN,0,1.6402487,1.580936271,24.85640477,0,-4.954267868,-39.97411516,75.1593042
0.1306416234,0.07099563267,NaN,NaN,0,10.74544878,1.699363382,29.18175794,0,-11.52106839,-30.29980003,76.71946308
0.1306416234,0.07485934057,NaN,NaN,0,12.39973283,1.803379571,13.6402934,0,-11.95506678,-39.66465045,77.1219171
0.1306416234,0.07872304847,NaN,NaN,0,17.52192577,1.900752944,-16.15348839,0,-49.29567708,-43.3464593,78.09534391
0.1306416234,0.08258675637,0.279167747,1.863083999,1,21.25422999,1.883883388,-47.36914805,0,-77.05837249,-17.0964524,81.47810273
0.1306416234,0.08645046427,0.1764834483,1.742907124,1,39.82797109,1.751819526,0.8924355982,3.703608455,-37.79800078,-81.86529164,84.21804617
0.1306416234,0.09031417218,0.2870109593,2.182835684,1,127.798223,2.201623699,-28.14336436,35.48744772,-33.85072601,-114.5980653,82.50941272
0.1306416234,0.09417788008,0.5394691347,2.076942835,1,-128.092407,2.14586078,58.3128337,0,-448.5983298,-277.3230131,75.43963488
0.1306416234,0.09804158798,-1.941153596,3.479634557,1,99.31235709,3.984461561,155.3474285,0,-228.8471617,-219.4120163,119.1554586
0.1306416234,0.1019052959,0.03898448669,3.524903863,2,677.8728107,3.525119435,-3.222121947,174.4631474,334.0688292,-51.18603894,89.36634996
0.1306416234,0.1057690038,1.968693312,3.664953122,1,370.2668887,4.160244553,128.8136201,0,-537.2531251,-185.0685346,61.75675784
0.1306416234,0.1096327117,-0.6062015542,4.737652824,1,-95.02523195,4.776278321,112.3877949,0,-622.4002438,-48.78399658,97.29160228
0.1306416234,0.1134964196,-0.8032291661,4.287673846,1,150.8310852,4.362261352,-281.4114768,0,-90.73671291,264.2566509,100.6104937
0.1306416234,0.1173601275,NaN,NaN,0,-83.0081415,2.655818371,-287.8541029,0,243.2452342,248.8128134,98.09578068
0.1306416234,0.1212238354,NaN,NaN,0,-27.17573535,2.221791789,-147.8000416,0,125.4723006,67.12351729,94.75355161
0.1345053313,0.01690372206,NaN,NaN,0,-2.46517773,0.5126024249,7.975586693,0,8.67419789,0.5359643682,83.3594529
0.1345053313,0.02076742997,NaN,NaN,0,-1.217654905,0.5283648406,9.175991817,0,9.95791313,-2.039691951,82.24761074
0.1345053313,0.02463113787,NaN,NaN,0,0.9818849065,0.5602779421,11.88730505,0,11.96776266,-6.863485481,80.4404097
0.1345053313,0.02849484577,NaN,NaN,0,2.617474394,0.6082032912,14.50346616,0,12.90607741,-11.53207265,78.49521785
0.1345053313,0.03235855367,NaN,NaN,0,3.847735631,0.670779484,17.04805933,0,12.93744806,-15.59243305,76.81293198
0.1345053313,0.03622226157,NaN,NaN,0,4.806079565,0.7457068688,19.41515199,0,12.45488203,-18.84340923,75.54372929
0.1345053313,0.04008596947,NaN,NaN,0,5.568364146,0.8305024562,21.47456175,0,11.84423653,-21.35683578,74.65924335
0.1345053313,0.04394967737,NaN,NaN,0,6.100796301,0.9230581907,23.13135268,0,11.35826973,-23.44399366,74.06411678
0.1345053313,0.04781338527,NaN,NaN,0,6.351879521,1.022039334,24.23349924,0,10.83198001,-25.55096618,73.68123233
0.1345053313,0.05167709317,NaN,NaN,0,6.095763419,1.126301701,24.56756242,0,9.693795884,-27.91730661,73.50304138
0.1345053313,0.05554080107,NaN,NaN,0,4.949643656,1.233798551,24.68375478,0,7.801789985,-30.0473671,73.60835088
0.1345053313,0.05940450897,NaN,NaN,0,3.455768705,1.343113156,25.20292184,0,5.314234955,-31.49726982,74.04946225
0.1345053313,0.06326821687,NaN,NaN,0,2.216739772,1.45382525,24.91225723,0,1.607787649,-32.95488563,74.76375424
0.1345053313,0.06713192477,NaN,NaN,0,1.810832572,1.562861561,24.25115322,0,-3.597362043,-32.42659935,75.78136228
0.1345053313,0.07099563267,NaN,NaN,0,3.435740556,1.664539151,22.09994656,0,-9.005626546,-28.91529595,76.97448446
0.1345053313,0.07485934057,NaN,NaN,0,2.979119113,1.750017038,12.95339712,0,-15.00605435,-28.04368329,78.05003873
0.1345053313,0.07872304847,NaN,NaN,0,0.7390764381,1.81020287,0.146488572,0,-28.30684462,-22.82125682,79.5382969
0.1345053313,0.08258675637,NaN,NaN,0,-8.482444201,1.818915255,-4.180989146,0,-31.46107842,-5.66240926,81.91423178
0.1345053313,0.08645046427,NaN,NaN,0,-23.98063996,1.794326691,1.415770085,5.313320781,-15.82347022,-4.884465489,84.42349197
0.1345053313,0.09031417218,NaN,NaN,0,15.32352035,1.828025638,-55.67282586,0,-93.30258594,0.4756343618,86.79982737
0.1345053313,0.09417788008,-0.1269249296,1.568893479,1,20.89467931,1.574019278,-26.26630563,0,-79.30271713,-124.7191753,94.62520836
0.1345053313,0.09804158798,-0.1236229556,2.205568138,1,236.5928736,2.209029978,402.0866505,0,-214.3304701,80.00191754,93.20809407
0.1345053313,0.1019052959,-0.04090950518,2.813334807,1,256.8580594,2.813632229,-51.06441371,0,-314.635958,23.37613219,90.83309558
0.1345053313,0.1057690038,-0.3468598789,1.917951612,1,511.9052434,1.94906392,-244.3981189,0,-592.0168883,-287.0251949,100.2510914
0.1345053313,0.1096327117,-0.3504375005,2.978033377,2,406.8549483,2.998581204,331.4108673,0,-447.1937529,-160.5309149,96.71136695
0.1345053313,0.1134964196,-0.5027172368,3.818670963,1,464.5987851,3.85161947,54.63449485,13.07936009,-459.2513233,142.6251302,97.49970012
0.1345053313,0.1173601275,NaN,NaN,0,140.3122845,2.658595551,-173.4810241,0,-73.6174307,219.20603,97.12541329
0.1345053313,0.1212238354,NaN,NaN,0,42.90324475,2.314449826,-91.92050968,0,0.9658410019,82.32681091,96.0772186
0.1383690392,0.01690372206,NaN,NaN,0,-1.006261739,0.5281196725,6.41330272,0,6.41330272,-1.006261739,82.41359216
0.1383690392,0.02076742997,NaN,NaN,0,0.1550326449,0.5437726104,7.862189778,0,7.554539237,-3.257127976,81.52195465
0.1383690392,0.02463113787,NaN,NaN,0,2.22905225,0.5751329375,10.88907778,0,9.45588468,-7.543409485,80.03643908
0.1383690392,0.02849484577,NaN,NaN,0,3.816345643,0.6218068953,13.75149702,0,10.5792457,-11.67585649,78.37326781
0.1383690392,0.03235855367,NaN,NaN,0,4.983911735,0.6825651645,16.45189091,0,10.99437356,-15.36214354,76.86322894
0.1383690392,0.03622226157,NaN,NaN,0,5.82204832,0.7554904859,18.91805061,0,10.93203254,-18.45620686,75.6651044
0.1383690392,0.04008596947,NaN,NaN,0,6.390570673,0.8384464041,21.06308132,0,10.63242501,-20.98709543,74.79771912
0.1383690392,0.04394967737,NaN,NaN,0,6.677381414,0.9294830983,22.8137545,0,10.22492408,-23.13112075,74.21644852
0.1383690392,0.04781338527,NaN,NaN,0,6.621971312,1.027008941,24.08578375,0,9.602883475,-25.12331892,73.87882051
0.1383690392,0.05167709317,NaN,NaN,0,6.09579108,1.129528292,24.8312958,0,8.492608253,-27.06667154,73.77977448
0.1383690392,0.05554080107,NaN,NaN,0,4.971837567,1.235294341,25.2800376,0,6.778946339,-28.71989271,73.94974446
0.1383690392,0.05940450897,NaN,NaN,0,3.489042357,1.342625708,25.56701325,0,4.423476389,-29.80368846,74.40646185
0.1383690392,0.06326821687,NaN,NaN,0,2.034319891,1.44964939,25.12857912,0,1.182448782,-30.28340406,75.12642191
0.1383690392,0.06713192477,NaN,NaN,0,0.9445725924,1.552851233,23.77295613,0,-3.031312742,-29.22514883,76.0884803
0.1383690392,0.07099563267,NaN,NaN,0,0.2603533413,1.646594625,20.57466641,0,-7.950812991,-26.32991271,77.2270033
0.1383690392,0.07485934057,NaN,NaN,0,-1.608770343,1.723139494,13.50352494,0,-13.80598247,-23.19686496,78.49697931
0.1383690392,0.07872304847,NaN,NaN,0,-4.861158087,1.773973405,4.834314344,0,-21.66570546,-17.3651958,80.11678539
0.1383690392,0.08258675637,NaN,NaN,0,-11.43219351,1.790612027,-0.3405678066,0,-25.16587614,-7.270962948,82.26065543
0.1383690392,0.08645046427,NaN,NaN,0,-18.70861273,1.781902422,-4.36486017,0,-24.61521005,-1.475115338,84.74888708
0.1383690392,0.09031417218,NaN,NaN,0,-10.72782254,1.764677701,-18.27541059,0,-42.84146598,3.624454619,87.60493616
0.1383690392,0.09417788008,NaN,NaN,0,-50.99778495,1.690379373,18.15909403,0,11.59280776,24.82048461,91.48798641
0.1383690392,0.09804158798,NaN,NaN,0,118.0522793,1.739171169,-36.59100544,0,-124.2898846,59.94617074,92.58714469
0.1383690392,0.1019052959,NaN,NaN,0,386.5414918,1.318572231,-309.5276549,0,-388.1117338,295.5072161,92.95588818
0.1383690392,0.1057690038,-0.08457114367,-0.60027954,1,667.5564057,0.6062077239,83.54897471,0,-635.9744083,52.22150379,-98.01940755
0.1383690392,0.1096327117,0.05402866779,1.437858109,1,404.2549495,1.438872837,275.3053303,0,-392.9974864,-65.93848442,87.8480777
0.1383690392,0.1134964196,-0.04107559445,0.7181868831,1,769.9330874,0.7193605518,166.7069361,0,-834.9936615,72.2560778,93.27337794
0.1383690392,0.1173601275,NaN,NaN,0,192.8766088,1.813557958,206.8982812,0,-239.4928399,-138.3475072,96.24713961
0.1383690392,0.1212238354,NaN,NaN,0,58.36010997,2.064001656,70.70095408,0,-70.70095408,-58.36010997,96.15187
