PIVlab, ASCII chart output - 19-Sep-2021
FRAME: 220, filenames: A: 72_12_75_60 220.jpg & B: 72_12_75_60 221.jpg, conversion factor xy (px -> m): 0.00024148, conversion factor uv (px/frame -> m/s): 1
x [m],y [m],u [m/s],v [m/s],Vector type [-],vorticity [1/s],magnitude [m/s],divergence [1/s],dcev [1],simple shear [1/s],simple strain [1/s],vector direction [degrees]
0.03791263377,0.01690372206,NaN,NaN,0,-0.380580782,0.2600592791,-0.4314899698,0,0.4314899698,0.380580782,-41.30167818
0.03791263377,0.02076742997,NaN,NaN,0,-0.3747903474,0.2611709841,-0.7062118087,0,0.505742705,0.5461254692,-41.54599001
0.03791263377,0.02463113787,NaN,NaN,0,-0.3557304226,0.2636536802,-1.281534435,0,0.7304207018,0.9541449313,-42.01906866
0.03791263377,0.02849484577,NaN,NaN,0,-0.3473383774,0.268039915,-1.99769224,0,1.125762872,1.517613313,-42.72275947
0.03791263377,0.03235855367,NaN,NaN,0,-0.3482019744,0.2750982674,-2.909100615,0,1.650230372,2.341971736,-43.701586
0.03791263377,0.03622226157,NaN,NaN,0,-0.3546205844,0.2857316916,-4.07829881,0,2.243770259,3.471185136,-45.02776587
0.03791263377,0.04008596947,NaN,NaN,0,-0.360465661,0.3009560817,-5.576244324,0,2.891968318,4.898652033,-46.75761013
0.03791263377,0.04394967737,NaN,NaN,0,-0.3664537294,0.3220073578,-7.479638526,0,3.659376762,6.634390066,-48.8890896
0.03791263377,0.04781338527,NaN,NaN,0,-0.3761682667,0.3505246437,-9.865060837,0,4.639409904,8.769672087,-51.3542667
0.03791263377,0.05167709317,NaN,NaN,0,-0.3722007898,0.3886577173,-12.75465349,0,5.81878327,11.48336055,-54.04544829
0.03791263377,0.05554080107,NaN,NaN,0,-0.4262029692,0.4388274816,-16.04042409,0,7.020441786,15.01640435,-56.85272803
0.03791263377,0.05940450897,NaN,NaN,0,-0.9502249472,0.5032237764,-19.71420773,0,8.114439769,19.59827545,-59.72825531
0.03791263377,0.06326821687,NaN,NaN,0,-1.945266322,0.5842137955,-24.05011457,0,8.647070003,25.09086913,-62.73544358
0.03791263377,0.06713192477,NaN,NaN,0,-3.458363059,0.6841969527,-29.44829644,0,8.803935361,31.12000464,-65.88244409
0.03791263377,0.07099563267,NaN,NaN,0,-5.565562339,0.8066021475,-37.94443067,0,10.62287638,36.84923898,-69.0592166
0.03791263377,0.07485934057,NaN,NaN,0,-9.105557869,0.9611785421,-55.88440505,0,21.49963107,42.30607843,-71.86899935
0.03791263377,0.07872304847,NaN,NaN,0,-12.45637219,1.181537872,-87.68981548,0,47.57503373,55.81896543,-73.46994975
0.03791263377,0.08258675637,NaN,NaN,0,-22.26055314,1.530969218,-143.8914662,0,99.90298058,90.71478449,-73.50080805
0.03791263377,0.08645046427,NaN,NaN,0,-18.07821893,2.136083159,-259.8884707,0,183.8671155,136.7722141,-72.6736122
0.03791263377,0.09031417218,NaN,NaN,0,84.46938354,3.1873906,-334.5708771,0,199.7993506,220.7274585,-70.28274524
0.03791263377,0.09417788008,NaN,NaN,0,338.2544279,4.529887464,188.809387,0,-326.2331392,469.5289226,-67.48664918
0.03791263377,0.09804158798,NaN,NaN,0,-248.5436867,4.236357418,177.8373124,0,-226.2522316,137.458792,-74.64468936
0.03791263377,0.1019052959,NaN,NaN,0,-179.1498773,4.029895993,-16.16503509,0,-373.8401048,-142.7429417,-91.4216968
0.03791263377,0.1057690038,-1.014787097,-3.596068883,2,-289.7624128,3.736509637,275.8048424,0,-336.046013,28.74002188,-105.7587189
0.03791263377,0.1096327117,-2.517925676,-3.074069156,1,336.0273452,3.973644535,1075.00375,0,-142.6033019,178.0437862,-129.3204104
0.03791263377,0.1134964196,-0.2674530936,-0.1304775853,1,1313.851674,0.2975828582,183.6761484,0,-696.1922276,-172.8996906,-153.9944631
0.03791263377,0.1173601275,NaN,NaN,0,320.4721288,1.701451173,-240.3643098,0,-267.9045225,276.0089933,-94.43162392
0.03791263377,0.1212238354,NaN,NaN,0,128.465121,2.126566951,-93.71985642,0,-93.71985642,128.465121,-91.73396226
0.04177634167,0.01690372206,NaN,NaN,0,-0.6210714706,0.2589523429,-0.3826918285,0,0.5628035067,0.3609166226,-41.05527313
0.04177634167,0.02076742997,NaN,NaN,0,-0.6297547465,0.2598135397,-0.6631817973,0,0.6224669462,0.4521152942,-41.31046603
0.04177634167,0.02463113787,NaN,NaN,0,-0.6619333374,0.2617817221,-1.218893197,0,0.8766273227,0.7205020709,-41.77054224
0.04177634167,0.02849484577,NaN,NaN,0,-0.7409532906,0.2654318487,-1.906051535,0,1.399508098,1.153113407,-42.40729318
0.04177634167,0.03235855367,NaN,NaN,0,-0.8609118979,0.2716464613,-2.781326725,0,2.099422923,1.907100829,-43.27254653
0.04177634167,0.03622226157,NaN,NaN,0,-1.018312988,0.2813646966,-3.908953365,0,2.852230957,3.013529765,-44.47427328
0.04177634167,0.04008596947,NaN,NaN,0,-1.203269508,0.2955012059,-5.364488097,0,3.615704772,4.396688437,-46.107861
0.04177634167,0.04394967737,NaN,NaN,0,-1.423272675,0.3150979022,-7.229543563,0,4.507297478,6.002912934,-48.18292616
0.04177634167,0.04781338527,NaN,NaN,0,-1.690159376,0.341663815,-9.616178658,0,5.740378775,7.935977481,-50.61666846
0.04177634167,0.05167709317,NaN,NaN,0,-1.88204085,0.3775678054,-12.57050442,0,7.364307837,10.45197632,-53.28148336
0.04177634167,0.05554080107,NaN,NaN,0,-1.908434176,0.4257462801,-15.74321243,0,9.080353323,13.87677569,-56.01700848
0.04177634167,0.05940450897,NaN,NaN,0,-2.722784641,0.4880634545,-19.01891775,0,10.91938661,18.72071965,-58.71459724
0.04177634167,0.06326821687,NaN,NaN,0,-4.110867663,0.5670552566,-22.85908421,0,11.70649158,24.68308264,-61.60762925
0.04177634167,0.06713192477,NaN,NaN,0,-6.493879672,0.6640154932,-26.7818804,0,10.77147885,30.98836947,-64.79282247
0.04177634167,0.07099563267,NaN,NaN,0,-10.80252825,0.7766923959,-31.2034472,0,8.234824879,34.41877719,-68.38043019
0.04177634167,0.07485934057,NaN,NaN,0,-20.698403,0.896850301,-46.86589778,0,17.70464702,29.40310209,-72.28616419
0.04177634167,0.07872304847,NaN,NaN,0,-29.18733476,1.053162977,-72.01461473,0,44.50681873,25.71499379,-74.88616711
0.04177634167,0.08258675637,NaN,NaN,0,-71.20036995,1.275897683,-109.5487188,0,103.2200942,54.10056769,-74.91435475
0.04177634167,0.08645046427,NaN,NaN,0,-125.3305288,1.696450259,-312.1790296,0,260.7860569,87.89843849,-76.42059979
0.04177634167,0.09031417218,NaN,NaN,0,77.69999162,2.906446581,-770.3671797,0,597.2960256,218.1476066,-72.88315756
0.04177634167,0.09417788008,3.006301487,-5.468359195,1,-24.71851941,6.240256478,-408.3469564,0,251.3095695,-81.1081648,-61.19963326
0.04177634167,0.09804158798,1.73091069,-4.042065106,1,-541.9632409,4.397083367,149.5129628,83.94071879,-341.4558206,-125.7642274,-66.81821211
0.04177634167,0.1019052959,-0.4069717202,-4.40476854,1,-316.7709933,4.423529346,213.0905521,0,-241.5946088,120.8001731,-95.27876742
0.04177634167,0.1057690038,-0.4264508984,-3.685482039,1,105.725462,3.710072537,344.6686809,0,-25.55613134,239.5740701,-96.60040005
0.04177634167,0.1096327117,-0.09722084401,-3.998713662,1,214.161558,3.999895354,384.6172554,0,-167.621718,469.5374423,-91.3927596
0.04177634167,0.1134964196,-0.246634551,-4.013588836,1,493.999614,4.021159528,207.8223568,0,-485.0415941,-93.88048007,-93.51639713
0.04177634167,0.1173601275,NaN,NaN,0,209.6895993,2.833713779,221.9535033,0,-145.1375897,-155.6026557,-91.26602831
0.04177634167,0.1212238354,NaN,NaN,0,92.0137373,2.55482363,97.83744197,0,-58.16789176,-46.16925466,-89.93775389
0.04564004958,0.01690372206,NaN,NaN,0,-1.110520635,0.2569992669,-0.2520909207,0,0.7828472283,0.4232864001,-40.54794181
0.04564004958,0.02076742997,NaN,NaN,0,-1.095924085,0.2573702692,-0.570854053,0.1192321241,0.7502605226,0.3267975421,-40.86026363
0.04564004958,0.02463113787,NaN,NaN,0,-1.192832671,0.2582628673,-1.106652396,0,1.025651326,0.2407872749,-41.32524549
0.04564004958,0.02849484577,NaN,NaN,0,-1.461904862,0.2603241791,-1.746313709,0,1.864494587,0.3472176842,-41.81991957
0.04564004958,0.03235855367,NaN,NaN,0,-1.835787425,0.2648203964,-2.542983606,0,2.99533035,0.9780061891,-42.4173369
0.04564004958,0.03622226157,NaN,NaN,0,-2.304047674,0.2728277911,-3.563478248,0,4.099623584,2.127366239,-43.32186147
0.04564004958,0.04008596947,NaN,NaN,0,-2.824135203,0.2850076339,-4.912609208,0,5.024430831,3.502260942,-44.74048409
0.04564004958,0.04394967737,NaN,NaN,0,-3.439665709,0.3018458552,-6.669181085,0,6.020187225,4.833283637,-46.70649433
0.04564004958,0.04781338527,NaN,NaN,0,-4.333050255,0.3243028202,-9.073452998,0,7.704394423,6.245501392,-49.08184418
0.04564004958,0.05167709317,NaN,NaN,0,-5.105115073,0.3552227594,-12.48579635,0,10.36546199,8.193968339,-51.73024828
0.04564004958,0.05554080107,NaN,NaN,0,-4.464369431,0.3997053658,-15.59900838,0,12.87893825,11.0619975,-54.38964626
0.04564004958,0.05940450897,NaN,NaN,0,-6.187777959,0.4578357583,-17.78814969,0,17.04242794,16.69576175,-56.52590447
0.04564004958,0.06326821687,NaN,NaN,0,-7.929624097,0.5342179655,-21.32523548,0,19.13611494,24.19256094,-59.05841411
0.04564004958,0.06713192477,NaN,NaN,0,-10.66933433,0.6313573339,-23.19876672,0,17.40623819,34.14954047,-62.05978708
0.04564004958,0.07099563267,NaN,NaN,0,-14.49937766,0.7433121004,-13.49537785,1.037470295,-2.112593062,40.1606003,-66.13722788
0.04564004958,0.07485934057,NaN,NaN,0,-41.34948837,0.7993728272,-31.75570582,5.578008815,4.228610645,11.7779773,-73.15548433
0.04564004958,0.07872304847,NaN,NaN,0,-27.40204535,0.86243576,-51.92173938,0,24.53535149,-44.43037255,-79.49227277
0.04564004958,0.08258675637,0.2205625884,-0.7940199069,1,-25.07883772,0.8240846243,-30.42582029,0,-75.25970505,-108.2420018,-74.47578831
0.04564004958,0.08645046427,-0.2303980226,-0.5473139941,1,-263.4953542,0.5938315056,-85.3036603,51.2063693,-67.48717113,-33.81854537,-112.8292102
0.04564004958,0.09031417218,-1.05825721,-0.9929433522,1,-312.3398532,1.451152929,-442.0355349,0,331.4340574,223.3512974,-136.8237829
0.04564004958,0.09417788008,-0.1566235952,-3.118174355,1,-105.9292815,3.122105421,-573.4678071,0,693.9188787,26.34034212,-92.87550804
0.04564004958,0.09804158798,1.213562842,-3.310426837,1,53.64022615,3.525856012,-124.540661,0,294.9097019,35.93252302,-69.86766843
0.04564004958,0.1019052959,1.190071515,-3.738195864,1,-91.80036168,3.923057294,160.1991256,0,99.30439514,365.4102326,-72.3408913
0.04564004958,0.1057690038,1.242556235,-4.103302613,1,24.76483012,4.287311317,185.0994394,0,-130.3092834,394.9942794,-73.15271291
0.04564004958,0.1096327117,0.7822785774,-4.549168216,1,-72.96657389,4.615938824,206.9342857,0,-203.9102572,157.7339368,-80.24280055
0.04564004958,0.1134964196,0.1727850357,-3.913206836,1,-78.02916595,3.917019582,295.8957676,0,-92.11523792,-87.63615841,-87.47178525
0.04564004958,0.1173601275,NaN,NaN,0,-6.904244925,3.069854379,197.2286304,0,-2.801838181,-115.2576456,-87.66840327
0.04564004958,0.1212238354,NaN,NaN,0,-4.99742334,2.709230896,129.1936123,0,10.37736719,-57.91253027,-87.13778469
0.04950375748,0.01690372206,NaN,NaN,0,-1.769407975,0.2547159774,-0.02927840394,0,0.8806360303,0.8086965588,-39.71657542
0.04950375748,0.02076742997,NaN,NaN,0,-1.532506639,0.2544404616,-0.4303354287,0.2960353716,0.4881582384,0.3598455293,-40.24404621
0.04950375748,0.02463113787,NaN,NaN,0,-1.5515684,0.2536108677,-0.8905486236,0.2376569514,0.6112228711,-0.4313681974,-40.82970769
0.04950375748,0.02849484577,NaN,NaN,0,-2.078046062,0.2528404936,-1.429567299,0,2.037488574,-0.9830361347,-41.08284956
0.04950375748,0.03235855367,NaN,NaN,0,-2.716285265,0.2546241917,-2.080815741,0,3.917780305,-0.4696599962,-41.14651341
0.04950375748,0.03622226157,NaN,NaN,0,-3.537955081,0.2604355715,-2.889366811,0,5.526502199,1.01566806,-41.44399183
0.04950375748,0.04008596947,NaN,NaN,0,-4.349557919,0.2704110329,-4.053289404,0,6.362207744,2.651705454,-42.48282249
0.04950375748,0.04394967737,NaN,NaN,0,-5.178204705,0.2837707982,-5.461118571,0,6.844626168,3.582459282,-44.32690763
0.04950375748,0.04781338527,NaN,NaN,0,-7.097260861,0.2995248396,-7.522655898,0,8.691549696,4.018776108,-46.58381252
0.04950375748,0.05167709317,NaN,NaN,0,-9.740999755,0.3205267178,-12.7002196,0,13.51420747,5.016398142,-49.26591925
0.04950375748,0.05554080107,NaN,NaN,0,-4.656150518,0.3611116736,-16.37887506,0,15.02750974,5.481484223,-52.37811132
0.04950375748,0.05940450897,NaN,NaN,0,-9.634333666,0.4114216093,-15.20943714,0,25.23527197,12.8077689,-52.71494124
0.04950375748,0.06326821687,NaN,NaN,0,-10.75051644,0.4839958014,-21.45494132,0,30.38930205,21.24185891,-54.54949666
0.04950375748,0.06713192477,NaN,NaN,0,-13.75445588,0.5899691207,-31.19257315,0,41.82995205,41.25663117,-56.56005962
0.04950375748,0.07099563267,0.3891928107,-0.6741937089,1,-39.95837959,0.7784652857,22.13964354,6.962122719,6.462173943,70.25934143,-60.00338516
0.04950375748,0.07485934057,0.1956903463,-0.6782284051,1,-121.4016274,0.7058955171,215.4347089,0,-4.609463004,252.1530966,-73.90547634
0.04950375748,0.07872304847,-0.09767723464,-0.8160628333,1,-109.7641288,0.8218876992,183.4864098,0,6.393519219,376.9749847,-96.82544832
0.04950375748,0.08258675637,-0.2037034947,-1.42581174,1,-17.33772196,1.440289635,223.8777217,0,26.58735243,243.4562219,-98.13073651
0.04950375748,0.08645046427,-0.06193936431,-0.8917084392,1,159.4429945,0.8938570497,333.4967843,0,-104.0038817,39.6194745,-93.97346581
0.04950375748,0.09031417218,0.01049704331,-0.2903556569,1,179.7635889,0.2905453414,111.5966435,26.42737934,67.22716903,496.2714528,-87.92952386
0.04950375748,0.09417788008,0.8923607783,-2.377979539,1,43.23127456,2.53990048,-74.89514637,0,313.4358751,654.8480801,-69.43089187
0.04950375748,0.09804158798,1.388554727,-3.109870326,1,27.56827256,3.405785912,-82.75578612,0,161.7494891,250.710427,-65.93927464
0.04950375748,0.1019052959,1.62382931,-3.666395581,1,36.22882476,4.009897528,-44.62458392,0,74.10742986,259.4286264,-66.11167313
0.04950375748,0.1057690038,1.814861786,-4.284643117,1,-67.68108419,4.653159136,-3.158378625,14.15188244,-13.09072095,213.7954508,-67.04376591
0.04950375748,0.1096327117,1.311750648,-4.504641806,1,-224.4275839,4.69174675,125.9922913,33.27333279,-100.8666856,69.92443665,-73.76445241
0.04950375748,0.1134964196,0.5580197464,-4.068013304,1,-158.9570217,4.106107436,317.3100067,0,-114.7821959,-119.4389202,-82.18933784
0.04950375748,0.1173601275,NaN,NaN,0,-221.1873075,2.828608028,194.5047109,0,148.76079,-212.5123105,-84.84600174
0.04950375748,0.1212238354,NaN,NaN,0,-89.86877699,2.510876323,123.377769,0,102.3348169,-43.17369515,-83.63903103
0.05336746538,0.01690372206,NaN,NaN,0,-3.031794395,0.2528189504,0.1517066539,0,1.00430488,2.085842231,-38.34051356
0.05336746538,0.02076742997,NaN,NaN,0,-1.935319081,0.2521216922,-0.4401543751,0.3869991646,-0.5116794567,0.9447499543,-39.55877676
0.05336746538,0.02463113787,NaN,NaN,0,-1.402888227,0.2489261972,-0.5956393707,0.1331035781,-1.106406653,-1.343069459,-40.65709262
0.05336746538,0.02849484577,NaN,NaN,0,-2.582425723,0.2428398934,-1.000591123,0.3428836291,1.756456531,-3.378334029,-40.49033799
0.05336746538,0.03235855367,NaN,NaN,0,-3.41335249,0.240569362,-1.461345249,0,5.111800099,-2.889278099,-39.49233566
0.05336746538,0.03622226157,NaN,NaN,0,-4.781929466,0.2443946182,-1.859883849,0,7.726397163,-0.2467394563,-38.5073129
0.05336746538,0.04008596947,NaN,NaN,0,-5.857936688,0.2533242296,-2.950063026,0,8.053271778,2.506433531,-38.94376974
0.05336746538,0.04394967737,NaN,NaN,0,-5.826334331,0.2643963053,-3.599347899,0,6.304560008,2.82607193,-40.93868575
0.05336746538,0.04781338527,NaN,NaN,0,-9.136788728,0.270974204,-2.855832422,1.176309072,6.702970726,1.230745618,-42.78377678
0.05336746538,0.05167709317,NaN,NaN,0,-22.10547257,0.2682493397,-14.41355109,0,19.97230844,2.371363896,-44.8053068
0.05336746538,0.05554080107,NaN,NaN,0,5.215100779,0.3135205982,-22.00683512,0,8.481621265,-6.960227654,-52.55231318
0.05336746538,0.05940450897,0.2432445069,-0.2471709866,1,35.18706158,0.3467872355,-20.43152784,5.374073179,-13.64810316,-7.403774635,-45.45872513
0.05336746538,0.06326821687,0.2738523095,-0.2992422047,1,11.14945174,0.4056365177,3.516862825,0,12.52276537,28.31985697,-47.53672501
0.05336746538,0.06713192477,0.3347070391,-0.343002511,1,49.57781458,0.4792489171,32.88612291,0,49.77115666,84.95369506,-45.70129128
0.05336746538,0.07099563267,0.6577077146,-0.5004160946,1,205.8718615,0.8264355423,94.80214484,0,235.0399153,87.25036656,-37.26564667
0.05336746538,0.07485934057,2.038261354,-0.3138246456,1,182.6645936,2.062279141,193.4763725,0,248.2769382,167.2729611,-8.752916677
0.05336746538,0.07872304847,2.322739916,-0.399173767,1,-29.75292198,2.356790277,318.121843,0,26.63236626,398.4802998,-9.751295102
0.05336746538,0.08258675637,2.026204439,-0.6243062499,1,-246.4946222,2.120203462,196.9119122,30.39106237,-41.18905626,498.7002549,-17.12490886
0.05336746538,0.08645046427,1.211214214,-1.565195771,1,-25.59140242,1.979110324,148.050939,0,-164.8569703,355.9975482,-52.26579084
0.05336746538,0.09031417218,1.290367556,-1.427751207,1,336.4891315,1.924453673,132.3090694,61.65258361,-110.5582524,264.044425,-47.8934757
0.05336746538,0.09417788008,2.084145137,-2.074182706,1,76.38522661,2.940390254,-46.26137912,0,71.69091515,306.8291338,-44.86273228
0.05336746538,0.09804158798,1.862490515,-2.791989811,1,-95.14808276,3.356199938,-6.587199167,11.37004514,78.54911953,386.2119803,-56.29339886
0.05336746538,0.1019052959,2.020011591,-3.591843999,1,-105.4276994,4.120896764,-14.67886019,0,155.6141641,270.1231001,-60.64710168
0.05336746538,0.1057690038,2.056396355,-3.892381395,1,-182.5815321,4.402203868,8.394654575,36.88404941,58.14976434,132.6072013,-62.15191631
0.05336746538,0.1096327117,1.539243587,-4.071764997,1,-260.280304,4.35299219,126.8412138,48.08709699,-29.36251274,88.05640236,-69.29197451
0.05336746538,0.1134964196,0.9373011158,-3.742528212,1,-332.0046395,3.858114929,487.3647316,0,-52.06409187,-142.5543935,-75.93970982
0.05336746538,0.1173601275,0.05531419515,-1.637941496,1,-208.4721249,1.638875226,281.7015798,0,81.09902918,-178.8134642,-88.06582472
0.05336746538,0.1212238354,NaN,NaN,0,5.257698531,2.01307163,9.477937375,0,196.5455923,177.8608019,-77.22405831
0.05723117328,0.01690372206,NaN,NaN,0,-6.194646375,0.2520111176,-0.3171306715,0,1.83996782,5.745763592,-35.73020721
0.05723117328,0.02076742997,NaN,NaN,0,-2.280959444,0.2524340253,-1.369883249,0,-2.939646671,3.15991541,-39.00511003
0.05723117328,0.02463113787,NaN,NaN,0,0.4577602976,0.2472269605,-0.05126336103,0,-6.281626558,-2.507325564,-41.76387699
0.05723117328,0.02849484577,NaN,NaN,0,-3.435416112,0.2290761689,-0.5158125737,0.693669162,0.9829441045,-8.297952425,-40.70318847
0.05723117328,0.03235855367,NaN,NaN,0,-3.572769507,0.2207211708,-0.9040902837,0,7.046566395,-7.462378915,-37.57664237
0.05723117328,0.03622226157,NaN,NaN,0,-6.318473606,0.2244748059,-0.1387603111,0,12.21401458,-1.619781317,-33.54733722
0.05723117328,0.04008596947,NaN,NaN,0,-8.473925034,0.2360049802,-2.287730952,0,11.8199222,4.794696196,-33.09873582
0.05723117328,0.04394967737,NaN,NaN,0,-3.132407204,0.2508610245,-3.130377575,0,3.617371358,3.98464929,-37.12681176
0.05723117328,0.04781338527,0.1995823926,-0.1563688058,1,-5.303137626,0.2535435561,15.14606588,0,-4.371484768,-3.259388789,-38.07798804
0.05723117328,0.05167709317,0.1626319732,-0.080301686,1,-28.47427681,0.1813767336,0.6054894401,5.983112025,4.905508557,30.89534615,-26.27846546
0.05723117328,0.05554080107,0.1085195565,-0.2733999645,1,-8.142860694,0.2941496808,-33.29851557,0,2.721104634,79.47478946,-68.35058469
0.05723117328,0.05940450897,0.1416838915,-0.5160247956,1,58.21251618,0.5351223363,36.75000286,8.815715012,18.1922047,66.66041576,-74.6467633
0.05723117328,0.06326821687,0.4037250802,-0.3889650631,1,73.96593999,0.5606137357,73.36257046,0,91.34796606,67.03086387,-43.9332667
0.05723117328,0.06713192477,0.7804085364,-0.4915609308,1,109.7850247,0.9223175334,52.48574698,14.47863984,68.50626303,97.14021116,-32.20585842
0.05723117328,0.07099563267,1.092590537,-0.5614968691,1,107.8967777,1.228426968,68.38034397,0,101.5165323,51.08103933,-27.19923691
0.05723117328,0.07485934057,1.589520397,-0.4247214708,1,243.3872452,1.645285209,-34.23094128,37.43928258,165.1512958,-24.72978812,-14.95999694
0.05723117328,0.07872304847,2.671064126,-0.5982065496,1,152.4423601,2.7372312,76.38774472,22.53446104,79.04986371,130.1830983,-12.62355297
0.05723117328,0.08258675637,2.483938731,-0.6325710033,1,-74.1539948,2.563220181,167.8353552,0,-129.1500303,383.0647115,-14.28750105
0.05723117328,0.08645046427,1.885556758,-1.429789914,1,-140.4530431,2.366352359,140.2494533,0,-103.3665168,498.7250934,-37.17250638
0.05723117328,0.09031417218,1.541891171,-2.017616166,1,85.44740915,2.539331285,43.00934153,0,-81.9373838,293.1128944,-52.61241939
0.05723117328,0.09417788008,1.899118471,-2.396116987,1,178.8902575,3.057454428,28.08299828,15.49863,161.0481789,137.0816385,-51.60030036
0.05723117328,0.09804158798,2.855313993,-2.438755073,1,35.55182864,3.755042517,81.25242598,0,148.6424182,148.9824641,-40.5010041
0.05723117328,0.1019052959,2.610791238,-2.657806071,1,-204.8071504,3.725609211,-19.26274292,40.32468799,76.52047979,217.7563732,-45.51127081
0.05723117328,0.1057690038,2.35965177,-3.354527705,1,-192.6002364,4.101318398,-45.06632802,36.94486585,71.28180759,202.0115736,-54.87656684
0.05723117328,0.1096327117,2.142052266,-3.612442911,1,-199.2146483,4.199777577,220.3052201,0,77.72886084,125.0281143,-59.33354216
0.05723117328,0.1134964196,1.890266174,-2.986404798,1,-333.2287384,3.534362719,530.7942978,0,-52.51997989,35.39200815,-57.66794374
0.05723117328,0.1173601275,0.6516318951,-1.698353171,1,-80.64280289,1.819073286,428.469647,0,-149.2553134,110.1052794,-69.00896288
0.05723117328,0.1212238354,NaN,NaN,0,44.63917699,2.022063494,174.4544859,0,136.7281103,204.4695424,-60.29484192
0.06109488118,0.01690372206,NaN,NaN,0,-15.01556078,0.2527888489,-3.531210353,0,5.710869752,15.78952807,-29.84160617
0.06109488118,0.02076742997,NaN,NaN,0,-2.540302257,0.2590861877,-6.186708155,0,-7.893918127,9.972197225,-39.01860102
0.06109488118,0.02463113787,NaN,NaN,0,8.950304973,0.259716294,2.276281749,0,-22.06339701,-3.548195782,-46.44569864
0.06109488118,0.02849484577,NaN,NaN,0,-8.044229515,0.2060590519,-0.1073055266,1.689596007,1.41038005,-19.84377119,-43.02949647
0.06109488118,0.03235855367,NaN,NaN,0,-1.123835822,0.1898543831,-1.500443001,0,9.8775068,-17.04250382,-36.13906935
0.06109488118,0.03622226157,0.1844513108,-0.08055951671,1,-17.27671093,0.2012762326,0.6079631117,0,31.09461307,-7.453403823,-23.59340574
0.06109488118,0.04008596947,0.2067124459,-0.08081931984,1,-17.48917545,0.2219499893,-1.732623497,0,22.29732388,15.50658268,-21.354237
0.06109488118,0.04394967737,0.2030285919,-0.1471667738,1,-7.030853024,0.2507561932,-8.972573598,0,16.88879055,16.8150406,-35.93675544
0.06109488118,0.04781338527,0.244800637,-0.1804551286,1,5.748571861,0.3041239966,10.11994921,0,22.46417401,-12.42347956,-36.39583499
0.06109488118,0.05167709317,0.312034401,-0.06006554999,1,11.60989523,0.3177630213,11.08122722,0,20.54653745,17.93382974,-10.8959623
0.06109488118,0.05554080107,0.3690436999,-0.2069315831,1,17.11932009,0.4231003811,25.04986523,0,68.48698498,113.4965695,-29.28038653
0.06109488118,0.05940450897,0.6427921583,-0.4017977802,1,-25.26648877,0.758039059,120.9565199,0,141.0226076,127.4662124,-32.00875983
0.06109488118,0.06326821687,0.8162915309,-0.2320831333,1,6.059506282,0.848642707,96.20459169,0,63.82825034,122.2660361,-15.87119466
0.06109488118,0.06713192477,0.9128180357,-0.5024915888,1,3.607643255,1.041985875,33.48659221,0,74.80927697,109.3164358,-28.83207362
0.06109488118,0.07099563267,1.119271605,-0.5250674992,1,67.77428422,1.236310966,52.03953357,0,164.550805,81.44494288,-25.13199488
0.06109488118,0.07485934057,1.810454318,-0.6161055011,1,253.2777047,1.91241492,38.42135875,0,264.7732868,79.23019838,-18.79366339
0.06109488118,0.07872304847,3.120869314,-0.6827409353,1,323.9596055,3.194676894,-29.44922186,33.13491936,282.7806349,27.66932108,-12.33997684
0.06109488118,0.08258675637,4.154721379,-0.8367948667,1,153.7597703,4.238152355,-8.846438636,32.69538953,-9.039745102,182.4628814,-11.38749095
0.06109488118,0.08645046427,3.680025218,-1.421904267,1,-174.5951598,3.945173932,63.75428355,0,-230.6310437,384.0896502,-21.12575334
0.06109488118,0.09031417218,2.589045695,-2.074477154,1,-145.2459079,3.317621598,145.6360124,0,-102.6331229,332.2999729,-38.70351002
0.06109488118,0.09417788008,2.722293049,-2.143119286,1,-37.42500721,3.464655786,124.2492601,0,79.61380313,196.8643904,-38.21151301
0.06109488118,0.09804158798,2.752050879,-2.355040806,1,-38.61492306,3.622154226,4.287488319,0,55.34495332,97.91695902,-40.55493654
0.06109488118,0.1019052959,2.786932999,-2.504876211,1,-65.66664831,3.74718566,42.24841919,5.707321551,42.56346851,176.258925,-41.94898569
0.06109488118,0.1057690038,2.662786941,-2.872818257,1,-115.7647048,3.917080421,75.5327087,0,138.1726412,204.1293765,-47.17286781
0.06109488118,0.1096327117,2.873510719,-3.001736173,1,-119.0139935,4.155416213,327.5158165,0,238.6122372,271.9042906,-46.25026426
0.06109488118,0.1134964196,3.124879619,-2.657951564,1,-209.8381707,4.102387007,447.699082,0,19.01103138,163.3359765,-40.3837328
0.06109488118,0.1173601275,2.136210393,-1.903040195,1,-136.6987676,2.860936355,506.25984,0,-177.9366058,234.3646211,-41.69620439
0.06109488118,0.1212238354,NaN,NaN,0,-135.544961,2.495785852,281.9392212,0,18.04645561,128.919198,-40.09499466
0.06495858908,0.01690372206,NaN,NaN,0,-40.39931456,0.2607178797,-15.33107796,0,19.09897872,42.89190912,-14.91063366
0.06495858908,0.02076742997,NaN,NaN,0,-4.141166528,0.276903763,-26.95220537,0,-14.60967133,29.31772581,-40.42645428
0.06495858908,0.02463113787,0.1794913157,-0.2844964534,1,-17.47178555,0.3363857376,8.656329448,1.957778472,-12.0886465,-8.60795819,-57.75181192
0.06495858908,0.02849484577,0.09657706331,-0.1128600188,1,-10.23125578,0.1485412838,24.57276246,0,-9.492249009,-25.224422,-49.44559141
0.06495858908,0.03235855367,0.1032854544,-0.09209467842,1,14.58433165,0.1383810496,47.54275412,0,1.995101242,2.067751045,-41.7218548
0.06495858908,0.03622226157,0.1606351492,0.06284210984,1,9.408642107,0.1724899473,38.80683604,0,28.80380487,8.540658328,21.36594445
0.06495858908,0.04008596947,0.2509271877,0.02484499152,1,-23.79052863,0.2521541733,-12.7513742,0,41.82443351,18.78273339,5.654582613
0.06495858908,0.04394967737,0.2303128899,-0.05899647077,1,-30.53519752,0.2377490501,-22.23794696,3.125513735,14.94267214,7.947977077,-14.36782785
0.06495858908,0.04781338527,0.1906822242,-0.09178460168,1,-5.148457677,0.2116225974,-4.57296045,0,16.64642523,-7.995413767,-25.70376788
0.06495858908,0.05167709317,0.274737678,-0.04577311085,1,47.56292318,0.2785246298,-0.07788206272,0,69.71827369,-4.440088089,-9.45897371
0.06495858908,0.05554080107,0.6438225111,-0.07493031179,1,73.30282037,0.6481681706,79.14776653,0,140.6830989,34.56861739,-6.638417658
0.06495858908,0.05940450897,1.101516765,0.1264676999,1,10.16149813,1.108753021,64.92973115,0,146.1674157,88.43906487,6.549583493
0.06495858908,0.06326821687,1.247831771,-0.1657635102,1,-17.95571986,1.258793736,34.66563807,0,77.64992166,123.4213942,-7.566938772
0.06495858908,0.06713192477,1.332157724,-0.2164586162,1,-28.85926005,1.349629036,81.09821072,0,122.1643965,86.74489818,-9.2291733
0.06495858908,0.07099563267,1.608335564,-0.1875806612,1,22.86451586,1.61923741,55.59819349,0,161.3973233,98.00494045,-6.652369428
0.06495858908,0.07485934057,2.044091648,-0.3803058994,1,91.86410751,2.079168882,-33.61122707,0,181.4100563,113.8454174,-10.53944866
0.06495858908,0.07872304847,2.664187109,-0.7573100635,1,161.3788169,2.769731302,-253.0684963,0,126.0782926,-24.97804529,-15.86809646
0.06495858908,0.08258675637,3.154741953,-1.261580777,1,173.7768216,3.397643719,-326.7338842,0,72.54298784,-96.64761454,-21.79646173
0.06495858908,0.08645046427,3.615894903,-1.646296201,1,26.87280145,3.973032486,-82.7724308,0,33.62718118,70.29090892,-24.47950177
0.06495858908,0.09031417218,3.388496213,-1.852972812,1,-132.9593908,3.86204801,90.52166561,20.67435166,9.739132908,167.5505243,-28.67170097
0.06495858908,0.09417788008,3.139807819,-1.943913211,1,-70.25744535,3.69285685,72.55785951,0,34.46434368,130.2094083,-31.76241739
0.06495858908,0.09804158798,3.250202124,-2.075721557,1,-28.25219716,3.85647946,90.54503319,0,109.8401378,167.0837649,-32.56408541
0.06495858908,0.1019052959,3.45503979,-2.239636513,1,-65.02264062,4.117435083,125.2791175,0,114.1936079,202.3207639,-32.952238
0.06495858908,0.1057690038,3.440184379,-2.373387975,1,-16.57219475,4.179454395,228.4592438,0,276.1665289,226.1410315,-34.60184765
0.06495858908,0.1096327117,4.458036469,-2.230679618,1,-75.86088764,4.984979511,295.5083206,0,285.7480735,225.3193587,-26.58213064
0.06495858908,0.1134964196,4.251127157,-2.102198328,1,-244.0252024,4.742501441,173.3876044,36.63675484,-0.5191619823,76.8493836,-26.31256826
0.06495858908,0.1173601275,3.513188477,-1.857684132,1,-299.0817402,3.97410161,321.437647,0,-130.9930155,78.33106489,-27.86873979
0.06495858908,0.1212238354,NaN,NaN,0,-444.0439756,2.83858575,236.3351107,0,-34.12082085,-123.3083424,-24.184595
0.06882229698,0.01690372206,0.3257571456,0.1040952909,1,-160.874824,0.3419847182,-50.70406937,0,101.1795115,108.5502652,17.72121579
0.06882229698,0.02076742997,0.2104345204,-0.2035608245,1,-66.93713408,0.2927792626,-20.43023301,12.11241411,28.9904538,49.8438266,-44.04878741
0.06882229698,0.02463113787,0.1791422572,-0.1674231484,1,-47.22008763,0.2451988151,26.35242629,5.088191447,31.08981561,9.320437178,-43.06328123
0.06882229698,0.02849484577,0.148111861,-0.1377541936,1,10.55713466,0.2022704655,34.06246833,0,32.37114978,32.29837212,-42.92493327
0.06882229698,0.03235855367,0.345004609,-0.160607196,1,34.80668186,0.380555977,71.78138393,0,21.94614303,37.58316713,-24.96300851
0.06882229698,0.03622226157,0.3673881989,-0.00562227312,1,-24.17703073,0.3674312162,125.1208475,0,-5.584213098,38.85528802,-0.8767493854
0.06882229698,0.04008596947,0.230015856,0.1726977278,1,-65.72274363,0.2876313599,79.78445532,0,8.893427809,70.9409546,36.89951223
0.06882229698,0.04394967737,0.1478163224,0.02854643049,1,-36.81299823,0.1505475468,-1.530468167,5.070950336,28.07120234,68.07722527,10.93045543
0.06882229698,0.04781338527,0.1962401102,-0.0962460673,1,-1.553748,0.2185714673,33.20885786,0,39.53849361,33.98794824,-26.12566623
0.06882229698,0.05167709317,0.2945782841,0.02553625282,1,58.58171616,0.2956830493,30.28154222,0,99.85947465,-8.451250894,4.954441819
0.06882229698,0.05554080107,0.8084105909,0.05340613148,1,91.80907705,0.8101727583,-23.98655665,0,151.6839942,-49.39041943,3.77964619
0.06882229698,0.05940450897,1.235364387,0.1236893582,1,75.23904782,1.241541069,-42.59301249,0,84.88771935,-64.308683,5.717615182
0.06882229698,0.06326821687,1.427093646,0.1373091392,1,-4.968248491,1.433684092,-20.17789713,0,89.33031801,-9.134191707,5.495848966
0.06882229698,0.06713192477,1.561314782,0.08101970628,1,-21.42119356,1.563415505,13.29232852,0,95.35421549,46.19500627,2.970526699
0.06882229698,0.07099563267,1.712749247,0.01018280325,1,45.39912306,1.712779517,-10.81124694,0,99.3170476,80.07187021,0.3406364225
0.06882229698,0.07485934057,2.120455794,-0.2701261115,1,25.16964179,2.137592311,-49.93006473,0,61.23167409,164.7121066,-7.259839823
0.06882229698,0.07872304847,2.046578694,-0.8191318501,1,35.32416126,2.204418594,-65.3367023,0,67.80039011,182.5616231,-21.81348465
0.06882229698,0.08258675637,2.518898937,-1.22793283,1,195.5583098,2.802261746,-121.0592351,0,214.7267351,28.1951809,-25.98867484
0.06882229698,0.08645046427,3.631800264,-1.395807316,1,96.90407209,3.890790565,-33.4150831,0,179.323413,42.98792605,-21.02323138
0.06882229698,0.09031417218,3.586161254,-1.52313174,1,-88.54677943,3.89621391,27.29959862,13.4411697,55.91653829,115.9961499,-23.01213683
0.06882229698,0.09417788008,3.505726543,-1.738504882,1,-50.05343847,3.913121238,75.36443731,0,91.7988426,152.5857565,-26.37701092
0.06882229698,0.09804158798,3.747453301,-1.821492361,1,1.823191581,4.166682213,115.1763051,0,139.7394523,134.3113162,-25.92259717
0.06882229698,0.1019052959,4.052683249,-1.812436976,1,-14.14626348,4.43950102,145.5841847,0,188.0145609,124.9483018,-24.0951009
0.06882229698,0.1057690038,4.419229616,-1.741761337,1,-43.31147831,4.750086626,167.4791562,0,258.9472125,113.6831115,-21.51100387
0.06882229698,0.1096327117,4.885836738,-1.604584773,1,-168.1050255,5.142576487,-56.10444198,28.75730963,83.33998189,-62.48328469,-18.18098453
0.06882229698,0.1134964196,4.091722247,-1.717115352,1,-266.174262,4.437417727,-30.87941125,55.55856311,-45.7118447,-121.7222803,-22.76564415
0.06882229698,0.1173601275,3.680799924,-1.253594462,1,-304.2130856,3.88841705,175.4387878,42.65728685,-147.6325075,-262.8735454,-18.80764338
0.06882229698,0.1212238354,2.345922859,-0.02360452762,1,-427.3577684,2.34604161,365.4910261,0,-263.6246242,-271.1978571,-0.5764870596
0.07268600488,0.01690372206,0.4754398801,0.9454155305,1,-208.7574484,1.058231357,-204.7303932,0,130.591908,185.7460891,63.30264075
0.07268600488,0.02076742997,0.3244354721,0.1910719958,1,-88.52752532,0.3765194326,-96.17310866,0,47.60335506,143.8412547,30.49539754
0.07268600488,0.02463113787,0.3173208401,0.01807013844,1,-34.16938785,0.3178349343,-15.27623436,0,41.55620266,41.57305074,3.259242881
0.07268600488,0.02849484577,0.3529759668,-0.02857703621,1,-5.423721442,0.35413088,2.275680481,0,59.39190424,43.6489381,-4.628587673
0.07268600488,0.03235855367,0.5258381344,-0.1417840439,1,24.35335266,0.5446177179,43.51176897,0,89.84137532,1.257963388,-15.09004869
0.07268600488,0.03622226157,0.7941910395,0.1346793262,1,6.936587714,0.8055295949,130.5764352,0,72.63671812,12.83354718,9.624684124
0.07268600488,0.04008596947,0.8332861448,0.3131400826,1,-72.27026015,0.8901811672,147.8043612,0,-7.125213406,133.0470859,20.59568693
0.07268600488,0.04394967737,0.4874301211,0.1916971276,1,-103.9932094,0.523770858,42.86729504,20.18870131,4.872080237,106.5771489,21.46878397
0.07268600488,0.04781338527,0.4503110548,0.06698381688,1,-85.79746903,0.4552657222,25.46579547,13.40648734,52.57897081,45.64978422,8.460714968
0.07268600488,0.05167709317,0.3590835471,0.1137120908,1,-46.11588842,0.3766582448,6.993537941,8.418665539,22.82330311,-16.15134362,17.57159244
0.07268600488,0.05554080107,0.3603153089,0.1564088786,1,17.8442541,0.3927987515,-104.3428085,0,67.40967837,-117.2928707,23.46512997
0.07268600488,0.05940450897,0.6884798395,0.1637473483,1,73.11112584,0.7076847345,-137.2142389,0,127.2826753,-148.1285545,13.37860257
0.07268600488,0.06326821687,1.134578421,0.1985786062,1,92.46299352,1.151825359,-82.79587538,0,133.6202386,-101.1668568,9.927587212
0.07268600488,0.06713192477,1.561999409,0.2347274544,1,71.54179543,1.579537633,-19.32375493,0,120.3360531,26.70357448,8.546102623
0.07268600488,0.07099563267,1.875938381,0.02074244985,1,124.7062514,1.876053053,6.936606662,10.26125657,114.8502948,130.0567304,0.633499701
0.07268600488,0.07485934057,2.48757593,-0.2409727403,1,196.7268982,2.499220252,43.78604717,31.12543507,124.5115631,212.6843874,-5.533007225
0.07268600488,0.07872304847,3.117109962,-0.6318314015,1,48.29923674,3.180500815,12.37350507,7.350085196,31.51177666,257.3575631,-11.45848376
0.07268600488,0.08258675637,2.795942373,-1.187519581,1,18.85298017,3.037679461,3.848422852,0,119.8147514,183.9915805,-23.01236986
0.07268600488,0.08645046427,3.652881572,-1.327851943,1,43.98046716,3.886738293,-22.74730149,0,252.6793181,5.021145839,-19.97661422
0.07268600488,0.09031417218,3.942149129,-1.29480875,1,-40.90091608,4.149345666,42.55422567,0,136.058009,60.15014411,-18.18289552
0.07268600488,0.09417788008,4.020540784,-1.395837432,1,-67.37221594,4.255949991,89.95621178,0,137.7709871,154.1548176,-19.14580156
0.07268600488,0.09804158798,4.214149417,-1.542853411,1,-34.65455795,4.487700074,59.13800137,0,158.8247912,75.36818976,-20.10831748
0.07268600488,0.1019052959,4.500298295,-1.458546139,1,-47.95115756,4.730754864,24.10804498,0,128.7967713,-63.19273866,-17.95750321
0.07268600488,0.1057690038,4.526513254,-1.205548683,1,-173.371252,4.68430036,-56.11214817,33.72653532,43.84537295,-107.7145434,-14.91343519
0.07268600488,0.1096327117,3.999848133,-1.259169557,1,-215.3727338,4.193362977,-143.879091,34.14593908,-8.504039527,-132.2717794,-17.47422828
0.07268600488,0.1134964196,3.661518796,-1.250395945,1,-224.3767244,3.869135551,-99.44363259,42.85092977,10.98532918,-101.1174241,-18.85485773
0.07268600488,0.1173601275,3.175366113,-1.252702515,1,-144.8666426,3.413533879,-14.96985297,29.63692403,-38.31325254,-201.347162,-21.5295557
0.07268600488,0.1212238354,2.953765188,-0.5302884632,1,11.82625375,3.000988943,169.4843964,0,-126.5351972,-204.464189,-10.17786888
0.07654971278,0.01690372206,0.2524073399,1.415242081,1,59.62610291,1.437574211,-278.0871674,0,13.98348489,287.6041194,79.88766626
0.07654971278,0.02076742997,0.3946103129,0.3224091336,1,16.23637346,0.5095733004,-176.2253138,0,-8.90193328,157.6725118,39.24991159
0.07654971278,0.02463113787,0.2807454744,0.1251584139,1,-26.79457731,0.3073803019,-32.55917659,0,8.920777828,21.72408899,24.02766716
0.07654971278,0.02849484577,0.3255511726,0.1126744515,1,2.894466636,0.344498328,0.04859183231,0,58.50673378,8.522063473,19.09092404
0.07654971278,0.03235855367,0.5179817776,0.09241939461,1,29.68008504,0.5261620153,23.82777449,0,124.5581036,-11.25494704,10.11637974
0.07654971278,0.03622226157,0.9214824806,0.2482238398,1,65.29976379,0.9543296269,89.45391518,0,141.0207071,3.531331622,15.07616399
0.07654971278,0.04008596947,1.315143811,0.4243991595,1,-53.32642332,1.381925429,129.8798447,0,2.53156911,77.87118476,17.88497922
0.07654971278,0.04394967737,0.7252260011,0.4491701103,1,-160.8417244,0.8530571731,75.63212463,27.677931,-57.63593883,72.00842497,31.77208279
0.07654971278,0.04781338527,0.4710099373,0.4384000765,1,-128.8967738,0.6434632765,27.20979665,26.82388588,8.279269753,67.91498517,42.94635294
0.07654971278,0.05167709317,0.2591951979,0.2918971518,1,-129.0138079,0.3903666198,32.38061121,26.62163129,-5.296260113,82.45883366,48.39596318
0.07654971278,0.05554080107,-0.04792493359,0.2449124528,1,-57.77290209,0.2495574259,53.4606559,0,25.08098566,42.82443522,101.0718428
0.07654971278,0.05940450897,0.1328831821,0.3329924017,1,54.1552057,0.3585273765,25.54136738,0,143.6445084,12.2338761,68.24514855
0.07654971278,0.06326821687,0.7163153845,0.296328712,1,133.6306418,0.7751892902,-17.46463611,0,243.4540406,-1.043638968,22.47413095
0.07654971278,0.06713192477,1.589828249,0.2695464653,1,162.2526029,1.612516405,-53.24682745,0,232.6364882,30.66905191,9.622672272
0.07654971278,0.07099563267,2.242051486,-0.02789773406,1,165.1211658,2.242225044,-55.26735905,0,228.6856198,156.6253509,-0.7128917174
0.07654971278,0.07485934057,3.111382638,-0.5491450724,1,119.0815809,3.159471827,24.46134953,12.74931457,100.0574662,246.0350244,-10.00936471
0.07654971278,0.07872304847,3.088740753,-0.8839936922,1,0.5351968222,3.212750269,-28.64467393,0,33.95892335,46.07654515,-15.97105459
0.07654971278,0.08258675637,3.244657842,-0.8378460369,1,-42.22773419,3.351087957,119.1093747,0,165.0555553,42.87747956,-14.47881975
0.07654971278,0.08645046427,3.563311576,-0.5894559169,1,-29.10834329,3.611737486,34.4290961,0,220.2001948,34.83495137,-9.393012106
0.07654971278,0.09031417218,3.982980939,-0.8394141431,1,14.54237661,4.070473346,-96.19509302,0,214.6645673,-3.942893832,-11.90094226
0.07654971278,0.09417788008,4.448900256,-0.9458914677,1,-58.98658822,4.548343012,-196.2943727,0,132.5338137,-135.5934776,-12.00306229
0.07654971278,0.09804158798,4.267145935,-1.073944671,1,-128.7481274,4.400214948,-246.7048861,0,-12.88495181,-199.1746007,-14.12666826
0.07654971278,0.1019052959,3.901671409,-1.129534607,1,-128.6991141,4.061882348,-235.2029187,0,4.234528715,-279.5760773,-16.14573992
0.07654971278,0.1057690038,3.786251133,-0.9024997474,1,-76.96248318,3.892326224,-146.2165327,0,55.53204068,-230.133343,-13.40698064
0.07654971278,0.1096327117,3.818870439,-0.805304564,1,-167.2248794,3.902856245,-63.85781134,31.49936291,45.7254707,-88.38208271,-11.90779069
0.07654971278,0.1134964196,3.316812908,-0.8077451264,1,-251.7972301,3.41375161,-69.04122256,51.6650595,-0.255021239,-59.56878733,-13.68684563
0.07654971278,0.1173601275,2.845014164,-0.8419032868,1,-295.0908331,2.966969285,2.596593918,62.9307146,8.826504103,-61.99223471,-16.48466318
0.07654971278,0.1212238354,2.210771158,-0.5581927589,1,-206.9153498,2.280150931,17.45336396,0,-121.392598,-129.4058372,-14.17032076
0.08041342068,0.01690372206,0.5122106027,0.7690657866,1,118.1871812,0.9240248296,-211.4659229,0,-252.4922296,138.0019368,56.3357248
0.08041342068,0.02076742997,0.2527528644,0.09394492142,1,11.79498864,0.2696472858,-120.9408035,0,-73.07119851,37.71558673,20.38943942
0.08041342068,0.02463113787,0.2754572265,0.1560638383,1,10.29546063,0.3165953336,5.284749528,0,24.21481148,-18.61653926,29.53428069
0.08041342068,0.02849484577,0.3860904754,0.1862925197,1,22.04938346,0.4286849171,18.52585217,0,55.3267144,0.7364463803,25.7577745
0.08041342068,0.03235855367,0.5744158671,0.224796906,1,72.92025743,0.6168364754,60.19708065,0,125.689062,-2.165401069,21.37282626
0.08041342068,0.03622226157,1.153458872,0.4272429331,1,106.1397824,1.230042233,121.778199,0,168.6117255,43.0553371,20.32470686
0.08041342068,0.04008596947,1.635975439,0.5289590493,1,-25.85482524,1.719364217,114.123066,0,1.114654478,71.88094837,17.91754811
0.08041342068,0.04394967737,1.057870079,0.5904541367,1,-129.7039142,1.211497087,104.4559701,0,-82.04346265,86.84777288,29.16823377
0.08041342068,0.04781338527,0.8178454259,0.59699198,1,-67.49888213,1.01255645,146.2592371,0,1.479279183,145.9314637,36.12783626
0.08041342068,0.05167709317,0.8027896175,0.5917205576,1,-68.27935192,0.9972985452,214.0301751,0,46.14707591,245.2074493,36.39320272
0.08041342068,0.05554080107,0.7323327762,0.4765320993,1,-58.1634586,0.873724291,250.5002239,0,66.35318968,271.7784068,33.05222708
0.08041342068,0.05940450897,0.8344323462,0.5095078742,1,-26.37361487,0.9776889149,225.1720064,0,111.9740498,187.2881797,31.40841325
0.08041342068,0.06326821687,1.063067853,0.6229041399,1,-1.264789516,1.232121271,87.28655536,0,166.9950026,88.02099134,30.36815134
0.08041342068,0.06713192477,1.47476548,0.5066702281,1,90.88841284,1.559374214,-70.02242596,0,220.8557027,22.26384829,18.96066451
0.08041342068,0.07099563267,2.267556055,0.266336933,1,173.2190499,2.283143847,-114.3816972,0,359.4116458,98.14642657,6.699010961
0.08041342068,0.07485934057,3.532694907,-0.3144763626,1,-7.842272043,3.546664445,-4.925570414,0,245.1546127,194.1134973,-5.086994412
0.08041342068,0.07872304847,3.18446162,-0.5026918853,1,-159.2076234,3.223894375,112.8382712,0,130.5091171,131.5149251,-8.970557888
0.08041342068,0.08258675637,3.421812261,-0.3866374975,1,-33.34970293,3.44358646,108.0105088,0,223.8496107,72.26885483,-6.446623845
0.08041342068,0.08645046427,3.920497619,-0.3645965746,1,-64.48469017,3.937414411,38.44173127,0,99.01963438,73.37127742,-5.313084036
0.08041342068,0.09031417218,3.555245198,-0.5215950609,1,-290.1913894,3.59330347,-86.43431902,59.00945612,-15.80341546,-11.05026441,-8.346401582
0.08041342068,0.09417788008,2.738223074,-0.655858542,1,-279.4452952,2.815673282,-272.2408217,13.42282091,4.102566388,-123.7832007,-13.46971348
0.08041342068,0.09804158798,2.491401321,-1.095191944,1,-49.9566158,2.721493329,-91.69698956,0,-8.764296524,-16.88004203,-23.72974953
0.08041342068,0.1019052959,2.511342621,-0.9449293733,1,187.0592053,2.683231873,174.0280013,12.36709005,-36.68398044,70.09586935,-20.619543
0.08041342068,0.1057690038,3.072407266,-0.6936285446,1,35.5015817,3.149731253,106.403081,0,197.5116412,-25.21602158,-12.72185666
0.08041342068,0.1096327117,3.411637651,-0.4363916066,1,-87.41495741,3.439434416,-16.61774295,0,111.2780498,-124.0581164,-7.289272042
0.08041342068,0.1134964196,3.164607284,-0.278510325,1,-192.8046485,3.176839194,-35.0768865,37.39758578,72.25750649,-127.7176652,-5.029520648
0.08041342068,0.1173601275,2.945878707,-0.07845469823,1,-239.8527348,2.946923225,-50.63375134,47.51244375,73.33037628,-70.99160339,-1.525541697
0.08041342068,0.1212238354,2.521213532,-0.1998535312,1,-174.3701746,2.529122201,-127.7479515,0,-45.45243377,-64.90736623,-4.53228969
0.08427712858,0.01690372206,-0.03143604352,-0.0169548876,1,144.3510672,0.0357168454,-186.2511114,0,-90.26394074,-192.1862719,-151.6599969
0.08427712858,0.02076742997,0.07305238542,-0.005489024214,1,47.71884646,0.07325831285,-29.19243828,6.863891391,19.74779008,-79.89337439,-4.297026819
0.08427712858,0.02463113787,0.2292353331,0.1789387198,1,42.22056952,0.290805611,31.3242487,0,42.39314629,-32.5360038,37.97522854
0.08427712858,0.02849484577,0.3999750677,0.2412483379,1,53.40774255,0.467098293,22.87220615,0,79.35692719,-7.503775975,31.09663385
0.08427712858,0.03235855367,0.7421992365,0.2963026419,1,133.2198566,0.7991589092,45.65649933,0,166.5895695,-18.62083439,21.76299669
0.08427712858,0.03622226157,1.558351116,0.48959718,1,161.5874952,1.633451438,4.104878467,0,172.7053105,-56.01838019,17.44148926
0.08427712858,0.04008596947,2.033808991,0.5286013514,1,-8.476149201,2.101380118,-28.40556412,0,-15.84849808,-65.60273255,14.56922915
0.08427712858,0.04394967737,1.464367784,0.6333161736,1,-75.96379589,1.595450527,127.4123151,0,-36.32718097,81.77993385,23.38772784
0.08427712858,0.04781338527,1.599949456,0.7049115434,1,47.65829879,1.748353096,217.173172,0,99.65807862,191.1123843,23.77750428
0.08427712858,0.05167709317,2.033555236,0.734007445,1,28.16583648,2.161969895,238.7519635,0,67.61202553,233.291699,19.84694022
0.08427712858,0.05554080107,1.970007138,0.7260084105,1,-91.79278332,2.099527646,228.3718017,0,12.32342865,193.8143442,20.23039845
0.08427712858,0.05940450897,1.726508862,0.8675273667,1,-144.5152017,1.932210284,145.1273144,0,-4.656168327,88.07667933,26.67837987
0.08427712858,0.06326821687,1.393652538,0.9464354,1,-105.5733724,1.684638644,37.39082183,20.51405107,22.43929095,62.19219376,34.18059376
0.08427712858,0.06713192477,1.405303055,0.77170211,1,54.76036326,1.603246962,-41.49972541,0,148.5859106,24.48335014,28.77276115
0.08427712858,0.07099563267,2.179323143,0.6914960697,1,230.015535,2.286398079,-122.3110679,0,400.7377552,-33.44795278,17.60415735
0.08427712858,0.07485934057,3.842349525,0.42836099,1,63.33175705,3.866153516,-229.8069051,0,416.3957569,-111.7573748,6.361302591
0.08427712858,0.07872304847,4.032850128,0.2353871667,1,-237.6728574,4.039713762,-32.91388529,0,263.2584143,37.60490489,3.340418489
0.08427712858,0.08258675637,3.941204644,0.1558969832,1,-264.2208955,3.944286743,-7.708417469,15.05479456,254.5085289,42.27210331,2.265191925
0.08427712858,0.08645046427,3.995324381,0.0422770337,1,-301.4630342,3.995548055,-76.96207853,42.03926787,214.7909387,-93.74488354,0.6062599598
0.08427712858,0.09031417218,3.606328983,0.2207408396,1,-424.897876,3.613078363,1.129859492,85.11604723,146.2677888,-26.66147833,3.502664059
0.08427712858,0.09417788008,2.918779112,0.1496546452,1,-278.4207947,2.922613217,-16.03181346,0,340.875572,277.8647363,2.935157847
0.08427712858,0.09804158798,3.847636,-0.9147895816,2,200.6533397,3.954888465,64.75644065,0,297.8614741,619.5777733,-13.37397586
0.08427712858,0.1019052959,4.844894736,-1.994012921,2,666.0909034,5.239188156,912.0219552,0,-600.7913977,746.8310564,-22.37059174
0.08427712858,0.1057690038,4.099934216,-0.2765402007,1,-216.7174435,4.109249939,622.0878354,0,-189.5127289,115.7348322,-3.858750567
0.08427712858,0.1096327117,3.27534001,-0.03761282214,1,-507.7111393,3.275555969,423.1308886,51.60614694,142.2301195,295.5545217,-0.6579351254
0.08427712858,0.1134964196,2.687822312,0.2163776158,1,-284.2721721,2.696517765,-48.82772504,58.74171509,51.27042536,-153.8453936,4.602553571
0.08427712858,0.1173601275,2.37508932,0.3681447736,1,-280.2759964,2.403451654,-189.9459237,43.30261771,-35.84909874,-118.3903382,8.810872661
0.08427712858,0.1212238354,1.466407285,-0.06009226503,1,-252.6711718,1.467638036,-383.5766453,0,-217.696702,-161.9051061,-2.346624877
0.08814083648,0.01690372206,-0.949960905,-0.1374180732,1,221.0902075,0.9598486589,-129.3828873,0,183.3078854,-193.2029307,-171.7688864
0.08814083648,0.02076742997,-0.1687228518,-0.01412707012,1,157.5734202,0.1693132447,5.826756782,0,158.3759981,-70.30443774,-175.2138203
0.08814083648,0.02463113787,0.2707753588,0.1567306245,1,84.81739343,0.312863842,77.07122834,0,74.14712152,-0.7503014673,30.0631852
0.08814083648,0.02849484577,0.4454696005,0.2865525894,1,46.68477665,0.5296749489,44.10222069,0,58.93874124,-6.88432116,32.75153878
0.08814083648,0.03235855367,0.6788737794,0.3537277291,1,59.57156279,0.7655017405,9.057013563,0,71.7558248,-38.47409877,27.52180315
0.08814083648,0.03622226157,0.9528802655,0.4701989237,1,76.87586544,1.062576034,-58.52102661,0,76.83168083,-96.50182674,26.26404297
0.08814083648,0.04008596947,1.27275484,0.5004744467,1,113.410188,1.367618205,-46.23687026,0,122.9553919,-116.9977876,21.46581433
0.08814083648,0.04394967737,1.866127824,0.743598439,1,136.9060465,2.00882346,116.7610355,0,153.6404297,39.78070955,21.72586432
0.08814083648,0.04781338527,2.395341556,0.7979039402,1,84.19459689,2.52473996,141.1292172,0,112.6372138,140.9918696,18.42325321
0.08814083648,0.05167709317,2.626628446,0.7441291099,1,-17.21073368,2.730000939,118.9697286,0,8.979047268,98.0305707,15.81753244
0.08814083648,0.05554080107,2.363536724,0.87880673,1,-149.7342439,2.52162787,64.3621954,23.10874914,-80.91569382,-14.77246598,20.39606654
0.08814083648,0.05940450897,1.735464459,1.049882326,1,-140.9173985,2.028321914,37.04775501,20.52364786,-96.08529698,-24.73252308,31.17215764
0.08814083648,0.06326821687,1.447827537,1.117507679,1,-51.5461595,1.828941767,-15.36219977,7.797816347,-32.94399646,31.40572218,37.66280465
0.08814083648,0.06713192477,1.409019176,0.8691847367,1,4.800680291,1.655541345,-32.39098118,0,51.60139896,17.18573623,31.66928141
0.08814083648,0.07099563267,1.665748696,0.9259577238,1,33.3656633,1.905811225,-63.14830905,0,174.7171278,-109.8586378,29.06884235
0.08814083648,0.07485934057,2.2129903,1.049659803,1,45.16096724,2.449308427,-153.6073905,0,352.6014137,-284.7773743,25.37579929
0.08814083648,0.07872304847,3.20258635,1.432760227,1,-87.3129147,3.508469922,-60.10272179,0,434.7423741,-207.0914925,24.10259567
0.08814083648,0.08258675637,3.555356247,1.617581478,1,-332.2331105,3.906037363,-37.69393261,0,347.3350366,-88.7582877,24.464125
0.08814083648,0.08645046427,3.260935781,1.630057979,1,-380.7982757,3.645653739,-57.11250637,26.60752303,355.2379152,-74.61920056,26.55928905
0.08814083648,0.09031417218,3.456598481,1.68522223,1,-275.8691536,3.845522984,80.35278424,0,402.4142336,52.69444494,25.99098094
0.08814083648,0.09417788008,3.749869007,1.736921723,1,-102.3629667,4.132603857,-76.89576295,0,536.8860707,545.5193882,24.85335075
0.08814083648,0.09804158798,5.13546883,-0.7196081067,2,273.9311063,5.185641323,-957.7129322,0,1064.36807,1003.282683,-7.976640444
0.08814083648,0.1019052959,8.920666108,-5.839792529,1,-365.5123866,10.66215084,-791.135979,0,569.3760652,-825.0646911,-33.2102171
0.08814083648,0.1057690038,5.923138536,-0.5885174736,2,-607.738673,5.952304002,1073.861659,0,-99.41570537,-974.5810033,-5.674231239
0.08814083648,0.1096327117,6.188428149,2.07479157,1,-711.1570051,6.526975028,362.825074,122.9164424,-205.4756888,-52.95318226,18.53473451
0.08814083648,0.1134964196,2.381537555,1.01792826,1,-790.4773095,2.589961209,-153.8677391,146.843143,-357.0915047,159.0058433,23.14306581
0.08814083648,0.1173601275,1.754557455,0.8659394373,1,-281.9027372,1.956610072,-260.8071482,0,-227.4282541,19.40312747,26.26805479
0.08814083648,0.1212238354,0.4136313797,-0.06472239593,1,-368.788742,0.4186644323,-426.566746,0,-325.3248453,55.17869503,-8.893165396
0.09200454438,0.01690372206,-1.277813417,-0.1629347438,1,308.8662377,1.288159485,123.7119683,0,261.4371629,40.6070078,-172.7333944
0.09200454438,0.02076742997,-0.1760705399,-0.002388097676,1,232.4999658,0.1760867344,63.94013373,0,233.8734156,-13.87285254,-179.2229278
0.09200454438,0.02463113787,0.5241171013,0.137711906,1,96.89050843,0.5419070999,46.3037619,0,89.41878788,-29.0078773,14.72171771
0.09200454438,0.02849484577,0.5437741602,0.2885940777,1,14.33597441,0.6156109802,24.13821746,0,12.69068324,-29.09229858,27.95597177
0.09200454438,0.03235855367,0.6285402119,0.3433790713,1,55.53389534,0.7162206257,20.28273205,0,52.03477791,-31.69645247,28.64831018
0.09200454438,0.03622226157,0.9593880928,0.4894264636,1,94.87027194,1.077016145,31.14453413,0,105.6049611,-26.33966646,27.02814699
0.09200454438,0.04008596947,1.403117954,0.5654812313,1,127.3097414,1.51278188,32.99787803,0,159.9302097,-20.97785824,21.95030231
0.09200454438,0.04394967737,2.069199361,0.6979729423,1,175.2429101,2.18374729,38.37844433,14.03891963,157.8218577,-26.15134987,18.64004627
0.09200454438,0.04781338527,2.689982928,0.8148055069,1,100.4831687,2.810678952,31.61507698,0,107.291763,-3.901108469,16.85174943
0.09200454438,0.05167709317,2.871981006,0.8351971086,1,-82.17222058,2.990957892,19.68259621,12.41497407,-54.58127483,-26.15360153,16.21489122
0.09200454438,0.05554080107,2.161607368,0.9919031863,1,-171.0323597,2.37832259,-12.17596491,27.24632973,-113.1220624,-65.37574298,24.64911077
0.09200454438,0.05940450897,1.774091321,1.040745511,1,-106.9451348,2.056830386,-3.374149455,16.08647866,-75.77244215,-10.20839748,30.39741272
0.09200454438,0.06326821687,1.455640022,1.018308724,1,-50.27214847,1.776468556,-20.14200821,0,-60.38240984,2.690746548,34.97512861
0.09200454438,0.06713192477,1.34655443,0.9525264165,1,-34.99154263,1.649398498,10.93233152,0,49.2873472,-45.83389442,35.27484563
0.09200454438,0.07099563267,1.510874835,1.23763684,1,29.36246279,1.953071354,83.80494565,0,178.2113075,-87.97166702,39.32270421
0.09200454438,0.07485934057,2.148558846,1.616221072,1,89.07159625,2.688582465,134.0552832,0,296.4686502,-128.5990107,36.95176409
0.09200454438,0.07872304847,3.000489731,2.25245631,1,46.84259445,3.751865944,100.103124,0,290.675507,-201.5057864,36.89541915
0.09200454438,0.08258675637,3.452630201,2.781549802,1,-102.065625,4.433697622,2.124173567,0,227.8157659,-161.8762078,38.8560348
0.09200454438,0.08645046427,3.486351544,2.88610588,1,-122.6969211,4.525953407,-0.360559957,0,295.524275,-15.85860502,39.61897248
0.09200454438,0.09031417218,4.120384614,2.841429721,1,-47.17904887,5.005126595,-17.29959248,0,368.9042939,51.69622312,34.59026411
0.09200454438,0.09417788008,4.729403915,2.619526202,1,-192.1672415,5.406401661,-61.86710985,15.33156633,167.1445406,119.8758631,28.98122842
0.09200454438,0.09804158798,4.023704207,2.139227961,1,-1247.414195,4.557026642,-113.1860679,255,-338.8952868,145.9958504,27.99762968
0.09200454438,0.1019052959,-1.399632561,1.618122976,1,-1034.225035,2.139460977,-877.5946048,0,1153.235446,-760.6715074,130.858918
0.09200454438,0.1057690038,4.48352567,1.687471265,1,341.5762742,4.790570082,-230.3821913,0,1178.266115,-307.528059,20.62490703
0.09200454438,0.1096327117,4.472594486,1.916192075,1,-255.8902806,4.865788066,-170.4109171,0,-203.7332908,-223.050121,23.1917272
0.09200454438,0.1134964196,2.707674446,1.890853774,1,-485.7573983,3.302548849,-66.87121394,80.50701066,-298.5202609,279.3179507,34.92780185
0.09200454438,0.1173601275,1.442374698,0.5786182643,2,-163.0691312,1.554105487,-292.6951518,0,-529.5821191,168.7823417,21.85851914
0.09200454438,0.1212238354,0.03147233818,0.1078395359,1,-469.4892897,0.1123382107,-14.66107363,0,-260.8466446,229.0316384,73.73042371
0.09586825228,0.01690372206,-0.315080379,-0.3206701643,1,93.93048883,0.4495608963,300.2423838,0,81.96421432,138.8172909,-134.4962445
0.09586825228,0.02076742997,0.0247224981,-0.00882046105,1,85.01800036,0.02624885608,104.4748768,0,83.90832652,-11.61367203,-19.63531817
0.09586825228,0.02463113787,0.3376016048,0.1278620788,1,54.36905202,0.3610035384,-6.508962645,4.556355399,49.57410061,-81.31175143,20.74351007
0.09586825228,0.02849484577,0.4263284781,0.280195665,1,35.42929866,0.5101623094,-3.346623491,0,41.48461421,-58.30576847,33.31409892
0.09586825228,0.03235855367,0.6347744976,0.3402081615,1,58.6027507,0.7201945959,36.00314739,0,82.48358569,-23.90794528,28.18913685
0.09586825228,0.03622226157,0.9714448707,0.5116746271,1,86.14997776,1.097959954,43.70439712,0,90.99130872,-30.39598879,27.77645105
0.09586825228,0.04008596947,1.319196686,0.6265104079,1,116.593363,1.460409253,-3.757429934,0,127.1944437,-46.36260569,25.40389018
0.09586825228,0.04394967737,1.913369746,0.6762885812,1,158.2790044,2.029371831,-65.19049612,0,147.9614204,-116.358948,19.46616897
0.09586825228,0.04781338527,2.502420235,0.8242103599,1,95.06192992,2.634659323,-93.74072593,0,83.07178097,-138.8900716,18.23008877
0.09586825228,0.05167709317,2.601626372,0.8507324649,1,-66.55556738,2.737189344,-58.80049349,0,-46.94179544,-130.8413543,18.1077575
0.09586825228,0.05554080107,2.063899577,1.102555203,1,-140.3122211,2.339937914,12.73739532,21.36708244,-97.44925823,-69.97901299,28.11156581
0.09586825228,0.05940450897,1.682985465,1.170324505,1,-123.9442721,2.049902321,-12.96105925,23.7491237,-52.95797709,-6.720778708,34.8142101
0.09586825228,0.06326821687,1.380400959,1.078444582,1,-87.36460992,1.751727583,-5.401590827,18.18369003,-18.44456202,-11.73986602,37.99889566
0.09586825228,0.06713192477,1.274169732,1.194813749,1,-33.06934468,1.7467365,52.81233906,0,102.7559642,-56.5700496,43.15908118
0.09586825228,0.07099563267,1.649649702,1.501066181,1,63.95842221,2.230368539,115.0985903,0,184.4822044,-54.7299026,42.3000085
0.09586825228,0.07485934057,2.234071744,1.850981439,1,97.94903352,2.901242638,132.7362674,0,202.5774064,-93.41778427,39.64255425
0.09586825228,0.07872304847,2.810796082,2.374859377,1,70.128474,3.679746143,65.35648505,0,112.0926786,-204.1166227,40.1946783
0.09586825228,0.08258675637,2.938121051,2.892146814,1,41.02680881,4.122750114,35.49789705,0,59.25861474,-189.9547416,44.54820685
0.09586825228,0.08645046427,3.198269665,3.245942518,1,47.34696663,4.556870822,15.22574778,0,121.2413377,-88.48289819,45.42385374
0.09586825228,0.09031417218,3.589497014,3.292846729,1,44.31018818,4.87107056,-97.80390266,0,156.4628101,-66.55282801,42.53190255
0.09586825228,0.09417788008,3.973997885,3.125197494,1,137.477136,5.055642251,-220.481489,0,295.4591197,-90.50190291,38.18191631
0.09586825228,0.09804158798,5.262236246,2.790643575,1,-322.1846566,5.95641015,-110.6936568,64.1042965,-35.79103237,22.15326017,27.93768457
0.09586825228,0.1019052959,2.590884387,2.611915812,2,-413.3324672,3.67896536,505.9026425,0,46.47611304,543.8029974,45.23160707
0.09586825228,0.1057690038,3.844810452,2.644207675,1,198.699605,4.666304924,-488.7538032,0,338.9510906,-401.8929749,34.51763423
0.09586825228,0.1096327117,4.668209628,2.276310943,1,-86.34520981,5.193628081,-430.3023073,0,-79.93049699,-196.6278599,25.99477434
0.09586825228,0.1134964196,3.20236969,1.741357867,1,-495.0079285,3.645202169,-167.2109775,56.60127802,-383.0126577,564.3325827,28.53609421
0.09586825228,0.1173601275,1.275794552,-0.5501596898,2,502.1305995,1.389362236,-417.4466098,0,-1009.537763,-158.6418419,-23.32710959
0.09586825228,0.1212238354,1.241896624,0.7414118403,1,114.2546666,1.446374344,520.6017261,0,-131.8015042,-147.9640988,30.83718637
0.09973196018,0.01690372206,0.4185849169,-0.2091689332,1,-116.2064944,0.4679369351,43.2721019,0,-5.887045016,-61.54605991,-26.5515231
0.09973196018,0.02076742997,0.1827180304,-0.006675553258,1,-37.98343526,0.1828399345,20.151766,4.908898007,-22.52357212,-64.83254338,-2.092355013
0.09973196018,0.02463113787,0.1848035144,0.1191856143,1,23.56252475,0.2199035007,3.381041115,4.654903143,8.233174866,-79.09558748,32.81924575
0.09973196018,0.02849484577,0.3055673262,0.3119900483,1,66.6223044,0.4367026232,23.66473321,3.3052392,60.32026943,-58.24156922,45.59586625
0.09973196018,0.03235855367,0.6752725399,0.4356476422,1,76.24591212,0.8036055446,11.12164764,0,106.2835614,-39.64355228,32.8278192
0.09973196018,0.03622226157,1.010807895,0.5081319523,1,70.26938644,1.131340215,-17.43790373,0.7071057272,67.99060887,-61.64235003,26.68862311
0.09973196018,0.04008596947,1.209468776,0.6064407106,1,41.95489975,1.352991151,-40.20454419,0,50.42719885,-79.02136549,26.62968114
0.09973196018,0.04394967737,1.36774534,0.6581088114,1,59.46472761,1.517838767,-97.36790077,0,91.08927825,-139.3064653,25.69515069
0.09973196018,0.04781338527,1.791165478,0.7684790737,1,100.4724237,1.949059736,-144.3682519,0,99.21010433,-209.8157933,23.22119865
0.09973196018,0.05167709317,2.139260301,0.9109789942,1,0.9366131928,2.32514889,-89.91515666,0,37.6990713,-190.6044662,23.06616302
0.09973196018,0.05554080107,1.940442477,1.157513155,1,-70.56612137,2.259458721,5.087322706,11.78384981,-43.62829082,-99.48497847,30.81693052
0.09973196018,0.05940450897,1.698046448,1.31501582,1,-97.54141804,2.14770304,-4.304078254,18.43328412,-45.07599813,-37.19541127,37.75522671
0.09973196018,0.06326821687,1.38941044,1.284595658,1,-103.7212741,1.892259859,22.35404817,21.52484623,8.99084321,-19.65221093,42.75528868
0.09973196018,0.06713192477,1.332035734,1.477315736,1,-10.70241446,1.9891659,64.81352898,0,102.5083636,-43.55643125,47.96029987
0.09973196018,0.07099563267,1.744121811,1.703305529,1,90.6497928,2.437870099,61.50671448,0,160.0001711,-79.07296216,44.32167058
0.09973196018,0.07485934057,2.30047398,2.020474543,1,66.06535727,3.061780187,52.90116187,0,120.3460639,-131.1935545,41.29239107
0.09973196018,0.07872304847,2.464361091,2.414593739,1,70.07917424,3.450121522,28.39876724,0,73.66359947,-186.8135763,44.41557968
0.09973196018,0.08258675637,2.85585407,2.851992175,1,120.5088952,4.03605771,37.41562094,19.2236183,70.74423292,-158.5149269,44.96123401
0.09973196018,0.08645046427,3.203307313,3.171612145,1,115.4567649,4.507804493,-1.547054114,22.45320334,47.470703,-110.9659152,44.7151361
0.09973196018,0.09031417218,3.485358215,3.274754693,1,62.4913827,4.782440819,-57.20729154,2.781260086,21.50762083,-72.29908855,43.2155932
0.09973196018,0.09417788008,3.527854927,3.22992244,1,12.12698572,4.78311189,-65.45507073,0,38.66664741,-57.95310008,42.47561569
0.09973196018,0.09804158798,3.681609977,3.245769269,1,-149.1047602,4.908082128,-143.5570187,0,-76.51568955,-186.2016969,41.39994277
0.09973196018,0.1019052959,2.656123413,3.394689021,1,-396.4824754,4.310325409,99.24272293,54.48141697,-286.6134955,362.307959,51.95913083
0.09973196018,0.1057690038,1.042326677,2.229362038,1,-92.85774394,2.460995733,-156.6545193,0,-63.93567388,219.5934805,64.9418037
0.09973196018,0.1096327117,2.050319446,1.940976651,1,376.616267,2.823331399,-53.26087951,0,451.5285449,-77.64386865,43.43075685
0.09973196018,0.1134964196,4.24203633,2.323570786,1,-523.6907619,4.836719283,-779.2770568,0,-209.7451818,1084.995183,28.71167635
0.09973196018,0.1173601275,-0.7834628045,-5.26202673,1,-793.1152122,5.320031887,-40.90899209,168.2164574,75.97998395,778.619943,-98.46855288
0.09973196018,0.1212238354,1.471235283,-0.8428496349,2,421.7117486,1.695561489,1494.902033,0,745.4044752,-792.6296377,-29.8077778
0.1035956681,0.01690372206,-0.3856856149,0.1055719639,1,5.146004427,0.3998735214,-250.1483997,0,117.93506,-221.85432,164.6916635
0.1035956681,0.02076742997,-0.1479109745,0.0509119343,1,46.41035717,0.1564278793,-98.14067393,0,65.07538136,-88.58042343,161.0061986
0.1035956681,0.02463113787,0.04506271381,0.06863394856,1,71.09893008,0.08210521951,-6.742103365,12.00352809,42.94816392,-59.78299404,56.71246047
0.1035956681,0.02849484577,0.2927336837,0.2558464426,1,88.15159714,0.3887806731,32.62006018,15.69901198,35.95495745,-67.70608398,41.15314802
0.1035956681,0.03235855367,0.5245741893,0.4562648644,1,55.09858695,0.6952378777,-8.075352816,7.542578481,41.4843317,-72.00970289,41.01613878
0.1035956681,0.03622226157,0.6659018695,0.5028700962,1,41.83355169,0.8344481011,-49.12942863,0,44.60372974,-101.6644643,37.05906171
0.1035956681,0.04008596947,0.8585425965,0.6592448969,1,28.0730186,1.082450564,-47.07948382,0,58.12067577,-123.5879878,37.51940064
0.1035956681,0.04394967737,0.9989291274,0.7984766074,1,3.732235218,1.278837087,-52.67215995,0,67.5500541,-94.10599338,38.63648375
0.1035956681,0.04781338527,1.133956541,0.8193331265,1,50.25111495,1.398986851,-90.54340942,0,84.03733912,-140.8306626,35.84975536
0.1035956681,0.05167709317,1.517780488,0.9927718648,1,59.75156979,1.813629947,-85.81578622,0,86.53745687,-186.056797,33.1884782
0.1035956681,0.05554080107,1.699174609,1.206635112,1,-10.90092454,2.084025586,-32.56624073,0,12.15957856,-130.9856108,35.37970917
0.1035956681,0.05940450897,1.52264356,1.373035563,1,-43.71460278,2.050285362,0.1495944,5.263568666,-36.08815344,-79.38441182,42.04238921
0.1035956681,0.06326821687,1.390840069,1.51393128,1,-46.28477987,2.055826846,41.90950189,4.134101429,3.232195182,-25.17413144,47.42648703
0.1035956681,0.06713192477,1.356300948,1.632227127,1,4.491549399,2.122196422,45.71996729,0,44.92698522,-20.30068241,50.27507549
0.1035956681,0.07099563267,1.581778852,1.769015786,1,59.56156669,2.373065778,3.591185971,0,89.3295696,-107.3072355,48.19826864
0.1035956681,0.07485934057,1.931572808,2.060706234,1,77.22634152,2.824443962,-26.72839623,0,82.45153708,-187.1164948,46.85263142
0.1035956681,0.07872304847,2.198727533,2.388708549,1,78.30731274,3.246587639,-0.672948373,10.44719717,61.10692649,-166.1006872,47.37145406
0.1035956681,0.08258675637,2.470228705,2.699870695,1,100.0281256,3.659416843,-25.26077355,18.15068502,46.15913764,-179.1429251,47.54325366
0.1035956681,0.08645046427,2.763552417,2.983264234,1,120.5344837,4.06658179,-82.10016664,16.82219715,39.64674657,-194.589713,47.18946114
0.1035956681,0.09031417218,3.08912219,3.134497445,1,125.3213347,4.400880609,-87.3400935,13.34088856,64.55646205,-150.6147424,45.41772548
0.1035956681,0.09417788008,3.497184761,3.227738995,1,118.8036261,4.759054556,-52.56864466,0,113.8802941,-36.16189104,42.70557221
0.1035956681,0.09804158798,3.988144891,3.071106541,1,117.1529501,5.033586699,3.762850341,8.661516767,109.8302137,53.28044905,37.59839035
0.1035956681,0.1019052959,4.374181404,3.036417458,1,35.81899075,5.324781116,180.4115878,0,-9.97766807,261.9789432,34.76715035
0.1035956681,0.1057690038,4.087988214,2.755954106,1,-161.4203797,4.930205946,375.6268542,0,106.6156452,497.4443845,33.98623452
0.1035956681,0.1096327117,4.162431918,2.565750104,1,-143.5228687,4.889674127,328.966583,0,220.0263268,277.6175204,31.64995037
0.1035956681,0.1134964196,4.383575229,2.954351885,1,-133.3065475,5.286201552,39.65718846,6.207058621,123.9016603,-22.98216949,33.97837188
0.1035956681,0.1173601275,4.126094181,2.807770286,1,-1171.509713,4.990814279,458.7060843,41.05820526,1060.65682,707.7637057,34.2349379
0.1035956681,0.1212238354,3.955272029,1.992065985,1,-372.9612363,4.428600649,67.25272498,0,284.5372886,489.4918391,26.73203222
0.107459376,0.01690372206,-1.40509572,0.2266150318,1,214.0893573,1.423252738,-87.4103045,0,234.3803479,-3.980403595,170.8381819
0.107459376,0.02076742997,-0.5387177486,0.06544064817,1,165.9340135,0.5426778889,-60.03881913,0,179.0366014,-4.083306786,173.0739391
0.107459376,0.02463113787,-0.07223002997,0.01041927668,1,105.9409766,0.07297765793,-5.14065571,15.37453625,77.48979652,-16.75562043,171.7916305
0.107459376,0.02849484577,0.1700051789,0.1103174791,1,77.30662078,0.2026615579,24.85659965,13.59001306,36.07599475,-71.58621371,32.97980451
0.107459376,0.03235855367,0.3658472774,0.3830461366,1,55.06764489,0.5296872409,19.25279913,10.71840319,11.75395949,-86.47921853,46.31560625
0.107459376,0.03622226157,0.4281843396,0.5188351111,1,18.87695109,0.6727047653,-4.935298762,0,28.80062833,-92.80165748,50.46781778
0.107459376,0.04008596947,0.5500595177,0.722536081,1,35.60657045,0.9080880251,-22.79884955,0,60.79126779,-122.6633117,52.71834326
0.107459376,0.04394967737,0.8006374289,0.9046822224,1,38.83747161,1.208085351,-37.49390548,0,51.00993385,-83.17103701,48.49139653
0.107459376,0.04781338527,0.897203648,0.899019175,1,23.216984,1.270121987,-36.40299645,0,51.37111417,-64.81860605,45.05791152
0.107459376,0.05167709317,1.088824053,1.014471838,1,32.82239451,1.488183768,-51.70987217,0,73.63551041,-141.6734607,42.97541803
0.107459376,0.05554080107,1.308525896,1.246612203,1,29.73535212,1.807285812,-47.11393825,0,48.70800149,-132.5268017,43.6119344
0.107459376,0.05940450897,1.391906258,1.344482193,1,24.69296615,1.935209394,-16.34071839,2.817073235,12.9768397,-75.68852335,44.00711217
0.107459376,0.06326821687,1.454071023,1.475914786,1,16.83553011,2.071870409,31.62341055,0,-6.911858707,-43.19183504,45.42714618
0.107459376,0.06713192477,1.430248426,1.633546448,1,-8.248658192,2.17119427,54.24606873,0,-20.39681263,-34.37491936,48.79629469
0.107459376,0.07099563267,1.343393291,1.818320397,1,8.32314021,2.260750893,16.33978127,0,3.062647857,-89.02965512,53.54264058
0.107459376,0.07485934057,1.474239785,2.040663172,1,86.81356224,2.517476738,-19.96099206,16.25335402,36.54027277,-157.0873192,54.1544596
0.107459376,0.07872304847,1.819996478,2.348136471,1,94.32986486,2.970880689,-4.648428097,15.69732061,58.85410119,-160.766588,52.22140851
0.107459376,0.08258675637,2.066097885,2.64385814,1,37.37899928,3.35540554,-9.032349083,0,43.95788479,-141.2755461,51.99341309
0.107459376,0.08645046427,2.134258439,2.859085556,1,66.16856731,3.567832578,-62.33359348,0,63.20776331,-164.8565698,53.25929031
0.107459376,0.09031417218,2.565970236,3.039976974,1,131.3038803,3.978148219,-82.24206313,0,140.6544672,-173.2982652,49.83310635
0.107459376,0.09417788008,3.185026055,3.210900123,1,141.2326349,4.52263978,-70.26287399,0,204.5591336,-116.2030397,45.23178298
0.107459376,0.09804158798,3.902008623,3.217476355,1,86.21142674,5.057452461,-58.93894424,0,219.2891903,-60.71029567,39.50794333
0.107459376,0.1019052959,4.365391203,3.217744108,1,1.142466373,5.423146457,-32.15669859,0,131.789502,-44.45022376,36.39404857
0.107459376,0.1057690038,4.41561892,3.264974945,1,-106.7855094,5.4916074,26.10120984,0,114.185664,-6.996644729,36.47977768
0.107459376,0.1096327117,4.393983239,3.34562455,1,-181.875089,5.522706975,-1.324483462,20.77033287,153.6236812,-14.87965557,37.28602267
0.107459376,0.1134964196,4.306463732,3.317348171,1,-203.3311592,5.436030607,-63.06689911,40.75125005,29.78090211,-67.41199704,37.60772139
0.107459376,0.1173601275,3.723435739,3.362412739,1,-242.9520164,5.016950581,-213.511476,20.35071713,65.88633333,205.7271421,42.08331002
0.107459376,0.1212238354,3.622333654,1.69753261,1,-156.2978942,4.000364741,-527.3749885,0,103.9636661,334.4293571,25.10917683
0.1113230839,0.01690372206,NaN,NaN,0,89.17861637,0.7613538248,106.7117283,0,88.43961239,149.3826135,166.0168867
0.1113230839,0.02076742997,NaN,NaN,0,73.33203267,0.4084808536,6.193808378,0,107.6481378,64.49622968,165.6070308
0.1113230839,0.02463113787,-0.0395381013,-0.04129310086,1,44.06387712,0.05716976153,-1.817375064,0,87.37572874,-0.5250517956,-133.7561948
0.1113230839,0.02849484577,0.1121841046,0.09654334713,1,21.2972398,0.1480063891,26.96465127,0,57.47917154,-58.49898762,40.71461399
0.1113230839,0.03235855367,0.2648309416,0.2889134359,1,24.91652612,0.3919265251,28.3687198,0,20.65905034,-86.71993355,47.49023989
0.1113230839,0.03622226157,0.2882748195,0.5412122863,1,8.678003688,0.6131990789,25.9747303,0,-0.4764641032,-95.05868814,61.95816055
0.1113230839,0.04008596947,0.2965192949,0.756551211,1,51.17758718,0.8125844123,-16.81811316,9.98521522,12.08812094,-95.57540212,68.59802282
0.1113230839,0.04394967737,0.5327150358,0.8455074459,1,86.27539312,0.9993338533,-66.22888231,10.01160295,29.24745494,-110.6321486,57.78687261
0.1113230839,0.04781338527,0.7428658356,0.9281124617,1,28.5383653,1.188798718,-31.89410581,0,33.03169839,-110.8220126,51.326046
0.1113230839,0.05167709317,0.7706037773,1.150461823,1,5.596498825,1.384699458,-7.539877324,0,62.27339041,-98.59940731,56.18498389
0.1113230839,0.05554080107,1.005095263,1.279939887,1,46.29229845,1.627409783,-35.29275389,0,56.32044669,-81.18288165,51.85860271
0.1113230839,0.05940450897,1.167069451,1.327767872,1,46.13054175,1.767772222,-35.21706437,0,42.13901747,-72.03103239,48.68546646
0.1113230839,0.06326821687,1.346143056,1.422178306,1,36.10450762,1.958237029,1.90286087,3.220226306,32.74329881,-64.74874448,46.57330141
0.1113230839,0.06713192477,1.433077265,1.585290206,1,9.119490172,2.137020235,32.6749557,0,-20.82240492,-51.83259046,47.88691739
0.1113230839,0.07099563267,1.300926412,1.74869078,1,1.064063087,2.179524942,22.89585962,0,-49.09238745,-49.87742679,53.3528517
0.1113230839,0.07485934057,1.247509849,1.866464928,1,70.87179936,2.24498823,35.21344644,13.09612503,-3.91906304,-94.95938078,56.24198173
0.1113230839,0.07872304847,1.559612228,2.251640561,1,121.9447727,2.739028207,86.36843537,15.76070011,44.20988261,-135.9114785,55.29136003
0.1113230839,0.08258675637,1.889482903,2.725289587,1,60.60391855,3.31622511,73.95289073,0,23.80819754,-112.4442205,55.26586758
0.1113230839,0.08645046427,1.885755988,2.971824552,1,20.99984682,3.519633051,-3.840790459,0,33.94895025,-119.1020383,57.60304063
0.1113230839,0.09031417218,2.101789005,3.170625381,1,56.82945082,3.803995574,-130.1947192,0,173.7725956,-259.7566709,56.4598351
0.1113230839,0.09417788008,2.776734937,3.472414088,1,89.33854669,4.446112517,-102.2228668,0,279.2364619,-209.5432897,51.35223025
0.1113230839,0.09804158798,3.525855177,3.585280147,1,80.1718387,5.028507579,-160.3731042,0,256.6703164,-178.1760424,45.47878722
0.1113230839,0.1019052959,4.078194633,3.541199441,1,8.346541463,5.401089237,-120.5804932,0,156.2485862,-126.9065477,40.96860753
0.1113230839,0.1057690038,4.161802673,3.609722174,1,-70.48052763,5.509146546,-48.38695504,0,76.07857645,-131.4211593,40.9365976
0.1113230839,0.1096327117,4.099823858,3.862019353,1,-127.7400701,5.632383967,-54.23704717,21.74638863,54.66006688,-117.7269977,43.28919703
0.1113230839,0.1134964196,3.879442887,3.855028798,1,-91.20712697,5.469124623,-150.5228982,0,90.22204487,-186.5018358,44.81914477
0.1113230839,0.1173601275,4.096017789,4.001031458,1,-198.1136808,5.725872375,-425.2927414,0,24.79405205,-203.384619,44.32789513
0.1113230839,0.1212238354,NaN,NaN,0,-436.0174146,4.391876425,-481.1579237,0,-22.72912793,38.23476928,43.04261383
0.1151867918,0.01690372206,NaN,NaN,0,25.20240883,0.4720276017,57.56749799,0,52.45868881,70.88718066,151.7031685
0.1151867918,0.02076742997,NaN,NaN,0,19.00061546,0.3312918181,23.27534552,0,67.53323074,35.18000227,143.2914289
0.1151867918,0.02463113787,NaN,NaN,0,-4.107573432,0.1954646299,3.036783095,0,85.31397219,-10.44400822,114.5717338
0.1151867918,0.02849484577,NaN,NaN,0,-5.348884619,0.2547094351,12.68377112,0,62.72271326,-36.18971483,79.0996974
0.1151867918,0.03235855367,NaN,NaN,0,-5.419909662,0.3925605818,7.22625162,0,34.69189255,-53.16936651,69.04469014
0.1151867918,0.03622226157,0.1612641059,0.4834649216,1,-2.90069311,0.5096512948,4.550288495,0,-3.464029012,-48.48407977,71.55341198
0.1151867918,0.04008596947,0.1158038047,0.5715058014,1,10.13030331,0.5831204012,3.333041952,0,-21.5095381,-48.65794979,78.54528891
0.1151867918,0.04394967737,0.1172980666,0.6843429271,1,43.55574034,0.694322748,-8.237940236,8.465486903,15.96906195,-97.4978711,80.27387438
0.1151867918,0.04781338527,0.3457902536,0.9163801015,1,83.44053975,0.9794505551,-11.05829669,11.71013704,61.86930466,-153.1787361,69.3263173
0.1151867918,0.05167709317,0.6787328604,1.233454792,1,80.38857571,1.407866833,-14.14175873,12.66952573,52.30981213,-109.6401624,61.17734153
0.1151867918,0.05554080107,0.8584980631,1.285358038,1,45.30891051,1.545692146,-54.97460858,0,32.02563097,-79.71905614,56.26080953
0.1151867918,0.05940450897,0.9775309393,1.329060109,1,36.5345518,1.649838632,-38.51681519,0,54.76500597,-84.4752631,53.66531596
0.1151867918,0.06326821687,1.211252886,1.462928057,1,31.2054309,1.899287248,-28.93904528,0,66.80870251,-77.80392005,50.37644108
0.1151867918,0.06713192477,1.356228921,1.517859712,1,3.877422134,2.035498708,-29.09848635,0,3.341423483,-70.92423273,48.21876568
0.1151867918,0.07099563267,1.239144397,1.624530523,1,3.335328757,2.043178469,-6.544069011,0,-32.53784028,-67.06453809,52.66467059
0.1151867918,0.07485934057,1.243398946,1.751693126,1,60.91245061,2.148131688,48.30159083,0,39.87990848,-61.24629674,54.63184163
0.1151867918,0.07872304847,1.628576631,2.047791562,1,126.8570928,2.616431181,92.61902523,15.46023295,47.58147784,-101.4942761,51.50531836
0.1151867918,0.08258675637,1.91737863,2.501690222,1,84.49030775,3.151950948,51.78616323,0,-76.55320934,-171.1410273,52.53224345
0.1151867918,0.08645046427,1.659243261,2.909117109,1,-54.76799178,3.349037258,11.55502785,0,-167.3157379,-244.7068143,60.3013054
0.1151867918,0.09031417218,1.059311969,3.491811127,1,19.79702634,3.648956946,-95.66337832,0,63.33799342,-363.6683922,73.1237582
0.1151867918,0.09417788008,1.980452693,3.944610199,1,145.4034922,4.413858005,-200.5261791,0,251.7905197,-306.0216777,63.3403515
0.1151867918,0.09804158798,2.593953611,3.899414918,1,116.599578,4.683378272,-233.5907909,0,253.1801546,-193.3662718,56.36750935
0.1151867918,0.1019052959,3.409173567,3.789194407,1,53.70116944,5.097102968,-287.8172694,0,237.9718312,-270.1714209,48.02198998
0.1151867918,0.1057690038,3.720892888,3.831236514,1,-98.49810631,5.340731889,-298.0589423,0,181.421257,-365.654889,45.837085
0.1151867918,0.1096327117,3.7295644,4.0503654,1,-214.9775869,5.505915954,-266.9084105,0,29.5095595,-315.3336504,47.36122139
0.1151867918,0.1134964196,3.004298605,4.018337496,1,-389.3355089,5.017254861,-218.7580718,45.60207165,-240.9280637,-263.6107656,53.21647694
0.1151867918,0.1173601275,1.294410055,4.223663108,1,39.79630983,4.417558991,-518.2091749,0,-322.7604134,-330.8296716,72.96146729
0.1151867918,0.1212238354,NaN,NaN,0,203.0519313,3.808509542,-496.8762858,0,116.1222525,-15.83304794,59.88261753
0.1190504997,0.01690372206,NaN,NaN,0,1.822169196,0.3774658943,35.34806584,0,35.79739784,35.46628048,129.9704543
0.1190504997,0.02076742997,NaN,NaN,0,0.9908681677,0.3352391044,22.97337195,0,44.12739854,19.11052761,120.4323924
0.1190504997,0.02463113787,NaN,NaN,0,-2.785026559,0.3117475019,14.0891411,0,52.26334092,-4.157518226,102.6285977
0.1190504997,0.02849484577,NaN,NaN,0,-4.45216184,0.3601862657,14.18973333,0,44.69268341,-21.96416213,86.59957565
0.1190504997,0.03235855367,NaN,NaN,0,-6.034434824,0.4524007611,13.9868641,0,31.18216372,-32.46685546,78.87120709
0.1190504997,0.03622226157,NaN,NaN,0,-9.956535163,0.5519132837,17.24701381,0,18.7762818,-32.03476101,77.59870286
0.1190504997,0.04008596947,NaN,NaN,0,-14.31180361,0.6458165003,27.32548447,0,15.77549167,-24.408462,79.16539301
0.1190504997,0.04394967737,NaN,NaN,0,-15.66112439,0.7492829746,31.43343871,0,12.27184756,-23.03843388,80.46003946
0.1190504997,0.04781338527,0.1083019147,0.8447675102,1,22.39360575,0.8516815432,18.08120801,0,21.13034816,-60.35461364,82.69434805
0.1190504997,0.05167709317,0.2923465907,1.041973682,1,70.61483402,1.082208706,-3.611203562,13.91813714,26.79842323,-102.9586891,74.32747196
0.1190504997,0.05554080107,0.4846782863,1.228617175,1,58.98057381,1.320762357,-21.75236992,6.854973429,44.42201416,-113.9517154,68.47121722
0.1190504997,0.05940450897,0.6918639868,1.398205022,1,47.16989409,1.560017006,-47.67762805,0,69.05036452,-133.3781472,63.67273663
0.1190504997,0.06326821687,0.9337194177,1.559738948,1,36.3079287,1.817860703,-70.53308418,0,55.50923694,-118.4182367,59.09364681
0.1190504997,0.06713192477,1.046618695,1.583219264,1,0.9735932325,1.89789197,-95.53527676,0,20.45785025,-108.5663823,56.532507
0.1190504997,0.07099563267,1.016524255,1.610087333,1,32.08025295,1.904127827,-49.11965819,0,6.969435854,-101.3964011,57.73384539
0.1190504997,0.07485934057,1.197495286,1.785201329,1,79.18016328,2.149636887,7.377449443,12.5470931,52.50592927,-79.39293188,56.14668425
0.1190504997,0.07872304847,1.525320851,1.945342741,1,48.97344959,2.472036019,-22.77974547,8.959870725,10.77104757,-105.0486843,51.90041402
0.1190504997,0.08258675637,1.428330572,2.103064478,1,-22.02253767,2.54224476,-41.67261893,0,-117.8418818,-194.797599,55.81697333
0.1190504997,0.08645046427,0.9849255888,2.536972936,1,-64.50012778,2.721453673,14.13464539,0,-220.5279816,-305.7110866,68.78236103
0.1190504997,0.09031417218,0.327065214,3.33885496,1,91.77320399,3.354835927,83.79616814,0,-134.5672279,-264.7005571,84.40530949
0.1190504997,0.09417788008,0.8195819807,3.883462487,1,336.291716,3.969004348,-39.30428867,69.91217387,64.65800048,-239.6643212,78.08293524
0.1190504997,0.09804158798,1.876217801,4.112987601,1,147.2392045,4.520714572,-59.65901254,0,138.1621171,-155.345585,65.47899441
0.1190504997,0.1019052959,1.922289322,4.253167453,1,-116.2539124,4.667400735,-391.8167221,0,44.09227143,-541.4815632,65.67862414
0.1190504997,0.1057690038,1.597406299,4.691248829,1,-121.0509352,4.955756498,-389.4672994,0,102.3956133,-532.7179883,71.19589654
0.1190504997,0.1096327117,1.850210607,4.806646272,1,-96.96005655,5.150449269,-403.3917192,0,205.2250474,-335.3697517,68.94690936
0.1190504997,0.1134964196,2.015710599,4.428431816,1,-233.4270141,4.865603516,-584.5517098,0,-34.3548535,-13.48677775,65.52616757
0.1190504997,0.1173601275,0.8155796898,2.600218182,1,214.2325283,2.725124735,-271.8321023,0,-417.8926535,185.413144,72.58554055
0.1190504997,0.1212238354,NaN,NaN,0,262.7165413,2.93172899,-107.1523023,0,-48.80405846,-139.0136981,65.2192122
0.1229142076,0.01690372206,NaN,NaN,0,-5.666335723,0.3823806012,23.45369076,0,25.86653985,18.45076998,111.8019661
0.1229142076,0.02076742997,NaN,NaN,0,-4.669393663,0.3789588909,19.15138168,0,30.32051642,9.982899588,105.7700179
0.1229142076,0.02463113787,NaN,NaN,0,-3.571239132,0.3928049456,16.15667604,0,34.91930953,-3.332430161,96.27115181
0.1229142076,0.02849484577,NaN,NaN,0,-3.640301359,0.4403684872,15.999157,0,32.60251576,-15.04256002,87.64077557
0.1229142076,0.03235855367,NaN,NaN,0,-4.309132633,0.5150327053,17.28445764,0,26.56779712,-22.6991322,82.30149577
0.1229142076,0.03622226157,NaN,NaN,0,-5.645331813,0.6035307683,20.80317801,0,20.67762353,-25.10188698,80.06491311
0.1229142076,0.04008596947,NaN,NaN,0,-6.477693137,0.699395376,27.10198202,0,18.28121038,-24.08916472,79.53168854
0.1229142076,0.04394967737,NaN,NaN,0,-4.73541608,0.8062930401,34.26534798,0,19.06979026,-23.64403001,79.29767039
0.1229142076,0.04781338527,NaN,NaN,0,2.227239988,0.9295815463,47.67573008,0,28.11770693,-22.69532654,78.68049918
0.1229142076,0.05167709317,NaN,NaN,0,15.48119909,1.097139828,36.77710858,0,23.78650902,-45.42599304,75.9162503
0.1229142076,0.05554080107,NaN,NaN,0,3.826570968,1.273727153,22.23622223,0,-0.9779120997,-68.20510655,74.78976156
0.1229142076,0.05940450897,0.27798431,1.413599856,1,26.17933599,1.440673394,-6.273959307,4.794855787,11.87298627,-85.99227511,78.87474835
0.1229142076,0.06326821687,0.4812001745,1.537116303,1,52.5658742,1.610676919,-43.61059144,4.045012548,22.40237543,-90.07925279,72.61706997
0.1229142076,0.06713192477,0.5676397284,1.59314119,1,34.16729605,1.691246201,-76.58868375,0,11.48681111,-74.10230478,70.3889042
0.1229142076,0.07099563267,0.657594309,1.527509661,1,68.21548402,1.663044208,-66.239637,0,34.66818107,-80.60161507,66.7080778
0.1229142076,0.07485934057,0.965152158,1.648631678,1,90.53373641,1.910367791,-30.82050726,16.74725677,32.94625219,-127.2768099,59.65417651
0.1229142076,0.07872304847,1.134684917,1.900188639,1,9.613226899,2.213193784,-42.00184974,0,0.3706082249,-166.9700409,59.15674575
0.1229142076,0.08258675637,1.003726781,2.131472265,1,-76.74565098,2.355979938,-44.67337427,0,-79.06526201,-149.775113,64.78389106
0.1229142076,0.08645046427,0.532677061,2.306271058,1,-31.9888204,2.366987757,-19.51088193,0,-134.5290803,-145.2516364,76.99451787
0.1229142076,0.09031417218,0.3603502522,2.617297812,1,226.4341173,2.641987914,97.04524059,33.5830331,-130.6912663,-55.35391158,82.16078705
0.1229142076,0.09417788008,0.9025994711,2.895096866,1,444.4796881,3.032535518,159.8993855,86.76557363,-81.38588469,-162.8594575,72.68417603
0.1229142076,0.09804158798,1.763238649,3.864343704,1,18.72304992,4.247606713,68.35057656,0,-303.2729928,-323.4048037,65.47353925
0.1229142076,0.1019052959,-0.1968183913,4.408725224,1,-68.16985829,4.413116312,-73.31155505,0,-347.3378313,-288.1893425,92.55615398
0.1229142076,0.1057690038,0.157838306,4.694568708,1,460.7498675,4.697221337,25.70475656,90.02647451,-183.2899024,-183.7301102,88.07435697
0.1229142076,0.1096327117,0.8752058679,5.217920374,1,-30.07860489,5.290810745,-310.876334,0,168.7573776,-334.9271859,80.47836652
0.1229142076,0.1134964196,0.6936525758,4.787494175,1,88.08440913,4.837484302,-663.4815004,0,-66.00546914,225.9760916,81.75587301
0.1229142076,0.1173601275,0.9605124428,1.781316049,1,202.6103267,2.023776425,-379.4754216,0,-133.7019431,318.496842,61.66578525
0.1229142076,0.1212238354,NaN,NaN,0,107.5935192,2.300557055,10.39810852,0,-107.9134195,-149.7678177,65.33926613
0.1267779155,0.01690372206,NaN,NaN,0,-6.777139952,0.4189360922,16.2803045,0,18.85634805,9.484450126,101.0888871
0.1267779155,0.02076742997,NaN,NaN,0,-5.380816934,0.4280871373,15.27251815,0,21.41886879,4.452000729,97.68401397
0.1267779155,0.02463113787,NaN,NaN,0,-3.190234948,0.453303969,15.38702438,0,24.49086502,-4.112541987,92.35267653
0.1267779155,0.02849484577,NaN,NaN,0,-2.22867183,0.5002119092,16.36576098,0,24.23027297,-12.17451558,87.12834819
0.1267779155,0.03235855367,NaN,NaN,0,-1.916462535,0.567093839,18.34863146,0,21.80888548,-18.18522633,83.27597224
0.1267779155,0.03622226157,NaN,NaN,0,-1.83796632,0.6487950724,21.57925858,0,19.08520481,-21.58449,80.96203219
0.1267779155,0.04008596947,NaN,NaN,0,-1.218221048,0.7419894505,26.0139176,0,17.60193604,-23.20227988,79.67108686
0.1267779155,0.04394967737,NaN,NaN,0,0.9699132243,0.8471643967,30.85024111,0,17.60839618,-24.75319492,78.75366566
0.1267779155,0.04781338527,NaN,NaN,0,5.495364502,0.9667466917,35.37729287,0,18.75838698,-27.55863238,77.76838558
0.1267779155,0.05167709317,NaN,NaN,0,11.53993514,1.104832986,33.0162075,0,14.92403426,-35.63632802,76.44603767
0.1267779155,0.05554080107,NaN,NaN,0,14.42094389,1.248407602,30.34390912,0,5.364294128,-39.24377674,75.76097109
0.1267779155,0.05940450897,NaN,NaN,0,28.32057634,1.384173186,38.10087459,0,0.1787223511,-22.24062888,75.97813932
0.1267779155,0.06326821687,NaN,NaN,0,34.80919109,1.502283131,7.663025189,7.238464893,-1.416779555,-31.84799211,73.8771423
0.1267779155,0.06713192477,NaN,NaN,0,20.65197398,1.566028594,-13.8193202,1.937556805,-12.37193833,-23.46662155,72.74999439
0.1267779155,0.07099563267,0.4491725495,1.480470354,1,17.09423803,1.547109708,-19.10889073,0,14.54912213,-36.47863441,73.12227905
0.1267779155,0.07485934057,0.5866534328,1.562700111,1,40.62198366,1.66918959,-6.882587915,5.903744609,28.93347029,-117.9576535,69.42335656
0.1267779155,0.07872304847,0.7179145064,1.909631962,1,32.87161171,2.040121435,-15.94596259,5.790075711,-9.478284689,-153.4827747,69.3965551
0.1267779155,0.08258675637,0.6770384153,2.094102179,1,0.3843563618,2.200828242,-57.83276534,0,-96.03940355,-117.6601042,72.08360384
0.1267779155,0.08645046427,0.3483313449,2.140787324,1,59.72882081,2.168941007,-54.4928203,0,-108.6171138,-19.53277973,80.75829148
0.1267779155,0.09031417218,0.4881483312,1.959026794,1,95.90822572,2.018929115,-73.81642053,12.09956409,23.10019684,1.012167082,76.00803803
0.1267779155,0.09417788008,0.8081451274,1.851671519,1,73.95876052,2.020343031,7.764588438,14.30456125,30.24539978,-227.724785,66.42157661
0.1267779155,0.09804158798,0.8907627686,2.868888946,2,128.9897473,3.003994357,3.331726083,0,-202.1292513,-339.0524461,72.75092766
0.1267779155,0.1019052959,0.5255554478,3.17454395,2,166.56417,3.217753536,-6.181672093,18.633998,-141.6969374,166.197214,80.59976979
0.1267779155,0.1057690038,0.9868424914,2.202867282,1,101.9377142,2.413810756,328.3999264,0,-404.8956584,-292.854718,65.86853132
0.1267779155,0.1096327117,-0.6449855548,5.574890428,1,227.7661473,5.612077125,238.7601324,0,-398.9812116,-183.1677917,96.59947998
0.1267779155,0.1134964196,0.3253174947,3.833073536,2,303.2517373,3.846853806,-555.8275391,0,13.79133543,550.3856453,85.14886475
0.1267779155,0.1173601275,0.5799762701,1.300805808,1,-25.70253178,1.424243035,-315.7642438,0,120.1781063,202.898063,65.96985648
0.1267779155,0.1212238354,NaN,NaN,0,27.90908508,1.955052882,81.25375533,0,29.22113857,-192.2183029,69.32250801
0.1306416234,0.01690372206,NaN,NaN,0,-5.224085028,0.4560520928,11.50030023,0,13.34381768,4.164984015,95.34324798
0.1306416234,0.02076742997,NaN,NaN,0,-3.866697149,0.469006489,11.97032565,0,15.02754768,0.7542315963,93.27363187
0.1306416234,0.02463113787,NaN,NaN,0,-1.580211894,0.4974065465,13.75314235,0,17.39500881,-5.395222933,89.92469937
0.1306416234,0.02849484577,NaN,NaN,0,-0.1676884777,0.5433099929,15.72823107,0,18.01882562,-11.35773399,86.37816677
0.1306416234,0.03235855367,NaN,NaN,0,0.7099206422,0.606070926,18.16504864,0,17.35226702,-16.28276753,83.40330917
0.1306416234,0.03622226157,NaN,NaN,0,1.428150115,0.6832987726,21.15130724,0,16.25237418,-19.84856683,81.23620198
0.1306416234,0.04008596947,NaN,NaN,0,2.472862043,0.7728785729,24.52418869,0,15.43293281,-22.38226987,79.71919234
0.1306416234,0.04394967737,NaN,NaN,0,4.337925522,0.8739076514,27.74440599,0,15.00347143,-24.60783739,78.56275374
0.1306416234,0.04781338527,NaN,NaN,0,7.24436966,0.9859527063,29.96699277,0,14.38341055,-27.14968002,77.5435696
0.1306416234,0.05167709317,NaN,NaN,0,10.76223307,1.107434864,29.56651945,0,11.78694692,-30.31690993,76.58889275
0.1306416234,0.05554080107,NaN,NaN,0,13.9966931,1.231172971,28.02233214,0,7.332331998,-30.89304353,75.90679386
0.1306416234,0.05940450897,NaN,NaN,0,18.84440123,1.348250795,26.11391293,0,3.92282173,-26.43508199,75.4258661
0.1306416234,0.06326821687,NaN,NaN,0,19.73771463,1.449959483,14.81754942,2.746275741,2.084347542,-26.76905362,74.48885777
0.1306416234,0.06713192477,NaN,NaN,0,12.79611079,1.52553088,7.178980209,2.238623281,1.455438148,-24.01549557,73.87944977
0.1306416234,0.07099563267,NaN,NaN,0,2.391706058,1.580958739,13.52028485,0,12.93765936,-22.17709216,73.73406072
0.1306416234,0.07485934057,NaN,NaN,0,0.3877132023,1.674580478,6.977711356,0,9.251063302,-49.67381079,73.24292203
0.1306416234,0.07872304847,NaN,NaN,0,10.12980897,1.801694603,-21.82011851,0,-50.79860195,-62.05306314,74.54686226
0.1306416234,0.08258675637,0.3256735942,1.758919022,1,19.21958954,1.788815087,-57.77771215,0,-79.62736531,-36.88341267,79.51016545
0.1306416234,0.08645046427,0.2466637653,1.65583154,1,21.87802254,1.674103074,58.94794226,0,-85.70730715,-90.40854327,81.52714394
0.1306416234,0.09031417218,0.07905588293,2.335988855,1,-7.662966826,2.3373262,91.67305435,0,-42.52877862,-185.3586717,88.06170293
0.1306416234,0.09417788008,0.05273752192,2.726201209,1,92.04465139,2.726711257,-65.16240106,13.76136792,8.132685409,-129.6102743,88.89176903
0.1306416234,0.09804158798,0.4661118506,2.584996612,1,201.2798278,2.626683792,-49.027921,34.99714891,-105.8540323,-176.2355546,79.77858441
0.1306416234,0.1019052959,0.4214349223,3.217694348,1,103.2533333,3.245175544,-50.7292026,0,-147.4950944,-89.89261614,82.53820518
0.1306416234,0.1057690038,0.2951746087,2.736312603,1,20.39048657,2.752187259,-166.0102383,0,152.6462773,-56.95885365,83.84313289
0.1306416234,0.1096327117,1.089998434,2.796351652,1,389.2277637,3.001279585,388.4009034,0,-291.5360931,146.9770808,68.70450915
0.1306416234,0.1134964196,0.6726266879,3.669103734,1,27.97916826,3.730247829,-81.17875004,0,-174.3587499,35.65084497,79.6117817
0.1306416234,0.1173601275,NaN,NaN,0,-149.4385443,2.402883065,-238.0250116,0,112.8242741,169.1747967,77.39370139
0.1306416234,0.1212238354,NaN,NaN,0,-35.03954741,2.162063688,-104.8144977,0,38.52291373,24.15674519,75.77841326
0.1345053313,0.01690372206,NaN,NaN,0,-2.489110595,0.4832715402,7.97753974,0,8.686864697,0.5290011318,92.37760493
0.1345053313,0.02076742997,NaN,NaN,0,-1.251741579,0.4973105603,9.189170938,0,9.982428598,-2.03866448,90.93042081
0.1345053313,0.02463113787,NaN,NaN,0,0.903772999,0.5264144709,11.92698829,0,12.04279691,-6.86484735,88.51041757
0.1345053313,0.02849484577,NaN,NaN,0,2.428209171,0.5713928893,14.62897232,0,13.09775367,-11.57842993,85.79009088
0.1345053313,0.03235855367,NaN,NaN,0,3.495683467,0.6318043183,17.4320248,0,13.32898282,-15.73954296,83.30374791
0.1345053313,0.03622226157,NaN,NaN,0,4.367784094,0.7061625985,20.33673307,0,13.13909209,-19.14473991,81.28873814
0.1345053313,0.04008596947,NaN,NaN,0,5.343593581,0.7927361868,23.18712392,0,12.8739496,-21.87039539,79.73154949
0.1345053313,0.04394967737,NaN,NaN,0,6.664557163,0.8899534759,25.63620139,0,12.58914618,-24.14620475,78.50584622
0.1345053313,0.04781338527,NaN,NaN,0,8.381955547,0.9960214357,27.17975279,0,11.98483685,-26.1153404,77.49259492
0.1345053313,0.05167709317,NaN,NaN,0,10.26793437,1.10800877,27.26054538,0,10.50801089,-27.58858815,76.63976784
0.1345053313,0.05554080107,NaN,NaN,0,11.95919423,1.220729341,26.06498705,0,8.255265209,-27.57640545,75.96830419
0.1345053313,0.05940450897,NaN,NaN,0,13.32262086,1.327999105,23.51489557,0,6.095885028,-25.83760192,75.42739869
0.1345053313,0.06326821687,NaN,NaN,0,12.50115539,1.424161968,18.31427935,0,4.375909843,-24.7776448,74.89986768
0.1345053313,0.06713192477,NaN,NaN,0,8.403048515,1.505693813,14.19740677,0,3.171684017,-23.64921496,74.61992535
0.1345053313,0.07099563267,NaN,NaN,0,2.788588422,1.57699971,13.12269595,0,2.99518766,-24.45107047,74.71516232
0.1345053313,0.07485934057,NaN,NaN,0,-0.9412722272,1.651682739,8.355727253,0,-4.719648146,-31.24497411,75.20815075
0.1345053313,0.07872304847,NaN,NaN,0,-3.238892612,1.719924646,-0.3175898151,0,-25.33280575,-30.14409693,76.76212764
0.1345053313,0.08258675637,NaN,NaN,0,-12.76655419,1.740254926,3.117676344,0,-30.47591237,-10.05274374,79.69551445
0.1345053313,0.08645046427,NaN,NaN,0,-30.72077109,1.73995083,11.44479251,4.852377613,-17.19201451,-17.57630997,82.51103957
0.1345053313,0.09031417218,NaN,NaN,0,59.02473184,1.828673555,-17.26837305,0,-103.3283836,33.88685085,86.0435732
0.1345053313,0.09417788008,0.05560040273,1.527460193,1,132.8702798,1.528471801,-14.77763652,0,-160.2439777,22.00103836,87.91532209
0.1345053313,0.09804158798,0.02041049813,1.682213425,1,125.1018549,1.682337241,33.0288821,0,-144.0905023,-142.5188283,89.30485751
0.1345053313,0.1019052959,-0.01776618427,2.205725269,1,254.1338249,2.205796817,82.61281672,16.85798876,-226.9722086,-184.397948,90.46148329
0.1345053313,0.1057690038,0.1253550494,2.713865026,1,498.4531992,2.716758595,65.08127619,101.9890745,-125.4113405,-126.1579392,87.35535344
0.1345053313,0.1096327117,1.423558592,2.944617736,1,193.2324378,3.270671594,-76.13477181,0,-187.0063152,-163.4689871,64.19882089
0.1345053313,0.1134964196,0.1494109682,3.051298923,1,202.2850659,3.054954788,-168.0017714,0,-489.4701922,-4.815262086,87.19667394
0.1345053313,0.1173601275,NaN,NaN,0,107.0723726,2.335313273,-162.9396001,0,-47.7266456,79.82232746,82.27376999
0.1345053313,0.1212238354,NaN,NaN,0,38.20131838,2.147001235,-83.04357576,0,-4.686170085,20.88508052,79.84055146
0.1383690392,0.01690372206,NaN,NaN,0,-1.022021083,0.4973438047,6.429684905,0,6.429684905,-1.022021083,91.10622616
0.1383690392,0.02076742997,NaN,NaN,0,0.1307886119,0.5116474153,7.898358106,0,7.58566198,-3.280784566,89.90536846
0.1383690392,0.02463113787,NaN,NaN,0,2.180256174,0.5408218856,10.98146529,0,9.534576671,-7.602274318,87.85816368
0.1383690392,0.02849484577,NaN,NaN,0,3.721398368,0.5852678833,13.96716996,0,10.76007967,-11.81307054,85.48152294
0.1383690392,0.03235855367,NaN,NaN,0,4.851820706,0.644567138,16.91990052,0,11.35181773,-15.62967915,83.2138538
0.1383690392,0.03622226157,NaN,NaN,0,5.755032934,0.7174948396,19.80448723,0,11.54973805,-18.8924435,81.28505346
0.1383690392,0.04008596947,NaN,NaN,0,6.636442886,0.8024145367,22.47287527,0,11.56735544,-21.58686431,79.73253805
0.1383690392,0.04394967737,NaN,NaN,0,7.644967592,0.8974862191,24.65466135,0,11.44411323,-23.77010732,78.49230872
0.1383690392,0.04781338527,NaN,NaN,0,8.797051591,1.000433088,25.99446312,0,11.01268922,-25.43769719,77.48554483
0.1383690392,0.05167709317,NaN,NaN,0,9.950034664,1.108044131,26.17353495,0,10.02331453,-26.4030841,76.66376937
0.1383690392,0.05554080107,NaN,NaN,0,10.83187643,1.215872808,25.20006856,0,8.502485089,-26.24849475,76.009485
0.1383690392,0.05940450897,NaN,NaN,0,11.06382721,1.318970078,23.06896669,0,6.751448704,-25.0587117,75.49795063
0.1383690392,0.06326821687,NaN,NaN,0,9.735994938,1.413117863,19.66354411,0,4.956965402,-23.91843026,75.12412242
0.1383690392,0.06713192477,NaN,NaN,0,6.359408977,1.496263595,16.58418288,0,3.027130896,-22.94213768,75.00803954
0.1383690392,0.07099563267,NaN,NaN,0,1.655779308,1.570033695,14.25954706,0,0.236147437,-22.89081852,75.27576596
0.1383690392,0.07485934057,NaN,NaN,0,-2.657727983,1.637083147,10.10467815,0,-6.836807735,-24.24633162,76.06050659
0.1383690392,0.07872304847,NaN,NaN,0,-6.397799237,1.69049099,5.001730111,0,-18.31681429,-21.30023226,77.62225827
0.1383690392,0.08258675637,NaN,NaN,0,-12.42471863,1.716712704,4.150443217,0,-23.65288787,-10.57792701,79.97375146
0.1383690392,0.08645046427,NaN,NaN,0,-15.73631232,1.722594547,1.3719731,0,-24.53942709,-3.340755129,82.56274209
0.1383690392,0.09031417218,NaN,NaN,0,11.50404581,1.714699281,-10.38233973,0,-48.34087194,19.2289483,85.20729355
0.1383690392,0.09417788008,NaN,NaN,0,-30.10792209,1.595732537,-14.71324956,0,4.176834888,27.67811885,87.10309773
0.1383690392,0.09804158798,NaN,NaN,0,28.74378365,1.545516354,-24.52615612,0,-42.32652116,36.25798621,88.40291757
0.1383690392,0.1019052959,NaN,NaN,0,221.2752353,1.359133065,-145.8660399,0,-217.1037132,169.642729,88.81250744
0.1383690392,0.1057690038,0.0591922232,0.3258822521,1,635.6637542,0.3312143739,-21.2162312,0,-600.445618,-13.03212705,79.70521137
0.1383690392,0.1096327117,0.1642394975,1.327220178,1,411.5884439,1.33734364,-239.1688259,0,-425.6371438,-412.7019301,82.9456824
0.1383690392,0.1134964196,0.004912150473,0.9963634778,1,536.9092495,0.9963755864,16.90606835,0,-526.8023448,-91.70407145,89.71752958
0.1383690392,0.1173601275,NaN,NaN,0,183.8382788,1.75864711,92.19063373,0,-109.7940107,-149.4773276,83.36209404
0.1383690392,0.1212238354,NaN,NaN,0,70.12636885,1.95191123,24.72544776,0,-24.72544776,-70.12636885,81.42618767
