PIVlab, ASCII chart output - 19-Sep-2021
FRAME: 637, filenames: A: 72_12_75_60 637.jpg & B: 72_12_75_60 638.jpg, conversion factor xy (px -> m): 0.00024148, conversion factor uv (px/frame -> m/s): 1
x [m],y [m],u [m/s],v [m/s],Vector type [-],vorticity [1/s],magnitude [m/s],divergence [1/s],dcev [1],simple shear [1/s],simple strain [1/s],vector direction [degrees]
0.03791263377,0.01690372206,NaN,NaN,0,-5.368991994,1.868140401,-4.319428564,0,4.319428564,5.368991994,-75.22217793
0.03791263377,0.02076742997,NaN,NaN,0,-5.581276599,1.885732752,-6.989938533,0,4.225697819,7.601969233,-75.42680157
0.03791263377,0.02463113787,NaN,NaN,0,-5.623741092,1.921416823,-12.1320526,0,3.952453438,12.15143964,-75.80202762
0.03791263377,0.02849484577,NaN,NaN,0,-4.923274068,1.975139363,-16.81071693,0,3.429117242,16.43706823,-76.2929515
0.03791263377,0.03235855367,NaN,NaN,0,-3.374295293,2.044873327,-20.30097913,0,2.249902178,19.93510042,-76.84172026
0.03791263377,0.03622226157,NaN,NaN,0,-1.165167069,2.125539471,-21.84566232,0,0.2031957754,21.88669739,-77.39977868
0.03791263377,0.04008596947,NaN,NaN,0,1.250503227,2.208960911,-20.92873318,0,-2.559922908,21.58259488,-77.93334675
0.03791263377,0.04394967737,NaN,NaN,0,3.42186911,2.285095032,-17.46273857,0,-5.634457032,18.61521336,-78.42204517
0.03791263377,0.04781338527,NaN,NaN,0,5.5702199,2.343788562,-11.40534429,0,-9.068832306,12.82491847,-78.85011026
0.03791263377,0.05167709317,NaN,NaN,0,8.390013698,2.37431187,-2.219364661,0,-13.38953075,3.801599767,-79.19504802
0.03791263377,0.05554080107,NaN,NaN,0,11.77676945,2.362993686,11.0847238,0,-18.61882527,-8.981881356,-79.41872963
0.03791263377,0.05940450897,NaN,NaN,0,14.19319632,2.293227617,28.79581625,0,-23.76159142,-25.44598013,-79.48068744
0.03791263377,0.06326821687,NaN,NaN,0,13.8961711,2.150195314,49.8830107,0,-27.95108565,-44.25980792,-79.3616168
0.03791263377,0.06713192477,NaN,NaN,0,9.183719467,1.925730349,71.02366206,0,-29.79579528,-63.53254232,-79.09343623
0.03791263377,0.07099563267,NaN,NaN,0,-4.085679974,1.624639634,83.67717888,0,-22.35805897,-79.50497236,-78.7371773
0.03791263377,0.07485934057,NaN,NaN,0,-29.12994696,1.287438857,70.95291341,0,6.819099982,-83.39090386,-78.2492602
0.03791263377,0.07872304847,NaN,NaN,0,-44.71408567,1.023446699,30.14003189,0,44.39066201,-61.67688808,-76.94943051
0.03791263377,0.08258675637,NaN,NaN,0,-24.54051071,0.9425449791,-18.32284169,0,60.64440178,-22.99493157,-73.92774635
0.03791263377,0.08645046427,NaN,NaN,0,-69.96617348,1.046760994,-104.4622171,0,155.7915534,46.33701267,-69.26508198
0.03791263377,0.09031417218,NaN,NaN,0,-206.5070605,1.601965215,-316.7580248,0,363.7498046,232.048501,-68.29131094
0.03791263377,0.09417788008,NaN,NaN,0,728.0627473,3.2500722,8.802527976,0,-617.7756493,169.818288,-72.48475264
0.03791263377,0.09804158798,NaN,NaN,0,0.7979450277,2.343447037,276.6326683,0,-0.2421744112,-235.7908297,-64.23466641
0.03791263377,0.1019052959,NaN,NaN,0,82.78864894,1.488059306,226.217473,0,-41.36186365,-348.801341,-48.79392302
0.03791263377,0.1057690038,1.178725292,0.1112386553,2,714.3946769,1.183962563,2114.801658,0,-1783.465529,228.7774848,5.391150094
0.03791263377,0.1096327117,-3.15028977,6.167512458,1,822.4749625,6.925498939,1856.44595,0,-1620.036331,1019.428856,117.0573882
0.03791263377,0.1134964196,-1.902818868,3.345228212,2,609.6010768,3.848541469,-402.5337605,0,-111.5115239,697.8300286,119.6319056
0.03791263377,0.1173601275,NaN,NaN,0,338.4444126,2.274597088,-158.6410947,0,-91.72363225,366.0823716,122.6098906
0.03791263377,0.1212238354,NaN,NaN,0,226.3197929,1.624314112,-83.319651,0,-83.319651,226.3197929,125.7742069
0.04177634167,0.01690372206,NaN,NaN,0,-7.980225033,1.85057233,-3.888377593,0,6.493128873,5.681489104,-75.01366646
0.04177634167,0.02076742997,NaN,NaN,0,-8.377897737,1.867703503,-6.826209634,0,6.507230765,7.821811146,-75.24545793
0.04177634167,0.02463113787,NaN,NaN,0,-8.512465409,1.90349679,-12.54075359,0,6.348338052,12.47003021,-75.66435442
0.04177634167,0.02849484577,NaN,NaN,0,-7.483785992,1.959294748,-17.99232981,0,5.796996284,17.23145388,-76.20164944
0.04177634167,0.03235855367,NaN,NaN,0,-5.058583912,2.034133344,-22.23824188,0,4.141532689,21.4898519,-76.79143927
0.04177634167,0.03622226157,NaN,NaN,0,-1.483061265,2.122977054,-24.24553765,0,1.030960178,24.20413386,-77.38212742
0.04177634167,0.04008596947,NaN,NaN,0,2.464191931,2.216423538,-23.34288662,0,-3.217891757,24.38078593,-77.94119488
0.04177634167,0.04394967737,NaN,NaN,0,5.793172252,2.30268177,-19.82389797,0,-7.622903932,21.668367,-78.45514479
0.04177634167,0.04781338527,NaN,NaN,0,8.947981488,2.372067212,-14.2051457,0,-12.23171373,16.3867262,-78.91721438
0.04177634167,0.05167709317,NaN,NaN,0,13.63682737,2.416218782,-5.852428113,0,-18.29471029,8.046807569,-79.31089
0.04177634167,0.05554080107,NaN,NaN,0,20.08178269,2.421470524,7.385026991,0,-26.040038,-4.593956511,-79.57937819
0.04177634167,0.05940450897,NaN,NaN,0,25.47866435,2.3665103,26.51376654,0,-33.28687928,-22.00219882,-79.65074012
0.04177634167,0.06326821687,NaN,NaN,0,27.08335894,2.231658065,51.13399207,0,-39.06763169,-42.49646306,-79.47067734
0.04177634167,0.06713192477,NaN,NaN,0,23.02569753,2.002411059,80.08686897,0,-44.36327147,-66.25677428,-79.09451001
0.04177634167,0.07099563267,NaN,NaN,0,3.878709776,1.660833911,106.7751919,0,-40.28700382,-93.87124021,-78.70231628
0.04177634167,0.07485934057,NaN,NaN,0,-47.31090568,1.214588733,95.30986466,0,7.145527341,-112.722516,-78.69181145
0.04177634167,0.07872304847,NaN,NaN,0,-88.47910227,0.8422470527,32.23529706,5.910671439,73.71578721,-84.19955567,-78.34279975
0.04177634167,0.08258675637,NaN,NaN,0,-16.36066351,0.7629501432,7.267588328,0,39.17038043,-65.73099116,-76.26696388
0.04177634167,0.08645046427,NaN,NaN,0,-86.27196189,0.6011560731,4.718691914,0,150.4014666,-87.01805456,-64.55209039
0.04177634167,0.09031417218,NaN,NaN,0,-855.0333716,0.5774851051,-803.3131014,0,1130.649126,531.2914862,-42.03769779
0.04177634167,0.09417788008,1.323209722,-5.699351982,1,-267.5292489,5.850939837,-343.1259721,0,440.5920281,103.5382802,-76.92929067
0.04177634167,0.09804158798,1.097564761,-2.112475438,1,-156.5405249,2.380588348,441.5460921,0,6.493953504,-681.7213479,-62.54526622
0.04177634167,0.1019052959,0.7434735982,-1.359374699,1,822.3391907,1.549403938,-335.6798774,104.8260548,370.4562466,337.7113519,-61.32472646
0.04177634167,0.1057690038,5.706177917,-4.714262451,1,666.4069005,7.401671221,593.2623772,30.59851034,-236.2484154,-133.5814058,-39.56243294
0.04177634167,0.1096327117,2.405480335,1.448937367,2,-422.0519027,2.808158674,2357.201874,0,-1399.650903,631.8109779,31.06259275
0.04177634167,0.1134964196,-1.332349606,1.952143986,1,5.890323803,2.363476595,281.6998303,0,-842.0175357,375.8919952,124.3137635
0.04177634167,0.1173601275,NaN,NaN,0,365.3084035,1.363077735,-9.765950414,49.59625473,-194.7356863,309.2209375,127.2504341
0.04177634167,0.1212238354,NaN,NaN,0,241.3769362,0.9855298651,-3.415598801,0,-162.8179292,185.6952442,133.0936099
0.04564004958,0.01690372206,NaN,NaN,0,-13.16765318,1.815957474,-2.50296003,0,10.52306975,6.361911335,-74.56076327
0.04564004958,0.02076742997,NaN,NaN,0,-14.26114155,1.831129577,-6.125227824,1.064240404,11.04172788,8.079230388,-74.85750842
0.04564004958,0.02463113787,NaN,NaN,0,-14.95848545,1.865737051,-13.20757554,0,11.53072035,12.68026292,-75.37767629
0.04564004958,0.02849484577,NaN,NaN,0,-13.52891841,1.924613572,-20.47301901,0,11.35709498,18.43545301,-76.01600153
0.04564004958,0.03235855367,NaN,NaN,0,-9.299242464,2.009608728,-26.50559061,0,8.894321482,24.49724977,-76.69128954
0.04564004958,0.03622226157,NaN,NaN,0,-2.514776723,2.116025979,-29.54510102,0,3.339094718,29.06945897,-77.34663074
0.04564004958,0.04008596947,NaN,NaN,0,5.248760045,2.23126817,-28.20991227,0,-4.672306901,30.23151342,-77.9504979
0.04564004958,0.04394967737,NaN,NaN,0,10.60272801,2.337308903,-23.99670228,0,-11.67163474,27.57886118,-78.50593096
0.04564004958,0.04781338527,NaN,NaN,0,14.45146949,2.425717838,-19.38401889,0,-17.60017146,23.36170533,-79.02854917
0.04564004958,0.05167709317,NaN,NaN,0,22.5724177,2.497131993,-13.9746703,0,-26.96244477,16.98841959,-79.53463872
0.04564004958,0.05554080107,NaN,NaN,0,37.03376828,2.540241271,-1.680243646,0,-41.55863584,5.087157179,-79.91771658
0.04564004958,0.05940450897,NaN,NaN,0,50.04501638,2.519764234,19.57768987,0,-53.76695295,-14.63493657,-80.03355957
0.04564004958,0.06326821687,NaN,NaN,0,56.39471696,2.40759428,49.45812274,0,-61.13110454,-36.06127051,-79.70394728
0.04564004958,0.06713192477,NaN,NaN,0,61.70188062,2.191511321,93.28740983,0,-78.04753377,-63.25407158,-79.00961905
0.04564004958,0.07099563267,NaN,NaN,0,48.45382197,1.801801574,169.0699066,0,-106.1403069,-115.9576466,-78.24210279
0.04564004958,0.07485934057,NaN,NaN,0,-84.50054498,1.067991307,168.1665587,0,-2.678512271,-192.5378617,-79.48421907
0.04564004958,0.07872304847,NaN,NaN,0,-267.8069412,0.3715785334,-11.66051066,22.88151161,226.432766,-104.5520416,-85.31792151
0.04564004958,0.08258675637,0.03505745236,-0.6911483063,1,-174.8808263,0.6920368533,-14.82917689,0,180.6496133,-93.97980574,-87.09624688
0.04564004958,0.08645046427,0.05261966243,-0.06452365371,1,-397.7205799,0.08325941845,1292.352886,0,269.9877474,-486.9993383,-50.80242402
0.04564004958,0.09031417218,-0.4584649015,6.183748939,1,473.3644131,6.200721007,388.7683196,0,-473.4099983,466.1269968,94.24016762
0.04564004958,0.09417788008,0.0524435345,-0.3634149862,1,-73.9411152,0.3671794881,-787.5387174,0,216.0745726,1196.125062,-81.7884728
0.04564004958,0.09804158798,0.0906972606,-1.480548477,2,-77.12235172,1.483323898,-695.5732241,0,319.2972887,-47.992501,-86.49448529
0.04564004958,0.1019052959,0.9881367519,-2.865477742,2,873.5593476,3.031068612,-320.379432,128.7341802,-132.2763351,170.2915483,-70.97366166
0.04564004958,0.1057690038,2.954798292,-3.37635782,2,1425.059871,4.486716514,-481.9009475,200.2432944,492.8506546,-1842.209065,-48.80941183
0.04564004958,0.1096327117,8.398382801,2.390355477,1,411.7735245,8.731931801,388.2879797,0,-1011.424039,-503.4765701,15.88746213
0.04564004958,0.1134964196,0.6379238634,0.0691599164,1,-238.697398,0.6416618654,-102.690675,0,-1952.770914,580.1182037,6.187501805
0.04564004958,0.1173601275,NaN,NaN,0,272.199106,0.2571943863,86.60868342,0,-500.7905059,167.6191557,-105.5181298
0.04564004958,0.1212238354,NaN,NaN,0,203.1851215,0.3458668258,88.97144147,0,-294.535663,86.91243662,-135.169341
0.04950375748,0.01690372206,NaN,NaN,0,-18.29646956,1.766417459,0.742083068,0,12.99947591,7.087656773,-73.77864877
0.04950375748,0.02076742997,NaN,NaN,0,-21.20167569,1.775379019,-4.180383929,2.319267061,14.9447448,7.669153988,-74.20626552
0.04950375748,0.02463113787,NaN,NaN,0,-23.53141642,1.803984002,-13.69130176,1.287977938,17.3757205,11.73633808,-74.9221736
0.04950375748,0.02849484577,NaN,NaN,0,-22.37415972,1.864102345,-24.18658008,0,19.2063418,19.33284547,-75.73176212
0.04950375748,0.03235855367,NaN,NaN,0,-16.09469082,1.963943765,-33.76600053,0,16.73956354,28.9942352,-76.54323614
0.04950375748,0.03622226157,NaN,NaN,0,-4.525563206,2.100506558,-39.21936357,0,8.103404112,37.34493884,-77.29627497
0.04950375748,0.04008596947,NaN,NaN,0,10.44289696,2.255541638,-35.95495915,0,-7.138795827,39.8969476,-77.95058485
0.04950375748,0.04394967737,NaN,NaN,0,16.91751027,2.38977499,-28.56897999,0,-16.79115666,35.05385898,-78.54297976
0.04950375748,0.04781338527,NaN,NaN,0,15.68275074,2.496565371,-25.35955727,0,-19.53489261,32.49281435,-79.11740756
0.04950375748,0.05167709317,NaN,NaN,0,25.16760568,2.606556852,-28.98199057,0,-30.39626151,31.45800828,-79.8396924
0.04950375748,0.05554080107,NaN,NaN,0,55.43585634,2.722824702,-19.70902114,0,-59.46510763,22.58910221,-80.4627337
0.04950375748,0.05940450897,NaN,NaN,0,81.27291592,2.765027914,4.019113849,2.932844245,-79.09119216,-5.563434127,-80.75464788
0.04950375748,0.06326821687,NaN,NaN,0,86.74861193,2.687747796,33.83339922,4.967689241,-73.64229973,-23.85961084,-80.15474852
0.04950375748,0.06713192477,NaN,NaN,0,118.933286,2.554591555,74.53474096,0,-100.5554522,-34.7405949,-78.83004576
0.04950375748,0.07099563267,0.5305784189,-2.225957791,1,217.2986061,2.288318497,255.2683997,0,-308.1115414,-166.9494795,-76.59316862
0.04950375748,0.07485934057,0.1440006012,-0.874873056,1,217.1503433,0.8866448203,579.0636339,0,-426.6405339,-277.8025827,-80.65315064
0.04950375748,0.07872304847,-0.2788304854,1.08472298,1,-276.1909707,1.119986778,-124.5376448,27.54963299,176.989976,-514.6809044,104.4159037
0.04950375748,0.08258675637,-0.2392830656,0.6325265384,1,597.7063565,0.6762737665,139.1896734,74.90805457,346.6694599,-107.2775263,110.7214938
0.04950375748,0.08645046427,3.369961817,2.037000247,1,878.253029,3.937767471,-422.7598289,121.2339349,149.5807747,787.8082755,31.15119774
0.04950375748,0.09031417218,3.731966522,-4.044755011,1,1437.925621,5.503418685,-655.801713,0,-1559.07707,1056.495514,-47.30325922
0.04950375748,0.09417788008,2.901868009,-4.578816078,1,143.880367,5.420921934,550.102253,0,-1569.278629,-346.4275464,-57.63513418
0.04950375748,0.09804158798,-1.775356005,-0.5808257415,1,-151.6427143,1.867952753,-60.15716153,0,-557.0780853,112.4267689,-161.883966
0.04950375748,0.1019052959,0.1635778562,-5.245629973,1,-596.7869803,5.24817983,-1065.046761,0,209.0381306,936.9733254,-88.21388762
0.04950375748,0.1057690038,-3.273504299,-8.316046564,1,523.9232353,8.937139411,-143.8228279,80.3285095,-58.86545694,-453.3047303,-111.4864385
0.04950375748,0.1096327117,1.960425269,-4.049882302,2,1524.371628,4.499423729,-329.7790667,222.3685413,-544.5368927,-1273.305663,-64.16978288
0.04950375748,0.1134964196,0.5122909081,-4.670535399,1,405.4178534,4.698546892,416.3120734,0,-872.1286358,-139.703713,-83.74049533
0.04950375748,0.1173601275,NaN,NaN,0,94.57456205,1.908085566,480.755403,0,-225.5454954,-416.6104404,-85.27452692
0.04950375748,0.1212238354,NaN,NaN,0,118.9244805,1.20339217,226.2854808,0,-197.0533956,-135.141331,-89.70206827
0.05336746538,0.01690372206,NaN,NaN,0,-22.68860799,1.708557992,8.488788415,0,11.362085,7.652709744,-72.50295465
0.05336746538,0.02076742997,NaN,NaN,0,-30.04192366,1.700560979,0.7665173716,3.970533089,17.03780648,5.359784133,-73.18972708
0.05336746538,0.02463113787,NaN,NaN,0,-35.59134482,1.711206587,-13.19066748,3.679648045,23.82107506,7.263089955,-74.28636948
0.05336746538,0.02849484577,NaN,NaN,0,-36.34161325,1.764308726,-28.81599901,0,31.35298818,18.16535558,-75.34619819
0.05336746538,0.03235855367,NaN,NaN,0,-28.17979787,1.881943388,-45.15246786,0,30.75418677,34.80190673,-76.34842307
0.05336746538,0.03622226157,NaN,NaN,0,-9.935682243,2.066833154,-57.61139356,0,19.47375402,51.41911358,-77.24621681
0.05336746538,0.04008596947,NaN,NaN,0,24.13088072,2.300881643,-47.82158077,0,-15.19512386,56.95747917,-77.93271387
0.05336746538,0.04394967737,NaN,NaN,0,30.94166537,2.469930571,-28.96470125,0,-28.81930347,40.24681278,-78.53839241
0.05336746538,0.04781338527,NaN,NaN,0,6.194417533,2.564547078,-24.50323965,0,-13.35198079,40.09768483,-79.00263045
0.05336746538,0.05167709317,NaN,NaN,0,6.979397935,2.710142484,-56.88471355,0,-15.62260102,53.76169696,-80.16017184
0.05336746538,0.05554080107,NaN,NaN,0,78.26913548,2.980025357,-52.1929642,0,-86.81434103,59.37467751,-81.20142819
0.05336746538,0.05940450897,0.4301321232,-3.101339284,1,154.9774411,3.131025231,1.753147211,5.154142617,-151.6056704,13.03046846,-82.1038837
0.05336746538,0.06326821687,0.4688558009,-2.988529273,1,172.9638974,3.025083962,15.23110374,16.9069485,-136.3618187,-11.16365941,-81.08382134
0.05336746538,0.06713192477,0.5715518641,-2.999357629,1,162.5254331,3.053328957,-16.64478938,20.32795749,-100.5259544,191.832965,-79.21117394
0.05336746538,0.07099563267,0.7084036765,-3.79402642,1,-1197.403865,3.859594829,-279.564624,0,1401.184285,-140.2900383,-79.42377088
0.05336746538,0.07485934057,1.358899884,-3.537473946,1,20.95530866,3.789502714,1140.96607,0,-835.6718353,-198.3294446,-68.98601363
0.05336746538,0.07872304847,-2.439423004,1.38062024,1,542.0379081,2.803015669,626.8512638,0,-852.7609875,141.2057524,150.4917965
0.05336746538,0.08258675637,0.1583566669,-1.661081547,2,1334.54477,1.668612819,-281.0985098,202.866262,-324.5089866,821.6040622,-84.5542526
0.05336746538,0.08645046427,1.46306023,-2.879900399,2,1225.256798,3.230227786,-759.6913286,0,-984.2079766,206.9222424,-63.06831042
0.05336746538,0.09031417218,1.089698904,-5.395794038,1,265.6044475,5.504728603,-969.6405562,0,-427.0237728,92.20486325,-78.58249165
0.05336746538,0.09417788008,0.8393831074,-6.982560936,1,368.3128938,7.032831664,-551.9360389,0,-574.6036303,-1159.83958,-83.14528907
0.05336746538,0.09804158798,0.2926517555,-3.047032323,2,510.6270171,3.061053908,1374.223134,0,-600.2002219,-497.1802506,-84.51386345
0.05336746538,0.1019052959,0.4932984086,0.2479951053,1,-294.3052442,0.552127605,-95.66207166,0,386.1910911,572.3622299,26.68997395
0.05336746538,0.1057690038,0.6476718281,-5.628083095,1,-1026.039163,5.665227102,592.7592796,0,1468.938394,2107.184794,-83.43535993
0.05336746538,0.1096327117,2.204531665,-5.603302719,1,150.5610105,6.02137536,171.8710974,0,123.524394,-25.13565553,-68.52362036
0.05336746538,0.1134964196,1.706657771,-4.866906547,1,-118.9991134,5.15746644,467.4196553,0,-405.2395062,-598.5599292,-70.67597543
0.05336746538,0.1173601275,0.1790267691,-1.484668977,1,-156.1436202,1.495423871,418.9846929,0,-257.9119903,-461.5734477,-83.12426423
0.05336746538,0.1212238354,NaN,NaN,0,46.37030973,1.468580621,21.87348803,0,-83.72247685,11.53012067,-85.82692778
0.05723117328,0.01690372206,NaN,NaN,0,-24.55189516,1.660329509,27.09047686,0,-0.7754917964,7.377976273,-70.4420201
0.05723117328,0.02076742997,NaN,NaN,0,-43.51769688,1.608411534,12.15735214,6.249353002,15.1916903,-1.354836822,-71.63038697
0.05723117328,0.02463113787,NaN,NaN,0,-52.45042593,1.576825195,-11.02188652,6.731969323,29.51778507,-6.209117972,-73.55581727
0.05723117328,0.02849484577,NaN,NaN,0,-59.22115061,1.600665018,-32.73428063,0,51.63034908,11.26358015,-74.85184937
0.05723117328,0.03235855367,NaN,NaN,0,-50.34720517,1.733242309,-60.41647833,0,55.45044134,40.62892257,-76.07727058
0.05723117328,0.03622226157,NaN,NaN,0,-31.16824862,1.98439802,-98.25216205,0,54.23254905,76.57212958,-77.24867081
0.05723117328,0.04008596947,NaN,NaN,0,65.0746428,2.411508548,-68.75526913,0,-44.29615016,96.26704271,-77.88402074
0.05723117328,0.04394967737,NaN,NaN,0,76.52385295,2.624733461,-14.96500457,4.368777914,-69.93895256,28.87822814,-78.61156504
0.05723117328,0.04781338527,0.5315966737,-2.527189008,1,56.93408492,2.582494783,11.05098568,0,-75.19135491,31.74438743,-78.12096218
0.05723117328,0.05167709317,0.4477377211,-2.653008479,1,36.230073,2.69052468,-29.16062751,0,-49.87146069,176.8164495,-80.4206838
0.05723117328,0.05554080107,0.4788903363,-3.323024268,1,53.93845629,3.357354053,42.72241001,0,-40.06107533,369.0016459,-81.79940502
0.05723117328,0.05940450897,0.5013558676,-3.91365614,1,64.5920477,3.945638363,154.8547327,0,-65.52459291,289.5144243,-82.69992865
0.05723117328,0.06326821687,0.475287254,-3.843309982,1,231.6425161,3.872586938,198.2935801,16.80652373,-58.13164393,97.06884618,-82.95024558
0.05723117328,0.06713192477,1.171751195,-3.522553336,1,-46.07194164,3.712328497,1669.204198,0,-359.4723312,-1347.985004,-71.60067859
0.05723117328,0.07099563267,-1.091617357,7.814227773,1,409.7482911,7.890106726,168.1249564,41.98791993,266.8872232,339.4828336,97.95253374
0.05723117328,0.07485934057,3.786073178,-4.18463012,1,685.7024711,5.643179897,-1242.573253,0,292.7190169,1893.947576,-47.86256138
0.05723117328,0.07872304847,2.688717476,-4.304372532,1,729.7708419,5.075118182,599.3979857,0,-1231.102909,1011.681338,-58.00912408
0.05723117328,0.08258675637,1.849072508,-5.777572567,1,572.4519006,6.066252048,125.2673098,0,-948.9021867,693.4659893,-72.25308588
0.05723117328,0.08645046427,1.234223532,-6.49972626,1,519.3786076,6.615871007,27.65010653,0,-909.4860492,271.7926749,-79.2481967
0.05723117328,0.09031417218,0.3418113032,-6.720868137,2,-462.7638119,6.729554479,-7.335828208,0,-817.3941692,438.4131482,-87.08854787
0.05723117328,0.09417788008,-3.711932974,-8.221970101,1,-49.91891912,9.021044216,568.8828246,0,378.9992328,90.55204396,-114.2975174
0.05723117328,0.09804158798,1.613281511,-4.872737721,2,1070.974623,5.13285984,1705.60599,0,408.7803541,254.7770612,-71.68116114
0.05723117328,0.1019052959,2.005408024,-2.616390906,2,1676.840462,3.29653799,577.1681745,249.7644924,-241.6881216,-1026.616535,-52.53060223
0.05723117328,0.1057690038,7.158290948,1.323817932,1,141.5341335,7.279671917,-74.06311858,19.33570127,-6.441071452,323.9879307,10.47761244
0.05723117328,0.1096327117,2.527368155,-4.15434389,2,-801.6372516,4.862732046,-1108.234328,0,-1049.612361,729.4570252,-58.68502441
0.05723117328,0.1134964196,0.005603195974,-5.776484667,1,112.6827045,5.776487384,-282.106381,0,-768.7176836,-763.3904138,-89.94442305
0.05723117328,0.1173601275,-0.007359376897,-2.29480297,1,330.4526908,2.294814771,388.7829331,0,-296.8797415,-664.7305165,-90.18374553
0.05723117328,0.1212238354,NaN,NaN,0,23.19396272,1.711374698,178.216705,0,50.66184922,-126.5612738,-85.46485954
0.06109488118,0.01690372206,NaN,NaN,0,-18.61376426,1.668166073,73.58169612,0,-40.04463435,2.879649796,-67.1841665
0.06109488118,0.02076742997,NaN,NaN,0,-73.35838953,1.499209584,36.72242601,10.10039568,8.654814722,-16.87611487,-69.15232102
0.06109488118,0.02463113787,NaN,NaN,0,-71.47151141,1.388480042,-10.3199501,10.4655637,27.42802585,-42.00830517,-73.39151741
0.06109488118,0.02849484577,NaN,NaN,0,-97.74535808,1.329253266,-30.68275865,3.50509626,90.20018173,-7.530839568,-74.13524693
0.06109488118,0.03235855367,NaN,NaN,0,-82.81962357,1.466843876,-65.52700281,0,85.18468048,39.87807381,-75.4818899
0.06109488118,0.03622226157,0.372512568,-1.685875985,1,-15.66672503,1.726540891,-159.3461631,0,72.50412616,164.8527835,-77.54008169
0.06109488118,0.04008596947,0.5873203462,-2.672615311,1,-10.20559626,2.736387727,-11.86157083,0,54.73460916,324.7810923,-77.60597631
0.06109488118,0.04394967737,0.5445596669,-2.986564902,1,23.63308274,3.035805518,57.47581494,0,-6.227121313,149.4419758,-79.66641134
0.06109488118,0.04781338527,0.6545718969,-3.027945693,1,108.3892076,3.097889522,88.95367783,9.503973227,18.19582754,93.19333049,-77.80168363
0.06109488118,0.05167709317,1.033647267,-3.002945681,1,260.4305035,3.175863574,180.2235243,25.57299701,99.85497619,252.7440266,-71.00596781
0.06109488118,0.05554080107,2.046609751,-3.308143731,1,156.2891061,3.890041956,263.3404023,0,131.8790234,418.923151,-58.25665945
0.06109488118,0.05940450897,2.147044746,-3.604071977,1,-68.06913311,4.195132412,182.5171442,0,-44.92072574,389.5690938,-59.21658051
0.06109488118,0.06326821687,1.610049941,-4.108131985,1,8.683315609,4.412370023,171.7653613,0,-95.23119962,328.6543471,-68.5989044
0.06109488118,0.06713192477,1.812649003,-4.21024519,1,252.8771058,4.58386965,197.6286372,25.09515146,21.36773665,259.1932995,-66.70653261
0.06109488118,0.07099563267,2.669651905,-4.345999857,1,1869.514679,5.100466258,483.1853299,195.170603,-1335.57913,702.0429803,-58.43851093
0.06109488118,0.07485934057,3.87562,-5.055847223,1,270.4505694,6.370401991,-203.272724,28.4889844,18.30443798,275.444445,-52.52760014
0.06109488118,0.07872304847,3.785316909,-6.195623164,1,184.2576874,7.260466272,-35.93762159,0,-327.6217903,606.7875,-58.57647614
0.06109488118,0.08258675637,3.321702983,-7.539149353,1,-7.871055087,8.238475811,85.67676082,0,-293.7297046,656.3702384,-66.22200455
0.06109488118,0.08645046427,2.62001967,-8.400616062,1,1.308705482,8.799707569,522.833684,0,-147.9158629,322.723525,-72.67812315
0.06109488118,0.09031417218,2.755255751,-6.765982151,2,85.85754259,7.305473887,958.3285897,0,112.7152192,162.3912005,-67.84277311
0.06109488118,0.09417788008,3.387246819,-5.325346483,1,356.6576022,6.311319686,1228.9655,0,966.3573927,928.6258708,-57.54113892
0.06109488118,0.09804158798,7.866999239,-5.605557553,1,-120.665944,9.659811205,668.895385,0,-1077.79049,1144.938737,-35.47142084
0.06109488118,0.1019052959,-1.243238773,-7.164638942,1,-353.6893235,7.271705014,151.9996892,0,-1264.883069,305.8049265,-99.84418463
0.06109488118,0.1057690038,1.613308299,-6.199816063,1,992.3691408,6.40628464,-483.1045021,116.0114752,-478.7988518,-639.2324627,-75.41404534
0.06109488118,0.1096327117,0.7410468098,-6.561406107,1,-471.8380574,6.60312051,-230.2890562,0,-549.4981451,306.129374,-83.55630559
0.06109488118,0.1134964196,-2.332836455,-8.27238019,1,-213.6976559,8.595021811,351.3521645,0,-207.7112448,-335.2700967,-105.7486139
0.06109488118,0.1173601275,-0.8871540892,-3.908498252,1,-627.9571242,4.007917285,1263.843069,0,1311.05374,-525.5833465,-102.7883608
0.06109488118,0.1212238354,NaN,NaN,0,-110.9875082,1.392693192,858.7271365,0,728.8413702,-461.2168684,-77.28857016
0.06495858908,0.01690372206,NaN,NaN,0,15.76238069,1.854271325,200.8349614,0,-154.3198372,-25.7656879,-62.67299711
0.06495858908,0.02076742997,NaN,NaN,0,-174.4951852,1.34299076,89.14611746,23.92056255,17.37957743,-44.69647886,-64.24486312
0.06495858908,0.02463113787,0.2441883688,-1.130207761,1,-97.55156356,1.156286099,34.37947197,14.4135741,16.55901334,-66.74009505,-77.80829157
0.06495858908,0.02849484577,0.270632858,-0.8188806283,1,-69.28207286,0.8624428255,-7.260452429,0,88.37059761,-32.36735844,-71.71173291
0.06495858908,0.03235855367,0.3179408527,-1.03320201,1,-16.24478022,1.081014699,-75.18773166,0,65.06823509,125.6323579,-72.89562252
0.06495858908,0.03622226157,0.4592724263,-1.594790795,1,151.4671628,1.659605025,14.91009974,0,210.165588,292.79849,-73.9345059
0.06495858908,0.04008596947,1.715184169,-2.106881579,1,-6.821402829,2.716764016,52.35629726,0,229.0110658,335.4096644,-50.85142466
0.06495858908,0.04394967737,1.317748382,-2.688426325,1,-129.7113106,2.994010171,48.23750436,19.31074285,5.523697819,247.2143226,-63.88793732
0.06495858908,0.04781338527,1.235359509,-2.875669883,1,83.03535018,3.129790791,57.76627568,0,124.75714,209.1750007,-66.75211553
0.06495858908,0.05167709317,2.120597868,-3.273425412,1,260.6294137,3.900288355,177.0252294,0,225.8457436,317.2190091,-57.06393501
0.06495858908,0.05554080107,3.114957417,-3.417337697,1,72.19458789,4.623976281,186.9461937,0,80.80148014,329.5014949,-47.65033267
0.06495858908,0.05940450897,2.711729985,-3.824217456,1,-67.80627313,4.688082621,142.6541233,0,-114.970117,356.8182475,-54.65977192
0.06495858908,0.06326821687,2.408762835,-4.244805316,1,29.57827212,4.880626042,161.1681637,0,28.66829872,314.6012062,-60.42676578
0.06495858908,0.06713192477,2.936777721,-4.417037915,1,160.3314972,5.304232963,184.2553471,0,118.9328317,268.2454398,-56.38106332
0.06495858908,0.07099563267,3.487758629,-4.5693185,1,161.5760469,5.748315563,163.4104776,0,130.4092517,355.4051171,-52.64552326
0.06495858908,0.07485934057,4.064923626,-5.15884912,1,137.5918674,6.567901364,-46.81569516,0,226.4511889,396.4908017,-51.76359948
0.06495858908,0.07872304847,4.894314662,-6.282125314,1,-71.45779826,7.963630734,82.70993768,0,240.0010089,528.7058084,-52.07834977
0.06495858908,0.08258675637,4.716125361,-6.88204689,1,-378.5909981,8.342925615,379.2834563,0,276.8480426,584.8272265,-55.57795994
0.06495858908,0.08645046427,4.501209601,-7.076286403,1,-445.646271,8.386579585,380.71774,0,434.2116204,312.1439823,-57.53965365
0.06495858908,0.09031417218,4.671945211,-6.61709792,1,-178.0743636,8.100188698,466.1206481,0,209.9505441,152.9452657,-54.77632456
0.06495858908,0.09417788008,4.624369851,-5.866268204,1,415.7968916,7.469799138,-35.15788822,0,606.3977535,470.4935537,-51.75134393
0.06495858908,0.09804158798,8.621406737,-8.570787391,1,-135.2790623,12.15676974,-215.9117197,0,-84.75271507,-145.8471128,-44.8313033
0.06495858908,0.1019052959,3.774231334,-6.136977379,2,-1101.532443,7.204673034,1339.455465,0,-399.4863024,249.7142019,-58.40855037
0.06495858908,0.1057690038,2.82190875,-4.360345464,1,-514.9931359,5.193821479,473.0227813,0,268.1219,37.54017295,-57.09004522
0.06495858908,0.1096327117,2.82039299,-4.454399785,1,-1039.344499,5.272219083,65.5594582,158.0648064,326.5139192,426.0964074,-57.65922997
0.06495858908,0.1134964196,0.06773960852,-5.753354923,1,-1738.136569,5.75375369,1806.2089,0,1744.520994,-691.7460849,-89.32543457
0.06495858908,0.1173601275,2.845060544,5.196968624,1,-148.6918967,5.924766019,1349.088037,0,563.6930462,-538.2678796,61.30166824
0.06495858908,0.1212238354,NaN,NaN,0,-580.3254904,2.271755158,-745.4851707,0,-27.31760581,1148.100822,42.63909165
0.06882229698,0.01690372206,1.323281836,-2.194790142,1,-235.8152663,2.562845798,512.8965864,0,-84.08240204,-281.719421,-58.91340436
0.06882229698,0.02076742997,0.7052862619,-0.6597080691,1,-247.2118454,0.9657346673,197.1546304,23.60774256,-24.92162596,-140.6367052,-43.08756114
0.06882229698,0.02463113787,0.2718375929,-0.8896630896,1,-163.0645185,0.9302666767,29.28619737,25.13524264,34.94358344,31.81993446,-73.00940682
0.06882229698,0.02849484577,0.210264393,-0.6694976891,1,11.00044156,0.7017394607,18.47206578,0,64.25963135,74.42154644,-72.56443043
0.06882229698,0.03235855367,0.5626205312,-1.10583554,1,168.4732632,1.240731278,29.04623169,0,181.2281943,233.4055536,-63.03418475
0.06882229698,0.03622226157,1.561408677,-1.459082416,1,149.264706,2.137034991,249.1878687,0,244.8940305,418.8673621,-43.05971235
0.06882229698,0.04008596947,2.085534756,-1.761427539,1,-80.20149644,2.729850214,59.0041147,0,112.4737466,319.1101946,-40.18419385
0.06882229698,0.04394967737,1.686099225,-2.464056332,1,-139.470016,2.985716698,129.3117266,6.072523198,36.05129214,415.3885662,-55.6170271
0.06882229698,0.04781338527,1.685955015,-2.866744885,1,151.3815727,3.325758642,189.4821308,0,173.9958741,363.7404619,-59.53988257
0.06882229698,0.05167709317,2.943262636,-3.137339622,1,259.6723054,4.301824596,74.80306358,0,350.1195865,180.4384635,-46.82811143
0.06882229698,0.05554080107,4.042012766,-3.274889214,1,129.2567989,5.202188632,-30.93356435,0,164.1394629,137.0293581,-39.01482314
0.06882229698,0.05940450897,4.076860091,-3.786299293,1,-101.7313576,5.563888077,36.48995631,12.76348848,-51.93681997,253.0587716,-42.88375951
0.06882229698,0.06326821687,3.448283814,-4.111647856,1,-99.94964224,5.36621928,78.54111631,8.333398129,-33.56982559,229.6649237,-50.01470927
0.06882229698,0.06713192477,3.560979868,-4.370197541,1,135.5962241,5.63730469,68.72963254,0,181.694843,160.5511165,-50.82572613
0.06882229698,0.07099563267,4.674203817,-4.466419249,1,184.1058076,6.465066298,151.6367333,0,247.0040605,240.2363967,-43.69777709
0.06882229698,0.07485934057,5.226662472,-4.712520761,1,79.59590644,7.037460658,224.5453083,0,301.7592524,360.6368749,-42.03879925
0.06882229698,0.07872304847,6.147648757,-4.99223731,1,-127.5579831,7.919344582,182.2736922,0,598.6294565,258.4190947,-39.07854475
0.06882229698,0.08258675637,7.046745045,-5.006724354,1,-556.0963855,8.644298959,123.4783127,68.3292288,335.941602,125.7727061,-35.39385872
0.06882229698,0.08645046427,5.297034981,-5.001102176,1,-673.5759592,7.284888645,93.06202784,103.0435762,181.9240328,160.3660017,-43.35397067
0.06882229698,0.09031417218,5.147145613,-5.266767249,1,-431.1041633,7.364234191,69.5150174,33.10607706,372.1508683,-37.1653424,-45.65811128
0.06882229698,0.09417788008,5.069256669,-4.588920427,1,-207.1043095,6.837803292,-14.10191455,0,549.294558,23.05701674,-42.15281858
0.06882229698,0.09804158798,6.46926878,-5.410338506,2,-609.9952525,8.433457256,-154.6520819,27.11781596,565.3728198,-190.0540093,-39.90620338
0.06882229698,0.1019052959,4.896848623,-4.452137721,2,-767.8019673,6.618206458,546.0996183,86.58047177,21.55136182,-32.68383314,-42.27661748
0.06882229698,0.1057690038,3.585974419,-3.174088312,2,-519.8103496,4.788950736,560.4175803,0,-64.13316255,-259.5226572,-41.51331679
0.06882229698,0.1096327117,2.640661462,-1.284128147,2,-436.8389283,2.936337524,999.0976262,0,19.40258627,-1164.02647,-25.93320695
0.06882229698,0.1134964196,1.973122327,5.183591349,1,-186.247444,5.546425064,-384.8350033,0,84.00283547,-417.9837895,69.16078613
0.06882229698,0.1173601275,2.24561816,-1.15605092,1,959.200135,2.52571864,36.01732253,0,-987.9506832,1176.240585,-27.23954463
0.06882229698,0.1212238354,1.862038607,0.7781017208,1,80.75750469,2.018075831,350.1007926,0,-279.3126561,-651.0890957,22.6788918
0.07268600488,0.01690372206,1.744438224,-1.061084991,1,-673.9201024,2.041804613,441.1734114,0,186.0441654,73.4580518,-31.31078799
0.07268600488,0.02076742997,0.8019331682,-0.3507126212,1,-279.0531502,0.8752691866,193.1584774,31.39637072,-48.13349124,13.04064347,-23.62139302
0.07268600488,0.02463113787,0.4802846131,-0.3651622931,1,-134.4720191,0.6033380561,34.13294969,15.09792634,89.85515589,102.0444123,-37.24587167
0.07268600488,0.02849484577,0.6295466414,-0.6131026759,1,84.46819381,0.8787626898,48.27447971,0,135.9659844,208.4207446,-44.2418498
0.07268600488,0.03235855367,1.331977889,-0.983920682,1,259.3303944,1.655978564,138.6904074,0,364.654679,297.1403622,-36.45296532
0.07268600488,0.03622226157,3.0404427,-1.225307018,1,177.8978644,3.278058739,158.9388607,0,299.3974105,256.9069389,-21.94957435
0.07268600488,0.04008596947,3.176107413,-1.36244072,1,-22.90059486,3.455995228,183.8590985,0,121.7353198,387.020482,-23.21766612
0.07268600488,0.04394967737,3.422311207,-2.010263261,1,-82.70043597,3.969051823,250.5739944,0,133.6211066,619.6117542,-30.429947
0.07268600488,0.04781338527,3.372850011,-2.788294828,1,-88.4278358,4.376151877,237.7146695,0,6.761560225,474.1974215,-39.58013282
0.07268600488,0.05167709317,3.106776573,-2.923963538,1,10.8039069,4.266336068,23.11925701,0,28.54445137,151.044674,-43.26369424
0.07268600488,0.05554080107,3.524880574,-3.282561273,1,83.7691533,4.816636956,-117.4504781,0,103.5341156,65.75756656,-42.96134672
0.07268600488,0.05940450897,3.830461693,-3.631825907,1,-59.61269004,5.278503216,19.41115036,0,78.94654623,202.0781219,-43.47522557
0.07268600488,0.06326821687,3.599580947,-3.988333094,1,-46.83925927,5.372502569,-12.72431827,0.776089876,44.81785122,144.4046431,-47.9328745
0.07268600488,0.06713192477,3.822651563,-4.238926317,1,129.6190341,5.707991003,8.931171931,0,233.3123848,96.40282832,-47.95595011
0.07268600488,0.07099563267,5.001841937,-4.326298023,1,277.0171542,6.613265256,-8.736338157,0,370.8695786,7.193574233,-40.85787079
0.07268600488,0.07485934057,6.325896651,-4.300474845,1,110.1796991,7.64925175,154.3037766,0,302.6830141,-65.67891333,-34.20867271
0.07268600488,0.07872304847,6.597022864,-3.476349167,1,-295.3777744,7.45692391,65.38328189,41.4295122,127.9898207,-158.4954889,-27.78731448
0.07268600488,0.08258675637,5.679158491,-3.435472669,1,-374.5438701,6.637417693,-232.550078,45.09236279,85.53615727,-156.3188601,-31.17084935
0.07268600488,0.08645046427,5.480381481,-3.770884325,1,-439.4320513,6.652379256,-19.1537754,61.79923994,211.0960569,1.055422871,-34.53068126
0.07268600488,0.09031417218,4.796934906,-3.513555108,1,-515.7574071,5.946062058,49.35804344,66.51787544,303.1606602,-164.7162144,-36.22122393
0.07268600488,0.09417788008,4.65896975,-2.943763924,1,56.54775842,5.511056629,-106.788764,0,588.5911204,26.74963728,-32.286691
0.07268600488,0.09804158798,7.289563089,-4.029508484,1,-263.3783009,8.329145734,19.77820956,0,547.8072064,56.88835481,-28.93284229
0.07268600488,0.1019052959,5.75791996,-3.087146685,1,-777.4474901,6.533308267,193.2395158,120.2493584,-77.97024121,-176.8108619,-28.19827717
0.07268600488,0.1057690038,3.984478842,-2.599741916,2,-686.2236313,4.757597048,157.9339503,100.1121365,-238.9922337,55.56315644,-33.12313164
0.07268600488,0.1096327117,2.183156112,-2.69161584,2,-793.1911956,3.465684123,50.66318797,0,-1023.3531,596.6270447,-50.95466471
0.07268600488,0.1134964196,-3.034117704,-4.709186783,1,1619.505205,5.601991646,210.5832423,255,-235.934028,116.0205906,-122.7935859
0.07268600488,0.1173601275,7.528871,-2.326253376,1,424.9014931,7.880060488,475.9178218,0,491.930146,-781.1176548,-17.16998358
0.07268600488,0.1212238354,0.5082519438,0.1476311194,1,-1735.655394,0.5292589024,448.9900882,0,-1898.480124,-831.5852341,16.19691034
0.07654971278,0.01690372206,3.311667486,1.127860594,1,-724.9980286,3.498458383,40.37727392,0,-211.7643243,503.8504844,18.80739559
0.07654971278,0.02076742997,1.501979434,0.2324980414,1,-377.7695757,1.519867613,-88.50228276,39.4720066,-272.8179969,209.3434744,8.799230334
0.07654971278,0.02463113787,0.7979871424,-0.02292841134,1,-75.29623559,0.7983164732,-19.28102601,11.6794899,-2.328596051,162.6745794,-1.645815817
0.07654971278,0.02849484577,1.202059759,-0.4705252688,1,157.7845459,1.290868581,121.0113865,0,217.1289346,295.9637576,-21.37699007
0.07654971278,0.03235855367,2.246543319,-0.6988932695,1,198.9654503,2.352744926,233.8078696,0,309.8865825,368.165436,-17.28077011
0.07654971278,0.03622226157,3.168115379,-0.9896436596,1,209.5245186,3.319088674,179.1153491,0,319.6830288,309.4832124,-17.34755924
0.07654971278,0.04008596947,4.291246701,-1.202596613,1,209.4432962,4.456572322,300.7935423,0,277.1689029,466.0776257,-15.65521529
0.07654971278,0.04394967737,5.048242777,-1.628253078,1,-19.40240809,5.30433438,-59.21387282,0,57.01619475,276.3094855,-17.8765138
0.07654971278,0.04781338527,4.436575386,-2.498960863,1,-260.010441,5.091955081,-180.4161259,24.25022055,-110.6339299,192.4232033,-29.39097243
0.07654971278,0.05167709317,3.616181193,-3.06879534,1,-96.05101078,4.74281259,-58.15916606,8.038293999,-57.76209971,122.9006675,-40.31889374
0.07654971278,0.05554080107,3.842286456,-3.198523172,1,109.6168385,4.99937153,296.6476638,0,231.1047645,343.7918944,-39.77579321
0.07654971278,0.05940450897,4.932629942,-3.250946877,1,-547.3710281,5.907579347,-547.7797993,0,577.0760868,-403.1031321,-33.38766591
0.07654971278,0.06326821687,3.957058125,-3.757511554,1,-450.9457379,5.456849099,-211.4996193,55.17510205,201.2709981,-25.5099263,-43.51830653
0.07654971278,0.06713192477,3.967959677,-3.969556723,1,-73.804162,5.612671786,62.13437163,0,257.8721404,151.7605417,-45.01152804
0.07654971278,0.07099563267,4.668243028,-4.103800896,1,42.04344028,6.215599308,14.32069836,0,372.3572909,14.11039748,-41.31834615
0.07654971278,0.07485934057,5.569083056,-3.968744182,1,-49.7662577,6.838539059,6.637861628,0,339.5519735,-186.7857425,-35.47514336
0.07654971278,0.07872304847,5.787890387,-3.356468588,1,-185.0946265,6.690706728,-87.153206,0,178.6722986,-278.5845159,-30.10997126
0.07654971278,0.08258675637,5.544269057,-3.229109517,1,-282.6497236,6.416078838,25.68613482,39.43113443,137.5087946,-199.1799849,-30.21750343
0.07654971278,0.08645046427,5.227108233,-2.487651585,1,-446.2115046,5.788874752,-96.55101622,59.58977509,228.0703453,-388.0850823,-25.45040937
0.07654971278,0.09031417218,4.701435337,-2.102707043,1,-331.4933919,5.150230202,-198.6456109,25.92495489,210.5993227,-186.8412246,-24.09648006
0.07654971278,0.09417788008,4.760008863,-2.533260286,1,81.04037197,5.392132422,-222.4539961,0,453.1746118,-177.5625049,-28.02175392
0.07654971278,0.09804158798,6.76548599,-2.276154652,1,-326.8039232,7.138114645,-539.4485946,0,378.649271,-742.2844089,-18.59480459
0.07654971278,0.1019052959,4.960324143,-1.749561948,1,-527.5922201,5.259827242,-355.347249,61.21548827,-81.82784295,-570.1765907,-19.42831756
0.07654971278,0.1057690038,4.410864878,-1.446116828,1,-194.3288619,4.641872774,-135.7089195,0,241.2469286,-26.01000386,-18.15190389
0.07654971278,0.1096327117,5.141601848,-2.173406515,1,-344.3737983,5.582093285,30.54070226,54.69349064,40.04418231,170.0872365,-22.91426664
0.07654971278,0.1134964196,3.235024136,-1.985283875,1,-1089.548853,3.795620269,828.1559677,113.5303509,34.81417884,497.8166244,-31.53679164
0.07654971278,0.1173601275,1.066415154,-0.8970717842,1,-658.0743714,1.39354909,-530.7266391,61.13648635,-79.87515557,-1083.117879,-40.07065235
0.07654971278,0.1212238354,0.3838027186,0.1489945216,1,-204.8354482,0.4117085064,192.4137004,0,-148.5103291,-349.0694204,21.21651142
0.08041342068,0.01690372206,3.847175314,0.921900127,1,-518.0148458,3.95609122,-593.7987146,0,-816.6342244,-144.9498232,13.47570796
0.08041342068,0.02076742997,1.268828235,0.054789623,1,-329.2308901,1.270010627,-299.4567114,0,-398.7899561,-39.30848059,2.472568865
0.08041342068,0.02463113787,1.034315418,-0.08323664778,1,145.7529925,1.037659252,-72.07968526,11.1950404,105.7640967,41.43896746,-4.600968962
0.08041342068,0.02849484577,2.2406168,-0.3838132924,1,329.0747119,2.273252359,-14.37830214,0,349.9392185,107.81447,-9.720313657
0.08041342068,0.03235855367,3.657826906,-0.5553538271,1,314.7973039,3.699745335,137.9361189,0,380.811187,245.5719523,-8.633067171
0.08041342068,0.03622226157,4.928244822,-0.7996867121,1,260.1279915,4.992704263,208.2437967,0,382.0651457,349.4074005,-9.216825035
0.08041342068,0.04008596947,6.139073604,-1.100768758,1,-117.6646255,6.236979764,232.6505423,0,-55.00359835,469.5518331,-10.16541777
0.08041342068,0.04394967737,4.261105241,-1.715004101,1,-386.6025503,4.593283895,-350.9613398,0,-317.3408696,-63.57448447,-21.923735
0.08041342068,0.04781338527,3.419241851,-2.211147622,1,-225.536143,4.071902337,-207.9203098,13.96263703,-8.484243781,66.69213402,-32.88984995
0.08041342068,0.05167709317,3.356918824,-2.77602637,1,219.8685668,4.356056289,251.2500894,0,447.9122723,407.0640915,-39.58927349
0.08041342068,0.05554080107,5.999351955,-2.813167413,1,-566.6297033,6.626170445,623.6492237,0,-261.6914605,-279.3009355,-25.12243868
0.08041342068,0.05940450897,0.1565277986,0.7127092941,1,-640.2979613,0.7296954773,101.105676,95.29394513,-217.8172863,-246.9561625,77.61315226
0.08041342068,0.06326821687,2.683845293,-1.468358138,2,78.4536534,3.05926481,-731.7423202,0,1084.302783,218.1574536,-28.68350261
0.08041342068,0.06713192477,4.649079029,-2.957425966,1,6.950506188,5.510018527,-99.11623991,0,621.4215541,310.2583019,-32.46172759
0.08041342068,0.07099563267,5.111691387,-3.050061789,1,-172.8285699,5.952500798,153.6596711,0,426.6725084,111.9476548,-30.82382944
0.08041342068,0.07485934057,5.62985786,-2.796262919,1,-383.734421,6.286046917,168.8533292,0,402.4283165,-84.58243532,-26.41287663
0.08041342068,0.07872304847,5.183919138,-2.070860024,1,-468.2731233,5.582246758,82.1406549,55.13825871,307.5392004,-172.578403,-21.77560625
0.08041342068,0.08258675637,5.008828932,-1.812102883,1,-570.6729598,5.326545234,25.80635061,87.71589942,162.7668704,-208.4773562,-19.88919911
0.08041342068,0.08645046427,3.607889158,-1.165656215,1,-483.3371797,3.791519298,-214.2982993,69.21035618,43.00819989,-316.0232973,-17.9048859
0.08041342068,0.09031417218,3.307526374,-1.419067205,1,-278.1077399,3.59909467,-240.0821233,0,150.1305905,-152.008771,-23.22135697
0.08041342068,0.09417788008,3.113422835,-1.505945921,1,-440.4744319,3.458507607,-116.0098376,61.07077769,189.3671428,-145.831916,-25.81280498
0.08041342068,0.09804158798,2.337321157,-1.303843405,2,-406.2395081,2.676392687,-1208.162474,0,165.1610749,-1244.682466,-29.15437969
0.08041342068,0.1019052959,2.181966188,-1.364843339,1,-344.705603,2.573669324,-2.656880726,0,609.3019518,-102.8298548,-32.02642264
0.08041342068,0.1057690038,3.35964416,-0.9168042935,1,13.03647931,3.482490344,-421.0608109,0,187.8994341,-462.0852081,-15.26365358
0.08041342068,0.1096327117,2.958323864,-1.206337052,1,-383.335826,3.194828503,-315.562385,33.82853825,54.48304605,-458.3857696,-22.18451541
0.08041342068,0.1134964196,2.089053076,-0.3649764538,1,-510.8890096,2.120695774,-19.43660869,80.94961665,79.98773017,-307.7804956,-9.910069202
0.08041342068,0.1173601275,1.293447186,-0.09226049755,1,-438.9054243,1.296733443,130.1428772,64.13801864,-126.8912487,-58.85468669,-4.079949632
0.08041342068,0.1212238354,-0.09701999922,0.3652549269,1,-373.5836781,0.377920682,-13.86264643,0,-346.1742443,-250.6897753,104.8755588
0.08427712858,0.01690372206,0.4573589246,-0.02591745849,1,64.07453716,0.4580926769,-508.3147911,0,-200.8701986,-502.9622059,-3.243348821
0.08427712858,0.02076742997,0.1930896856,-0.03625787144,1,36.73590134,0.1964643987,-165.0045008,0,20.78434605,-125.7892265,-10.63500636
0.08427712858,0.02463113787,0.6796003589,-0.1774338239,1,170.2410189,0.7023812424,-97.10988156,0,184.3355094,-5.577848798,-14.63245914
0.08427712858,0.02849484577,1.563069819,-0.3899109096,1,360.5706967,1.610967963,-133.021164,0,428.4915728,-64.07157181,-14.00668911
0.08427712858,0.03235855367,3.728306484,-0.4438349079,1,445.5160439,3.754631628,-206.3374031,0,527.5510182,-173.0524842,-6.788806344
0.08427712858,0.03622226157,5.322716715,-0.5185141135,1,378.821083,5.347912687,-392.5858562,0,469.0807687,-258.865137,-5.563930509
0.08427712858,0.04008596947,7.004351567,-0.9604927071,1,-314.8353925,7.069900078,-581.7494996,0,-170.7394299,-363.7899427,-7.808156805
0.08427712858,0.04394967737,3.446597437,-1.360646176,1,-578.3691774,3.705454346,-392.2663545,57.64156963,-227.4475871,-211.1338683,-21.54309285
0.08427712858,0.04781338527,3.890910967,-1.660335725,2,179.0789961,4.230354935,-221.0579975,0,523.1266382,-7.000693061,-23.10898917
0.08427712858,0.05167709317,6.159714894,-2.187701074,1,-59.53234516,6.536675269,27.20293792,0,391.2956986,120.3764279,-19.55314143
0.08427712858,0.05554080107,5.172747657,-2.020330875,1,-461.7370076,5.553292282,-238.3239202,63.49186393,-1.706056847,-385.6166591,-21.33422917
0.08427712858,0.05940450897,4.369106265,-1.618604955,1,-204.1970516,4.659288739,618.9647461,0,-624.0310445,62.73052618,-20.32795069
0.08427712858,0.06326821687,1.972716219,0.1287956754,1,-266.3123903,1.976916186,-75.24578922,0,373.630199,-81.24646915,3.735453737
0.08427712858,0.06713192477,4.78375093,-1.59542008,1,185.1186899,5.0427808,-244.6127377,0,778.141481,251.361484,-18.44396468
0.08427712858,0.07099563267,5.694472151,-1.787503843,1,-134.839205,5.968432212,175.7584277,0,422.368768,3.85643724,-17.42715584
0.08427712858,0.07485934057,5.894681174,-0.9312410019,1,-454.774975,5.96778652,117.2840582,32.94927349,388.5156168,-252.4507914,-8.977386018
0.08427712858,0.07872304847,5.438465346,-0.3589563841,1,-520.8079605,5.450298616,37.42238244,73.32796566,247.4437332,-101.2860203,-3.77623035
0.08427712858,0.08258675637,4.838481649,-0.3953122505,1,-708.8283895,4.854603634,-81.12624887,111.2908967,123.803612,-56.52542454,-4.670789133
0.08427712858,0.08645046427,3.178100491,-0.4540067835,1,-567.3614144,3.210365227,-103.7224442,86.6943983,139.8003664,-90.05501044,-8.129968567
0.08427712858,0.09031417218,3.18651065,-0.4481192223,1,-330.347543,3.217865902,-54.70386136,0,477.9333168,-146.3956701,-8.005013828
0.08427712858,0.09417788008,3.748328811,-0.09973641784,1,-1198.864877,3.749655481,-27.38788564,185.0921317,-327.6741851,-125.658647,-1.524179989
0.08427712858,0.09804158798,-2.711590384,-0.06842970545,1,-1384.190592,2.712453693,-475.9580475,0,1592.390958,-1002.959842,-178.5543903
0.08427712858,0.1019052959,4.55275421,1.936444579,1,-145.4565421,4.947462835,-169.2156091,0,1105.7354,12.49267752,23.04173554
0.08427712858,0.1057690038,0.9986466264,-0.7704974482,1,-476.2512793,1.261333184,-299.1931581,54.72456326,-145.2920731,326.6944402,-37.65168154
0.08427712858,0.1096327117,2.151292248,-0.4818022798,1,-62.34047832,2.204584263,306.5402638,0,313.9397771,30.07301303,-12.62362582
0.08427712858,0.1134964196,1.970752825,0.2976912529,1,-362.5985611,1.993109826,103.6831957,50.07594485,153.100232,-100.8514512,8.589850191
0.08427712858,0.1173601275,1.341851899,0.3084598513,1,-374.2973896,1.376849301,-5.703380314,35.7093613,-300.9874548,5.372686168,12.94602894
0.08427712858,0.1212238354,-0.6383505633,0.2548965674,1,-384.8276231,0.6873599507,-112.663522,0,-640.1993787,-84.93715898,158.2329271
0.08814083648,0.01690372206,-0.06010360929,-0.101768942,1,77.02967762,0.118192053,-93.85703822,0,29.28779156,-142.9945078,-120.5656281
0.08814083648,0.02076742997,0.1452862135,-0.00684252723,1,68.69153438,0.1454472551,-16.04402394,0,111.876886,-34.93501945,-2.696459891
0.08814083648,0.02463113787,0.6375600232,-0.02877965335,1,127.0217297,0.6382092538,-28.62526444,0,218.1963511,1.020956911,-2.584594369
0.08814083648,0.02849484577,1.47910804,-0.1213868669,1,132.4153143,1.484080646,-67.45751421,0,269.8964591,-13.20522584,-4.691613918
0.08814083648,0.03235855367,2.191975201,-0.2383946486,1,53.02849034,2.204900744,-316.1207869,0,188.2217431,-230.8237632,-6.206973516
0.08814083648,0.03622226157,2.411228473,-0.4509496512,1,-1.583117861,2.453034516,-518.71823,0,77.62670008,-439.6156145,-10.5931241
0.08814083648,0.04008596947,2.48578539,-0.544024049,1,-142.0079456,2.544620045,-685.750902,0,17.39049214,-709.5115158,-12.34477321
0.08814083648,0.04394967737,1.929743033,-0.35914558,1,-168.2686574,1.962878937,-158.3890404,0,181.8059893,-70.9538644,-10.54273129
0.08814083648,0.04781338527,2.538089686,-0.8818480291,1,53.2092244,2.686922999,-240.3213526,0,463.7499774,-65.61536221,-19.15955694
0.08814083648,0.05167709317,3.927122385,-1.034158495,2,-143.1035027,4.061006528,-374.1939068,0,415.0024531,-334.3632133,-14.75318523
0.08814083648,0.05554080107,3.588627809,-1.035742194,2,-385.3786755,3.735105279,-334.3619477,27.05868028,91.17341803,-366.6500702,-16.09908625
0.08814083648,0.05940450897,2.790399208,-0.909406621,1,-572.806927,2.934850617,-713.2168346,0,182.1400004,-1241.190312,-18.05107719
0.08814083648,0.06326821687,2.079204918,1.0041931,1,141.8325514,2.309003437,-81.54132257,0,345.9773593,-144.4983328,25.77913772
0.08814083648,0.06713192477,4.675154214,-0.6661591232,1,173.5548881,4.72237598,-556.3106754,0,790.9242954,-64.20151732,-8.109443024
0.08814083648,0.07099563267,5.805670759,-0.8971729418,1,-307.9107095,5.874583581,-152.2275419,0,419.8391685,-444.2073589,-8.784652106
0.08814083648,0.07485934057,5.107613085,0.4619656024,1,-441.9925613,5.128462113,28.87321965,61.62640135,217.207954,-435.6062656,5.168139171
0.08814083648,0.07872304847,4.937168696,0.8974401149,1,-417.3823221,5.018070695,-18.6658985,53.06785466,254.1634591,-262.7263662,10.3022973
0.08814083648,0.08258675637,4.476983074,1.40494396,1,-666.1666638,4.69225372,-21.63547131,104.8892411,128.3467576,-194.8292652,17.42263403
0.08814083648,0.08645046427,2.859189676,1.566610345,1,-722.6775155,3.260250538,-48.80794091,110.2945116,218.9006776,-126.1817972,28.71926445
0.08814083648,0.09031417218,2.530536526,1.703893939,1,-523.6037007,3.050716254,78.18452189,44.73455648,436.3574733,2.228962973,33.95368635
0.08814083648,0.09417788008,2.522095738,1.860080438,1,-1204.836593,3.133826119,1081.881805,67.37761761,-324.0890541,-1116.240964,36.40928708
0.08814083648,0.09804158798,-3.376785577,10.19679825,1,-744.8742472,10.7413861,750.9731668,0,500.119415,334.4519243,108.3228755
0.08814083648,0.1019052959,1.576434559,3.469396853,2,957.2038371,3.810755889,-1646.573558,0,813.8116832,898.8758118,65.56376518
0.08814083648,0.1057690038,3.465901081,0.3619254061,2,441.3719989,3.484746806,363.5213162,0,252.900123,1197.408606,5.9614837
0.08814083648,0.1096327117,4.258899241,0.247499944,1,-414.6951631,4.266084735,449.52041,0,61.17284553,121.9574383,3.325922978
0.08814083648,0.1134964196,2.09999411,1.627533048,1,-747.8840268,2.656847584,-3.526932649,120.0257902,-19.96122355,11.09950099,37.77632543
0.08814083648,0.1173601275,1.292169481,0.1909876767,1,-606.0223209,1.306207587,-273.9726102,82.88533738,-160.2067775,308.1003747,8.407667175
0.08814083648,0.1212238354,-0.8604913114,-0.6214269428,1,-455.9283786,1.061422038,-142.4096349,0,-658.3695174,278.126617,-144.1640539
0.09200454438,0.01690372206,-0.457766265,-0.2103781609,1,159.3900249,0.5037945255,-145.5680816,0,75.5593189,-322.0699718,-155.3176473
0.09200454438,0.02076742997,-0.003878447085,0.1305977128,1,101.5531443,0.1306552906,-59.46326225,0,165.2143416,-159.1644954,91.70105088
0.09200454438,0.02463113787,0.5729453778,0.1748382812,1,138.1285132,0.5990282385,31.39107352,0,186.7643184,28.6273131,16.96993433
0.09200454438,0.02849484577,1.251412553,0.1412760758,1,100.9935502,1.259361865,-17.46320259,0,168.7284766,7.467758185,6.441037782
0.09200454438,0.03235855367,1.615072504,0.07851233105,1,-15.16818027,1.616979709,-134.9398697,0,110.5641379,-43.38362394,2.783086658
0.09200454438,0.03622226157,1.619994669,-0.2124705141,1,-68.18121019,1.633868552,-153.5005698,0,67.76519424,-43.98503562,-7.471983263
0.09200454438,0.04008596947,1.61346514,-0.3446237038,1,60.73342261,1.649859162,-73.04541606,0,182.6826947,-125.9506879,-12.05676531
0.09200454438,0.04394967737,2.560483444,-0.008059997383,1,91.83459599,2.56049613,76.9050469,0,191.6743425,6.89521788,-0.1803574667
0.09200454438,0.04781338527,2.708860865,-0.07412617424,1,-902.8832665,2.709874882,-637.2976747,0,1125.874686,-631.2716793,-1.567469698
0.09200454438,0.05167709317,3.422057152,-0.03134268329,1,-417.9234864,3.422200683,-208.1434024,12.00024476,354.6115368,-180.9812529,-0.5247584066
0.09200454438,0.05554080107,2.464241985,-0.1790727859,1,-974.5787214,2.470739894,529.1616489,57.88271583,-734.7143693,185.0279384,-4.156292964
0.09200454438,0.05940450897,-3.182152067,1.298289453,1,-300.8368179,3.436807716,683.2889826,0,-52.41891573,399.4620484,157.8049818
0.09200454438,0.06326821687,1.099365017,0.9175515824,1,653.5073358,1.431958221,10.50388392,0,787.7054263,142.0807241,39.84903704
0.09200454438,0.06713192477,2.386273068,0.789914976,1,-63.4367256,2.513615887,-146.2385167,0,656.301651,-173.8693652,18.31581145
0.09200454438,0.07099563267,3.390021913,1.02430911,1,-204.0394964,3.54139206,-159.3895664,0,705.3482063,-373.1226648,16.81240851
0.09200454438,0.07485934057,4.323183491,1.615717237,1,-197.731435,4.615241889,-29.23611101,0,446.514713,-342.7668637,20.49238537
0.09200454438,0.07872304847,4.35124783,2.235700356,1,-325.8505101,4.892005086,-18.34743848,34.77302636,242.7545922,-292.3687473,27.19440324
0.09200454438,0.08258675637,4.002125137,2.674455533,1,-491.6468936,4.813493327,26.3986171,78.79040711,13.02464272,-219.0329704,33.75317707
0.09200454438,0.08645046427,2.501991258,3.18397632,1,-379.1730751,4.049403099,186.9961227,34.82677381,248.4902486,35.21580378,51.83948489
0.09200454438,0.09031417218,3.497204867,3.26089035,1,-175.4747933,4.781615601,87.57767917,0,463.6911458,56.71652464,42.99731884
0.09200454438,0.09417788008,3.615575056,3.303214807,1,-621.7119466,4.897306509,146.5466097,95.6581467,100.1844908,-236.7566398,42.41504225
0.09200454438,0.09804158798,1.482175116,4.741862143,2,538.3527275,4.968108258,709.4263535,0,-1043.490948,1206.564252,72.64219755
0.09200454438,0.1019052959,1.663868521,1.382419181,2,1319.940643,2.163224734,-1455.823551,0,115.8430457,159.3502734,39.72137546
0.09200454438,0.1057690038,7.029623898,-1.498697724,1,244.2650682,7.187607879,-70.76365942,0,453.3671737,-64.13622352,-12.03512701
0.09200454438,0.1096327117,4.359315726,1.356812705,2,-1080.618594,4.565585867,582.1738709,141.7821092,-221.139461,-610.6880591,17.28846222
0.09200454438,0.1134964196,2.000011017,3.110172339,1,-655.6895397,3.697731203,180.5930507,100.133057,-91.15887313,6.110869026,57.2567642
0.09200454438,0.1173601275,1.473711613,2.030960889,1,-693.7919238,2.509308281,-362.8157717,91.97561085,146.6514932,578.6242369,54.03450383
0.09200454438,0.1212238354,-0.1139797875,-0.5272768601,1,-768.5616252,0.5394555396,-404.6731291,0,-53.28694145,919.5665985,-102.1977675
0.09586825228,0.01690372206,-1.866920451,-0.4256663029,1,295.375417,1.91483257,-33.64673995,0,308.9626438,-377.768016,-167.1558709
0.09586825228,0.02076742997,-0.6994275808,0.2391257435,1,358.1796182,0.739175258,70.76229258,4.407467648,350.0452422,-80.59521415,161.1250686
0.09586825228,0.02463113787,0.8694535378,0.1591348917,1,275.2287612,0.8838966954,29.15831246,0,278.6216328,54.73080467,10.37196651
0.09586825228,0.02849484577,1.440488562,0.1403211033,1,60.81121146,1.447306916,13.90599255,0,103.1586818,-8.93823203,5.563751608
0.09586825228,0.03235855367,1.50298531,0.2473983026,1,-20.79293413,1.523210675,5.366470281,0,74.55300654,22.45201592,9.347329631
0.09586825228,0.03622226157,1.648201779,0.07430754565,1,-47.17234209,1.649875969,5.955709768,0,102.543314,88.84137137,2.581375509
0.09586825228,0.04008596947,1.716922571,-0.07284768294,1,14.05520974,1.718467312,-12.09110012,0,142.613207,0.254944018,-2.42955792
0.09586825228,0.04394967737,2.253522778,0.02660603737,1,-547.5325187,2.253679834,1157.750159,0,-508.5033994,-661.6233447,0.6764266335
0.09586825228,0.04781338527,-2.363291749,6.956680098,1,-285.4743614,7.347145424,199.8964574,0,329.5086432,-298.092829,108.7634181
0.09586825228,0.05167709317,2.423658381,1.950691178,2,995.6230293,3.111159915,-1061.143014,0,1259.034862,767.5812795,38.82898921
0.09586825228,0.05554080107,6.34804776,-0.1089764018,1,527.3697557,6.348983086,-227.2286159,0,650.3006731,264.6003826,-0.9834952207
0.09586825228,0.05940450897,6.973832921,0.0504075901,1,-520.3049784,6.974015094,1051.669661,0,-431.9669276,629.3624452,0.4141326449
0.09586825228,0.06326821687,2.668747273,1.522695323,1,-618.1887062,3.07259061,607.1256971,0,-296.860296,72.84821234,29.70759272
0.09586825228,0.06713192477,3.438350861,2.114699729,1,-82.21123759,4.036608922,344.6587276,0,361.5935819,61.5782734,31.59289341
0.09586825228,0.07099563267,3.748199045,2.61643551,1,-251.1880061,4.571075459,150.4361886,0,311.2213723,-66.05139978,34.91702018
0.09586825228,0.07485934057,3.670302252,2.951144534,1,-271.4600031,4.709604303,-91.74796904,0,268.4714412,-215.4448538,38.80138197
0.09586825228,0.07872304847,3.736652115,3.094364141,1,-213.0165581,4.851562476,-150.8752464,0,229.1663164,-255.3611023,39.62854241
0.09586825228,0.08258675637,3.732700201,3.354847361,1,-200.4119394,5.01876993,-34.35102301,4.416698506,195.5201453,-266.6030383,41.9483242
0.09586825228,0.08645046427,3.717751651,3.991718087,1,-276.9379315,5.454859359,101.8655142,37.37599306,110.0896508,-110.0027448,47.0352266
0.09586825228,0.09031417218,3.088047181,4.173444428,1,-395.9556491,5.191692767,-20.66873681,63.47969087,-3.712534856,-190.8574094,53.50123529
0.09586825228,0.09417788008,2.173550531,4.649277406,1,-79.74165166,5.132260936,-129.9577274,0,322.5124061,-107.0708811,64.94377621
0.09586825228,0.09804158798,4.026042463,4.085016339,1,-670.8193816,5.735536278,-328.2119498,0,-780.1986985,1181.260843,45.41657874
0.09586825228,0.1019052959,-3.432759488,-1.182884547,1,-519.0895458,3.630847498,193.8136328,67.09726979,239.2145778,948.3172212,-160.9867108
0.09586825228,0.1057690038,2.944687338,1.169834863,2,296.3662245,3.16854811,227.0737266,0,1665.864987,-1002.615714,21.66642195
0.09586825228,0.1096327117,4.148728747,3.56827626,1,-461.8630831,5.47216097,245.168509,0,429.9445683,-437.8230238,40.69846462
0.09586825228,0.1134964196,2.82136352,3.808714644,1,-495.3208035,4.739873348,146.4401455,75.83195436,-28.20179355,180.102295,53.47023727
0.09586825228,0.1173601275,2.125990353,3.438215547,1,-599.9235725,4.042420207,38.9402231,92.53163554,161.8840236,470.2691908,58.26979017
0.09586825228,0.1212238354,1.128906654,2.142185504,1,-716.0843354,2.421443571,-90.30515668,0,199.9564477,580.5685618,62.211295
0.09973196018,0.01690372206,-2.047352708,-0.1578810853,2,483.0133455,2.053431164,-239.6981598,0,555.099667,-372.7568444,-175.5903775
0.09973196018,0.02076742997,-0.04186998383,0.09916886017,1,402.9540449,0.1076455218,47.74552386,28.32494651,359.117314,-41.76135409,112.889908
0.09973196018,0.02463113787,0.8970684225,0.1879473462,1,171.3443026,0.9165456669,18.01507517,4.225964463,168.3492111,-35.23053154,11.83304282
0.09973196018,0.02849484577,1.270606529,0.3048943315,1,82.45300884,1.306675746,28.44316662,0,131.1983871,-38.57894163,13.49354872
0.09973196018,0.03235855367,1.722555009,0.4469011953,1,47.08226779,1.77958322,96.51805388,0,138.1430105,80.70611388,14.5442056
0.09973196018,0.03622226157,1.9862629,0.365987049,1,-91.49563654,2.019699687,82.75519317,0,51.42497828,159.0586708,10.44016802
0.09973196018,0.04008596947,1.56773369,0.152086846,1,249.7482363,1.575093436,125.5229477,0,394.9976143,183.3042127,5.54096144
0.09973196018,0.04394967737,4.477372537,0.1427371192,1,18.11084424,4.479647165,784.1966571,0,179.0378788,227.7618207,1.825951624
0.09973196018,0.04781338527,2.329458769,2.301988519,2,471.6964703,3.274985389,1051.178358,0,-1038.3936,832.8216398,44.66016867
0.09973196018,0.05167709317,2.28782036,0.986403697,1,114.6904778,2.491408086,-269.277301,0,-42.43428914,249.9369357,23.32349989
0.09973196018,0.05554080107,2.608635576,0.295896371,1,-116.8772807,2.625363637,-320.7850016,0,382.1780301,-489.84493,6.471375189
0.09973196018,0.05940450897,3.312864961,1.639601878,1,-171.594475,3.696399406,-254.7306781,0,460.9408841,-736.9551051,26.33171096
0.09973196018,0.06326821687,3.726585583,2.1590707,1,-69.08510129,4.306858065,174.9205562,0,235.5027587,-48.96937223,30.08670194
0.09973196018,0.06713192477,3.955854179,2.504647163,1,-94.46344902,4.682097788,117.3380204,0,91.73925385,-151.3737962,32.33992606
0.09973196018,0.07099563267,3.716060088,3.197294668,1,-204.3283642,4.902223554,46.42811885,31.92155814,-7.792749701,-263.4316044,40.7086725
0.09973196018,0.07485934057,3.136280155,3.701854624,1,-237.9151959,4.851801817,-63.83584408,36.79038163,-3.922663657,-257.140093,49.72810807
0.09973196018,0.07872304847,2.78166924,3.944165822,1,-161.9728895,4.82639905,-138.5866037,0,85.11573304,-268.6085528,54.80614712
0.09973196018,0.08258675637,2.839326552,4.204221456,1,-175.260808,5.07318966,-122.8860213,13.08244209,94.73767526,-313.1623167,55.96682334
0.09973196018,0.08645046427,2.470551375,4.679337848,1,-110.7168119,5.291486256,-155.7461678,0,69.46190047,-303.8375162,62.16727709
0.09973196018,0.09031417218,2.679929625,4.776403169,1,-72.40553887,5.476864982,-164.9644187,0,131.7305135,-211.0520485,60.70422239
0.09973196018,0.09417788008,2.699765749,4.857406988,1,207.8122756,5.557259913,-147.9619859,0,335.2353075,-29.64280419,60.93452387
0.09973196018,0.09804158798,4.778106862,4.319252412,1,343.8205238,6.440981803,-251.5656248,0,530.200718,-110.4777922,42.11255077
0.09973196018,0.1019052959,6.076728526,4.312284814,1,-863.974392,7.451337457,747.6487501,0,671.1672007,883.9444953,35.36100581
0.09973196018,0.1057690038,4.033156194,3.792645465,2,-799.4786451,5.536290139,134.815934,123.8019226,162.3255181,7.939842034,43.2396802
0.09973196018,0.1096327117,3.614954955,4.802496973,1,-326.2797118,6.010979662,59.31089505,47.33023755,126.606085,-231.1712823,53.03034402
0.09973196018,0.1134964196,3.261675624,4.914983748,1,-197.5539191,5.898778952,37.00315635,19.25274674,152.569435,-7.478970107,56.43100016
0.09973196018,0.1173601275,3.441148048,4.974362917,1,-344.2088562,6.048618546,-226.1981358,41.17521055,-39.21060985,266.3200996,55.3254204
0.09973196018,0.1212238354,1.780254804,3.012037151,2,-401.0608586,3.498810507,-554.2407172,0,-458.6797258,461.5326364,59.41492697
0.1035956681,0.01690372206,-4.233267689,-0.1471458132,1,874.1881305,4.235824266,-66.82492218,0,967.028278,-179.1000935,-178.009235
0.1035956681,0.02076742997,-0.6763064968,0.06975342008,1,660.1035675,0.6798941221,-77.68216696,20.17333081,643.3608407,-153.9582607,174.1114051
0.1035956681,0.02463113787,0.802938043,0.147562733,1,284.7180464,0.8163848731,-72.55894323,17.42816242,253.0124028,-139.5685602,10.41353151
0.1035956681,0.02849484577,1.401326888,0.3286590065,1,177.0256636,1.439351865,-17.74124921,0,181.3838538,-134.641308,13.19925405
0.1035956681,0.03235855367,2.187727727,0.5992304137,1,116.0410436,2.268309876,-40.37519125,0,189.6686678,-117.4648822,15.31792782
0.1035956681,0.03622226157,2.582499915,0.6265110543,1,6.86368901,2.657408872,-155.8187024,0,180.1102755,-127.1216761,13.63643391
0.1035956681,0.04008596947,2.910140511,0.4883534864,1,308.4483608,2.950831564,-21.05024572,0,618.3646698,-26.71062131,9.526101806
0.1035956681,0.04394967737,6.163434744,0.6483810922,1,80.31393088,6.197445109,-244.0625987,0,438.8229884,-408.0966544,6.005314345
0.1035956681,0.04781338527,4.915933927,1.122133163,1,-432.4024336,5.042379321,88.55618249,0,-554.8621277,-91.38130245,12.85828747
0.1035956681,0.05167709317,2.348932858,1.343606974,1,-364.8098839,2.706060841,137.5803583,52.88492189,-75.16215388,-42.84072956,29.76987589
0.1035956681,0.05554080107,3.216010489,1.819227546,1,-205.6387327,3.694903562,190.2761241,0,410.9637436,-107.5550034,29.49590192
0.1035956681,0.05940450897,3.142248725,2.494339454,1,-179.6173982,4.011914302,-7.80281549,11.72052105,163.9266077,-235.64258,38.44279695
0.1035956681,0.06326821687,3.155385858,2.699533844,1,-99.27743667,4.152582677,-142.2747267,0,141.8784417,-230.2195551,40.54804957
0.1035956681,0.06713192477,3.306846565,2.834132583,1,-104.6544718,4.35517413,-102.2167916,0,41.08214664,-277.2450004,40.59822484
0.1035956681,0.07099563267,2.909760963,3.375791717,1,-131.4025532,4.456756509,-19.78637425,14.13724409,-95.50424184,-284.063792,49.24033165
0.1035956681,0.07485934057,2.430144989,3.85522333,1,-80.72780851,4.557230693,-43.17623056,0,-112.4524242,-217.4261233,57.77466603
0.1035956681,0.07872304847,2.163368972,4.049042404,1,-19.60456794,4.590741737,-74.68115844,0,-79.31807473,-215.1729654,61.88478835
0.1035956681,0.08258675637,2.047936793,4.398042634,1,14.93563494,4.851476489,-88.23744206,0,-72.2159565,-253.5795472,65.03108467
0.1035956681,0.08645046427,1.942054541,4.687876002,1,-34.75564587,5.074224793,-181.1238384,0,-72.06076397,-327.1296665,67.49715496
0.1035956681,0.09031417218,1.635229386,4.962166506,1,-57.11329667,5.224659948,-283.3312272,0,-60.57599337,-400.7642194,71.76091194
0.1035956681,0.09417788008,1.487337501,5.141602781,1,113.8365122,5.352406188,-335.5336446,0,142.9072924,-294.8909402,73.86616173
0.1035956681,0.09804158798,2.627212452,4.805134967,1,107.2693828,5.476455727,-512.9487961,0,250.9105727,-411.1945645,61.33232188
0.1035956681,0.1019052959,2.871240225,4.748454153,1,49.06080733,5.54903931,-565.5524694,0,175.8634176,-586.4728501,58.83997185
0.1035956681,0.1057690038,3.496253957,4.885965208,1,-115.8924581,6.008031936,-41.07620925,0,274.6700371,-188.5098542,54.41359743
0.1035956681,0.1096327117,3.484710411,5.318094691,1,-87.74365128,6.358092308,-43.20221096,8.086517538,-57.40645332,-114.5129346,56.7649612
0.1035956681,0.1134964196,2.935436351,5.161489014,1,2.507115811,5.937824131,-250.6660309,0,-314.0473618,-69.11633094,60.37229201
0.1035956681,0.1173601275,2.281009901,4.616639681,1,-551.3097095,5.149404637,-757.5646888,0,-8.962106316,81.50650029,63.70673851
0.1035956681,0.1212238354,0.77070971,1.919563032,2,240.88577,2.068505666,-1154.790153,0,-1022.673747,241.3177921,68.12440704
0.107459376,0.01690372206,-2.997535134,0.2008261261,1,478.9866008,3.004254984,311.321548,0,587.6955876,397.428612,176.1670776
0.107459376,0.02076742997,-0.9368609345,0.03447985434,1,382.2712536,0.9374952111,-19.01915196,0,413.5976177,16.01976116,177.8922604
0.107459376,0.02463113787,0.07746971162,0.06544600069,1,223.2357787,0.1014136836,-48.63465152,15.36912685,195.7156055,-122.9811752,40.19094605
0.107459376,0.02849484577,0.6818448387,0.3217331051,1,132.175926,0.7539393709,-58.57883765,0,135.7629,-230.9342137,25.26059895
0.107459376,0.03235855367,1.11270707,0.7313768287,1,19.74919162,1.331551385,-136.6705109,0,34.91826541,-321.3708473,33.31671974
0.107459376,0.03622226157,0.8930639243,1.035361254,1,-20.06756627,1.367309804,-170.7598112,0,90.07611439,-330.7450184,49.22017263
0.107459376,0.04008596947,1.383199651,1.349512938,1,-9.799299554,1.932466414,-236.1579054,0,285.3262756,-363.6391116,44.29373885
0.107459376,0.04394967737,1.957619678,1.527911397,1,-44.90449551,2.483301843,-611.1625293,0,286.9889656,-735.2213626,37.97184224
0.107459376,0.04781338527,2.31854333,1.828840032,1,-49.38404192,2.953015245,-364.8631311,0,229.5857941,-514.3585218,38.26596617
0.107459376,0.05167709317,2.653866612,2.10551792,1,-66.77522879,3.387656078,71.62040154,0,224.5776581,-148.2275322,38.4276912
0.107459376,0.05554080107,2.928245823,2.67826823,1,-157.3817398,3.968342767,0.0927583382,21.3165036,84.49746505,-222.863446,42.44704444
0.107459376,0.05940450897,2.372263063,2.966955568,1,-153.8891371,3.798744185,-82.4460875,20.77258241,-11.97985624,-189.2239166,51.35551914
0.107459376,0.06326821687,2.287376483,3.090826572,1,-45.52853343,3.845165806,-90.04422314,0,75.92979428,-116.1267642,53.4965847
0.107459376,0.06713192477,2.489724655,3.067730888,1,-18.50131142,3.950911497,-109.9861411,0,84.42123184,-173.4403906,50.93773081
0.107459376,0.07099563267,2.5420718,3.335995257,1,-42.92223172,4.194161823,-46.21604816,0,-50.33944409,-178.6145372,52.69212761
0.107459376,0.07485934057,2.129388782,3.579279976,1,-64.23839326,4.164797922,-41.43149313,0,-163.6034239,-139.1239239,59.25069795
0.107459376,0.07872304847,1.661757571,3.713450274,1,-19.55560199,4.068310603,-67.56760343,0,-138.5161899,-142.1625769,65.89163098
0.107459376,0.08258675637,1.51864555,3.867493164,1,-94.76005498,4.154971442,-38.10342505,0,-204.1624589,-250.7881091,68.56159153
0.107459376,0.08645046427,0.5068082928,4.535201768,1,-125.8673432,4.563431793,-60.4559125,0,-257.6660256,-292.2361557,83.62365787
0.107459376,0.09031417218,0.03678464324,4.763024321,1,42.3098889,4.763166362,-204.1489522,0,-105.1559941,-316.6124804,89.55751582
0.107459376,0.09417788008,0.2639892996,4.969727991,1,206.2824483,4.976734537,-289.9171299,0,96.71722081,-318.7018349,86.95933653
0.107459376,0.09804158798,1.207486859,4.874240012,1,178.9346882,5.021577462,-441.4423926,0,173.4858188,-398.0863902,76.08632797
0.107459376,0.1019052959,1.625639197,4.802213062,1,259.9990462,5.069906615,-290.0373378,0,241.7510596,-400.6628979,71.29807582
0.107459376,0.1057690038,3.146102707,5.301664863,1,645.4205922,6.164869225,-593.3987409,0,-288.2635454,-623.8094205,59.31434879
0.107459376,0.1096327117,3.005589701,4.919711045,1,31.05203563,5.76516489,-534.3219655,0,-320.9219609,-117.68717,58.57806976
0.107459376,0.1134964196,2.026129986,3.691909712,1,-24.88664955,4.211341834,-97.45523225,0,-538.4408774,-653.947764,61.24190139
0.107459376,0.1173601275,0.8290566842,7.069835636,1,-484.9310819,7.118280052,-1052.597275,0,-492.1783836,386.9259999,83.31165647
0.107459376,0.1212238354,-1.749135575,-1.869987737,1,-590.3939991,2.56053303,-2523.244376,0,-744.1749309,2104.343218,-133.0874521
0.1113230839,0.01690372206,NaN,NaN,0,179.5888061,1.519565353,263.2450568,0,238.1285007,305.7351308,169.6550705
0.1113230839,0.02076742997,NaN,NaN,0,162.3618908,0.7138630614,31.76988932,0,260.7365307,91.72295555,164.4985228
0.1113230839,0.02463113787,0.1398646176,0.04123282216,1,78.58152231,0.1458158321,1.118543783,0,172.6352664,-38.15168306,16.42579312
0.1113230839,0.02849484577,0.2827330244,0.3425180262,1,1.047791784,0.4441357466,9.257414749,0,70.93619412,-150.3318911,50.46187955
0.1113230839,0.03235855367,0.4179897127,0.6578392839,1,37.87136905,0.7794022859,-19.60397226,0,55.84656401,-203.2503698,57.56820793
0.1113230839,0.03622226157,0.6448317428,1.052074063,1,29.60127855,1.233964267,44.3554456,0,15.61702709,-206.9040294,58.49525206
0.1113230839,0.04008596947,0.5927000374,1.628632503,1,5.032688034,1.733129298,-10.46076044,0,76.90128029,-237.8709165,70.00229002
0.1113230839,0.04394967737,0.9614006635,1.93072048,1,51.89134547,2.156843251,-131.7883319,0,187.820938,-279.6666484,63.52902897
0.1113230839,0.04781338527,1.518878281,2.199991122,1,79.78393961,2.673378419,-148.2674867,0,202.7282603,-287.6643975,55.37872331
0.1113230839,0.05167709317,2.052945283,2.469309425,1,51.17846532,3.211241718,-116.9647059,0,165.3004622,-260.2951627,50.26039387
0.1113230839,0.05554080107,2.355289624,2.75377814,1,18.8277151,3.623628466,-33.72290391,0,-8.56557761,-182.1104254,49.45983126
0.1113230839,0.05940450897,2.092595184,3.042635464,1,-3.001861482,3.692774726,1.409380004,0,3.910771309,-106.0095073,55.48146207
0.1113230839,0.06326821687,2.358801386,3.168813344,1,9.249694786,3.950357197,-31.52927567,0,21.5947827,-80.48736651,53.33673908
0.1113230839,0.06713192477,2.211769236,3.231795227,1,-69.52768489,3.916174605,-68.03031482,1.071909298,-12.70423831,-114.1829835,55.6131238
0.1113230839,0.07099563267,2.041081254,3.347133775,1,-66.28172381,3.920372073,-91.06891065,0,-57.75395658,-153.0587545,58.62517273
0.1113230839,0.07485934057,1.732531597,3.471305876,1,-99.89919398,3.879643053,-90.96580168,0,-78.18063371,-153.6723189,63.47617918
0.1113230839,0.07872304847,1.353032817,3.589413441,1,-128.5510771,3.835959678,-34.26411136,15.36255588,-78.70768274,-164.718545,69.34601759
0.1113230839,0.08258675637,0.9317442895,3.975343702,1,-83.73861691,4.08307543,-32.50902969,0,-116.5035925,-185.0130404,76.80907356
0.1113230839,0.08645046427,0.5793554104,4.178644391,1,-80.80424979,4.218616081,-0.9586457357,0,-257.8820584,-108.9009947,82.10644945
0.1113230839,0.09031417218,-0.3768406753,4.392401409,1,-82.39490526,4.408537062,-23.02594962,0,-291.2212814,-162.6923967,94.90361331
0.1113230839,0.09417788008,-0.8641884018,4.718274746,1,74.27381638,4.796763302,-113.0820466,0,-136.2973621,-214.4563558,100.3791223
0.1113230839,0.09804158798,-0.6164815389,4.784082128,1,201.7308119,4.823638802,-244.1413571,0,74.36787257,-233.7043663,97.34272668
0.1113230839,0.1019052959,0.2025762669,4.677949263,1,-6.599611178,4.682333441,-654.1665904,0,-146.1555424,253.1482972,87.52038397
0.1113230839,0.1057690038,-1.206682833,1.278482429,1,270.2093812,1.75801046,-180.1277996,30.15357403,-72.74070197,6.16456529,133.3451122
0.1113230839,0.1096327117,0.965537563,3.95816998,1,93.62246682,4.074232735,-139.1685296,0,227.0325938,-630.609163,76.29125945
0.1113230839,0.1134964196,0.03223465838,3.177265486,1,-202.4978894,3.177428999,-173.0134207,0,-122.7044958,-336.1904155,89.41873082
0.1113230839,0.1173601275,-0.2909494623,4.588638225,1,648.4106172,4.597853015,-374.6923061,0,-876.1805947,104.6055868,93.62806763
0.1113230839,0.1212238354,NaN,NaN,0,-548.8558831,1.573356043,-683.3675215,0,260.6081402,1005.807684,122.6053487
0.1151867918,0.01690372206,NaN,NaN,0,46.35209222,0.9060872992,132.9153047,0,129.3554106,139.3524782,151.8836173
0.1151867918,0.02076742997,NaN,NaN,0,40.46511092,0.6190411684,52.21941255,0,149.3904333,51.74427625,137.9562275
0.1151867918,0.02463113787,NaN,NaN,0,-3.892116836,0.4338329454,-5.442205693,0,158.2761799,-51.30249173,98.69914412
0.1151867918,0.02849484577,NaN,NaN,0,-17.47821327,0.6073622041,21.68501155,0,99.59583641,-74.59181539,76.98571893
0.1151867918,0.03235855367,NaN,NaN,0,-24.1078373,0.8394398818,20.50404667,0,57.30118685,-80.32363592,72.55448681
0.1151867918,0.03622226157,0.2650236769,0.9813301911,1,4.040687779,1.016487331,56.50816117,0,40.49052551,-157.3704433,74.88691356
0.1151867918,0.04008596947,0.4237185887,1.627192185,1,26.51244159,1.681455278,104.9896644,0,0.1081378687,-172.4053857,75.40439316
0.1151867918,0.04394967737,0.36787782,2.053103638,1,48.06378342,2.085801678,8.27821163,7.53092524,6.420479391,-166.8563501,79.84146757
0.1151867918,0.04781338527,0.6342298654,2.303860975,1,160.6484024,2.389565424,-87.73123392,19.80793554,53.74846145,-215.4190291,74.60830286
0.1151867918,0.05167709317,1.196244677,2.546451981,1,255.7755813,2.813435448,-169.0956605,23.76581495,122.1254029,-238.6059807,64.83730829
0.1151867918,0.05554080107,2.094328884,2.572428549,1,167.0183536,3.317167785,-160.9513621,4.861026239,32.75711291,-276.6982023,50.84942692
0.1151867918,0.05940450897,1.968118725,2.993663962,1,6.695257093,3.58266873,-69.5404124,0,-68.74756338,-216.0566221,56.67795765
0.1151867918,0.06326821687,1.854576898,3.138524386,1,-14.16366069,3.645516533,-103.3032901,0,-33.04824953,-179.2966449,59.42085017
0.1151867918,0.06713192477,1.785705695,3.287280087,1,-23.16736971,3.740983186,-82.01749938,0,-43.02373282,-141.6544282,61.48844841
0.1151867918,0.07099563267,1.598833812,3.368944059,1,-97.79740254,3.729082143,-71.0374901,5.484148294,-57.88909545,-168.3310928,64.61191461
0.1151867918,0.07485934057,1.184178542,3.663194149,1,-118.6365398,3.849840281,-40.24886899,14.67126467,-64.0602686,-179.2569269,72.08585092
0.1151867918,0.07872304847,0.8929467097,3.906030591,1,-82.68325063,4.006797824,-84.10055204,0,-48.27249078,-104.2119896,77.12305076
0.1151867918,0.08258675637,0.6782038097,3.740898869,1,-71.09282381,3.801879108,-103.3849599,0,-138.7066741,-89.14844106,79.72420942
0.1151867918,0.08645046427,0.08234273202,3.85102484,1,-119.8415698,3.851905067,-120.6262385,0,-231.8880752,-176.3450812,88.77508652
0.1151867918,0.09031417218,-0.6807767986,3.956180201,1,-51.23860438,4.014326697,-25.68693861,0,-229.2862628,-104.6570969,99.76379532
0.1151867918,0.09417788008,-1.001523414,4.156142465,1,125.1328965,4.275110447,56.80500934,0,-114.2606045,-53.44313234,103.5485032
0.1151867918,0.09804158798,-0.6387694381,4.382146817,1,254.9710009,4.428457646,-70.14657665,39.16639271,23.96961546,-97.80582147,98.2933856
0.1151867918,0.1019052959,0.07622164932,4.263009708,1,520.8630678,4.263691066,-209.5165252,61.40915969,284.7695271,-104.5549415,88.97567357
0.1151867918,0.1057690038,2.473959584,3.976605917,1,-307.5926387,4.683361041,188.8174142,0,295.9902863,-114.5593236,58.11308252
0.1151867918,0.1096327117,0.03139354845,5.435168806,1,-261.5362447,5.43525947,-217.0926706,0,-363.5742824,-223.2013518,89.66906312
0.1151867918,0.1134964196,0.05871510144,4.000208077,1,-42.67252232,4.000638964,-623.6546473,0,-20.96403142,477.8541598,89.15907226
0.1151867918,0.1173601275,-0.214479507,1.179260525,1,368.8057722,1.19860621,-340.4320334,0,-514.271239,369.4206114,100.3080682
0.1151867918,0.1212238354,NaN,NaN,0,-67.32651265,1.354529785,72.04079236,0,-82.18865374,31.51791549,111.8133115
0.1190504997,0.01690372206,NaN,NaN,0,-0.2179096684,0.7406024213,76.60670312,0,81.32702836,67.252769,126.7287867
0.1190504997,0.02076742997,NaN,NaN,0,0.9654532262,0.6752967487,48.0253685,0,93.12048792,28.8134564,115.0765275
0.1190504997,0.02463113787,NaN,NaN,0,-5.500048329,0.6725050819,26.50512346,0,99.84634436,-20.91383063,96.77881169
0.1190504997,0.02849484577,NaN,NaN,0,-11.57961976,0.7987068672,30.64544051,0,80.48871384,-48.18459277,84.37286452
0.1190504997,0.03235855367,NaN,NaN,0,-15.95463872,0.9901722463,39.95292884,0,61.71709351,-63.06925679,79.12196542
0.1190504997,0.03622226157,NaN,NaN,0,-21.30167844,1.21988308,68.01942361,0,58.92385207,-75.42672352,77.92789713
0.1190504997,0.04008596947,NaN,NaN,0,26.42909999,1.562345662,58.8231938,0,-2.210988078,-90.49382049,77.72258419
0.1190504997,0.04394967737,NaN,NaN,0,46.05154033,1.80384744,31.00337638,0,-42.07379863,-36.37930289,78.85400701
0.1190504997,0.04781338527,0.3475942146,1.786960976,1,75.18075811,1.820453588,-7.547057512,9.959830697,-41.79206083,-54.93709376,78.9924558
0.1190504997,0.05167709317,0.4777052304,1.952924175,1,107.7187264,2.010501211,-35.44517663,15.79929278,-25.7391003,-151.4143336,76.25476884
0.1190504997,0.05554080107,0.6643395436,2.235031924,1,106.3396537,2.331676378,-95.61874385,6.192521855,26.0270905,-302.2136233,73.44597666
0.1190504997,0.05940450897,0.9891316656,2.751146443,1,138.4975354,2.923557456,-71.96303528,18.79007481,17.46100391,-294.7585745,70.22474561
0.1190504997,0.06326821687,1.266917784,3.095848809,1,90.68979492,3.345050152,-68.83186687,9.474246398,2.079789456,-173.3764151,67.74409317
0.1190504997,0.06713192477,1.347566242,3.15507604,1,24.15829606,3.430807426,-34.21433055,0,-63.15886715,-139.1598952,66.8721611
0.1190504997,0.07099563267,1.116230969,3.501327816,1,-57.63872994,3.674951435,-24.95838703,0,-62.2308187,-161.3808652,72.31760469
0.1190504997,0.07485934057,0.8844253196,3.682172646,1,-28.85424727,3.786898935,-22.46113181,0,-98.16953913,-79.67010174,76.49391102
0.1190504997,0.07872304847,0.6254481623,3.722366565,1,-7.260548297,3.774546098,-66.31500085,0,-173.0258167,-74.57931299,80.46200829
0.1190504997,0.08258675637,0.1878514669,3.714103534,1,-159.3529926,3.718851064,-136.3339898,0,-149.5479949,-142.3807352,87.10456846
0.1190504997,0.08645046427,-0.5680550236,3.745729423,1,-124.9026278,3.788558489,-141.9019892,0,-151.594315,-139.41053,98.62342752
0.1190504997,0.09031417218,-0.8804519552,3.704477264,1,15.40020858,3.807669556,-13.62687081,0,-88.68319859,-25.94632233,103.3695678
0.1190504997,0.09417788008,-0.8511990911,3.793328185,1,32.30982942,3.887657214,24.67732089,0,-131.9417377,-23.74326134,102.6473167
0.1190504997,0.09804158798,-1.265400546,3.89156025,1,95.01574732,4.092124109,-87.79464677,0,-136.3504065,-80.65761623,108.0127299
0.1190504997,0.1019052959,-1.01090414,3.765752784,1,179.1415297,3.899079534,-233.107796,0,-89.68619451,-160.3772189,105.0265956
0.1190504997,0.1057690038,-0.919771261,3.610550545,1,116.4693342,3.725862908,-589.2934104,0,-45.22321074,-537.0565485,104.2918559
0.1190504997,0.1096327117,-0.7356299302,3.563924808,1,308.8409093,3.639053645,-293.618976,0,-208.2444269,-203.1851753,101.6626368
0.1190504997,0.1134964196,-0.531095837,3.261140754,1,211.446076,3.304103783,-480.4210686,0,-67.36586077,137.44091,99.24974907
0.1190504997,0.1173601275,-0.1789460645,1.1766866,1,-1.459876234,1.190215547,-291.479492,0,23.0490941,224.3890329,98.64707167
0.1190504997,0.1212238354,NaN,NaN,0,-84.06702389,1.344685988,3.250958766,0,-55.04045931,-44.00357571,109.4464899
0.1229142076,0.01690372206,NaN,NaN,0,-13.90512633,0.7809488605,48.62741423,0,55.5713347,33.84439436,108.1546955
0.1229142076,0.02076742997,NaN,NaN,0,-10.60806034,0.7876471943,39.1087184,0,62.1954253,14.83212745,101.9313536
0.1229142076,0.02463113787,NaN,NaN,0,-7.493909949,0.8370278101,32.79189051,0,67.49999582,-12.98169444,93.01410318
0.1229142076,0.02849484577,NaN,NaN,0,-7.385578712,0.9499963285,34.43869821,0,60.79558109,-34.16346827,85.834343
0.1229142076,0.03235855367,NaN,NaN,0,-6.829419377,1.112834567,40.64280457,0,50.15462128,-48.34207494,81.61134529
0.1229142076,0.03622226157,NaN,NaN,0,-2.965220702,1.312759661,50.1154976,0,38.94213524,-57.45128655,79.62547949
0.1229142076,0.04008596947,NaN,NaN,0,13.161065,1.546186444,49.01553321,0,15.49088785,-60.02864743,78.76108783
0.1229142076,0.04394967737,NaN,NaN,0,19.29465168,1.747434309,42.99498838,0,4.376086552,-43.80684253,78.54267726
0.1229142076,0.04781338527,NaN,NaN,0,4.770490117,1.893113277,48.25221486,0,28.14279003,-34.10309255,78.02447443
0.1229142076,0.05167709317,NaN,NaN,0,7.901291583,2.085455554,52.00547067,0,34.65147671,-54.16510534,76.8547816
0.1229142076,0.05554080107,NaN,NaN,0,7.160259933,2.329742739,47.87121575,0,12.75310711,-80.29691966,76.16203007
0.1229142076,0.05940450897,0.5512135444,2.526014159,1,83.26448953,2.585456227,19.635049,12.8849661,10.30728944,-118.5837184,77.69018316
0.1229142076,0.06326821687,0.9187548452,2.796161208,1,127.2088638,2.943234269,-11.57426913,20.1099127,18.92661,-121.2869922,71.81065538
0.1229142076,0.06713192477,1.115838329,2.949912074,1,32.59727346,3.153898606,5.913862903,0,-42.91934631,-137.7409827,69.28029654
0.1229142076,0.07099563267,0.8788733708,3.351201569,1,8.178923932,3.464530323,17.52328962,0,-92.62242974,-97.77218444,75.3047654
0.1229142076,0.07485934057,0.7895732884,3.395380108,1,77.68797719,3.485976485,-49.8633526,0,-214.9398472,-27.69823088,76.90890726
0.1229142076,0.07872304847,0.3485722362,3.265562014,1,24.23442849,3.28411295,15.19435582,0,-331.7736613,-84.03737118,83.90721082
0.1229142076,0.08258675637,-0.3986684753,3.778782515,1,-144.5512569,3.799754446,-31.55756761,0,-205.6664464,-156.3946299,96.02253073
0.1229142076,0.08645046427,-1.004566671,3.747895957,1,-28.15747131,3.880190498,-119.4570425,0,-84.43064184,-61.28748043,105.0045781
0.1229142076,0.09031417218,-0.8336760576,3.554032319,1,83.58597737,3.65050154,-101.6934332,0,-81.86426587,-43.10371165,103.2013035
0.1229142076,0.09417788008,-0.9979144805,3.521522387,1,25.19913558,3.660184863,-80.60139979,0,-143.2059134,-63.56679479,105.8214501
0.1229142076,0.09804158798,-1.289619777,3.488215581,1,25.37034717,3.718973932,-59.92035902,0,-140.8488053,16.99655326,110.2897359
0.1229142076,0.1019052959,-1.444089512,3.224337906,1,25.86677879,3.532951945,-81.64749135,0,-178.1318799,-46.35951658,114.1262542
0.1229142076,0.1057690038,-1.877927651,3.351873154,1,-1.870414606,3.842091345,-117.876554,0,-113.0510742,-172.9956798,119.2602592
0.1229142076,0.1096327117,-1.888112576,3.437302107,1,125.5556745,3.921736207,-212.5904947,0,32.70359874,-101.5797842,118.7800247
0.1229142076,0.1134964196,-1.266460047,2.922960194,1,227.0566072,3.185532506,-421.6488667,0,139.0205312,138.265634,113.4261177
0.1229142076,0.1173601275,-0.4736974442,1.273956028,1,32.40325577,1.35917373,-345.1885856,0,124.3588191,56.82555788,110.3967381
0.1229142076,0.1212238354,NaN,NaN,0,-87.13617323,1.520753365,-54.58401706,0,-9.703308708,-104.1420825,115.7538941
0.1267779155,0.01690372206,NaN,NaN,0,-15.01688311,0.8709204886,32.81154558,0,39.06407631,16.80356223,98.20235781
0.1267779155,0.02076742997,NaN,NaN,0,-11.58210622,0.8963191034,30.68595534,0,43.00643484,5.956598493,94.97939685
0.1267779155,0.02463113787,NaN,NaN,0,-6.481952416,0.9575625076,31.11502196,0,47.16263254,-11.68160629,90.16990223
0.1267779155,0.02849484577,NaN,NaN,0,-3.639365767,1.061262926,33.67465725,0,45.03899341,-27.14551092,85.71040287
0.1267779155,0.03235855367,NaN,NaN,0,-1.012239372,1.202855066,38.06409361,0,39.16367527,-38.68428816,82.49459645
0.1267779155,0.03622226157,NaN,NaN,0,3.109150016,1.373673272,42.78422901,0,31.19917977,-46.00770033,80.49727161
0.1267779155,0.04008596947,NaN,NaN,0,9.885729019,1.562698527,44.12845306,0,20.8563177,-48.36264015,79.31742562
0.1267779155,0.04394967737,NaN,NaN,0,13.19551127,1.746705949,43.70882907,0,15.94446696,-44.71632724,78.58945791
0.1267779155,0.04781338527,NaN,NaN,0,11.26162218,1.919879622,45.63003619,0,20.77929459,-43.42875031,77.90549739
0.1267779155,0.05167709317,NaN,NaN,0,13.8730868,2.109166522,47.48726738,0,21.53171308,-50.70243687,77.14209567
0.1267779155,0.05554080107,NaN,NaN,0,20.79432641,2.320131529,48.99190844,0,14.78338302,-57.89558583,76.5652063
0.1267779155,0.05940450897,NaN,NaN,0,41.88039589,2.542731717,58.63079531,0,13.64258594,-50.28964291,76.19312437
0.1267779155,0.06326821687,NaN,NaN,0,57.76524108,2.781505215,16.28048854,8.891487755,2.125892946,-85.70463997,74.28065335
0.1267779155,0.06713192477,NaN,NaN,0,37.34072024,2.983474216,-0.5367857989,4.628017752,-23.7289248,-112.9632505,73.68273443
0.1267779155,0.07099563267,0.8061726804,3.11186083,1,39.8265515,3.21459052,-72.35954502,0,-105.4305638,8.32918143,75.47600131
0.1267779155,0.07485934057,0.5847500167,2.551544209,1,37.53974899,2.617691814,-136.3346817,0,-153.1576559,61.66308454,77.09214041
0.1267779155,0.07872304847,0.35945886,2.346855296,1,-63.73515795,2.374224179,119.4163184,0,-226.941821,-120.3606287,81.29190047
0.1267779155,0.08258675637,-0.5383409235,3.477972294,1,-94.1428185,3.519389468,230.8707536,0,-326.6596766,-74.91091106,98.79875099
0.1267779155,0.08645046427,-1.266399065,3.52830633,1,16.85214167,3.748694726,71.96458249,0,-250.1940318,178.7910954,109.744356
0.1267779155,0.09031417218,-1.439905828,3.065225852,1,129.3643836,3.3865821,15.50870991,0,-166.0710453,115.3211369,115.1620359
0.1267779155,0.09417788008,-1.408222883,3.142660267,1,106.8689747,3.44374872,16.60689104,2.260601476,-104.6275438,-31.04478192,114.137103
0.1267779155,0.09804158798,-1.431245594,3.249337997,1,70.84299113,3.55058606,-20.11982366,0,-96.0164637,22.61081653,113.7721948
0.1267779155,0.1019052959,-1.505485828,2.977561555,1,-5.491503385,3.336519203,2.647404455,0,-153.0015894,20.33948869,116.8216314
0.1267779155,0.1057690038,-2.043616609,3.180980952,1,13.17412331,3.78087406,6.507054189,0,-128.0912708,-52.40266684,122.7186584
0.1267779155,0.1096327117,-1.949492119,3.20517151,1,122.1043207,3.751485563,-42.21868043,18.25609531,-14.01883722,25.07053672,121.3093607
0.1267779155,0.1134964196,-1.626005872,2.920995072,1,108.7771152,3.343068546,-282.5792393,0,61.11035118,150.4751002,119.1030081
0.1267779155,0.1173601275,-1.293096573,1.531976037,1,-21.51017241,2.004756674,-296.0816119,0,167.7565235,54.31797245,130.166742
0.1267779155,0.1212238354,NaN,NaN,0,4.424953836,1.892509044,-64.42675853,0,115.7414194,-82.63589531,124.097745
0.1306416234,0.01690372206,NaN,NaN,0,-11.22838787,0.9524258343,22.76457208,0,26.94948829,6.966388916,93.1076251
0.1306416234,0.02076742997,NaN,NaN,0,-8.2097307,0.9817752948,23.71053125,0,29.61540352,-0.1296852483,91.24091943
0.1306416234,0.02463113787,NaN,NaN,0,-3.212427731,1.04359958,27.30758475,0,33.1051061,-12.55581831,88.29379536
0.1306416234,0.02849484577,NaN,NaN,0,0.3223074331,1.139468912,31.0808152,0,33.03408473,-24.05268095,85.25618363
0.1306416234,0.03235855367,NaN,NaN,0,3.310677639,1.266299366,35.15468364,0,30.26190661,-33.24186644,82.74332592
0.1306416234,0.03622226157,NaN,NaN,0,6.528331119,1.41763079,38.82887175,0,25.83459087,-39.53258644,80.91065289
0.1306416234,0.04008596947,NaN,NaN,0,10.07718979,1.584758654,41.00522095,0,20.79073622,-42.69788562,79.63993156
0.1306416234,0.04394967737,NaN,NaN,0,12.34004222,1.757080578,42.08183867,0,17.76616899,-43.26707597,78.73587897
0.1306416234,0.04781338527,NaN,NaN,0,13.20740052,1.93085134,43.07183344,0,17.49820829,-44.19314457,78.004007
0.1306416234,0.05167709317,NaN,NaN,0,15.53510703,2.11152969,43.3216542,0,15.91269799,-47.32030601,77.36563975
0.1306416234,0.05554080107,NaN,NaN,0,20.263563,2.299132961,41.97835533,0,11.20612593,-50.29334386,76.85603537
0.1306416234,0.05940450897,NaN,NaN,0,28.29711432,2.486335661,37.40796891,0,4.754190603,-51.18239377,76.42847049
0.1306416234,0.06326821687,NaN,NaN,0,32.9918675,2.661898375,16.98059076,4.321271671,-8.697582464,-59.90029724,75.85468178
0.1306416234,0.06713192477,NaN,NaN,0,28.84439239,2.797196233,-5.232747148,0,-33.7726774,-59.2698255,75.98724209
0.1306416234,0.07099563267,NaN,NaN,0,33.6638008,2.860542052,-41.43397083,0,-79.27886742,-27.10168503,77.24662271
0.1306416234,0.07485934057,NaN,NaN,0,-50.83732382,2.705386907,-38.38769111,3.821538253,-23.32849284,1.726978337,79.32663814
0.1306416234,0.07872304847,NaN,NaN,0,-78.2109958,2.657458829,22.98601244,12.00011829,1.303202681,-34.42626133,82.54227915
0.1306416234,0.08258675637,0.2039148007,2.880405294,1,53.41874356,2.887614223,102.6605693,0,-151.9364587,81.66301739,85.95057066
0.1306416234,0.08645046427,-0.03571997693,2.716107547,1,53.3321444,2.716342417,104.4561762,0,-191.0502534,225.5443091,90.75346278
0.1306416234,0.09031417218,-0.328187745,2.412556118,1,-45.70061732,2.43477601,167.5813615,0,-217.77124,170.6214281,97.74657859
0.1306416234,0.09417788008,-1.053698274,2.704361618,1,-1.538024364,2.902387261,221.7295487,0,-244.8076074,110.1881796,111.2873412
0.1306416234,0.09804158798,-1.279995309,2.843519387,1,80.67153989,3.118331364,138.2835899,0,-158.725214,151.2140697,114.2346416
0.1306416234,0.1019052959,-1.355274871,2.654402021,1,-12.61592493,2.980372471,114.3939073,0,-188.0357816,124.0878213,117.0477813
0.1306416234,0.1057690038,-2.055254893,2.806064934,1,41.49152048,3.478228441,162.3479034,0,-196.5480462,95.84184943,126.2202824
0.1306416234,0.1096327117,-1.954367994,2.911361987,1,121.962315,3.506505793,53.11652959,15.69930868,-49.91156823,70.52861002,123.8730643
0.1306416234,0.1134964196,-1.776871853,2.738789742,1,146.6220261,3.264696438,-131.3018216,10.44317915,-5.160383388,103.2228253,122.9746984
0.1306416234,0.1173601275,NaN,NaN,0,16.75975641,2.450069691,-126.5827131,0,125.0438038,116.4482008,125.0713814
0.1306416234,0.1212238354,NaN,NaN,0,12.65632646,2.179367776,-73.5203089,0,79.90616283,32.82208634,124.3271763
0.1345053313,0.01690372206,NaN,NaN,0,-5.440285812,1.009563045,15.64971432,0,17.18724904,0.347214855,90.53247526
0.1345053313,0.02076742997,NaN,NaN,0,-2.885725875,1.039166901,18.03355863,0,19.33085995,-4.835455886,89.26604832
0.1345053313,0.02463113787,NaN,NaN,0,1.51966476,1.099213578,23.32397059,0,22.60830362,-14.35930074,87.17595845
0.1345053313,0.02849484577,NaN,NaN,0,4.830345591,1.189459323,28.18633516,0,23.7303328,-23.26752813,84.86138233
0.1345053313,0.03235855367,NaN,NaN,0,7.404311375,1.307075012,32.64495401,0,23.01527557,-30.69791022,82.7696365
0.1345053313,0.03622226157,NaN,NaN,0,9.616307029,1.446872264,36.37135339,0,21.08654089,-36.18289339,81.09114627
0.1345053313,0.04008596947,NaN,NaN,0,11.55465681,1.602224893,38.98172033,0,18.7058673,-39.62923991,79.82164056
0.1345053313,0.04394967737,NaN,NaN,0,12.88006727,1.766371675,40.5414712,0,16.8312645,-41.46094645,78.869603
0.1345053313,0.04781338527,NaN,NaN,0,13.69283067,1.935197673,41.2538047,0,15.53467159,-42.75644598,78.13376488
0.1345053313,0.05167709317,NaN,NaN,0,14.79637781,2.107206955,40.74916067,0,13.41474466,-44.09229874,77.56047459
0.1345053313,0.05554080107,NaN,NaN,0,16.42770425,2.278746873,38.19188976,0,9.374232125,-44.77508983,77.14645417
0.1345053313,0.05940450897,NaN,NaN,0,18.05263088,2.441879991,32.04213426,0,2.865632996,-44.24629106,76.8964523
0.1345053313,0.06326821687,NaN,NaN,0,17.06072223,2.584130526,19.46665272,0,-7.897736001,-43.44432972,76.85321641
0.1345053313,0.06713192477,NaN,NaN,0,11.381181,2.68672605,4.059177283,0,-23.38533493,-37.11406921,77.33630449
0.1345053313,0.07099563267,NaN,NaN,0,1.462816634,2.729705778,-12.05069106,0,-39.22496911,-21.48786538,78.56092993
0.1345053313,0.07485934057,NaN,NaN,0,-27.26845297,2.694513463,-13.9438071,0,-31.25404699,-8.40290757,80.53490884
0.1345053313,0.07872304847,NaN,NaN,0,-35.3602732,2.672732829,-2.464588533,1.299934133,-34.33240635,-9.377502422,83.22601608
0.1345053313,0.08258675637,NaN,NaN,0,-5.929552992,2.690161934,-13.76625863,0,-73.43220794,4.348672894,86.2951079
0.1345053313,0.08645046427,NaN,NaN,0,-16.33237185,2.584098527,-28.32013553,0,-63.13031537,45.22179784,89.80873089
0.1345053313,0.09031417218,NaN,NaN,0,-16.05491986,2.404087471,-18.19027472,0,-18.73449871,80.50933752,93.17587398
0.1345053313,0.09417788008,-0.1257897341,2.202737657,1,32.85957819,2.206326414,105.9956645,0,-79.32327726,125.6701229,93.26838815
0.1345053313,0.09804158798,-0.3127111991,2.324378868,1,22.96087114,2.345319896,144.2157315,0,-141.5703435,119.0966454,97.66230199
0.1345053313,0.1019052959,-0.5840620894,2.299790469,1,-13.85863044,2.372796815,126.2495215,0,-175.9423692,142.5844185,104.2497593
0.1345053313,0.1057690038,-1.046046821,2.261265597,1,44.19323631,2.491492736,283.8625017,0,-273.9469728,221.4068072,114.8249555
0.1345053313,0.1096327117,-1.471763416,2.541101029,1,50.91433548,2.936542524,229.8537803,0,-229.0976012,210.8858403,120.0787085
0.1345053313,0.1134964196,-1.734494912,2.334552177,1,214.2403338,2.908368352,91.38653797,12.24392221,-178.1325194,244.2829469,126.6111257
0.1345053313,0.1173601275,NaN,NaN,0,114.7698248,2.361944036,-8.836303974,18.1199888,18.8573001,122.5310346,124.3363134
0.1345053313,0.1212238354,NaN,NaN,0,38.44497833,2.195880282,-14.37839334,0,20.59397449,49.48089184,123.694568
0.1383690392,0.01690372206,NaN,NaN,0,-2.42641878,1.038501289,12.54986634,0,12.54986634,-2.42641878,89.43862895
0.1383690392,0.02076742997,NaN,NaN,0,-0.1383286345,1.067797448,15.4006262,0,14.51174214,-6.900694307,88.40444435
0.1383690392,0.02463113787,NaN,NaN,0,3.88624278,1.126535245,21.26340543,0,17.72713988,-15.28339902,86.65610495
0.1383690392,0.02849484577,NaN,NaN,0,6.980814545,1.213883059,26.56329097,0,19.35795155,-23.09253052,84.64725872
0.1383690392,0.03235855367,NaN,NaN,0,9.298711871,1.327082703,31.25148927,0,19.54352535,-29.71530746,82.75007233
0.1383690392,0.03622226157,NaN,NaN,0,11.07167831,1.461520466,35.10888275,0,18.69668032,-34.79282174,81.15692772
0.1383690392,0.04008596947,NaN,NaN,0,12.41013093,1.611505604,37.92563658,0,17.34985981,-38.25843335,79.90409573
0.1383690392,0.04394967737,NaN,NaN,0,13.23993405,1.771370646,39.67726968,0,16.01115546,-40.3622754,78.94502974
0.1383690392,0.04781338527,NaN,NaN,0,13.63398114,1.936618809,40.33943317,0,14.64796486,-41.59271447,78.21578217
0.1383690392,0.05167709317,NaN,NaN,0,13.87611544,2.103526518,39.58526446,0,12.49113078,-42.16138271,77.67714864
0.1383690392,0.05554080107,NaN,NaN,0,13.89215549,2.266886441,36.76265032,0,8.716514711,-41.70368412,77.32544981
0.1383690392,0.05940450897,NaN,NaN,0,13.02155148,2.418443621,30.86136299,0,2.635276518,-39.82401358,77.18820519
0.1383690392,0.06326821687,NaN,NaN,0,9.912644099,2.546612222,20.9187322,0,-6.469094175,-36.38263776,77.34578919
0.1383690392,0.06713192477,NaN,NaN,0,3.558167741,2.637525139,8.953113822,0,-18.0473322,-29.35463703,77.97289115
0.1383690392,0.07099563267,NaN,NaN,0,-6.397079906,2.680177154,-1.992645258,0,-28.50980946,-18.44128136,79.20695442
0.1383690392,0.07485934057,NaN,NaN,0,-22.4433874,2.675519658,-6.545006929,0,-30.02596377,-8.145990068,81.08282823
0.1383690392,0.07872304847,NaN,NaN,0,-28.07484998,2.655854309,-7.216208097,0,-35.90381421,-1.11142094,83.53217598
0.1383690392,0.08258675637,NaN,NaN,0,-18.0779917,2.624946151,-15.04561239,0,-51.69597015,11.78264611,86.34081046
0.1383690392,0.08645046427,NaN,NaN,0,-20.36292113,2.535466553,-22.70854384,0,-45.61853929,33.55651297,89.33147382
0.1383690392,0.09031417218,NaN,NaN,0,-24.82175343,2.403792616,-22.36274562,0,-23.88597877,46.06223294,92.08380994
0.1383690392,0.09417788008,NaN,NaN,0,-40.32298339,2.276452022,-33.64946238,0,-5.029334208,16.66080426,93.99525859
0.1383690392,0.09804158798,NaN,NaN,0,9.725160229,2.223384851,-18.45455639,0,-50.61068176,44.37680665,96.78379594
0.1383690392,0.1019052959,NaN,NaN,0,90.95623725,2.052716823,-12.42183259,0,-49.65101192,150.881076,98.8718177
0.1383690392,0.1057690038,-0.1030418721,1.576864095,1,185.5605101,1.580227199,218.3562781,0,-168.7113552,269.7784221,93.73873848
0.1383690392,0.1096327117,-0.2514788401,1.829477655,1,135.4069245,1.846680833,270.0101509,0,-232.9560017,361.6548754,97.82679159
0.1383690392,0.1134964196,-0.4799430125,1.222775649,1,194.9569735,1.313592624,299.4889211,0,-380.5402209,349.914156,111.4301523
0.1383690392,0.1173601275,NaN,NaN,0,2.328575904,1.900027882,159.886919,0,-161.0920021,28.3959836,120.6464458
0.1383690392,0.1212238354,NaN,NaN,0,-7.42066424,2.047233387,57.20131066,0,-57.20131066,7.42066424,122.2806175
