PIVlab, ASCII chart output - 19-Sep-2021
FRAME: 7, filenames: A: 72_12_75_60 007.jpg & B: 72_12_75_60 008.jpg, conversion factor xy (px -> m): 0.00024148, conversion factor uv (px/frame -> m/s): 1
x [m],y [m],u [m/s],v [m/s],Vector type [-],vorticity [1/s],magnitude [m/s],divergence [1/s],dcev [1],simple shear [1/s],simple strain [1/s],vector direction [degrees]
0.03791263377,0.01690372206,NaN,NaN,0,-3.504064172,0.6137294364,-0.5073353096,0,0.5073353096,3.504064172,-49.50712034
0.03791263377,0.02076742997,NaN,NaN,0,-4.0589899,0.6159357796,-1.733931674,0,-0.1794036042,4.217260956,-50.38479862
0.03791263377,0.02463113787,NaN,NaN,0,-4.955307252,0.6211859717,-3.992358027,0,-1.373370054,5.689596349,-52.03379617
0.03791263377,0.02849484577,NaN,NaN,0,-5.376113303,0.630608191,-6.066157137,0,-2.252412672,6.968616154,-54.26641534
0.03791263377,0.03235855367,NaN,NaN,0,-5.384187969,0.6450407357,-7.833682657,0,-2.804994923,8.052537472,-56.85555453
0.03791263377,0.03622226157,NaN,NaN,0,-5.048005933,0.6648075779,-9.281360117,0,-3.055323247,8.890797879,-59.57698622
0.03791263377,0.04008596947,NaN,NaN,0,-4.363315364,0.689742742,-10.40263304,0,-3.053742537,9.420652717,-62.22991675
0.03791263377,0.04394967737,NaN,NaN,0,-3.251775725,0.7191502142,-11.10247291,0,-2.899039293,9.551967467,-64.64239475
0.03791263377,0.04781338527,NaN,NaN,0,-1.503678168,0.7515391504,-11.12987732,0,-2.826664515,9.039438101,-66.67216516
0.03791263377,0.05167709317,NaN,NaN,0,1.197064779,0.783906306,-9.816528921,0,-3.296243088,7.444639395,-68.18903715
0.03791263377,0.05554080107,NaN,NaN,0,4.832771963,0.8102753865,-5.998151018,0,-4.837534954,4.181209906,-69.0669499
0.03791263377,0.05940450897,NaN,NaN,0,9.089530339,0.8205445265,1.881615404,0,-8.373727461,-1.50580603,-69.21065333
0.03791263377,0.06326821687,NaN,NaN,0,14.80407237,0.7990722844,16.18144713,0,-16.55766244,-11.61847061,-68.54644028
0.03791263377,0.06713192477,NaN,NaN,0,12.67330508,0.718425963,33.54324268,0,-20.27432579,-26.41135791,-66.67456181
0.03791263377,0.07099563267,NaN,NaN,0,-7.44414938,0.5756019905,37.61632577,0,-3.988775059,-37.08440309,-62.82420876
0.03791263377,0.07485934057,NaN,NaN,0,-26.94973116,0.4420918162,15.25317674,0,23.79740537,-32.3462967,-57.07582047
0.03791263377,0.07872304847,NaN,NaN,0,-26.49440334,0.4129630627,-24.03439564,0,48.32990793,-8.848145174,-52.61978683
0.03791263377,0.08258675637,NaN,NaN,0,19.97964176,0.538606952,-37.99338708,0,27.98898217,18.60968923,-52.93152328
0.03791263377,0.08645046427,NaN,NaN,0,81.4961746,0.6994141781,6.191513767,0,-31.96563609,10.06835493,-51.43175449
0.03791263377,0.09031417218,NaN,NaN,0,291.9818563,0.6812337267,289.8966189,0,-352.8442999,-85.37052338,-40.75665691
0.03791263377,0.09417788008,NaN,NaN,0,-99.88878289,0.9251492474,733.5205064,0,-378.3114403,-103.3710427,77.45853693
0.03791263377,0.09804158798,NaN,NaN,0,-1027.720945,3.090364403,-219.2797943,0,547.8775897,-407.5834047,115.5238848
0.03791263377,0.1019052959,NaN,NaN,0,991.6959955,2.321985478,-607.0845543,0,-482.2776215,-744.5757057,135.3918441
0.03791263377,0.1057690038,0.6366449643,3.319988222,2,266.2940075,3.380479049,635.1861642,0,630.0646513,-57.40647389,79.14467038
0.03791263377,0.1096327117,1.810185992,4.306600168,2,81.03886999,4.671571291,396.2058924,0,324.6699415,7.314112002,67.20160578
0.03791263377,0.1134964196,2.204185305,4.822552466,2,-335.3768604,5.302399942,116.8591508,0,377.7283409,206.3355069,65.436859
0.03791263377,0.1173601275,NaN,NaN,0,33.86766658,4.425450407,-199.6102667,0,-134.440648,162.2645327,63.51166768
0.03791263377,0.1212238354,NaN,NaN,0,97.91026387,3.87591831,-179.8103783,0,-179.8103783,97.91026387,62.06749598
0.04177634167,0.01690372206,NaN,NaN,0,-4.79656713,0.6116681256,0.3042902079,0,1.286438686,4.447502876,-48.62331795
0.04177634167,0.02076742997,NaN,NaN,0,-5.395218086,0.6132797419,-1.152292079,0.7397856409,0.5070793122,5.013631692,-49.59303553
0.04177634167,0.02463113787,NaN,NaN,0,-6.286155985,0.6177856041,-3.754847777,0.7011410447,-0.8329564536,6.305049431,-51.39923412
0.04177634167,0.02849484577,NaN,NaN,0,-6.548202092,0.626747362,-6.119022196,0.2056003035,-1.819515637,7.417123171,-53.8148553
0.04177634167,0.03235855367,NaN,NaN,0,-6.362742238,0.6411073644,-8.080270227,0,-2.472951281,8.371458874,-56.58044909
0.04177634167,0.03622226157,NaN,NaN,0,-5.870535263,0.6611072594,-9.700905474,0,-2.833211483,9.106062631,-59.46443027
0.04177634167,0.04008596947,NaN,NaN,0,-5.049126007,0.6866205247,-11.06383792,0,-2.9479035,9.579420963,-62.27162352
0.04177634167,0.04394967737,NaN,NaN,0,-3.796796156,0.7172556905,-12.15538691,0,-2.908248314,9.815333059,-64.83530358
0.04177634167,0.04781338527,NaN,NaN,0,-1.751927286,0.7523016669,-12.92861907,0,-2.989107436,9.663718503,-67.03167476
0.04177634167,0.05167709317,NaN,NaN,0,1.887096892,0.7902982484,-12.70543112,0,-3.849526146,8.729397477,-68.73128645
0.04177634167,0.05554080107,NaN,NaN,0,7.283285459,0.8265298557,-10.1043243,0,-5.914198999,6.560011594,-69.75691077
0.04177634167,0.05940450897,NaN,NaN,0,13.52394266,0.8524169921,-3.945893392,1.21970841,-9.618180971,3.512399124,-69.96990674
0.04177634167,0.06326821687,NaN,NaN,0,27.41167017,0.8587982627,13.85566272,0,-25.78722254,-6.202068491,-69.47750632
0.04177634167,0.06713192477,NaN,NaN,0,29.39967464,0.7824299176,46.32270874,0,-39.01622228,-31.04044641,-67.593665
0.04177634167,0.07099563267,NaN,NaN,0,-11.64205489,0.5701466986,61.42926842,0,-11.90337192,-55.11884414,-62.42596095
0.04177634167,0.07485934057,NaN,NaN,0,-53.79377803,0.3428079685,28.36322553,4.318189405,33.93422049,-54.92071638,-52.79857346
0.04177634167,0.07872304847,NaN,NaN,0,-68.49616203,0.2621983051,-50.26154582,0,89.18637768,-13.7063973,-44.44599107
0.04177634167,0.08258675637,NaN,NaN,0,16.59886397,0.5041084648,-95.44702293,0,55.94096471,55.29911435,-55.2681261
0.04177634167,0.08645046427,NaN,NaN,0,63.36577701,0.8974045711,-191.1080583,0,98.11965819,139.1865312,-58.6072932
0.04177634167,0.09031417218,NaN,NaN,0,831.1027552,1.920366299,240.4486458,76.0243,-585.0204013,-52.33807314,-61.6756442
0.04177634167,0.09417788008,1.418249254,0.3652024627,1,541.3789322,1.464514864,1105.613763,0,-1435.273803,-841.4901318,14.44008938
0.04177634167,0.09804158798,-2.542606979,5.832588828,1,259.5758164,6.362699324,-50.61455598,0,-1730.324034,358.8573134,113.5538854
0.04177634167,0.1019052959,-4.264292253,-1.216877234,1,1313.077271,4.434521239,-151.2542503,181.7219447,-201.3374521,317.1685438,-164.0731394
0.04177634167,0.1057690038,1.752830941,4.022739977,2,124.6754544,4.388035236,1734.957168,0,1649.273337,183.5621856,66.45576909
0.04177634167,0.1096327117,2.589727706,4.777259816,2,103.8882695,5.434050141,560.935948,0,174.5280257,-2.623111097,61.5381091
0.04177634167,0.1134964196,2.828550181,6.200167566,1,598.1979783,6.814893541,-397.5911704,0,-776.279367,-102.1451213,65.47727029
0.04177634167,0.1173601275,NaN,NaN,0,167.6713493,4.103045847,-535.6496639,0,-470.7917168,321.6380573,62.38820713
0.04177634167,0.1212238354,NaN,NaN,0,172.4163161,3.329660488,-266.1301658,0,-298.870811,121.0028039,60.1478921
0.04564004958,0.01690372206,NaN,NaN,0,-7.559328057,0.6084797678,2.261429446,0,2.781692252,6.634245763,-46.75427391
0.04564004958,0.02076742997,NaN,NaN,0,-8.286588016,0.6084383276,0.1603500788,1.138896498,1.846603083,6.741348993,-47.93248467
0.04564004958,0.02463113787,NaN,NaN,0,-9.141380807,0.6109887211,-3.331409224,1.199876476,0.2494648635,7.524156095,-50.08946057
0.04564004958,0.02849484577,NaN,NaN,0,-8.948722001,0.6188821821,-6.349198888,0.8793271626,-0.9388169813,8.248982977,-52.90153339
0.04564004958,0.03235855367,NaN,NaN,0,-8.292841888,0.6331384036,-8.612756877,0,-1.789284821,8.964825928,-56.02666927
0.04564004958,0.03622226157,NaN,NaN,0,-7.520437547,0.6535362686,-10.4757942,0,-2.358497233,9.484932248,-59.22974865
0.04564004958,0.04008596947,NaN,NaN,0,-6.49325045,0.6798882715,-12.24192132,0,-2.669018458,9.730140366,-62.3388107
0.04564004958,0.04394967737,NaN,NaN,0,-5.222539713,0.7122073289,-13.9142441,0,-2.708758921,10.07859894,-65.18139753
0.04564004958,0.04781338527,NaN,NaN,0,-3.263585126,0.7510541282,-16.24639073,0,-2.702737355,10.54809557,-67.70028958
0.04564004958,0.05167709317,NaN,NaN,0,1.943291583,0.7990932758,-18.56522459,0,-4.321882026,10.65624803,-69.80235726
0.04564004958,0.05554080107,NaN,NaN,0,11.30690704,0.8535719171,-18.22205693,0,-7.769130654,9.36280459,-71.14883394
0.04564004958,0.05940450897,NaN,NaN,0,14.67709914,0.9041563346,-21.32257505,0,-2.763389332,15.29141177,-71.32145495
0.04564004958,0.06326821687,NaN,NaN,0,59.7594247,1.002325049,-1.994867478,5.40612943,-45.79725817,15.47898806,-71.27156811
0.04564004958,0.06713192477,NaN,NaN,0,97.39268593,0.9858317933,78.24563235,0,-106.3368766,-34.64654392,-69.60769654
0.04564004958,0.07099563267,NaN,NaN,0,-15.59381037,0.5880191545,133.5477943,0,-37.67886724,-97.29682999,-60.75523425
0.04564004958,0.07485934057,NaN,NaN,0,-120.7739482,0.1413791141,82.75872281,10.45384211,47.34325496,-122.7846074,-13.1368588
0.04564004958,0.07872304847,NaN,NaN,0,-229.0014086,0.2811112837,-118.1486255,0,237.2464954,-54.57647721,89.27499098
0.04564004958,0.08258675637,0.1695358241,-0.2777565492,1,-338.4310817,0.3254091214,-204.9123529,0,398.4461216,-25.3806181,-58.60112679
0.04564004958,0.08645046427,0.2354376136,-0.4125694038,1,280.7609326,0.4750204026,-704.1456185,0,-2.971912859,755.1964799,-60.28824662
0.04564004958,0.09031417218,1.242831454,-5.916228144,1,477.2621791,6.045360658,-621.3084656,0,-222.0794644,1014.831008,-78.13629237
0.04564004958,0.09417788008,1.221389084,-6.734134415,1,966.7725575,6.844001579,223.738063,0,-1324.840596,-39.37679238,-79.71985515
0.04564004958,0.09804158798,-0.1406388547,-4.899629199,1,1392.691166,4.901647231,807.0320352,0,-1970.743859,156.4904128,-91.64416541
0.04564004958,0.1019052959,-1.012037673,-4.220631609,1,1767.893422,4.340270894,2573.922781,0,351.8015483,-1078.066103,-103.4840019
0.04564004958,0.1057690038,8.049243348,9.210589105,1,829.7958286,12.23214086,1019.531718,0,458.9613736,-1258.115399,48.84940377
0.04564004958,0.1096327117,3.967343711,4.579531552,2,-1011.584893,6.059036669,-948.7375817,0,-1000.961941,1561.445866,49.09693341
0.04564004958,0.1134964196,0.2733502461,-0.4880265123,1,-293.3910313,0.5593659212,-373.4107371,0,-436.5819318,425.1684413,-60.7462226
0.04564004958,0.1173601275,NaN,NaN,0,438.9847915,1.883527156,174.4027565,50.46657745,-184.948843,-366.9126624,52.48762487
0.04564004958,0.1212238354,NaN,NaN,0,346.2031845,2.036118643,-61.89459296,0,-290.3348095,-118.5258288,51.95316451
0.04950375748,0.01690372206,NaN,NaN,0,-11.15247236,0.6066559656,5.237331191,0,3.654391648,9.796202278,-43.6870683
0.04950375748,0.02076742997,NaN,NaN,0,-12.24483407,0.602487137,1.770468094,1.667032498,2.653766953,8.886566503,-45.24438826
0.04950375748,0.02463113787,NaN,NaN,0,-13.04405723,0.600574497,-3.381940311,1.771688985,0.9230298059,8.801242977,-48.02989687
0.04950375748,0.02849484577,NaN,NaN,0,-11.81246322,0.606585269,-7.333607256,1.304608907,-0.3959323309,9.089826715,-51.52879143
0.04950375748,0.03235855367,NaN,NaN,0,-10.33946577,0.6210639222,-9.545764196,0.5249626137,-1.38687379,9.753929612,-55.19881411
0.04950375748,0.03622226157,NaN,NaN,0,-9.425122585,0.6420203003,-11.34759311,0,-2.14247417,10.13870007,-58.8543832
0.04950375748,0.04008596947,NaN,NaN,0,-8.180898534,0.6690283546,-13.51380909,0,-2.660914176,9.777609313,-62.41853702
0.04950375748,0.04394967737,NaN,NaN,0,-7.336527122,0.7022246567,-15.01327742,0,-2.555031558,10.22082677,-65.5927653
0.04950375748,0.04781338527,NaN,NaN,0,-8.023165086,0.7419694968,-19.57747518,0,-0.7912010369,11.79381679,-68.53190666
0.04950375748,0.05167709317,NaN,NaN,0,-2.157252478,0.8026368278,-27.08701957,0,-2.966133951,13.9846945,-71.39184737
0.04950375748,0.05554080107,NaN,NaN,0,21.32395199,0.8857140861,-22.89610379,0,-18.07705226,4.943546964,-73.48673593
0.04950375748,0.05940450897,NaN,NaN,0,-25.88187784,0.9088579462,-61.1274824,0,52.13101247,32.81145529,-72.80625674
0.04950375748,0.06326821687,NaN,NaN,0,99.55624357,1.262537324,-78.75818993,5.22989668,-48.30154423,87.4731529,-73.75579523
0.04950375748,0.06713192477,NaN,NaN,0,316.0054547,1.58096419,135.1068938,0,-302.8551586,-25.72788735,-72.83068339
0.04950375748,0.07099563267,0.4039808769,-0.5907158878,1,452.2498936,0.7156436327,406.4112676,0,-559.4202934,-81.98361059,-55.63241789
0.04950375748,0.07485934057,0.0526198664,0.3765041234,1,280.9952335,0.3801633928,705.2382078,0,-509.830858,133.621305,82.04392892
0.04950375748,0.07872304847,-0.4801731334,1.617844855,1,295.741975,1.687598357,578.8482883,0,-465.3188459,46.6434366,106.5307839
0.04950375748,0.08258675637,-0.6025756292,2.432788213,1,675.4991295,2.50630323,178.8929811,74.68500211,-379.1833368,1079.619868,103.9115708
0.04950375748,0.08645046427,0.6647045358,-1.862300733,2,996.2608858,1.977371017,-836.8090177,70.1922967,-210.9599369,929.7044186,-70.35716929
0.04950375748,0.09031417218,2.431597851,-4.392503707,1,-5.905176489,5.02063312,-629.6618202,0,385.2979396,1085.431769,-61.03200688
0.04950375748,0.09417788008,2.130567352,-8.488921383,1,-293.871524,8.752205635,-139.707204,36.21028411,-30.0234411,577.2822833,-75.91080837
0.04950375748,0.09804158798,1.180162316,-7.162741654,1,176.4923608,7.259314781,653.0474184,0,-335.7451701,186.9980079,-80.64377611
0.04950375748,0.1019052959,1.515261015,-6.688242593,1,280.2070846,6.857740512,1656.888347,0,-370.5733944,-867.2894292,-77.23479232
0.04950375748,0.1057690038,0.8310132904,2.589943964,1,2447.13233,2.719998681,544.1568133,255,-1556.331934,-2433.952995,72.21056455
0.04950375748,0.1096327117,4.957053543,4.818303801,1,1729.65429,6.912917716,0.3537880617,180.804078,-1160.89661,-790.8488255,44.18680816
0.04950375748,0.1134964196,3.028526831,5.646919753,1,-315.4530775,6.40778257,-350.2327313,0,-667.8465009,579.7699046,61.79468062
0.04950375748,0.1173601275,NaN,NaN,0,271.1220419,1.685645755,-889.0000568,0,-806.4205354,461.6347578,46.61473222
0.04950375748,0.1212238354,NaN,NaN,0,356.0588468,1.051539658,-307.9828432,0,-458.3343736,104.3588456,24.04543516
0.05336746538,0.01690372206,NaN,NaN,0,-16.35580213,0.6120543143,10.67927415,0,2.825168578,14.86861645,-39.10155016
0.05336746538,0.02076742997,NaN,NaN,0,-18.37073883,0.5973079071,3.926413644,2.50945283,2.316523098,11.34718954,-41.28591584
0.05336746538,0.02463113787,NaN,NaN,0,-18.97755082,0.5852281352,-4.633212857,2.589689156,1.184819738,9.704422594,-45.12108713
0.05336746538,0.02849484577,NaN,NaN,0,-14.91760787,0.588664297,-10.05752563,1.553357249,-0.181068358,9.555151293,-49.78354806
0.05336746538,0.03235855367,NaN,NaN,0,-11.82743538,0.6052326881,-10.88909954,0.627901827,-1.219803839,10.82236574,-54.13333343
0.05336746538,0.03622226157,NaN,NaN,0,-11.65968849,0.6270557364,-11.85500497,0,-2.163611479,11.53832909,-58.28106974
0.05336746538,0.04008596947,NaN,NaN,0,-9.468693981,0.6543029839,-15.4524445,0,-3.277132521,9.020770044,-62.59140409
0.05336746538,0.04394967737,NaN,NaN,0,-7.919505153,0.6877265682,-13.0475813,0,-4.059252096,9.23328205,-65.93555222
0.05336746538,0.04781338527,NaN,NaN,0,-19.33529562,0.7139978711,-19.96321301,0,5.059098716,12.42165033,-69.08242004
0.05336746538,0.05167709317,NaN,NaN,0,-23.8730884,0.7860513228,-47.30927471,0,11.32559952,28.54516622,-73.34634399
0.05336746538,0.05554080107,NaN,NaN,0,102.0280313,0.981965456,14.85214374,0,-113.7039569,-36.38476653,-77.86438423
0.05336746538,0.05940450897,0.1801586915,-0.5551156421,1,238.0238704,0.58361848,-60.17176714,16.23613759,-199.4426408,84.89900322,-72.01954334
0.05336746538,0.06326821687,0.3555015904,-1.520532306,1,288.3106211,1.561537664,-107.5408126,32.42766983,-136.653421,606.8065466,-76.84058223
0.05336746538,0.06713192477,0.7661178137,-3.315145178,1,365.1360899,3.402517311,71.88961659,49.80508077,-58.36758656,822.8098396,-76.98759183
0.05336746538,0.07099563267,1.54076548,-4.421868705,1,735.1932711,4.682614772,630.9576659,52.55817216,-58.98544236,572.0785197,-70.78950924
0.05336746538,0.07485934057,3.378787344,-3.087653355,1,658.5545177,4.577095931,635.7132305,0,-430.921143,179.5605341,-42.42215345
0.05336746538,0.07872304847,2.420274349,-2.659427928,2,1046.440526,3.595870524,124.9455586,117.7113523,-618.5421033,452.3740818,-47.69550839
0.05336746538,0.08258675637,5.032061861,-4.352741527,1,1176.098622,6.653420577,-395.672524,0,-1648.679906,230.0192127,-40.85985765
0.05336746538,0.08645046427,0.5943583076,-5.076918034,1,526.8909977,5.111590606,105.107591,0,-1051.844878,118.5641069,-83.32273792
0.05336746538,0.09031417218,3.003793406,-4.404733574,1,539.2275958,5.331458776,206.7047488,69.70629286,60.6347972,371.775317,-55.70809764
0.05336746538,0.09417788008,2.912051375,-5.714702493,1,-369.0233429,6.413880868,-76.24064689,0,395.2307821,564.0851448,-62.9978906
0.05336746538,0.09804158798,3.105051296,-6.878765394,1,-307.6050921,7.54710255,310.5943115,0,81.57623781,574.681251,-65.70574547
0.05336746538,0.1019052959,2.038741905,-6.735057287,1,-518.0226505,7.036864729,334.8315695,54.20205697,-92.12398719,174.0694185,-73.1586239
0.05336746538,0.1057690038,0.7476229112,-6.257627401,1,928.839487,6.302129855,205.0407815,0,-1220.17624,167.1640861,-83.186946
0.05336746538,0.1096327117,0.9131017891,-6.5887128,1,1466.411783,6.651683339,92.48513389,76.358585,-1359.625262,-1048.402259,-82.10987716
0.05336746538,0.1134964196,1.160214836,-1.849571766,2,1037.446931,2.183349304,271.0395202,0,-1404.290156,-743.3896249,-57.90043006
0.05336746538,0.1173601275,-0.5042732762,-2.669254898,1,478.3492192,2.716470733,-36.36156194,0,-657.4744417,-115.6771838,-100.698183
0.05336746538,0.1212238354,NaN,NaN,0,616.2250339,1.612563352,289.9218387,0,-112.8740561,-293.0081109,-73.12407671
0.05723117328,0.01690372206,NaN,NaN,0,-25.04772086,0.6385642523,22.39512326,0,-2.998934693,23.94141189,-32.69372114
0.05723117328,0.02076742997,NaN,NaN,0,-29.28742671,0.5954285258,6.841789615,4.014083685,-0.7803212626,12.97648817,-35.75326701
0.05723117328,0.02463113787,NaN,NaN,0,-29.57779934,0.5597422507,-9.019799132,3.965065576,1.680794404,9.114106571,-41.18988313
0.05723117328,0.02849484577,NaN,NaN,0,-17.05298208,0.5618238445,-17.37418286,0,-0.2933569999,8.603990125,-48.06925597
0.05723117328,0.03235855367,NaN,NaN,0,-10.39297938,0.5877198977,-12.09810335,0,-1.147661728,12.44205296,-52.93849427
0.05723117328,0.03622226157,NaN,NaN,0,-15.91750202,0.6102495126,-9.730882742,1.753404445,-2.015035387,16.17148052,-57.17075874
0.05723117328,0.04008596947,NaN,NaN,0,-10.11468375,0.6364130378,-23.39338263,0,-4.224752332,5.533859722,-63.40437831
0.05723117328,0.04394967737,NaN,NaN,0,4.462496112,0.682591513,-1.761390262,0,-15.46394302,5.269881053,-66.20193283
0.05723117328,0.04781338527,0.2424098585,-0.5962399664,1,-0.6734803582,0.6436339309,9.859027076,0,-23.09069501,9.891884184,-67.87509845
0.05723117328,0.05167709317,0.1836176936,-0.6246799463,1,-65.61839849,0.6511071284,-105.6304855,0,46.50395195,175.567611,-73.61988977
0.05723117328,0.05554080107,0.1685572204,-1.682707274,1,-18.68484069,1.691128412,157.5335859,0,65.42308499,658.0384357,-84.27974859
0.05723117328,0.05940450897,0.3642006174,-2.558484489,1,397.6201918,2.584276489,178.6374247,45.44462956,149.4272996,481.8084163,-81.89836798
0.05723117328,0.06326821687,2.282188935,-2.854071429,1,547.0772829,3.65432758,324.3169426,32.80573178,374.1496365,476.5854507,-51.35326998
0.05723117328,0.06713192477,3.923552344,-3.146805527,1,283.8674036,5.02957732,170.8067449,0,433.053344,379.1866351,-38.73064875
0.05723117328,0.07099563267,5.052161292,-3.659190457,1,-241.2956229,6.238109371,18.09899968,33.0412254,54.69953161,195.6761057,-35.91514497
0.05723117328,0.07485934057,3.202599552,-3.832911594,2,-339.0205099,4.994782796,-246.6193578,0,-515.5316598,52.56765566,-50.11946602
0.05723117328,0.07872304847,1.750421322,-4.815161685,2,-364.6319638,5.123451655,-575.5184842,0,-785.8719829,627.5795308,-70.02263772
0.05723117328,0.08258675637,-1.242611637,-8.4813309,1,57.26015894,8.571875962,-596.9246662,0,-114.5923088,217.5554668,-98.33518242
0.05723117328,0.08645046427,1.528906642,-7.96207501,1,758.9007835,8.107539329,776.9132379,0,770.5335424,197.2409456,-79.13016823
0.05723117328,0.09031417218,4.666675852,-6.241646484,1,464.5219682,7.793331402,254.3360238,48.65144117,179.043595,-373.5603883,-53.21573148
0.05723117328,0.09417788008,4.015455993,-5.536066682,1,-107.0526205,6.83900001,180.2016153,0,89.95315205,29.41697401,-54.04562729
0.05723117328,0.09804158798,4.6006085,-5.659058674,1,-420.6776127,7.29318474,269.2558543,22.1505818,282.4812935,141.5619055,-50.89014614
0.05723117328,0.1019052959,3.481505783,-5.042694563,1,-662.5829332,6.127777001,247.1595843,86.28586042,59.14592851,261.1788652,-55.37857444
0.05723117328,0.1057690038,2.269104178,-5.713225081,1,-487.8198704,6.147338822,215.2931287,60.51789427,-86.19784695,489.1190286,-68.33865968
0.05723117328,0.1096327117,1.263668993,-6.100677856,1,-353.1599848,6.23017894,473.025976,0,77.36269227,-25.45527816,-78.29748438
0.05723117328,0.1134964196,1.203504,-3.787239121,2,193.1381003,3.973864874,465.4481924,0,-372.559299,-294.7625554,-72.37085079
0.05723117328,0.1173601275,0.5704378905,-3.163445584,1,115.683703,3.214465328,341.0362061,0,-181.7183639,-20.96697609,-79.7781736
0.05723117328,0.1212238354,NaN,NaN,0,216.3549045,2.569948937,373.7556901,0,-20.72548411,-27.35176308,-68.34474194
0.06109488118,0.01690372206,NaN,NaN,0,-42.51271532,0.7198742389,51.18536667,0,-24.05443296,42.45807041,-24.70165477
0.06109488118,0.02076742997,NaN,NaN,0,-51.1651117,0.5972350831,9.678848531,6.908526452,-11.13133175,7.889816847,-28.39032725
0.06109488118,0.02463113787,NaN,NaN,0,-52.99323775,0.5071599639,-20.91359042,6.802520117,6.612036141,5.171525394,-35.41803562
0.06109488118,0.02849484577,NaN,NaN,0,-13.32354174,0.5175835208,-38.32130335,0,-1.525492318,3.304649674,-48.01928048
0.06109488118,0.03235855367,NaN,NaN,0,3.226001985,0.5774829001,-10.39824826,0,-1.062450687,14.17037546,-51.9494459
0.06109488118,0.03622226157,0.3545608515,-0.4796820222,1,3.578789209,0.5964966386,25.00429426,0,-35.6055617,51.75301456,-53.52974059
0.06109488118,0.04008596947,0.2321932599,-0.5580980999,1,-21.01844967,0.604472662,64.96925236,0,5.340516182,123.2713727,-67.41054968
0.06109488118,0.04394967737,0.2939858961,-0.704944385,1,-8.806033281,0.7637894298,160.7131132,0,34.4377102,211.3011226,-67.36219589
0.06109488118,0.04781338527,0.3312265725,-0.7535553915,1,28.01336282,0.8231383665,255.7336027,0,24.13907501,156.0696764,-66.27202736
0.06109488118,0.05167709317,0.4954876821,-0.3198720859,1,359.1846374,0.5897679157,229.1400442,0,424.088984,198.4693448,-32.84508206
0.06109488118,0.05554080107,3.357567052,-0.6350527679,1,127.5155574,3.417096505,213.461418,0,451.3172324,522.5397503,-10.71044383
0.06109488118,0.05940450897,2.731928505,-1.514060481,1,-175.2135363,3.123429605,119.816813,0,199.1251376,521.9231555,-28.99563256
0.06109488118,0.06326821687,3.449954495,-2.18867422,1,-151.7212841,4.085643261,-169.6743219,0,192.9260233,147.2942047,-32.39131519
0.06109488118,0.06713192477,2.891131581,-2.738734281,1,-270.8734426,3.982374578,-285.3585719,0,-9.485341895,-3.361149919,-43.44941415
0.06109488118,0.07099563267,2.366730044,-3.278229887,1,-166.1808112,4.043291023,-343.2881143,0,98.3435578,-76.47017029,-54.17246125
0.06109488118,0.07485934057,2.629028249,-3.769640879,1,-56.33500266,4.595865739,-41.7091353,0,122.2543186,219.3733421,-55.10725597
0.06109488118,0.07872304847,2.621423026,-4.286976318,1,11.0430077,5.024940261,123.4195082,0,231.5379179,446.1893493,-58.55482689
0.06109488118,0.08258675637,3.566290088,-5.016729264,1,-199.9674338,6.155160234,392.97295,0,649.4792867,585.7919087,-54.59175848
0.06109488118,0.08645046427,4.358205523,-5.031972452,1,-409.917475,6.656928882,21.34728577,53.97628654,145.1084295,148.4297071,-49.10407086
0.06109488118,0.09031417218,2.543145287,-5.50773862,1,-217.6537636,6.06652888,-222.0696362,0,52.98056236,-242.3720817,-65.21532304
0.06109488118,0.09417788008,3.721956374,-4.953529733,1,132.4477722,6.196000005,196.4386325,0,423.8017913,-151.8728552,-53.07973033
0.06109488118,0.09804158798,4.69233112,-4.161964773,1,-217.1757756,6.272154503,157.0346184,0,289.8667816,-103.6015313,-41.57211724
0.06109488118,0.1019052959,4.002813188,-3.946507782,1,-347.3041114,5.621159764,22.02632255,48.68250781,30.75187123,162.8010543,-44.59417815
0.06109488118,0.1057690038,3.469265729,-4.705877216,1,-442.5034703,5.846459191,80.2377239,60.02504519,90.39896528,333.5672131,-53.60162634
0.06109488118,0.1096327117,2.64238423,-4.925298931,1,-511.4705984,5.589343788,415.3565008,40.3636981,84.53059917,241.7885303,-61.78679104
0.06109488118,0.1134964196,1.819694281,-4.035261277,2,-270.0857861,4.426581169,336.9785632,0,-224.2589064,50.474162,-65.72708607
0.06109488118,0.1173601275,0.7323807365,-3.818329613,1,-95.70453994,3.887932944,476.5677345,0,92.29760732,68.63510201,-79.1421633
0.06109488118,0.1212238354,NaN,NaN,0,120.3801904,3.051371498,712.9010646,0,435.6401814,9.327758452,-53.69816526
0.06495858908,0.01690372206,NaN,NaN,0,-86.74423994,0.9399105864,129.3149086,0,-93.451959,87.71020206,-16.92343318
0.06495858908,0.02076742997,NaN,NaN,0,-96.50885409,0.5839882174,3.783652331,12.17560075,-42.94439598,-31.22864065,-19.32194889
0.06495858908,0.02463113787,0.3604007687,-0.1383245825,1,-52.0837153,0.3860342008,7.744306255,6.058993726,-28.39860869,54.11394248,-20.99718566
0.06495858908,0.02849484577,0.2401344629,-0.3723863686,1,-43.3547325,0.4430983726,24.90916732,0,45.52258565,114.7810669,-57.18393273
0.06495858908,0.03235855367,0.36877672,-0.4855633508,1,-6.152811799,0.6097278383,22.10450791,0,106.3861332,97.62706456,-52.78397648
0.06495858908,0.03622226157,0.6274067387,-0.6641834674,1,67.07391581,0.9136623523,116.5685041,0,99.4620446,111.8234488,-46.63099885
0.06495858908,0.04008596947,1.012223026,-0.4672298433,1,114.998337,1.114853883,131.6927875,0,165.9191538,78.19193542,-24.77747302
0.06495858908,0.04394967737,1.712789867,-0.4574718027,1,76.74307722,1.772830951,105.0168798,0,135.8181299,142.2814048,-14.95414578
0.06495858908,0.04781338527,1.833497441,-0.6112090828,1,-16.70000554,1.932689683,236.7500358,0,48.53098339,215.1222898,-18.43616573
0.06495858908,0.05167709317,1.835775468,-0.3739085096,1,176.2030083,1.873467145,297.7702466,0,128.8804344,251.2923804,-11.51246011
0.06495858908,0.05554080107,3.012250749,-0.4316321839,1,126.7643117,3.043018389,-113.0163083,0,134.1045121,78.05421423,-8.154532006
0.06495858908,0.05940450897,2.843696404,-1.112149197,1,-185.4634329,3.053438238,-75.20084987,23.62614345,-25.8703612,207.1245093,-21.36011035
0.06495858908,0.06326821687,2.195718699,-1.522454905,1,-158.3204557,2.671899988,-255.2436864,0,149.0876847,9.975394836,-34.7364445
0.06495858908,0.06713192477,2.808023674,-2.136878257,1,-47.21437677,3.528632262,-92.00005076,0,366.756957,196.5027778,-37.27077613
0.06495858908,0.07099563267,3.430337891,-2.637145563,1,-53.05803923,4.326864311,96.76512949,0,332.8458765,357.141015,-37.55205174
0.06495858908,0.07485934057,3.889042151,-3.142894623,1,-96.43838912,5.00024354,58.13317291,0,231.2533615,401.3496452,-38.94310044
0.06495858908,0.07872304847,3.951223565,-3.963233758,1,-262.7199044,5.596372886,144.1101981,28.46195603,-86.68339035,676.3508137,-45.08694631
0.06495858908,0.08258675637,2.539049881,-5.199316894,1,-255.9006452,5.786161981,103.5692815,16.83395291,-201.2633693,583.5184202,-63.97175488
0.06495858908,0.08645046427,2.184875351,-5.817617037,1,63.47806887,6.214366282,-208.4088773,0,22.74968056,-209.2687751,-69.41573431
0.06495858908,0.09031417218,2.872208717,-5.195994501,1,199.6177641,5.936997707,267.8057049,0,318.7365835,-96.41882169,-61.06733994
0.06495858908,0.09417788008,4.187645139,-4.410359857,1,145.1463779,6.081746942,209.1279339,0,355.6289586,-178.0649386,-46.48380474
0.06495858908,0.09804158798,4.807058341,-3.69999434,1,-46.20306325,6.066116386,69.44516268,0,48.26834372,-144.9507496,-37.58549023
0.06495858908,0.1019052959,4.195624779,-3.581996676,1,-189.6875175,5.516698966,51.36639075,24.62403283,-53.3776373,39.52579328,-40.48890079
0.06495858908,0.1057690038,3.867925582,-3.65424573,1,-292.8618064,5.321123957,82.47007337,29.04421549,191.1617433,138.3507583,-43.37285517
0.06495858908,0.1096327117,3.802685441,-3.79790332,1,-399.1216141,5.374428918,298.529351,34.76287606,96.97210975,287.1236528,-44.96395078
0.06495858908,0.1134964196,2.700508155,-3.610177444,1,-312.1585106,4.508450451,403.3037181,0,20.7951174,51.09202059,-53.20254026
0.06495858908,0.1173601275,2.676942397,-2.437060202,2,-211.0342627,3.620121963,678.5371621,0,479.7756997,47.10086855,-42.31439903
0.06495858908,0.1212238354,NaN,NaN,0,-222.5884104,3.917783212,965.3514232,0,772.269804,309.7282825,-17.38337301
0.06882229698,0.01690372206,1.492524579,-0.3267472974,1,-224.5790615,1.527872186,-44.33161374,0,-330.9282848,-173.6032643,-12.34852223
0.06882229698,0.02076742997,0.4193655182,-0.07701334852,1,-98.29786858,0.4263783457,-68.8495503,0,-119.1654368,-101.0314077,-10.40599696
0.06882229698,0.02463113787,0.6523098884,-0.2024060009,1,70.44801208,0.682990761,9.800167055,6.81565925,50.30600883,0.5724228346,-17.23865528
0.06882229698,0.02849484577,0.8859237828,-0.04136004027,1,-44.80179469,0.8868887201,83.64878803,0,87.82608435,36.42090269,-2.672957161
0.06882229698,0.03235855367,0.8185431763,-0.01993124713,1,-27.23630199,0.8187857998,0.4589417247,0,118.101572,81.51675481,-1.394857058
0.06882229698,0.03622226157,1.237000644,-0.3545437531,1,-54.99049839,1.286806849,-19.67669665,0,113.1168763,68.69015187,-15.9931316
0.06882229698,0.04008596947,1.043126522,-0.3613549379,1,-36.45502241,1.103943084,-30.59708351,0,39.68342067,1.018112899,-19.10686581
0.06882229698,0.04394967737,1.249474232,-0.4766956372,1,111.6421817,1.337319927,-61.39272552,0,155.977098,-25.11488828,-20.88270224
0.06882229698,0.04781338527,2.077129247,-0.5015219042,1,142.1668403,2.136817758,-82.53207896,0,211.7499399,-75.79837858,-13.57423673
0.06882229698,0.05167709317,2.616905292,-0.5027126885,1,123.0271479,2.664753901,11.9211205,0,173.4120538,39.14120968,-10.87416053
0.06882229698,0.05554080107,3.222483733,-0.6066923778,1,67.16567719,3.279096987,-160.2210169,0,94.52814504,-58.0583301,-10.66218916
0.06882229698,0.05940450897,3.24164299,-0.8974394687,1,-201.3087665,3.363576501,-105.7163919,24.06583374,14.91417023,-3.677989481,-15.4745951
0.06882229698,0.06326821687,2.502309459,-1.000938959,1,-161.742398,2.695075403,39.15774448,0,175.5262048,101.7480089,-21.80170904
0.06882229698,0.06713192477,3.294899593,-1.139269968,1,0.7045033191,3.486301678,-150.7760471,0,418.1111482,52.72559961,-19.07373422
0.06882229698,0.07099563267,4.120490801,-1.787209879,1,-43.40538962,4.491387713,-180.7490482,0,330.5482272,172.3484791,-23.4481685
0.06882229698,0.07485934057,4.404335644,-2.503535674,1,67.92328181,5.066148767,-90.04128287,0,364.5509013,380.9085962,-29.61499424
0.06882229698,0.07872304847,5.791444719,-3.606822648,1,63.5523579,6.822756154,-5.061919581,0,406.6334512,590.7623962,-31.91401506
0.06882229698,0.08258675637,6.220996269,-4.80562679,1,-629.4299218,7.860969624,324.9663129,72.62228839,-159.1968895,734.5501739,-37.68555079
0.06882229698,0.08645046427,2.744421077,-5.189335048,1,-639.4592216,5.87035308,417.8064008,65.30071666,-141.0506424,480.4072786,-62.12751947
0.06882229698,0.09031417218,3.205334141,-5.047498296,1,31.60760947,5.979247946,461.215528,0,252.459837,189.7021135,-57.58305545
0.06882229698,0.09417788008,3.841974715,-4.140286523,1,-1.100034116,5.648251251,227.7746964,0,310.4571275,-95.88937876,-47.14025281
0.06882229698,0.09804158798,4.400599587,-3.796954851,1,42.30538546,5.812240779,108.1283575,0,90.21480921,-78.33509155,-40.78850198
0.06882229698,0.1019052959,4.353994038,-3.419846221,1,-46.73895107,5.536480133,259.5107203,0,26.51312954,10.73330928,-38.14787592
0.06882229698,0.1057690038,4.322452921,-2.835751603,1,-79.29850343,5.169631167,70.78442231,0,221.9548182,-35.66993214,-33.26693655
0.06882229698,0.1096327117,4.905176368,-3.008537691,1,-297.5615748,5.754307451,-47.40237579,38.7304237,104.1964826,-69.90042458,-31.52242779
0.06882229698,0.1134964196,3.575346686,-2.748825714,1,-400.4075642,4.509894315,167.4302257,50.87619549,46.0478985,-313.7904141,-37.55408169
0.06882229698,0.1173601275,3.536034128,-1.149241703,2,196.2432552,3.718103529,338.4543027,0,621.0337793,-731.3829162,-18.00461023
0.06882229698,0.1212238354,6.733066421,1.384712801,1,605.4181657,6.873980868,-76.92555056,0,1049.485556,-1388.595361,11.62133293
0.07268600488,0.01690372206,0.05717068253,-0.6845041899,1,-17.38131927,0.6868875257,40.71829974,0,-66.70703945,-171.849717,-85.22566283
0.07268600488,0.02076742997,-0.1052757454,-0.273853827,1,68.06766532,0.2933920605,77.20973674,0,20.78655256,-44.00977634,-111.0279146
0.07268600488,0.02463113787,0.4004774262,-0.2161473995,1,83.02668505,0.4550844616,-1.692185576,0,126.4416396,-108.8179966,-28.35681486
0.07268600488,0.02849484577,0.7040486756,0.1400490155,1,17.85398756,0.7178427852,-40.50794404,0,55.91697223,-116.1159217,11.2503935
0.07268600488,0.03235855367,0.6855068663,0.07597974123,1,-21.52502654,0.6897047085,-79.00283717,0,50.70211243,-38.95977618,6.32469529
0.07268600488,0.03622226157,0.8167804128,-0.01466567565,1,-106.2637511,0.8169120668,-21.61245895,0,161.2450444,42.84191671,-1.028662074
0.07268600488,0.04008596947,0.8979385236,-0.1730531392,1,-82.48253334,0.9144621266,303.0444787,0,227.8789552,373.316085,-10.90845562
0.07268600488,0.04394967737,1.378549717,-0.2861746361,1,-126.5731353,1.407940071,523.2823417,0,210.3828555,567.1022102,-11.72752443
0.07268600488,0.04781338527,1.221754802,-0.3423603113,1,-29.82631911,1.268816527,12.93295321,0,199.2272409,-14.74478236,-15.65394233
0.07268600488,0.05167709317,2.033065397,-0.1792359505,2,-1.245588126,2.040950865,-61.56498013,0,246.3801413,-65.82221464,-5.038195644
0.07268600488,0.05554080107,2.168883112,-0.3259116007,1,-21.19339256,2.193233303,-358.7168032,0,121.6055049,-333.4843114,-8.545727456
0.07268600488,0.05940450897,2.421028468,-0.2767269285,1,-61.67260735,2.436792284,-292.2318602,0,209.5239137,-319.8126359,-6.52068854
0.07268600488,0.06326821687,2.740137372,-0.2193475394,1,-177.8702947,2.748902719,-114.1686956,0,179.9814577,-50.13332256,-4.57675832
0.07268600488,0.06713192477,2.429185385,-0.5241409052,1,-45.56417694,2.485088595,-484.0196372,0,215.8004347,-232.2018226,-12.17594227
0.07268600488,0.07099563267,3.397880546,-1.192298019,1,127.5160607,3.600995247,-403.1105014,0,541.1895373,-21.95559054,-19.33569781
0.07268600488,0.07485934057,5.012868488,-1.996812146,1,138.542324,5.395934508,-125.1842781,0,590.3736941,248.9047177,-21.71923335
0.07268600488,0.07872304847,6.214199124,-2.637668627,1,-63.7330767,6.750819694,77.07717204,0,482.9789554,435.7123749,-22.99919997
0.07268600488,0.08258675637,6.632712101,-3.382473813,2,-410.2053512,7.445401192,124.8933515,40.41665501,265.5545396,449.5150044,-27.02014635
0.07268600488,0.08645046427,5.65531064,-3.891911872,1,-619.3130849,6.86509406,507.6640535,27.36179789,296.9419891,756.1849605,-34.53524731
0.07268600488,0.09031417218,5.387164351,-4.342686004,1,-432.1341979,6.919570903,416.2529681,0,184.1601837,238.8798591,-38.87288575
0.07268600488,0.09417788008,4.697211483,-3.20659399,1,-334.4536742,5.687357974,315.8360938,0,214.1046352,101.5860251,-34.31975354
0.07268600488,0.09804158798,4.922170818,-3.514886321,1,-20.70655808,6.048321372,450.745222,0,161.1305504,474.6543907,-35.53035489
0.07268600488,0.1019052959,5.239768771,-3.298972034,1,-309.7092933,6.191800486,244.6921756,24.77413453,71.96536275,-20.49231975,-32.19462483
0.07268600488,0.1057690038,4.003597715,-2.490290891,2,-407.0243378,4.714906509,-21.53384073,56.12972992,-82.22255525,-294.1591326,-31.8821602
0.07268600488,0.1096327117,3.349461685,-2.24562754,2,-424.2870736,4.032584361,-251.8347602,47.41798807,-59.3371092,-408.4425995,-33.83965168
0.07268600488,0.1134964196,2.135015139,-1.885203945,2,-412.6783963,2.848207078,-215.9896283,44.55606438,-154.31081,-591.2337925,-41.44428641
0.07268600488,0.1173601275,1.158781009,-0.7957936979,2,-584.1242833,1.405724381,-28.2115817,49.44944158,-466.2950026,-657.2598032,-34.47936118
0.07268600488,0.1212238354,-1.923498154,0.5452546379,1,-679.5722496,1.999286815,-785.9554147,0,-915.9309524,-1480.132288,164.1735408
0.07654971278,0.01690372206,0.9858710865,-0.5173274721,1,-257.3730867,1.113359561,860.4522586,0,30.52849585,727.0913932,-27.6878608
0.07654971278,0.02076742997,0.5476404675,-0.2596937574,1,-123.6695824,0.6060948187,362.2546029,0,-73.17248787,237.3320708,-25.3705341
0.07654971278,0.02463113787,0.2253308243,-0.03466329784,1,-71.16586724,0.2279814128,48.22415971,7.373990832,2.096061967,-46.34768194,-8.745421344
0.07654971278,0.02849484577,0.2807749152,0.1057042143,1,16.96889253,0.3000132229,-64.8486435,0,18.60296599,-140.8887132,20.63000807
0.07654971278,0.03235855367,0.3627700951,0.2591333204,1,75.97614464,0.4458163519,45.65749819,0,192.7424489,-102.7304996,35.53891433
0.07654971278,0.03622226157,1.319025068,0.6790320937,1,328.1260346,1.483547005,234.4950412,0,524.3235203,84.72754021,27.23934061
0.07654971278,0.04008596947,3.656386175,0.8377911973,1,425.4985643,3.751140354,209.5810458,0,646.884928,171.749047,12.90546375
0.07654971278,0.04394967737,5.46240164,0.8252038864,1,-354.8111343,5.524381697,98.77931157,47.40719694,-55.74197885,216.3650773,8.590702038
0.07654971278,0.04781338527,2.070128869,0.3834741454,1,-627.2827135,2.105346991,126.6849463,79.95087659,-236.5722529,222.748908,10.49460646
0.07654971278,0.05167709317,2.124718381,0.4540407987,1,-379.1185957,2.172689864,22.37253125,53.32588982,-14.83148812,135.8472831,12.06237053
0.07654971278,0.05554080107,0.5480208173,-0.05495914969,1,-336.2588078,0.5507697562,76.62755193,46.13066151,13.29532871,155.2194471,-5.7268516
0.07654971278,0.05940450897,0.8768818353,0.1503846723,1,13.15686911,0.8896838218,20.90796655,0,328.3476312,-92.10648596,9.73151852
0.07654971278,0.06326821687,1.867494453,0.3816956834,1,-211.6262647,1.906102601,-103.0100099,19.67963167,121.2331077,-30.587836,11.55153692
0.07654971278,0.06713192477,0.5276290806,-0.1294334532,1,-127.121191,0.5432729199,-150.2067371,0,285.1727688,-2.526814722,-13.7831336
0.07654971278,0.07099563267,2.478159583,-0.1888963994,1,333.5891269,2.48534842,-244.0090753,0,793.4956102,-81.37830652,-4.358911429
0.07654971278,0.07485934057,4.882355284,-0.7577912394,1,386.2881075,4.940813767,-408.0986394,0,984.0417146,-70.1873158,-8.822492473
0.07654971278,0.07872304847,7.772713743,-1.49448705,1,76.67566429,7.915084994,-283.4590249,0,844.1980612,88.43677018,-10.88363907
0.07654971278,0.08258675637,8.440342372,-2.194687961,1,-445.6543168,8.7210111,135.503121,16.5120082,408.0869726,175.5439401,-14.57548118
0.07654971278,0.08645046427,7.627564498,-1.649193079,1,-926.9323761,7.803818167,176.1956586,124.2632273,227.1469833,298.2620455,-12.20039657
0.07654971278,0.09031417218,5.736576021,-2.666316825,1,-929.8339425,6.325942606,-67.21372968,120.0698775,367.4744939,28.96962041,-24.92864602
0.07654971278,0.09417788008,5.454771853,-2.020817449,1,-65.80066406,5.817064477,-9.386629971,0,645.424543,101.4065679,-20.32804672
0.07654971278,0.09804158798,7.976073382,-3.094389379,1,-445.233097,8.555290306,52.67328665,30.76309632,384.5310286,33.09349093,-21.20421088
0.07654971278,0.1019052959,5.220236792,-1.945166837,2,-1082.61864,5.570865838,108.2128579,149.7923312,-178.699768,-283.5292272,-20.43642106
0.07654971278,0.1057690038,3.102707485,-1.58081239,2,-655.7374546,3.48220642,-365.4482513,75.80971597,-86.08344623,-455.1779141,-26.99859205
0.07654971278,0.1096327117,2.354057517,-1.59847763,2,-527.3382707,2.845473164,-130.9141934,68.52093539,-157.557269,-86.97804578,-34.17771365
0.07654971278,0.1134964196,0.4564711776,-1.75056883,1,-318.4586039,1.809103967,218.1205791,31.56473369,-61.09508689,-15.97937687,-75.38522294
0.07654971278,0.1173601275,0.8875729228,-0.6939837808,1,-363.0371914,1.126676165,336.7272562,0,-278.5500565,-238.3836738,-38.02147185
0.07654971278,0.1212238354,-2.022434541,0.4714918136,1,-790.5565312,2.076667042,285.0813311,0,-715.7723833,-318.2125122,166.8769825
0.08041342068,0.01690372206,6.190975633,0.4278634293,1,-1228.907254,6.205743017,573.6748895,0,-831.0950608,835.9158488,3.953472218
0.08041342068,0.02076742997,2.211352023,-0.07874780382,1,-768.1054944,2.212753711,-224.6924966,12.9889567,-728.7074618,-131.2723563,-2.039481271
0.08041342068,0.02463113787,0.4077275882,0.06691529515,1,-307.7859296,0.4131820941,47.62551669,13.72946805,-288.0697761,-10.63727326,9.320163291
0.08041342068,0.02849484577,-0.09086037507,0.146362598,1,-16.51985813,0.17227193,-27.21400825,0,31.34133876,-146.326361,121.8315792
0.08041342068,0.03235855367,0.4649934599,0.5271306336,1,238.7679822,0.7029122439,67.44723129,0,315.3690419,-87.0731199,48.58377919
0.08041342068,0.03622226157,2.050163223,0.7433840997,1,279.0673529,2.180777192,50.15733157,24.19118163,214.3170346,9.99164786,19.93051902
0.08041342068,0.04008596947,2.371286616,0.6823191031,1,90.55907939,2.467500673,-118.9507907,0,50.75914982,-151.5508542,16.05275729
0.08041342068,0.04394967737,2.596175582,0.8693412226,1,-66.15686747,2.737860809,275.8457543,0,118.0703492,150.3415259,18.51335668
0.08041342068,0.04781338527,2.571865145,1.167230782,1,-193.2974695,2.824343822,713.5977256,0,205.7738168,620.7020379,24.41073389
0.08041342068,0.05167709317,2.644380543,1.228263025,1,-96.50121396,2.915712351,33.29074173,0,224.048912,70.18983126,24.91394634
0.08041342068,0.05554080107,3.064672194,1.024663478,1,-291.2987221,3.23143171,236.5648076,7.125168501,162.2925007,310.8936449,18.48719586
0.08041342068,0.05940450897,2.145938186,0.9410781091,2,-286.3665807,2.343219731,204.9097617,26.48916602,68.77304201,194.02375,23.6793368
0.08041342068,0.06326821687,2.223954319,1.066723848,1,-194.2328946,2.466550746,-43.94372199,21.20534913,114.8090253,-77.01154671,25.62479232
0.08041342068,0.06713192477,1.839067555,1.068842525,1,-288.5941705,2.127109262,83.21224097,10.02221261,267.0408922,207.9829447,30.16460607
0.08041342068,0.07099563267,2.140678748,0.5846462941,1,-7.302378147,2.219080168,-110.0023811,0,350.4555728,85.69288247,15.27566476
0.08041342068,0.07485934057,3.164911264,0.3127331887,1,188.4534636,3.180324725,-300.2107855,0,670.8276817,-233.7377033,5.643227232
0.08041342068,0.07872304847,5.460690098,0.3278137212,1,159.9209192,5.470520832,-527.9637166,0,1048.657976,-425.316196,3.435431876
0.08041342068,0.08258675637,7.834507088,-0.08386684757,1,-410.2694615,7.834955965,-423.142086,0,935.0986086,-485.0773956,-0.6133165517
0.08041342068,0.08645046427,7.48847662,0.5671136665,1,-1023.431543,7.509920106,-242.2478345,131.1471785,351.7692764,-437.2940744,4.330829231
0.08041342068,0.09031417218,5.239400284,0.6697348506,1,-1132.696266,5.282031816,-228.1048798,139.5000906,502.2844854,37.37616354,7.284422517
0.08041342068,0.09417788008,5.052749644,-0.4586275382,1,-531.883956,5.07352128,-232.5711136,0,535.5458038,20.72312846,-5.186406188
0.08041342068,0.09804158798,5.253548594,-0.3089201135,1,-822.228206,5.262623345,-376.8437438,31.71466535,695.315891,-545.6282397,-3.365241686
0.08041342068,0.1019052959,4.56239753,0.1935064521,1,-1310.123167,4.566499312,-860.895045,137.2767,165.9862939,-865.9694231,2.428648961
0.08041342068,0.1057690038,0.8329379171,-0.2893141988,1,-730.8773496,0.8817529582,-623.7254548,45.80712755,199.0545867,-362.2128767,-19.15425405
0.08041342068,0.1096327117,2.507589719,-0.816901762,1,-45.15869374,2.637296852,-372.1899537,0,584.3018785,-216.5073017,-18.04414355
0.08041342068,0.1134964196,2.9160297,-0.8908264913,1,-409.5339335,3.049065602,16.29789766,53.18227742,158.7805487,-73.65239976,-16.98754207
0.08041342068,0.1173601275,1.538751885,-0.4693600872,1,-725.1378956,1.608743689,239.548265,55.37658083,-560.5537736,-206.9205874,-16.96309449
0.08041342068,0.1212238354,-2.051507361,0.8341987409,1,-888.8188671,2.214626377,288.9827257,0,-969.6338619,-385.788174,157.8720025
0.08427712858,0.01690372206,6.432117958,1.019702643,1,-1902.905405,6.512444619,-30.56055124,0,-1855.050368,552.9069051,9.00830063
0.08427712858,0.02076742997,-0.827703747,-0.1074712674,1,-810.8766509,0.8346517634,-134.7130354,35.65890308,-758.5679142,118.4604726,-172.6019524
0.08427712858,0.02463113787,0.3682425927,0.04151416004,1,33.83879391,0.3705752725,-4.204605965,0,79.51588446,-107.2396119,6.432133519
0.08427712858,0.02849484577,-0.3897343806,0.2906258989,1,-51.83919849,0.4861648903,83.24996392,0,30.79692496,-49.67501204,143.2880143
0.08427712858,0.03235855367,0.2869413942,0.5550974398,1,229.3228781,0.6248748126,71.68553517,0,273.0850642,35.90905262,62.66461857
0.08427712858,0.03622226157,1.551423155,0.4288557772,1,286.5016666,1.609605878,-15.18007474,0,315.0721322,-48.54658652,15.45225424
0.08427712858,0.04008596947,2.611246833,0.684015895,1,667.3899055,2.699349508,157.5000926,0,771.0318875,-129.3094411,14.67881431
0.08427712858,0.04394967737,7.109064801,1.537004039,1,542.0780875,7.273319996,119.6394123,0,652.1702077,-201.6460379,12.19976765
0.08427712858,0.04781338527,7.225473406,1.925369027,1,-668.6183891,7.477600674,138.1240988,56.35290612,-517.9432845,97.86515113,14.92087533
0.08427712858,0.05167709317,2.524537089,1.692552853,1,-676.8094591,3.039411567,-62.58918733,63.08679003,-503.9819357,-3.634371999,33.83951574
0.08427712858,0.05554080107,2.663240365,1.697584841,1,-158.4958751,3.158265906,-116.9399267,0,130.9853348,-72.93752819,32.51397857
0.08427712858,0.05940450897,2.418244397,1.522540438,1,-303.9994737,2.857627573,-8.758594606,42.72764988,-22.90974712,22.77625573,32.19475179
0.08427712858,0.06326821687,1.400158626,1.575743391,1,-166.7180733,2.107940087,-347.9103207,0,-31.41340985,-475.9835868,48.37666231
0.08427712858,0.06713192477,1.65272222,2.017378128,1,-15.68776155,2.60793122,-47.63082997,0,270.3851093,51.33306138,50.67420326
0.08427712858,0.07099563267,2.384234781,1.193375822,1,-28.93224647,2.666218547,-105.9053242,0,330.8733091,129.9862892,26.58923926
0.08427712858,0.07485934057,2.819334289,1.105961838,1,-53.01167033,3.028497552,44.92291026,0,494.3710784,-148.1448718,21.41896754
0.08427712858,0.07872304847,4.089518613,1.939333337,1,-115.0150845,4.526055267,2.865095167,0,661.6178171,-488.2329618,25.3712643
0.08427712858,0.08258675637,4.931247585,3.003421281,1,-433.2541037,5.773884493,-266.3736305,0,669.4247633,-712.7965737,31.34388532
0.08427712858,0.08645046427,5.002013056,3.664181189,1,-549.1007818,6.200512753,-350.4684876,0,566.8061544,-518.0147816,36.22431668
0.08427712858,0.09031417218,4.999655973,3.650771221,1,-595.6078853,6.190693851,-385.9669182,0,500.9423604,17.987491,36.13708655
0.08427712858,0.09417788008,4.63625312,2.103419347,1,-628.7344699,5.091091822,22.71396585,57.73366028,476.6150816,250.9438178,24.40329667
0.08427712858,0.09804158798,4.411911091,2.768957738,1,-1443.222329,5.208846939,-137.8080393,201.7175352,-132.4962225,-566.0675365,32.1127763
0.08427712858,0.1019052959,-1.451863096,3.75808895,1,-1091.206829,4.028788777,282.3771651,144.9359288,-233.5779261,478.2472406,111.1230501
0.08427712858,0.1057690038,-0.7066702353,2.01217298,1,-263.8823943,2.132656307,131.7542086,0,660.2287062,888.6734348,109.3511503
0.08427712858,0.1096327117,0.07950328032,0.8335741557,1,-341.1862348,0.8373569398,3.567911027,0,584.8745244,409.1215127,84.55181651
0.08427712858,0.1134964196,0.2348701347,0.4452323248,1,-249.872598,0.5033843494,-90.34933701,0,491.6438401,140.4271572,62.18733801
0.08427712858,0.1173601275,1.013636738,-0.0580788083,1,-477.8847585,1.015299259,-162.5000504,56.52716072,-203.1534356,-88.4815033,-3.279316984
0.08427712858,0.1212238354,-2.396462516,0.1592462796,1,-618.9884427,2.401747691,-168.332999,0,-1146.206724,-280.8286086,176.1982525
0.08814083648,0.01690372206,8.209169367,0.612761314,1,-1388.561836,8.232006932,-731.2023469,0,-1748.638313,-477.8687869,4.268842349
0.08814083648,0.02076742997,2.148556867,0.1233578753,1,-1089.835635,2.152095206,112.3912757,42.75044583,-1040.767893,207.9893625,3.285989244
0.08814083648,0.02463113787,-0.02286031671,0.2433982308,1,-314.5200088,0.2444694108,30.55540738,29.71066301,-231.5081821,-58.03476933,95.36556312
0.08814083648,0.02849484577,0.03886343178,0.465644441,1,81.16875179,0.4672634287,175.6629781,0,152.6915344,58.46552979,85.22905972
0.08814083648,0.03235855367,0.8807075188,0.6962149378,1,193.6466934,1.122657995,127.5953257,0,263.1887175,27.14063232,38.32699687
0.08814083648,0.03622226157,1.803942018,0.8537720334,1,116.6829235,1.995778918,24.76898852,0,297.2975277,-75.27649108,25.32731871
0.08814083648,0.04008596947,2.480207059,1.082761448,1,-12.55253779,2.706251911,-27.00004972,0,135.5908027,-141.1217678,23.58420044
0.08814083648,0.04394967737,2.279325934,1.294705017,1,122.0301074,2.621371358,-553.6191531,0,137.6819727,-726.156504,29.59748513
0.08814083648,0.04781338527,3.483658674,1.749395374,2,19.80814701,3.898238312,-593.0620463,0,8.451266548,-748.6931372,26.66451563
0.08814083648,0.05167709317,2.388512054,1.896018093,1,-222.5106536,3.04956955,-33.76053445,29.1127329,-75.80835318,-135.6675503,38.44279968
0.08814083648,0.05554080107,2.331041171,2.143134316,1,-117.5523426,3.166508746,-79.24143631,7.471808771,68.78734166,-113.1748022,42.59509959
0.08814083648,0.05940450897,2.200098334,2.027126707,1,-546.512929,2.991600803,-164.4196749,59.58601671,-305.0970622,-21.12914016,42.65685088
0.08814083648,0.06326821687,-0.9593310802,1.589501545,1,-173.3406482,1.856564376,-10.03567056,21.36547808,83.60134913,-48.08663957,121.1127489
0.08814083648,0.06713192477,1.853371895,2.174144536,1,311.6388698,2.856902492,-8.035163221,0,514.7827245,-107.7653516,49.55372551
0.08814083648,0.07099563267,2.233720563,1.974829862,1,-105.4798794,2.981519837,-50.49087455,0,341.7088811,-116.1054888,41.47986245
0.08814083648,0.07485934057,2.766091755,2.42766024,1,-118.2609853,3.680325779,109.9299975,0,468.0932989,-240.4242664,41.27180447
0.08814083648,0.07872304847,3.585370437,3.328496399,1,-128.7368239,4.892215188,89.36850271,0,461.3674762,-363.2800949,42.87224253
0.08814083648,0.08258675637,4.051279435,4.176562203,1,-162.3113246,5.81863703,20.42472034,0,304.0250692,-380.7846238,45.87235748
0.08814083648,0.08645046427,4.132910951,4.878652112,1,-218.0285421,6.393918936,-119.4321316,12.96092594,157.5570529,-308.3497503,49.73066476
0.08814083648,0.09031417218,3.817635264,4.906484698,1,70.01114237,6.216746022,-360.997851,0,441.7181303,-84.95942303,52.11424579
0.08814083648,0.09417788008,6.110083385,3.812120257,1,-525.8981723,7.201762272,-80.34575932,68.00899893,193.6638714,-41.22737794,31.96030401
0.08814083648,0.09804158798,2.533978971,4.755342699,1,-84.71206625,5.38835166,13.90974701,0,444.7663733,92.84589937,61.94818978
0.08814083648,0.1019052959,7.501228056,3.507134021,1,182.0326884,8.28060453,686.438709,0,398.1336574,1067.979337,25.05803136
0.08814083648,0.1057690038,4.775572265,3.281181161,1,-763.1332837,5.794155699,613.8694976,61.77771108,-116.6244611,806.9502198,34.49202398
0.08814083648,0.1096327117,4.102101106,2.76112651,1,-670.4681442,4.944800612,344.8268459,73.72833256,239.2615058,683.1041601,33.94451865
0.08814083648,0.1134964196,3.109515769,1.974176429,1,-865.7087308,3.683267692,355.8470669,111.0729037,-48.71563146,917.2262059,32.41073997
0.08814083648,0.1173601275,0.5690324733,0.5921214954,1,266.4261105,0.8212221509,-951.2054727,0,-2051.357208,-128.9396061,46.13915057
0.08814083648,0.1212238354,-3.786936613,-1.202818696,1,-732.7634731,3.973369065,-403.4113345,0,-1522.049364,525.7169732,-162.3789476
0.09200454438,0.01690372206,1.760620267,-0.3715276839,1,-163.1206071,1.799393382,-835.0216344,0,-535.9316222,-1069.842615,-11.9157906
0.09200454438,0.02076742997,0.4101534562,0.08211215537,1,-181.2284492,0.4182920794,-130.2453979,0,-206.6243441,-320.1601931,11.32087438
0.09200454438,0.02463113787,0.2620703648,0.3622476108,1,3.99137997,0.4471064836,135.9793711,0,23.11116805,10.48932462,54.11590022
0.09200454438,0.02849484577,0.5148697851,0.5669690393,1,52.16049273,0.7658621201,121.8525518,0,109.0125537,2.397378508,47.75712321
0.09200454438,0.03235855367,0.8847959376,0.8237875077,1,94.68754348,1.208920886,20.19814162,0,123.0843883,-124.6701625,42.95500705
0.09200454438,0.03622226157,1.356276919,1.12669785,1,100.4169488,1.763217266,-54.01204947,0,178.2990744,-165.9798776,39.71737761
0.09200454438,0.04008596947,1.961673239,1.25639849,1,69.22701859,2.329527648,-78.88870098,0,139.9266199,-200.7354959,32.63845963
0.09200454438,0.04394967737,2.164385484,1.597478274,1,-30.34673451,2.690074601,4.87310815,0,50.96166364,-156.9121211,36.4300982
0.09200454438,0.04781338527,2.041323303,1.881489358,1,-71.89716564,2.776148957,-234.8493737,0,-4.316935588,-406.1587565,42.66678948
0.09200454438,0.05167709317,1.869916459,2.25936769,1,-85.89306743,2.932802401,-89.74774808,0,54.44061757,-228.4894975,50.38788312
0.09200454438,0.05554080107,1.919800224,2.417546952,1,-67.30080741,3.087096721,-78.35321377,0,23.66953679,-129.0643816,51.5465302
0.09200454438,0.05940450897,1.701337974,2.45530083,1,-163.7938568,2.987147982,-122.2560074,14.82379579,-28.82143562,-161.3234701,55.28096519
0.09200454438,0.06326821687,1.175590997,2.568492216,1,-250.4533898,2.824741839,272.7546043,0,122.0702068,182.9533502,65.40657574
0.09200454438,0.06713192477,1.205302856,2.802266645,1,-66.18950707,3.050484113,-34.49738764,0,212.4128016,-125.7802594,66.72663215
0.09200454438,0.07099563267,1.740555095,2.921182569,1,-30.10980988,3.400417569,-4.627524448,0,317.3571185,-151.9463405,59.21185651
0.09200454438,0.07485934057,2.315142551,3.371463519,1,5.367064757,4.089822892,66.96800837,0,328.6771145,-269.0153134,55.52309243
0.09200454438,0.07872304847,3.03120423,4.219323984,1,42.47340857,5.19527612,23.08595456,0,274.2636894,-347.994212,54.30615835
0.09200454438,0.08258675637,3.538922179,4.80520889,1,-24.30982104,5.967746867,-67.42529825,0,106.6101909,-299.3295363,53.62923666
0.09200454438,0.08645046427,3.349188819,5.11533422,1,-57.4527763,6.11422194,-134.4809747,0,-10.43922165,-207.3978628,56.78582381
0.09200454438,0.09031417218,3.276607331,5.086938446,1,50.79847206,6.050875834,-135.9400796,0,160.7447478,-75.96211903,57.21353714
0.09200454438,0.09417788008,4.166530029,4.8835969,1,4.421236277,6.419461906,-379.2710567,0,396.1722958,-308.8126564,49.53024066
0.09200454438,0.09804158798,4.824383725,4.814707768,1,84.23008512,6.815870394,126.6858993,0,216.0425466,201.8874767,44.94248511
0.09200454438,0.1019052959,5.326695768,4.593039971,1,-198.9722659,7.033470266,-449.119667,0,188.2515814,-370.2799745,40.77015069
0.09200454438,0.1057690038,4.782962132,4.510094226,1,-340.9004257,6.574015263,-73.2563268,46.92330431,10.75969766,-9.9657816,43.31813259
0.09200454438,0.1096327117,4.051128429,4.348503792,1,-197.0511534,5.94315798,-120.4414697,0,292.9929985,114.6278553,47.02761734
0.09200454438,0.1134964196,5.153653397,3.601855017,1,-1254.227884,6.287567328,-1626.369914,0,-612.0769585,1831.919549,34.9494504
0.09200454438,0.1173601275,-3.159728336,-9.013316526,1,-1301.837133,9.551112917,-575.0717502,146.7606869,-529.9686954,1105.225787,-109.3187391
0.09200454438,0.1212238354,-1.923909254,-2.890323852,2,-35.76152823,3.472088533,2226.858188,0,675.467797,-942.6322765,-123.6492429
0.09586825228,0.01690372206,0.8493303161,-0.8276715503,1,-78.91151778,1.185918286,215.7053098,0,-149.3713137,-225.7913704,-44.26005635
0.09586825228,0.02076742997,0.4083212264,0.02523555539,1,-37.97883033,0.4091003021,235.4710585,0,-41.29175222,-60.86165789,3.536563879
0.09586825228,0.02463113787,0.54305194,0.317271507,1,10.5480831,0.6289408706,148.7209755,0,18.07924736,-22.1171571,30.29509001
0.09586825228,0.02849484577,0.5189288692,0.6853041981,1,-25.56287288,0.859609804,49.2365552,0,8.482442533,-77.2379499,52.86611616
0.09586825228,0.03235855367,0.4770581464,0.8059320516,1,69.80420189,0.9365420155,-26.12956582,6.848777951,42.78935161,-147.6143238,59.37729051
0.09586825228,0.03622226157,0.9539574714,1.154685817,1,131.1781288,1.497776417,-42.80917333,8.677098749,107.6501464,-185.1574094,50.43777862
0.09586825228,0.04008596947,1.39982084,1.355924056,1,80.04560586,1.948853106,-83.28082721,0,110.9455732,-200.8288178,44.08740182
0.09586825228,0.04394967737,1.691891599,1.608856917,1,-51.77148454,2.334720061,-52.28750233,0,-49.90036868,-221.705482,43.55895304
0.09586825228,0.04781338527,1.006990498,2.010505643,1,-80.1830312,2.248591292,-6.485316997,7.789560925,-57.75578794,-221.1416948,63.39534601
0.09586825228,0.05167709317,1.158936294,2.43822646,1,56.22067948,2.699644718,-102.5530622,0,79.05084854,-227.8501921,64.57735321
0.09586825228,0.05554080107,1.529640169,2.494617153,1,-16.12782383,2.926245682,-101.1569644,0,2.020591009,-129.7290665,58.48436025
0.09586825228,0.05940450897,1.104430067,2.548620717,1,-132.521853,2.777630884,-1.866266455,16.93707859,-55.96258832,-140.1289842,66.57078185
0.09586825228,0.06326821687,0.8013913439,3.028823908,1,-26.75582039,3.133050008,148.1106208,0,60.31835164,-33.57023564,75.17981648
0.09586825228,0.06713192477,1.234105884,3.250582477,1,51.2217051,3.476967612,74.582306,0,162.9180697,-0.09121417977,69.21039148
0.09586825228,0.07099563267,1.628764884,3.317340578,1,43.92184767,3.695622215,19.38894887,0,150.5374961,-90.93340643,63.84964835
0.09586825228,0.07485934057,1.985439987,3.676835833,1,54.01180464,4.178647351,31.42391484,0,127.4861166,-203.2537016,61.63157339
0.09586825228,0.07872304847,2.330019836,4.224066339,1,103.8230444,4.824078033,-36.31279309,10.31581731,64.10007838,-296.5713529,61.11861291
0.09586825228,0.08258675637,2.634245883,4.682398887,1,113.6999393,5.372532988,-84.85129775,10.55796184,11.04322511,-301.2839157,60.63856091
0.09586825228,0.08645046427,2.811990986,5.060298755,1,77.03278533,5.789120554,-45.61532223,8.404477984,17.34836136,-213.5592047,60.93921948
0.09586825228,0.09031417218,2.998907065,5.331284993,1,50.32088001,6.116865476,-55.99020374,0,115.203517,-124.6892806,60.64176269
0.09586825228,0.09417788008,3.451528906,5.325731921,1,57.5452008,6.346374735,-180.8965137,0,150.696073,-163.6443181,57.0533181
0.09586825228,0.09804158798,3.80349052,5.264627548,1,86.86491956,6.49483205,-244.4943262,0,141.8734592,-161.0309617,54.1533395
0.09586825228,0.1019052959,4.335307187,5.00325386,1,42.53680924,6.620229421,-255.3557338,0,125.8340521,-93.6627677,49.09115084
0.09586825228,0.1057690038,4.454026347,4.639893158,1,-56.29914738,6.431715107,-116.6707843,0,-9.872570334,-26.41036672,46.17088141
0.09586825228,0.1096327117,4.079638999,4.654513971,1,-133.4573267,6.189342022,-51.81351946,17.29654427,-8.977568216,-4.027007493,48.76573079
0.09586825228,0.1134964196,3.903699518,4.455260034,1,-357.4070256,5.923530358,-368.9777938,0,-21.04968583,-89.42294044,48.77515221
0.09586825228,0.1173601275,2.617392813,3.574395675,1,-2108.24431,4.43024261,448.8124111,212.8145458,1401.989489,1201.999878,53.78611297
0.09586825228,0.1212238354,1.174937187,1.545163667,2,-1258.720189,1.941135789,90.16898498,0,512.0511021,1140.575517,52.75076519
0.09973196018,0.01690372206,1.721650675,-0.643763754,1,-249.8195946,1.838073126,292.5372592,0,-79.84171226,-76.5774696,-20.50189619
0.09973196018,0.02076742997,1.084793177,0.06931199287,1,-135.6715016,1.087005238,163.5932497,0,-115.4914127,-104.3125057,3.655898406
0.09973196018,0.02463113787,0.7512305383,0.3913458297,1,-89.9158415,0.8470530562,44.20838891,0,-85.59240576,-118.6398948,27.51679744
0.09973196018,0.02849484577,0.4066805751,0.6985101934,1,-44.95897211,0.808273209,8.767109071,0,-94.21568952,-76.14204972,59.79154937
0.09973196018,0.03235855367,0.2135002986,0.7194100173,1,40.30362316,0.7504219816,-4.23507693,4.67753522,-22.49687941,-91.53008328,73.47061878
0.09973196018,0.03622226157,0.4754806317,1.035792599,1,126.101187,1.13971406,-19.99177141,16.51511274,42.24908083,-189.8744172,65.34250907
0.09973196018,0.04008596947,0.8639565586,1.375786938,1,102.929167,1.624564752,-46.24473072,9.802100052,60.19807001,-193.4906238,57.87230319
0.09973196018,0.04394967737,1.105756626,1.60470772,1,40.21696989,1.948790543,-48.08655097,0,36.88059245,-201.399056,55.43042229
0.09973196018,0.04781338527,1.161839019,1.968141675,1,-37.44231108,2.285487161,92.96450919,0,-95.18206013,-99.30392679,59.44567524
0.09973196018,0.05167709317,0.5933347951,2.347576795,1,34.43586029,2.421396908,57.6714246,0,-69.14732927,-76.79149642,75.81590741
0.09973196018,0.05554080107,1.027724042,2.487667126,1,105.9379872,2.691598862,82.87328071,7.5232313,38.83874587,-21.56698278,67.55312755
0.09973196018,0.05940450897,1.152709802,2.751103466,1,66.91902497,2.982835927,124.7602359,0,85.8920987,16.76701602,67.26636116
0.09973196018,0.06326821687,1.618141588,2.904921382,1,59.74153729,3.325199308,149.6135122,0,28.36162219,24.67515813,60.8806821
0.09973196018,0.06713192477,1.493114676,3.233828771,1,-11.32650789,3.561887134,83.82040527,0,-28.53504032,-27.00394294,65.21641293
0.09973196018,0.07099563267,1.46412821,3.333114292,1,17.47921592,3.640511269,11.16852864,0,23.44721418,-97.92823478,66.28568508
0.09973196018,0.07485934057,1.651242447,3.655346798,1,43.89759548,4.01100509,17.77036946,3.94170597,28.80689529,-171.8743378,65.68971386
0.09973196018,0.07872304847,1.745037125,4.065846046,1,95.36177374,4.424506598,-20.31735464,13.10047678,7.069897534,-215.266495,66.77127595
0.09973196018,0.08258675637,2.047008505,4.408573332,1,138.9945559,4.860633975,-56.69908912,17.7333706,17.01543301,-268.6418692,65.09340415
0.09973196018,0.08645046427,2.347814152,4.88473104,1,125.1780216,5.419670527,-46.24012676,16.30983599,12.38570948,-286.696366,64.32903665
0.09973196018,0.09031417218,2.578514579,5.337626003,1,105.8927005,5.927814841,-118.1651592,0,20.2842144,-211.0224948,64.21561722
0.09973196018,0.09417788008,2.835324895,5.243504661,1,121.4769937,5.960990554,-246.2085684,0,54.27073489,-165.8760707,61.59854151
0.09973196018,0.09804158798,3.257552467,5.027244697,1,202.1549746,5.990395423,-192.4040224,0,93.63998759,-107.3488157,57.05758204
0.09973196018,0.1019052959,3.978190227,4.914876187,1,151.2682447,6.323132563,-147.2506416,0,100.4552077,-59.82898657,51.01266167
0.09973196018,0.1057690038,4.230138358,4.689472958,1,-51.46308408,6.315475212,-88.8603434,0,14.5003306,-66.75231383,47.94796548
0.09973196018,0.1096327117,3.835376944,4.829457218,1,-163.8216052,6.167152773,-22.69510731,21.49486202,-55.55613298,-77.556545,51.54469206
0.09973196018,0.1134964196,3.382526858,4.901441528,1,-159.5738941,5.955301588,-159.0610141,1.802605626,-0.07813242097,-86.52559243,55.39011002
0.09973196018,0.1173601275,3.218528148,4.549201536,1,-48.90813849,5.572625778,-124.8603986,0,-93.75245323,121.0231868,54.72086132
0.09973196018,0.1212238354,2.831328003,3.951419176,1,-49.29575454,4.861083395,-158.6412336,0,-151.1335507,150.7933174,54.37709756
0.1035956681,0.01690372206,1.683735861,-0.1709266632,1,-357.24765,1.692389546,-189.46941,0,-184.3932726,-331.3705033,-5.796598533
0.1035956681,0.02076742997,0.6373647055,0.1032055244,1,-180.114295,0.6456664371,-79.71307554,0,-189.5475831,-210.3913452,9.19780724
0.1035956681,0.02463113787,0.2554703425,0.3339759998,1,-13.96163972,0.420481943,-34.66540322,0,-84.06671451,-136.0667295,52.58631629
0.1035956681,0.02849484577,0.2586117788,0.4949906299,1,33.590903,0.5584762983,3.761232892,0,-72.00498763,-55.5893339,62.41482595
0.1035956681,0.03235855367,0.1070495403,0.5632892536,1,22.18482277,0.573371073,36.07435476,0,-52.08251728,-50.81501443,79.23961965
0.1035956681,0.03622226157,0.1430958203,0.8307057721,1,78.14824591,0.8429403855,40.44071091,9.130398244,16.70983495,-121.9769308,80.22625474
0.1035956681,0.04008596947,0.4735534567,1.190823579,1,102.003986,1.281527867,65.16344008,8.602115162,49.36777477,-132.9002793,68.31382472
0.1035956681,0.04394967737,0.7279520881,1.595966129,1,81.05343603,1.754144273,24.39270792,8.230937961,50.67064769,-130.0166196,65.481322
0.1035956681,0.04781338527,0.9824968397,1.787416118,1,89.92350465,2.03964615,15.72061469,12.47997517,2.503211405,-98.688951,61.20353212
0.1035956681,0.05167709317,1.085061921,2.038011272,1,151.7642782,2.308863209,120.1419184,10.90601852,51.15296536,4.204280748,61.96862133
0.1035956681,0.05554080107,1.766509797,2.235365285,1,87.78374181,2.849107723,124.8137648,0,58.75634915,-26.31460058,51.68225054
0.1035956681,0.05940450897,1.651250028,2.621927132,1,-1.439833837,3.098568789,112.0730508,0,-74.06223512,-61.90899315,57.79789713
0.1035956681,0.06326821687,1.474791856,2.907581082,1,-4.584228585,3.260220663,38.45457972,0,-46.56402977,-107.0446706,63.10483058
0.1035956681,0.06713192477,1.453628098,3.184093735,1,14.61893725,3.500212502,37.99659021,0,-61.5275389,-74.02484333,65.46197238
0.1035956681,0.07099563267,1.293550722,3.34039918,1,3.483646494,3.582113922,3.350612653,0,-19.94473342,-109.0895749,68.83138678
0.1035956681,0.07485934057,1.390027267,3.618529776,1,30.63988426,3.876329906,-12.49071958,3.934819325,2.03389347,-152.9084615,68.98614801
0.1035956681,0.07872304847,1.419792655,3.882932319,1,46.75729102,4.134365075,-24.14132234,0,-50.07115821,-177.5114595,69.91508093
0.1035956681,0.08258675637,1.377223452,4.211107186,1,87.697844,4.430594562,-61.72295085,2.203643593,-60.30732271,-253.6551328,71.88990266
0.1035956681,0.08645046427,1.525621628,4.624502207,1,119.1198168,4.869655225,-122.6087685,0,-28.58536571,-326.9232878,71.74229555
0.1035956681,0.09031417218,1.727022126,5.000518808,1,127.4654301,5.290349117,-188.4293287,0,-41.08917939,-302.714459,70.94669547
0.1035956681,0.09417788008,1.859354231,5.066066568,1,139.5030315,5.396501517,-289.3480058,0,98.17305813,-249.1893093,69.84578873
0.1035956681,0.09804158798,2.645333111,4.845357336,1,206.9685237,5.520441557,-216.6822578,0,226.7748659,-149.6121149,61.36757307
0.1035956681,0.1019052959,3.535211992,4.806927127,1,104.0104058,5.966931559,-96.63768148,0,208.5006364,-109.423117,53.66770659
0.1035956681,0.1057690038,3.852784494,4.894756524,1,-83.35628184,6.22917248,-56.88951372,0,124.01254,-125.7076054,51.79283731
0.1035956681,0.1096327117,3.692295898,5.072820131,1,-168.0420489,6.274277096,22.67783683,21.65375427,-64.36679537,-23.06799817,53.9506764
0.1035956681,0.1134964196,2.954824606,5.071505068,1,-304.0225617,5.869510381,-62.55320997,41.83875194,21.98029086,370.1114303,59.77352419
0.1035956681,0.1173601275,2.602566947,3.401130342,1,421.906447,4.282644314,-777.6982442,0,-890.4225775,236.8227807,52.57654951
0.1035956681,0.1212238354,1.144615132,1.151692169,1,415.548909,1.623742175,-1079.493843,0,-1170.239405,84.8996523,45.1765805
0.107459376,0.01690372206,-0.2907226134,0.02409506954,1,28.46385096,0.2917194034,-231.0345692,0,103.3458273,-235.573967,175.2621583
0.107459376,0.02076742997,-0.03608556583,0.03286452315,1,50.84643661,0.04880824667,-75.05684344,0,48.09842968,-100.0031466,137.6746604
0.107459376,0.02463113787,0.09157144821,0.1204802983,1,77.22274608,0.1513302098,-0.8812252431,10.69610288,-14.45467358,-67.56690645,52.76323034
0.107459376,0.02849484577,0.2064319318,0.2905185165,1,45.85971293,0.3563918502,29.12494428,2.859997958,-29.0429015,-51.62194925,54.60377821
0.107459376,0.03235855367,0.1565466954,0.4324627088,1,11.9641899,0.4599248442,83.46485975,0,-23.86556505,-47.98762627,70.10030687
0.107459376,0.03622226157,0.1604484946,0.7984125253,1,56.95553588,0.8143747786,118.0868972,0,58.39855246,-73.42687752,78.63722245
0.107459376,0.04008596947,0.6022411979,1.172415993,1,90.58288579,1.31804921,67.83405697,4.996964254,48.45665939,-110.4674587,62.81155167
0.107459376,0.04394967737,0.6976566838,1.4873175,1,83.35759843,1.642814108,45.40805313,9.379869391,-21.49153321,-73.1203699,64.87011423
0.107459376,0.04781338527,0.8412736029,1.630375198,1,95.95634065,1.83462927,45.67695762,11.89797556,1.389399033,-76.36295386,62.70626593
0.107459376,0.05167709317,1.073772187,1.95884407,1,96.42546432,2.233843504,81.63808021,1.409606686,50.33056724,-111.2177414,61.26993417
0.107459376,0.05554080107,1.408296041,2.375513759,1,22.21812975,2.761587109,4.149443368,0,48.37646173,-128.2797317,59.33890504
0.107459376,0.05940450897,1.346529068,2.47051172,1,14.06609489,2.813639759,-4.761127715,0,-28.34422633,-99.80193909,61.40782466
0.107459376,0.06326821687,1.353129512,2.742723693,1,65.02682339,3.05834804,-1.409615061,2.197582762,-63.11597466,-122.8238942,63.74045856
0.107459376,0.06713192477,1.353912029,2.93962103,1,30.59787501,3.236425433,-5.451409115,0,-107.6082946,-134.8271786,65.27044747
0.107459376,0.07099563267,1.055583746,3.242593876,1,-8.079139168,3.410083883,10.35057747,0,-80.36535869,-146.2866713,71.96802291
0.107459376,0.07485934057,1.012188324,3.544821606,1,28.36942406,3.68650043,-13.50400313,0,-51.57875288,-129.7486411,74.06383726
0.107459376,0.07872304847,0.9659096786,3.691729202,1,26.54602255,3.815998691,-58.26684584,0,-74.09325389,-133.8168103,75.33772169
0.107459376,0.08258675637,0.8284797109,3.8367246,1,18.67595784,3.925154046,-64.77689164,0,-110.5452434,-225.8429384,77.81497379
0.107459376,0.08645046427,0.6109535942,4.314041359,1,71.685799,4.35708815,-124.9316767,0,-109.8877718,-344.8384732,81.93938733
0.107459376,0.09031417218,0.6808784467,4.686380227,1,94.07111286,4.735583923,-191.1246465,0,-56.89945675,-390.3571912,81.7334085
0.107459376,0.09417788008,0.7545740156,5.083817716,1,168.8379956,5.13951209,-173.0674906,0,131.7591479,-281.0959446,81.55741752
0.107459376,0.09804158798,1.842298005,5.103770618,1,259.432702,5.42609772,-135.1763014,0,368.8387767,-195.9412986,70.15203841
0.107459376,0.1019052959,3.182031492,5.318595916,1,129.5153472,6.197805009,-125.787829,0,305.9053587,-225.9286535,59.10858682
0.107459376,0.1057690038,3.524636427,5.490685513,1,-61.49383948,6.524621778,-287.3743905,0,230.2017232,-264.4513838,57.30237228
0.107459376,0.1096327117,3.833869475,5.230028114,1,69.74740284,6.484732009,77.4060008,0,201.0301985,-96.08946765,53.75673913
0.107459376,0.1134964196,4.570841984,6.161021325,1,-457.6177033,7.671426218,-263.0392292,40.23363953,-242.5196254,1225.500471,53.4283987
0.107459376,0.1173601275,1.128743347,-0.5212544838,1,-454.2879019,1.243289097,-1762.116663,0,-990.5251007,395.5580894,-24.7875266
0.107459376,0.1212238354,-1.011493429,-2.175603661,1,-389.5782897,2.399243682,-744.6184608,0,-718.2884696,111.7346691,-114.9349138
0.1113230839,0.01690372206,NaN,NaN,0,-7.018331152,0.1679376494,27.37483398,0,48.47450085,40.73370719,135.1707555
0.1113230839,0.02076742997,NaN,NaN,0,-12.46942549,0.1004728233,-12.22018277,0,40.96795195,23.66094351,112.8502246
0.1113230839,0.02463113787,-0.008993244664,-0.02023877084,1,10.15724248,0.02214692517,9.383345324,0,44.37738841,-19.86337347,-113.9583173
0.1113230839,0.02849484577,0.1716899229,0.2055888068,1,21.6017564,0.2678510539,47.23158913,0,43.90952415,-67.96664238,50.13429788
0.1113230839,0.03235855367,0.2441232076,0.4248535464,1,4.38386022,0.4899966085,82.54061924,0,32.87546988,-80.69438094,60.11808561
0.1113230839,0.03622226157,0.315649091,0.8362811666,1,15.90933018,0.8938683003,75.1122221,0,0.8381154178,-81.00894817,69.32129978
0.1113230839,0.04008596947,0.3088304454,1.028060145,1,95.65666688,1.073444878,-22.00700453,12.91500349,-16.65724256,-113.7785757,73.2796719
0.1113230839,0.04394967737,0.6208797909,1.190859711,1,146.7766078,1.342996116,0.7096912794,20.69230407,-3.10511853,-101.2589211,62.46376744
0.1113230839,0.04781338527,0.8639351135,1.422037078,1,86.09725141,1.663903042,62.55225542,8.3185284,4.462120236,-110.6115448,58.7199188
0.1113230839,0.05167709317,0.9707747506,1.859914054,1,74.37491814,2.098019043,84.07739045,0,35.09803334,-152.5855209,62.43787136
0.1113230839,0.05554080107,1.286906621,2.336433439,1,45.2238489,2.667405081,9.568557029,5.00584777,26.33283643,-145.2443842,61.15404413
0.1113230839,0.05940450897,1.247248881,2.458066038,1,-40.73763205,2.756395911,-64.61120932,0,-34.86765791,-84.29212322,63.09627761
0.1113230839,0.06326821687,0.9947898649,2.412474741,1,15.03347238,2.609528933,-81.80159988,0,-101.8972517,-131.5050019,67.59107767
0.1113230839,0.06713192477,0.9116326108,2.650105465,1,28.1191235,2.802522613,-31.55312071,0,-86.7303097,-199.4311328,71.01685388
0.1113230839,0.07099563267,0.7683333618,3.061106343,1,30.42211193,3.156058966,10.8274558,0,-49.85725536,-159.8707244,75.90992004
0.1113230839,0.07485934057,0.8365408936,3.309633373,1,47.39777844,3.413718461,-4.363408032,0,-70.87156296,-116.428093,75.8150524
0.1113230839,0.07872304847,0.677637515,3.494091551,1,-24.86499395,3.559194905,-0.06902968707,0,-125.8160591,-104.1661425,79.02441567
0.1113230839,0.08258675637,0.2543533184,3.71183421,1,-84.54103681,3.72053878,-29.32811987,0,-165.7549357,-140.3260075,86.07993669
0.1113230839,0.08645046427,-0.2894330114,3.922954967,1,-13.56281292,3.933617564,-52.88142098,0,-186.7647436,-235.4465719,94.21959932
0.1113230839,0.09031417218,-0.5196538443,4.417212626,1,138.4159323,4.447674392,-63.83073193,16.53941165,-36.43296677,-322.6105853,96.70960358
0.1113230839,0.09417788008,0.1045993781,4.922804731,1,327.4605309,4.923915865,-0.4394164994,40.24247954,160.5797964,-220.6573644,88.78276682
0.1113230839,0.09804158798,1.365991424,5.268070451,1,297.9427259,5.442288016,-50.56309381,24.19951344,238.2476163,-196.9618102,75.4635538
0.1113230839,0.1019052959,2.176282239,5.488446608,1,50.2264201,5.904172301,-354.0829806,0,41.57644782,-549.1579041,68.37065326
0.1113230839,0.1057690038,1.72069089,6.021782974,1,224.235292,6.262798682,-271.1280537,0,149.4539818,-294.8389295,74.05300779
0.1113230839,0.1096327117,3.620108439,5.580058506,2,649.2454058,6.651483898,-220.0854203,0,632.6327656,-189.2337705,57.02618031
0.1113230839,0.1134964196,6.673493709,5.902581211,1,-544.440527,8.909320021,-729.5841331,0,-1085.47685,370.6005016,41.49216218
0.1113230839,0.1173601275,-2.677416209,1.329266441,1,-1231.267194,2.989231812,-848.393868,45.26313551,-832.5939693,709.9354147,153.5968154
0.1113230839,0.1212238354,NaN,NaN,0,11.2080728,1.306036144,-271.3474585,0,701.4509946,477.991999,-174.800946
0.1151867918,0.01690372206,NaN,NaN,0,-21.74195345,0.2400914921,19.28594316,0,40.21607082,18.85745447,96.59415584
0.1151867918,0.02076742997,NaN,NaN,0,-26.17910255,0.239468587,13.09492075,0,46.53539953,9.42130362,88.05725137
0.1151867918,0.02463113787,NaN,NaN,0,-41.02608549,0.2578078365,29.14914347,0,71.618344,-6.406928047,78.57232369
0.1151867918,0.02849484577,NaN,NaN,0,-24.30514914,0.3973235518,30.66748952,0,53.44822702,-44.35086774,71.46272095
0.1151867918,0.03235855367,NaN,NaN,0,-24.87743423,0.5666985747,34.41812941,0,27.81438626,-59.6553741,73.21202741
0.1151867918,0.03622226157,0.1376652675,0.7401817537,1,-1.423482229,0.7528749926,4.807911169,0,-20.85424794,-45.90034441,79.46403092
0.1151867918,0.04008596947,0.07760537883,0.7384678538,1,44.10708694,0.7425344207,4.484206686,6.187250545,0.2799545417,-39.00679749,84.00082267
0.1151867918,0.04394967737,0.3091638303,0.9082182902,1,99.40837921,0.9593970693,29.35219257,11.37049086,50.18397682,-119.8550087,71.20106825
0.1151867918,0.04781338527,0.6555865467,1.314960896,1,98.54010921,1.469324974,50.38687257,11.12096162,30.84672983,-182.2578804,63.50100406
0.1151867918,0.05167709317,0.8090767826,1.80708966,1,83.98134263,1.979944009,59.78799521,7.542653464,-24.84184885,-195.8119451,65.88080866
0.1151867918,0.05554080107,0.884084276,2.302524405,1,43.32991702,2.466419195,-24.51988472,0,-53.13052768,-202.0959187,68.99505599
0.1151867918,0.05940450897,0.7712100858,2.493191586,1,-36.94570014,2.60974506,-128.6561613,0,-54.96320584,-125.6572611,72.81177894
0.1151867918,0.06326821687,0.5289751099,2.290937531,1,-32.95539584,2.35121446,-104.4039385,0,-47.21467636,-105.0988103,76.9983259
0.1151867918,0.06713192477,0.4614563444,2.495876368,1,17.95576379,2.538176668,6.844710982,0,-30.7028502,-159.1824153,79.52501439
0.1151867918,0.07099563267,0.4797240914,2.93241785,1,45.4998121,2.971398602,17.85607623,4.858773477,-23.75155756,-135.3612643,80.70909104
0.1151867918,0.07485934057,0.5454852473,3.087863417,1,36.24516218,3.135674511,-38.82373508,0,-14.64639464,-134.3966752,79.98179637
0.1151867918,0.07872304847,0.5631754202,3.301683774,1,-26.64314592,3.349370433,-13.81931648,0,-69.76671171,-126.4247234,80.32009467
0.1151867918,0.08258675637,0.1729857187,3.522937817,1,-105.6116567,3.527182292,-5.994289824,0,-170.3504495,-94.80947114,87.188881
0.1151867918,0.08645046427,-0.5030615498,3.644839691,1,-84.7948899,3.679392246,53.94096595,0,-170.1942729,-72.33083037,97.85832739
0.1151867918,0.09031417218,-0.812217924,4.010815154,1,106.8471324,4.092228752,82.91696873,9.496165569,-2.444264249,-122.6367722,101.4479785
0.1151867918,0.09417788008,-0.09967936348,4.439039304,1,314.2737809,4.440158321,-28.54458056,40.44551104,125.2397759,-251.7268241,91.28637005
0.1151867918,0.09804158798,0.8859340777,4.873126152,1,76.77253074,4.953002896,-92.22651906,0,-130.6451559,-311.2222784,79.69616486
0.1151867918,0.1019052959,-0.3078274511,5.28517495,1,494.5519817,5.294131845,3.492440243,45.03716439,-377.573355,-81.56218367,93.33334483
0.1151867918,0.1057690038,1.337905322,5.201752374,1,1410.699649,5.371053753,857.0950484,117.6286096,-748.0700715,887.980723,75.57600498
0.1151867918,0.1096327117,2.252379683,5.165841725,2,209.0021174,5.635524374,-502.570979,0,268.7588357,-209.8114343,66.44212086
0.1151867918,0.1134964196,3.183834091,4.070615009,2,6.347162124,5.167853139,-984.1000638,0,-435.6237532,89.15377068,51.96923746
0.1151867918,0.1173601275,0.5937803269,1.019102405,1,-347.3781353,1.179468011,-69.67897751,0,-531.8066954,856.7165295,59.77277043
0.1151867918,0.1212238354,NaN,NaN,0,-298.3135484,0.5355109305,40.46497597,0,-119.3472235,313.6787122,113.4469029
0.1190504997,0.01690372206,NaN,NaN,0,-23.73245776,0.3588983936,15.97975488,0,33.93428095,7.825672465,85.481924
0.1190504997,0.02076742997,NaN,NaN,0,-24.86041643,0.3766045111,16.27190132,0,37.95776068,1.466622378,82.68051284
0.1190504997,0.02463113787,NaN,NaN,0,-26.42147892,0.42241584,23.1659317,0,44.75650721,-11.11966118,79.23821964
0.1190504997,0.02849484577,NaN,NaN,0,-20.63284187,0.519768905,27.25528884,0,38.16466231,-27.99033366,76.78509185
0.1190504997,0.03235855367,NaN,NaN,0,-15.96851767,0.6453151491,30.87647572,0,25.81879275,-35.17438258,76.86787839
0.1190504997,0.03622226157,NaN,NaN,0,-6.271995499,0.7772042467,33.70022444,0,13.73409499,-25.90199295,78.35474267
0.1190504997,0.04008596947,NaN,NaN,0,-10.58091732,0.8764642028,46.32228471,0,40.16995872,-15.65564976,78.45287286
0.1190504997,0.04394967737,NaN,NaN,0,1.545917457,1.036770805,30.8487539,0,44.77715473,-47.25361145,74.83588857
0.1190504997,0.04781338527,0.3544240586,1.160489634,1,31.58261758,1.213405375,9.66985627,3.791350818,13.45562034,-103.8951549,73.01685339
0.1190504997,0.05167709317,0.4452179407,1.43945303,1,51.11805059,1.506732902,40.40100907,0,-36.38989465,-167.4948369,72.81333906
0.1190504997,0.05554080107,0.4113293511,1.963738456,1,49.29759495,2.006355043,44.68949173,0,-96.03038213,-200.9291353,78.1697258
0.1190504997,0.05940450897,0.2646561016,2.388451659,1,47.38186604,2.403069741,-28.11368747,0,-105.8741014,-129.9957655,83.67704577
0.1190504997,0.06326821687,0.1853324392,2.357381046,1,38.59045283,2.364655051,-34.90523627,0,-23.47851397,-53.96752996,85.50477003
0.1190504997,0.06713192477,0.3230442192,2.462102794,1,76.34481283,2.483205134,19.84973715,8.447856399,-42.95843834,-93.03618576,82.52511234
0.1190504997,0.07099563267,0.3143276381,2.793539279,1,71.04584623,2.811167652,32.45397946,0,-111.3636956,-136.0112579,83.58011006
0.1190504997,0.07485934057,0.167267826,3.113003263,1,35.81167912,3.117493839,-17.79688516,0,-82.02431544,-155.989374,86.92434204
0.1190504997,0.07872304847,0.13577551,3.32747469,1,12.08796255,3.330243655,-53.24753849,0,-90.35236632,-143.4974154,87.66337803
0.1190504997,0.08258675637,-0.1351229692,3.461702425,1,5.244618232,3.464338594,-29.38592669,0,-133.6864153,-98.10799714,92.23533006
0.1190504997,0.08645046427,-0.3604860759,3.592996696,1,-32.43395983,3.611035235,80.63174065,0,-106.8096391,-57.38080642,95.72932425
0.1190504997,0.09031417218,-0.6731195626,3.994942593,1,-24.87429223,4.051253666,136.3181992,0,-135.0242825,-18.82703223,99.56410083
0.1190504997,0.09417788008,-0.9782874623,4.192432553,1,171.1154947,4.305059473,-10.66119466,23.16033588,-46.80416148,-132.7528525,103.1347118
0.1190504997,0.09804158798,-0.1928168823,4.466669096,1,484.7422673,4.470828913,-737.1442669,0,253.6497361,-200.4516516,92.47180588
0.1190504997,0.1019052959,1.874643555,2.118809055,2,1669.210157,2.829070566,-898.340384,181.3009986,571.1172796,857.9367265,48.4987918
0.1190504997,0.1057690038,8.463153935,-2.319072651,1,372.0476523,8.775139457,598.7812803,0,-632.6710483,-356.8116503,-15.32403112
0.1190504997,0.1096327117,0.8676708806,5.81094101,1,-409.4134191,5.875362813,712.0889529,0,-948.730474,-973.8582027,81.5075236
0.1190504997,0.1134964196,3.215682645,4.194934694,1,147.3682039,5.285649625,-923.4380174,0,-277.865616,420.9318956,52.52755356
0.1190504997,0.1173601275,0.3634669988,0.6166883562,1,-339.0658516,0.715830139,-537.0812615,0,-475.7053305,400.3107809,59.48553128
0.1190504997,0.1212238354,NaN,NaN,0,-92.10663661,0.5771038317,23.09964236,0,-61.02202354,45.64932979,83.26864396
0.1229142076,0.01690372206,NaN,NaN,0,-20.94185234,0.4657849442,13.13286311,0,27.28216241,2.401497606,82.05199708
0.1229142076,0.02076742997,NaN,NaN,0,-20.55817069,0.4880988162,14.88551856,0,29.15531084,-2.299345996,80.96444001
0.1229142076,0.02463113787,NaN,NaN,0,-19.16657188,0.536661776,19.98739319,0,31.28526186,-11.5480054,79.51909776
0.1229142076,0.02849484577,NaN,NaN,0,-15.83622175,0.6163802129,24.31125841,0,28.63512224,-21.31642314,78.44390446
0.1229142076,0.03235855367,NaN,NaN,0,-12.0917991,0.7191986567,28.13226019,0,23.56202744,-27.14982962,78.19992851
0.1229142076,0.03622226157,NaN,NaN,0,-7.755836125,0.8345225714,31.68065376,0,20.44264777,-27.99116744,78.40061031
0.1229142076,0.04008596947,NaN,NaN,0,-6.477241671,0.954905306,35.93372418,0,26.66119412,-30.78242678,78.14985862
0.1229142076,0.04394967737,NaN,NaN,0,-3.202823583,1.102983679,34.09465362,0,27.90324602,-46.23467439,77.12456505
0.1229142076,0.04781338527,NaN,NaN,0,-5.465713471,1.278601872,37.16529602,0,24.16358222,-64.74027446,76.82035863
0.1229142076,0.05167709317,NaN,NaN,0,-2.872445936,1.503015096,39.57418379,0,-0.002405220706,-88.82477667,77.78443812
0.1229142076,0.05554080107,NaN,NaN,0,22.74195043,1.763458085,32.70784195,0,-63.55818625,-79.12016982,80.85015216
0.1229142076,0.05940450897,0.160321343,1.901055294,1,68.59244776,1.907803491,29.87671714,0,-93.13447639,-50.38339295,85.17949193
0.1229142076,0.06326821687,0.1855967008,2.051121173,1,68.43146688,2.05950096,15.0319481,2.827095851,-63.67853467,-19.61564001,84.82964371
0.1229142076,0.06713192477,0.1786852847,2.034923453,1,68.47114125,2.042753508,-0.7999981223,0,-95.90273986,-46.48654931,84.98176668
0.1229142076,0.07099563267,0.07960901659,2.227640662,1,106.661398,2.229062699,47.29581828,0,-185.5129541,-107.3887789,87.9532963
0.1229142076,0.07485934057,-0.1259740954,2.632579554,1,170.9751447,2.635591884,73.62073578,0,-242.5640526,-101.9214173,92.73962563
0.1229142076,0.07872304847,-0.1969896125,2.905884266,1,193.3408394,2.912553566,39.27807655,0,-243.4583616,-52.23229148,93.87814197
0.1229142076,0.08258675637,-0.3196135621,2.986148886,1,124.6897268,3.003204621,35.34681493,0,-180.6559449,-81.53301597,96.10922535
0.1229142076,0.08645046427,-0.4132267315,3.357473792,1,107.3606697,3.382807502,10.84327898,0,-117.3647416,-144.2095606,97.01648809
0.1229142076,0.09031417218,-0.3582663739,3.585227767,1,93.94911941,3.603083809,23.83778529,0,-156.2112327,-38.17197871,95.70653609
0.1229142076,0.09417788008,-0.6537893505,3.597061407,1,-194.3951008,3.655993884,137.5826427,0,-421.1784279,35.3429401,100.3014263
0.1229142076,0.09804158798,-2.73666268,3.980252114,1,152.7234636,4.830292901,-384.3500349,0,-103.5856992,276.8274271,124.5108626
0.1229142076,0.1019052959,-0.4639353817,1.042464823,1,536.2810141,1.141038538,-647.5525976,0,760.2631612,41.01894785,113.9908319
0.1229142076,0.1057690038,2.272805293,1.319812793,2,-529.0175204,2.628221777,-850.5453716,0,970.2815057,-1378.43552,30.1436365
0.1229142076,0.1096327117,1.240979765,3.082078159,2,260.1788093,3.322534658,106.2836209,0,-526.893608,-180.4417151,68.06812305
0.1229142076,0.1134964196,1.242297218,2.427635739,2,139.3650044,2.727034591,-693.557361,0,-443.6428262,-22.9811025,62.89975222
0.1229142076,0.1173601275,0.06533914046,0.4911673711,1,-155.9877893,0.4954942883,-280.2435761,0,-151.9419475,189.8334979,82.42253145
0.1229142076,0.1212238354,NaN,NaN,0,-28.77442979,0.6136491543,25.55407827,0,22.15256339,-36.68036938,85.08775751
0.1267779155,0.01690372206,NaN,NaN,0,-16.49318856,0.5512236379,10.6722491,0,20.79863545,-0.4607668734,80.78297694
0.1267779155,0.02076742997,NaN,NaN,0,-15.67876459,0.5738053481,12.83275799,0,21.68113592,-4.200339943,80.30715782
0.1267779155,0.02463113787,NaN,NaN,0,-13.85041615,0.6200225462,17.58686408,0,22.59410715,-11.45659127,79.64157863
0.1267779155,0.02849484577,NaN,NaN,0,-11.45367415,0.6902571518,21.87009141,0,21.52853737,-18.57752389,79.11115514
0.1267779155,0.03235855367,NaN,NaN,0,-8.806620852,0.7808190216,25.66065288,0,19.35154699,-24.11734532,78.89365299
0.1267779155,0.03622226157,NaN,NaN,0,-6.182308229,0.8868260948,28.95640624,0,17.81327455,-28.1304204,78.8735626
0.1267779155,0.04008596947,NaN,NaN,0,-4.369389655,1.005912772,31.63730463,0,18.12892396,-33.24821554,78.80200135
0.1267779155,0.04394967737,NaN,NaN,0,-2.414256646,1.143077938,32.43084038,0,16.011053,-42.16238487,78.68384024
0.1267779155,0.04781338527,NaN,NaN,0,-1.035195166,1.298842006,33.50860591,0,8.962860974,-51.82037638,78.99767854
0.1267779155,0.05167709317,NaN,NaN,0,3.260173774,1.472773058,33.53109599,0,-7.369367265,-58.43531762,80.03224595
0.1267779155,0.05554080107,NaN,NaN,0,13.64799233,1.646725392,31.04201217,0,-31.63686245,-49.97964999,81.90070159
0.1267779155,0.05940450897,NaN,NaN,0,20.78697168,1.773307074,30.80888783,0,-37.45057108,-25.26332538,83.99794568
0.1267779155,0.06326821687,NaN,NaN,0,33.64264414,1.854537401,4.782080722,0,-45.31057691,-11.633256,84.81424284
0.1267779155,0.06713192477,NaN,NaN,0,24.32113171,1.832392459,-29.51198354,0,-46.44402593,17.66644412,85.60741854
0.1267779155,0.07099563267,0.08214599136,1.664662926,1,53.68683518,1.666688519,-37.52737003,0,-75.01881866,43.17270878,87.17492129
0.1267779155,0.07485934057,0.05792225917,1.515208599,1,118.0009776,1.516315299,24.00235224,0,-117.0748683,30.43471221,87.81080582
0.1267779155,0.07872304847,0.08572420745,1.639810166,1,91.07366204,1.642049335,136.5997188,0,-187.2235853,-61.84368364,87.00747781
0.1267779155,0.08258675637,-0.3135729591,2.281935941,1,-0.6498894494,2.303380046,198.1813569,0,-248.2039742,-82.61450327,97.82431471
0.1267779155,0.08645046427,-0.8757744317,2.724723349,1,94.61386983,2.862009466,144.7180598,0,-202.0054612,-48.47980693,107.8183266
0.1267779155,0.09031417218,-0.7285026989,3.028396065,1,194.3460187,3.114787137,89.33132848,23.38019739,-47.95272903,-63.75598712,103.5259199
0.1267779155,0.09417788008,-0.3101535218,3.31620802,1,66.71083047,3.330680237,89.42919764,0,-35.58791168,-26.51364947,95.34313404
0.1267779155,0.09804158798,-0.6082528317,3.476365359,1,85.83857186,3.52917662,232.9146751,0,-126.9058011,318.8418162,99.92446871
0.1267779155,0.1019052959,-0.4688252997,2.984210646,1,-198.0674307,3.020812861,44.78369959,0,316.936584,45.45262115,98.92830254
0.1267779155,0.1057690038,-0.148977145,3.473780841,1,-82.90110628,3.476973903,-243.4575679,0,354.6532659,-187.9959341,92.45569158
0.1267779155,0.1096327117,0.5811456662,2.769923093,2,141.9325704,2.83023042,-257.137082,0,12.36596433,139.2226191,78.1508834
0.1267779155,0.1134964196,0.4471873227,1.942362733,2,-10.2146508,1.993175729,-443.7113974,0,-136.5347453,109.5402565,77.0348
0.1267779155,0.1173601275,0.01414886519,0.6323203071,1,-152.9262732,0.6324785856,-161.3526926,0,43.56726353,142.1045261,88.71815756
0.1267779155,0.1212238354,NaN,NaN,0,-56.1058053,0.7702873871,29.74742404,0,61.54471939,-41.46519131,88.16571174
0.1306416234,0.01690372206,NaN,NaN,0,-11.55468753,0.6142397294,8.66759321,0,14.73686925,-2.19992529,80.26522785
0.1306416234,0.02076742997,NaN,NaN,0,-10.73692124,0.6359763065,10.96965421,0,15.25285198,-5.367909623,80.03918062
0.1306416234,0.02463113787,NaN,NaN,0,-9.102653981,0.6794359883,15.65721374,0,15.88149343,-11.50049585,79.71509525
0.1306416234,0.02849484577,NaN,NaN,0,-7.321437861,0.7438938446,19.92159025,0,15.5333731,-17.41973584,79.45022486
0.1306416234,0.03235855367,NaN,NaN,0,-5.498701925,0.8270766768,23.68385369,0,14.50234859,-22.61160738,79.33690309
0.1306416234,0.03622226157,NaN,NaN,0,-3.797386284,0.926112727,26.84701369,0,13.32997946,-27.16495329,79.36053109
0.1306416234,0.04008596947,NaN,NaN,0,-2.403752073,1.0389774,29.22824773,0,12.03017418,-31.91763011,79.47029475
0.1306416234,0.04394967737,NaN,NaN,0,-1.049618181,1.165189451,30.48279735,0,9.049181054,-37.34627318,79.70789885
0.1306416234,0.04781338527,NaN,NaN,0,0.479015681,1.302401833,30.90719123,0,3.046175937,-41.94352857,80.24039934
0.1306416234,0.05167709317,NaN,NaN,0,3.300343864,1.445038765,29.9995821,0,-6.801062365,-43.11646745,81.17069937
0.1306416234,0.05554080107,NaN,NaN,0,7.802873452,1.579706277,27.12022291,0,-18.1693252,-37.09978714,82.46131611
0.1306416234,0.05940450897,NaN,NaN,0,11.25845881,1.685867881,21.97153817,0,-23.7140249,-24.62020566,83.8111058
0.1306416234,0.06326821687,NaN,NaN,0,12.72573168,1.753304858,9.324982411,0,-25.36390133,-12.79499081,84.7928066
0.1306416234,0.06713192477,NaN,NaN,0,3.457020946,1.766515199,-3.270355765,0,-18.39210552,0.795525847,85.68482586
0.1306416234,0.07099563267,NaN,NaN,0,-20.03938295,1.733329337,-1.691763741,2.611215787,7.470430756,7.934327333,86.64558051
0.1306416234,0.07485934057,NaN,NaN,0,-40.8201002,1.726377269,16.63859196,0,38.3418887,-9.311967597,87.19927933
0.1306416234,0.07872304847,NaN,NaN,0,-31.87923345,1.832927584,37.53315666,0,42.89150035,-41.49897249,87.12777224
0.1306416234,0.08258675637,0.1269030032,2.029672212,1,7.197739655,2.033635578,95.64178162,0,-41.68174009,-2.915965647,86.42230213
0.1306416234,0.08645046427,-0.04139023374,2.211423339,1,5.892704861,2.211810647,188.214641,0,-105.8882891,27.90646445,91.0722546
0.1306416234,0.09031417218,-0.2594507254,2.649056181,1,11.96588795,2.661731265,205.6961634,0,-107.5507059,-50.63418942,95.5937551
0.1306416234,0.09417788008,-0.41070205,3.201808949,1,17.20323571,3.228042242,89.83128749,0,-106.5956146,-41.96278997,97.30952219
0.1306416234,0.09804158798,-0.604836766,3.158269999,1,135.0254598,3.215664302,33.8269282,16.47936075,-58.5669228,77.70163346,100.8413845
0.1306416234,0.1019052959,-0.1152885964,3.032289903,1,213.2428204,3.034480766,30.25114242,26.20654235,100.0913617,68.52394287,92.17735444
0.1306416234,0.1057690038,0.6057949888,3.010395078,1,263.0509934,3.070743573,-20.76387069,36.73568525,-29.93779172,95.91660191,78.62207908
0.1306416234,0.1096327117,0.7853927227,2.581470639,1,-61.90232347,2.698301761,-175.8677438,0,-107.5301141,101.2813868,73.07801752
0.1306416234,0.1134964196,-0.04884245891,1.939571792,1,-109.9148498,1.940186672,-238.6401162,0,-95.69667563,105.8759994,91.44252224
0.1306416234,0.1173601275,NaN,NaN,0,-87.37125453,1.250393609,-116.0100391,0,101.8948914,110.0964157,90.41378501
0.1306416234,0.1212238354,NaN,NaN,0,-48.546056,1.065987305,-50.11521035,0,56.9849881,45.33636617,89.6091001
0.1345053313,0.01690372206,NaN,NaN,0,-6.509736433,0.6555513594,7.059612902,0,9.083336664,-3.469835958,80.04917814
0.1345053313,0.02076742997,NaN,NaN,0,-5.816033438,0.6764472665,9.437931533,0,9.507454742,-6.287757033,79.93212279
0.1345053313,0.02463113787,NaN,NaN,0,-4.501840671,0.7178701716,14.15074642,0,10.14564149,-11.75774667,79.76595011
0.1345053313,0.02849484577,NaN,NaN,0,-3.230721384,0.7788307987,18.47520218,0,10.22111302,-16.98931622,79.6400069
0.1345053313,0.03235855367,NaN,NaN,0,-2.069362702,0.8575162363,22.30615793,0,9.794494814,-21.74439506,79.61668099
0.1345053313,0.03622226157,NaN,NaN,0,-1.104782909,0.9516229589,25.5195471,0,8.974120531,-26.00015528,79.71503451
0.1345053313,0.04008596947,NaN,NaN,0,-0.3986141709,1.05881033,27.94587523,0,7.612612253,-29.91107843,79.93972317
0.1345053313,0.04394967737,NaN,NaN,0,0.140520312,1.176616215,29.36491007,0,5.109321094,-33.36154918,80.32311676
0.1345053313,0.04781338527,NaN,NaN,0,0.7005322075,1.301176168,29.63777956,0,0.9737240851,-35.49099726,80.92453963
0.1345053313,0.05167709317,NaN,NaN,0,1.659312548,1.426214113,28.43981826,0,-4.711732934,-34.98723645,81.76635801
0.1345053313,0.05554080107,NaN,NaN,0,3.004698806,1.542132244,25.46775921,0,-10.52535107,-30.68282548,82.79374107
0.1345053313,0.05940450897,NaN,NaN,0,3.718258421,1.63785903,20.63205952,0,-13.87230199,-23.32271932,83.85971412
0.1345053313,0.06326821687,NaN,NaN,0,2.544802812,1.706760755,13.81666652,0,-14.038898,-15.72202744,84.8159385
0.1345053313,0.06713192477,NaN,NaN,0,-3.179396656,1.74749212,8.797341806,0,-9.230925574,-9.623677249,85.70802077
0.1345053313,0.07099563267,NaN,NaN,0,-13.45646866,1.774138157,10.82959013,1.093063961,1.925939452,-9.48144643,86.5661032
0.1345053313,0.07485934057,NaN,NaN,0,-22.23874518,1.82310782,20.35530226,0,12.95647512,-20.47325786,87.2889863
0.1345053313,0.07872304847,NaN,NaN,0,-23.4166454,1.929986909,30.92934057,0,12.66591373,-39.47259322,87.90951885
0.1345053313,0.08258675637,NaN,NaN,0,-26.21647349,2.093557003,33.57396438,0,-2.550468868,-60.67016804,88.7767772
0.1345053313,0.08645046427,NaN,NaN,0,-34.0181706,2.293196253,61.8619482,0,-11.03726272,-60.6988044,91.01808743
0.1345053313,0.09031417218,NaN,NaN,0,10.08080576,2.569878158,92.18447566,0,-31.94012404,-48.88498356,92.88595474
0.1345053313,0.09417788008,-0.1252036297,2.837885424,1,72.54603676,2.840645988,59.82419602,0,-84.95653029,17.95713771,92.52617338
0.1345053313,0.09804158798,-0.1773390468,2.728380941,1,95.90221674,2.7341382,25.98572205,4.708940965,-86.06285818,101.2654716,93.71887448
0.1345053313,0.1019052959,-0.08718722229,2.547026461,1,169.1426619,2.548518276,-41.84371887,19.61541117,-86.64933908,58.22160516,91.9605254
0.1345053313,0.1057690038,0.1413910563,2.341757758,1,292.5727961,2.346022341,-66.62718325,29.39436428,-194.1820788,-78.68921758,86.5447801
0.1345053313,0.1096327117,0.2929657693,2.593630638,1,44.91478988,2.610124294,-124.6736631,0,-98.53310313,-35.52092135,83.55542237
0.1345053313,0.1134964196,-0.06577444418,1.997297605,1,131.6933949,1.998380344,-141.1933984,0,-209.7700574,177.1643189,91.88616688
0.1345053313,0.1173601275,NaN,NaN,0,37.95087786,1.363617162,-100.5277386,0,-19.32461498,111.6166102,90.36553993
0.1345053313,0.1212238354,NaN,NaN,0,-0.9839945041,1.177650087,-46.48136506,0,8.692467168,49.77622327,89.69874175
0.1383690392,0.01690372206,NaN,NaN,0,-4.012685919,0.6759735063,6.315662748,0,6.315662748,-4.012685919,79.96999709
0.1383690392,0.02076742997,NaN,NaN,0,-3.404047466,0.6963968684,8.712163165,0,6.723201008,-6.679809739,79.89546021
0.1383690392,0.02463113787,NaN,NaN,0,-2.273183218,0.7367717117,13.42224856,0,7.387734125,-11.86380725,79.7934133
0.1383690392,0.02849484577,NaN,NaN,0,-1.250837778,0.7960497866,17.76577752,0,7.631536134,-16.79192392,79.72890713
0.1383690392,0.03235855367,NaN,NaN,0,-0.4050654457,0.8725483361,21.63079243,0,7.442217973,-21.29173768,79.75379044
0.1383690392,0.03622226157,NaN,NaN,0,0.1896494831,0.9640844975,24.87861516,0,6.81597763,-25.28072073,79.89629036
0.1383690392,0.04008596947,NaN,NaN,0,0.4919203777,1.068102222,27.32370446,0,5.618470813,-28.71207072,80.17419076
0.1383690392,0.04394967737,NaN,NaN,0,0.5637885975,1.181466391,28.74085831,0,3.547759779,-31.35017767,80.61108803
0.1383690392,0.04781338527,NaN,NaN,0,0.5593543124,1.299802677,28.9229606,0,0.4150582201,-32.58791293,81.23079162
0.1383690392,0.05167709317,NaN,NaN,0,0.6946341634,1.416990576,27.65190045,0,-3.557201235,-31.66090733,82.02872714
0.1383690392,0.05554080107,NaN,NaN,0,0.9315482872,1.525294843,24.85762471,0,-7.441241647,-28.14287041,82.95404319
0.1383690392,0.05940450897,NaN,NaN,0,0.7030768877,1.617181249,20.77550191,0,-9.848937631,-22.76259098,83.9176874
0.1383690392,0.06326821687,NaN,NaN,0,-0.7838417335,1.688827262,16.19506234,0,-9.990003562,-17.46394238,84.84424308
0.1383690392,0.06713192477,NaN,NaN,0,-4.685093479,1.742960492,13.67681901,0,-6.996486476,-14.2234083,85.73164939
0.1383690392,0.07099563267,NaN,NaN,0,-10.80641351,1.79296625,15.90463133,0,-1.05415883,-15.71602682,86.59054151
0.1383690392,0.07485934057,NaN,NaN,0,-16.33872902,1.862190155,22.72201751,0,3.969121161,-23.92869306,87.41772308
0.1383690392,0.07872304847,NaN,NaN,0,-18.68126838,1.970915883,30.75842119,0,2.71528721,-36.74449227,88.28930987
0.1383690392,0.08258675637,NaN,NaN,0,-19.64370676,2.12122703,36.90946074,0,-5.133897232,-48.54663528,89.40004982
0.1383690392,0.08645046427,NaN,NaN,0,-16.71018561,2.300510749,48.30692391,0,-12.88970282,-46.31431826,90.91896392
0.1383690392,0.09031417218,NaN,NaN,0,11.20129166,2.488406558,47.56039656,0,-30.16791967,-28.28648135,92.12234238
0.1383690392,0.09417788008,NaN,NaN,0,60.59200126,2.595604491,-0.1860407386,0,-66.03267857,7.964026927,92.43281066
0.1383690392,0.09804158798,NaN,NaN,0,78.22927644,2.457817181,-54.47529579,0,-63.17418683,87.68884343,92.63923703
0.1383690392,0.1019052959,NaN,NaN,0,150.5800233,2.044645909,-162.4265761,0,-109.8134358,180.6360243,91.4575779
0.1383690392,0.1057690038,0.0443348628,1.129716422,1,341.9693735,1.130586031,-27.28814376,0,-285.4286426,-22.95177916,87.75262392
0.1383690392,0.1096327117,0.166447641,2.027229882,1,152.5225704,2.034051575,-98.67411624,0,-140.6676866,33.18359178,85.3062041
0.1383690392,0.1134964196,0.09013867088,0.6202567538,1,339.2399395,0.6267722239,-88.81862218,0,-373.568009,169.5250933,81.73138877
0.1383690392,0.1173601275,NaN,NaN,0,77.50491396,1.029620624,73.52006045,0,-95.65733937,-51.51339871,88.11799771
0.1383690392,0.1212238354,NaN,NaN,0,15.65161898,1.103530824,22.80071352,0,-22.80071352,-15.65161898,88.96137896
