PIVlab, ASCII chart output - 19-Sep-2021
FRAME: 699, filenames: A: 72_12_75_60 699.jpg & B: 72_12_75_60 700.jpg, conversion factor xy (px -> m): 0.00024148, conversion factor uv (px/frame -> m/s): 1
x [m],y [m],u [m/s],v [m/s],Vector type [-],vorticity [1/s],magnitude [m/s],divergence [1/s],dcev [1],simple shear [1/s],simple strain [1/s],vector direction [degrees]
0.03791263377,0.01690372206,NaN,NaN,0,-1.231256271,0.8285917494,-2.819114644,0,2.819114644,1.231256271,-60.59566552
0.03791263377,0.02076742997,NaN,NaN,0,-0.9103361889,0.8369153388,-3.858559114,0,3.283187337,2.288573564,-60.67572064
0.03791263377,0.02463113787,NaN,NaN,0,-0.2056104889,0.8537919433,-5.964088363,0,4.123354346,4.444288495,-60.84221456
0.03791263377,0.02849484577,NaN,NaN,0,0.5338252327,0.8794145897,-8.058231316,0,4.839261236,6.667345961,-61.09908021
0.03791263377,0.03235855367,NaN,NaN,0,1.261193096,0.9136425416,-10.02846865,0,5.369564268,8.904012216,-61.44368942
0.03791263377,0.03622226157,NaN,NaN,0,1.815431674,0.9559229763,-11.84675527,0,5.747867098,11.10612889,-61.8737579
0.03791263377,0.04008596947,NaN,NaN,0,2.005852801,1.0056453,-13.68921005,0,6.127105178,13.29051802,-62.39663455
0.03791263377,0.04394967737,NaN,NaN,0,1.766145783,1.062884469,-15.95158246,0,6.75127999,15.5813389,-63.02896547
0.03791263377,0.04781338527,NaN,NaN,0,1.349383943,1.129189741,-19.06364467,0,7.793128027,18.18371583,-63.78140503
0.03791263377,0.05167709317,NaN,NaN,0,1.249076817,1.207638448,-23.10125745,0,9.209847963,21.34836067,-64.63224079
0.03791263377,0.05554080107,NaN,NaN,0,1.708632426,1.301716847,-27.65834718,0,10.79779535,25.31623797,-65.52564732
0.03791263377,0.05940450897,NaN,NaN,0,2.65713392,1.413968691,-31.81477247,0,11.79185688,30.27175562,-66.41659
0.03791263377,0.06326821687,NaN,NaN,0,3.720871386,1.543939063,-34.52549117,0,10.90271366,35.71931953,-67.32838989
0.03791263377,0.06713192477,NaN,NaN,0,3.545441827,1.686268179,-35.87806204,0,8.262228491,40.31606313,-68.34698877
0.03791263377,0.07099563267,NaN,NaN,0,2.440457963,1.834556773,-37.45975646,0,4.753458804,42.24926247,-69.55815078
0.03791263377,0.07485934057,NaN,NaN,0,0.9668396524,1.984707779,-42.5561144,0,4.957911,40.30494062,-70.88257476
0.03791263377,0.07872304847,NaN,NaN,0,1.023697144,2.144446664,-50.54654587,0,11.52065217,39.55852233,-71.97325283
0.03791263377,0.08258675637,NaN,NaN,0,-4.258564072,2.330519525,-65.96951168,0,31.62001837,47.32332525,-72.56007309
0.03791263377,0.08645046427,NaN,NaN,0,-1.279052273,2.593640294,-100.2328567,0,57.80850347,60.54304932,-72.74498119
0.03791263377,0.09031417218,NaN,NaN,0,46.16245789,2.988697714,-106.9379786,0,42.82451849,81.7127356,-72.13450224
0.03791263377,0.09417788008,NaN,NaN,0,137.8738216,3.393565909,19.36736473,0,-91.73120424,91.54659631,-70.85133453
0.03791263377,0.09804158798,NaN,NaN,0,163.2379765,3.309892627,61.77168093,0,-137.7623086,-131.351743,-70.67803147
0.03791263377,0.1019052959,NaN,NaN,0,264.1696369,2.741847277,144.4512917,0,-88.40082982,-375.4575082,-63.77559583
0.03791263377,0.1057690038,1.774284168,-1.114684392,1,816.8709976,2.095377198,168.4668144,0,-813.74074,-758.9834387,-32.13886927
0.03791263377,0.1096327117,1.223683769,1.123767285,1,1135.986816,1.66140148,701.2292576,0,-1374.889737,-933.1320466,42.5627439
0.03791263377,0.1134964196,0.8512330635,5.200010292,1,1161.449876,5.269222406,-810.1923054,0,-1536.322867,-1111.27035,80.70323294
0.03791263377,0.1173601275,NaN,NaN,0,330.3960211,2.298058237,-728.056629,0,-664.4975596,282.3566272,95.61164373
0.03791263377,0.1212238354,NaN,NaN,0,200.8574642,1.368603355,-312.1090017,0,-312.1090017,200.8574642,108.737381
0.04177634167,0.01690372206,NaN,NaN,0,-2.199124435,0.8202698104,-3.148971138,0,3.804855632,0.7582471665,-60.51398585
0.04177634167,0.02076742997,NaN,NaN,0,-1.94363027,0.8283677941,-4.189485236,0,4.35051067,1.818350482,-60.58419365
0.04177634167,0.02463113787,NaN,NaN,0,-1.282819184,0.8450596225,-6.335742419,0,5.290113139,4.0166782,-60.73979627
0.04177634167,0.02849484577,NaN,NaN,0,-0.4870819097,0.8708359862,-8.495479673,0,6.057840096,6.340394437,-60.98937102
0.04177634167,0.03235855367,NaN,NaN,0,0.4019473167,0.9056348578,-10.43218319,0,6.553939532,8.68679797,-61.32437421
0.04177634167,0.03622226157,NaN,NaN,0,1.104952095,0.9485515369,-12.01821764,0,6.82122888,10.92822592,-61.73365364
0.04177634167,0.04008596947,NaN,NaN,0,1.236901633,0.9982375174,-13.44733689,0,7.081247758,13.00604178,-62.22407195
0.04177634167,0.04394967737,NaN,NaN,0,0.5482350414,1.05398358,-15.32898698,0,7.728572328,15.04268852,-62.82617734
0.04177634167,0.04781338527,NaN,NaN,0,-0.592611087,1.117278181,-18.44889697,0,9.043796446,17.31064506,-63.57757813
0.04177634167,0.05167709317,NaN,NaN,0,-1.203819884,1.192296726,-22.94906582,0,10.93165448,20.17784288,-64.46265565
0.04177634167,0.05554080107,NaN,NaN,0,-0.7818962553,1.283865035,-28.29746272,0,13.39326399,24.09014652,-65.38478663
0.04177634167,0.05940450897,NaN,NaN,0,0.7578273899,1.396609742,-33.16179506,0,15.45913219,29.87839335,-66.23901993
0.04177634167,0.06326821687,NaN,NaN,0,3.292621574,1.532044071,-35.45835004,0,14.32147244,36.99542881,-67.04880261
0.04177634167,0.06713192477,NaN,NaN,0,3.280482019,1.681000734,-35.26260517,0,10.32502712,43.36594072,-67.96078243
0.04177634167,0.07099563267,NaN,NaN,0,1.210378118,1.833629861,-34.59576261,0,2.638951214,45.47611397,-69.23847248
0.04177634167,0.07485934057,NaN,NaN,0,-2.76835728,1.975999167,-40.6488768,0,0.8043431568,38.12020112,-70.92850337
0.04177634167,0.07872304847,NaN,NaN,0,-0.9803588384,2.118640168,-45.5913457,0,5.327201824,28.56996695,-72.34942813
0.04177634167,0.08258675637,NaN,NaN,0,-20.94681917,2.253638587,-55.13704359,0,33.95738155,33.86049298,-72.90564899
0.04177634167,0.08645046427,NaN,NaN,0,-39.10432246,2.46220012,-128.8364853,0,92.34424538,51.54768161,-73.66104394
0.04177634167,0.09031417218,NaN,NaN,0,43.68748702,2.980277546,-215.8360947,0,120.6013736,117.1609103,-73.06426095
0.04177634167,0.09417788008,1.327428402,-3.64936546,1,-17.27731008,3.883289124,-160.8223936,0,41.24251793,60.18801086,-70.01153537
0.04177634167,0.09804158798,0.9607463218,-3.704948719,1,-38.63524881,3.827489844,-54.78765085,0,-106.8491721,-186.4283543,-75.46258798
0.04177634167,0.1019052959,0.7653190961,-3.140744234,1,104.8016669,3.232644067,-204.1126149,0,-189.5011409,-59.21568852,-76.30536948
0.04177634167,0.1057690038,0.633492295,-4.264788119,1,304.8433537,4.311580938,-254.0433267,0,-302.1613824,-102.3405369,-81.55105417
0.04177634167,0.1096327117,0.7756814498,-3.726879501,1,121.7965144,3.806745661,406.1732995,0,-1026.172451,-694.6075017,-78.24278835
0.04177634167,0.1134964196,-2.860752157,-0.01169264008,1,700.8231077,2.860776053,318.5206314,0,-1182.594705,-740.548899,-179.7658185
0.04177634167,0.1173601275,NaN,NaN,0,726.4341837,1.145471173,-7.951512753,131.1424676,-155.4301632,-89.94139542,161.4159842
0.04177634167,0.1212238354,NaN,NaN,0,375.8415341,0.7221698875,-15.34621263,0,-152.6446073,15.6931385,155.0096172
0.04564004958,0.01690372206,NaN,NaN,0,-4.032788498,0.8038543517,-3.738578572,0,5.659825307,-0.2685294019,-60.3574437
0.04564004958,0.02076742997,NaN,NaN,0,-4.029189353,0.8112354578,-4.783969235,0,6.473700253,0.7942111874,-60.3986685
0.04564004958,0.02463113787,NaN,NaN,0,-3.577195277,0.8272611423,-7.073866373,0,7.710988651,3.083729419,-60.52718357
0.04564004958,0.02849484577,NaN,NaN,0,-2.677640005,0.853266358,-9.503483108,0,8.624405478,5.643034276,-60.76791117
0.04564004958,0.03235855367,NaN,NaN,0,-1.298366807,0.8895576639,-11.46768088,0,8.994217679,8.293445201,-61.09336042
0.04564004958,0.03622226157,NaN,NaN,0,-0.0175811016,0.9344837445,-12.53175183,0,8.884969987,10.72877843,-61.46310523
0.04564004958,0.04008596947,NaN,NaN,0,0.2582534999,0.9848853465,-12.85260588,0,8.678397741,12.66306168,-61.875854
0.04564004958,0.04394967737,NaN,NaN,0,-1.463779715,1.037722259,-13.5606925,0,9.284248671,14.18016745,-62.38867026
0.04564004958,0.04781338527,NaN,NaN,0,-4.67517947,1.093916613,-16.67387264,0,11.33276697,15.61835078,-63.1264875
0.04564004958,0.05167709317,NaN,NaN,0,-6.680041796,1.16073108,-22.38687032,0,14.0699023,17.52399508,-64.11821601
0.04564004958,0.05554080107,NaN,NaN,0,-6.662515683,1.245159771,-30.00617012,0,18.65676469,20.40258459,-65.16237237
0.04564004958,0.05940450897,NaN,NaN,0,-4.420230418,1.356881177,-37.46234922,0,24.61361619,27.77048825,-65.94792471
0.04564004958,0.06326821687,NaN,NaN,0,3.615844931,1.507067799,-38.58505166,0,22.39447736,39.31651874,-66.4955838
0.04564004958,0.06713192477,NaN,NaN,0,3.894289892,1.672981227,-34.00874572,0,17.25665302,51.78565722,-67.00631951
0.04564004958,0.07099563267,NaN,NaN,0,1.31067956,1.844529837,-23.8144355,0,-4.74877402,59.36642809,-68.27457138
0.04564004958,0.07485934057,NaN,NaN,0,-13.26805589,1.968471089,-40.41507795,0,-8.708923574,37.5669895,-71.01967924
0.04564004958,0.07872304847,NaN,NaN,0,16.1458052,2.10164018,-38.77992242,0,-22.34933082,-0.00635449986,-73.47273673
0.04564004958,0.08258675637,0.6162635803,-2.01125573,1,-5.412742699,2.103551856,18.93297775,0,-27.49322799,7.084807499,-72.96454949
0.04564004958,0.08645046427,0.4707177834,-1.969031959,1,-47.77849555,2.024515272,18.83274788,6.413034666,26.90931305,157.5989681,-76.55517472
0.04564004958,0.09031417218,0.5356311549,-2.547407871,1,-25.63807896,2.603111138,-104.00072,0,91.27947637,157.5787341,-78.12567012
0.04564004958,0.09417788008,0.7243369692,-2.979698562,1,-198.2302802,3.066474778,-123.8703249,21.53901536,101.8320767,93.43671646,-76.33694573
0.04564004958,0.09804158798,0.1631766547,-3.387018804,1,-93.73428194,3.390947212,-147.561657,0,-43.48397094,12.13755494,-87.24178965
0.04564004958,0.1019052959,0.1941657214,-3.596729669,1,122.296095,3.601966773,-46.62061044,17.51076708,-61.69514625,-27.73859742,-86.90994618
0.04564004958,0.1057690038,0.397321019,-3.459973386,1,-160.3066593,3.482711562,147.431567,0,138.3310181,73.64747166,-83.44921631
0.04564004958,0.1096327117,0.109258263,-3.311649477,2,-119.1578666,3.313451316,84.20893003,0,-185.3894588,-273.7392976,-88.11037745
0.04564004958,0.1134964196,-0.7793608883,-2.076965991,2,406.3977035,2.218375785,684.4689534,0,-590.7294004,117.2862902,-110.568104
0.04564004958,0.1173601275,NaN,NaN,0,353.190149,1.272178923,298.7390625,0,-264.9164939,-45.77935257,-118.290821
0.04564004958,0.1212238354,NaN,NaN,0,266.1694876,0.8650970721,174.1746997,0,-180.941357,-19.61524517,-120.4406247
0.04950375748,0.01690372206,NaN,NaN,0,-5.465270346,0.7800661733,-3.963754303,0,7.105701395,-1.6770876,-60.1499613
0.04950375748,0.02076742997,NaN,NaN,0,-6.156384165,0.7854751542,-5.001459053,0,8.580235585,-0.5891934576,-60.1098491
0.04950375748,0.02463113787,NaN,NaN,0,-6.319132565,0.799513544,-7.672270729,0,10.45573574,1.880994013,-60.17594496
0.04950375748,0.02849484577,NaN,NaN,0,-5.347916028,0.8254535967,-10.9769055,0,11.73457548,4.854568048,-60.42480683
0.04950375748,0.03235855367,NaN,NaN,0,-2.900193436,0.8648997954,-13.40330542,0,11.91355572,8.115170132,-60.77304616
0.04950375748,0.03622226157,NaN,NaN,0,-0.1351631942,0.9150136781,-13.78850289,0,11.04603565,11.03038091,-61.09783191
0.04950375748,0.04008596947,NaN,NaN,0,1.277473183,0.9692204715,-11.87064232,0,9.463124549,12.73725906,-61.36610552
0.04950375748,0.04394967737,NaN,NaN,0,-1.986427931,1.018351481,-9.387304499,0,9.397257644,13.3965688,-61.6392509
0.04950375748,0.04781338527,NaN,NaN,0,-9.964285283,1.060343109,-12.29903078,0,12.93312046,13.45859554,-62.2876414
0.04950375748,0.05167709317,NaN,NaN,0,-14.17865215,1.111997041,-19.91837269,0,15.35842307,13.89720208,-63.55532128
0.04950375748,0.05554080107,NaN,NaN,0,-14.76789426,1.179494251,-31.87799824,0,22.55027627,12.2257085,-65.04410185
0.04950375748,0.05940450897,NaN,NaN,0,-15.39207831,1.278898964,-48.09638004,0,41.94409051,21.48445632,-65.74948489
0.04950375748,0.06326821687,NaN,NaN,0,11.69669868,1.466660076,-47.41076165,0,33.3861678,40.71450069,-65.8417812
0.04950375748,0.06713192477,NaN,NaN,0,7.370153057,1.660995444,-38.37289057,0,41.0558816,65.09374132,-65.0951755
0.04950375748,0.07099563267,0.7873461127,-1.737973066,1,-39.13312916,1.908000073,29.75554808,2.234365994,22.35745854,118.6306555,-65.62826148
0.04950375748,0.07485934057,0.6346491346,-1.849924537,1,-75.94160543,1.955760803,93.60730587,0,-0.360678206,204.8120662,-71.06456736
0.04950375748,0.07872304847,0.4925363766,-2.167635777,1,-2.233124467,2.222889323,117.7359418,0,35.44584115,218.5368721,-77.19845142
0.04950375748,0.08258675637,0.7629733705,-2.239389888,1,110.8927149,2.365796998,170.0047599,0,117.3358404,145.8193518,-71.18571993
0.04950375748,0.08645046427,1.374344849,-2.074190425,1,61.93767709,2.488190041,131.3752084,0,18.86247466,172.7613347,-56.47180853
0.04950375748,0.09031417218,1.075161555,-2.399293791,1,25.81318415,2.629179162,18.10503061,0,-68.38964799,125.7274873,-65.86209288
0.04950375748,0.09417788008,1.209841829,-2.490012161,1,-103.5243974,2.768370967,-55.30089606,11.50546255,-61.51251082,232.3767527,-64.08590846
0.04950375748,0.09804158798,0.4375071488,-3.510796196,1,104.1843069,3.537951728,-92.8831541,0,-293.5943272,259.5297405,-82.89655504
0.04950375748,0.1019052959,0.4780168372,-3.851632646,1,-28.69389964,3.881182054,599.9821349,0,300.4975664,496.4916949,-82.92533398
0.04950375748,0.1057690038,1.487677123,-3.110939365,1,-112.4662568,3.448351339,272.4809942,0,-0.02293154291,306.4241349,-64.44248472
0.04950375748,0.1096327117,0.04339147127,-3.982779027,1,-194.0137008,3.98301539,0.1067385553,26.66982117,-129.6860311,195.0907186,-89.37580022
0.04950375748,0.1134964196,0.2369959118,-3.864300509,1,279.7697793,3.871561117,315.1305867,0,-319.0512991,-192.0638929,-86.49046988
0.04950375748,0.1173601275,NaN,NaN,0,35.06625391,2.026028661,392.7115958,0,-111.2580226,-239.2945461,-93.06645742
0.04950375748,0.1212238354,NaN,NaN,0,110.5680827,1.423570541,260.6619868,0,-84.17166662,-50.29025884,-92.31032749
0.05336746538,0.01690372206,NaN,NaN,0,-5.778133037,0.7508781892,-3.231759189,0,7.505548632,-4.093006037,-59.96980111
0.05336746538,0.02076742997,NaN,NaN,0,-8.401836633,0.7511170333,-4.157508619,0,10.69591272,-2.783224755,-59.68589767
0.05336746538,0.02463113787,NaN,NaN,0,-10.19503479,0.7599276609,-7.636851986,0,13.79714322,0.1748720433,-59.59157544
0.05336746538,0.02849484577,NaN,NaN,0,-9.494698105,0.7842038059,-13.32856276,0,15.94460501,3.779073771,-59.9211301
0.05336746538,0.03235855367,NaN,NaN,0,-4.819327717,0.8296340318,-17.38013239,0,15.87939407,8.282286367,-60.41786959
0.05336746538,0.03622226157,NaN,NaN,0,1.099648578,0.8915117553,-17.34831201,0,13.92249233,12.54031604,-60.73838464
0.05336746538,0.04008596947,NaN,NaN,0,6.973230358,0.958737385,-11.45415599,0,8.730807166,13.85902483,-60.80836211
0.05336746538,0.04394967737,NaN,NaN,0,2.204880091,1.006505847,0.1811475998,0,5.908536891,13.21025317,-60.44649247
0.05336746538,0.04781338527,NaN,NaN,0,-19.01688158,1.017977698,-3.216573277,1.907860022,15.64403417,10.92226051,-60.64999472
0.05336746538,0.05167709317,NaN,NaN,0,-25.30238724,1.048298261,-13.10959142,3.343186103,11.88039324,12.38050919,-62.53923708
0.05336746538,0.05554080107,NaN,NaN,0,-22.83833091,1.082447842,-29.4910701,0,14.24182681,-6.881408999,-65.60393159
0.05336746538,0.05940450897,0.4501989963,-1.017540308,1,37.76382296,1.112684777,-45.37436515,0,-4.614408411,35.48717373,-66.13355723
0.05336746538,0.06326821687,0.5751760099,-1.298223612,1,35.76722948,1.419933797,96.79313087,0,43.57586728,198.3451416,-66.104335
0.05336746538,0.06713192477,0.7567575461,-1.409907614,1,68.77228272,1.600162949,108.3344747,0,107.4611247,154.327759,-61.7756476
0.05336746538,0.07099563267,1.256090418,-1.475928228,1,70.68831392,1.938073083,116.9591507,0,197.572113,158.2448156,-49.60051694
0.05336746538,0.07485934057,1.793237477,-1.569423363,1,47.26012636,2.383021263,126.4308695,0,118.6495046,228.224559,-41.19208761
0.05336746538,0.07872304847,1.89711677,-1.869229311,1,-31.72763538,2.663281858,122.4822521,0,42.92884937,230.3936218,-44.575768
0.05336746538,0.08258675637,1.836515696,-1.986361375,1,-71.83115298,2.705258105,104.5034718,0,6.788911389,173.4094696,-47.24467905
0.05336746538,0.08645046427,1.645812548,-2.135461959,1,-60.75924467,2.696089153,-27.27869198,0,-132.1015316,212.1334858,-52.37835648
0.05336746538,0.09031417218,1.091357991,-2.911380098,1,112.8901211,3.10921153,66.46778296,0,-174.3094101,242.9601479,-69.45102126
0.05336746538,0.09417788008,1.408506355,-2.817376904,1,138.7839202,3.149841706,-112.8779744,0,-212.3680552,408.0048689,-63.43791147
0.05336746538,0.09804158798,0.8070503873,-4.923919255,1,486.9391437,4.989620342,284.9608234,48.45684104,295.2405765,157.480456,-80.69175381
0.05336746538,0.1019052959,4.43062032,-2.324830001,1,378.1682276,5.003521855,580.3388322,0,94.69126387,88.99888585,-27.68684327
0.05336746538,0.1057690038,2.63404134,-3.025525222,2,-397.9195854,4.011480606,197.7983926,0,-525.3324283,388.8780934,-48.95696411
0.05336746538,0.1096327117,0.8634442204,-3.063106151,1,-556.2792018,3.182476271,355.9180773,69.42695095,-204.106559,709.2342534,-74.2576425
0.05336746538,0.1134964196,-0.3038671311,-4.390635723,1,54.16744749,4.401138181,81.18190118,0,-280.2795519,-275.3488158,-93.95901365
0.05336746538,0.1173601275,-0.01018690388,-1.685575603,1,36.18080896,1.685606385,475.6739357,0,139.3978802,-272.9258084,-90.34626717
0.05336746538,0.1212238354,NaN,NaN,0,94.96080705,1.544364401,210.0488394,0,104.1766801,113.0898402,-75.96550601
0.05723117328,0.01690372206,NaN,NaN,0,-2.886914579,0.7214655541,-0.0256258668,0,5.295409333,-9.367094534,-60.07057826
0.05723117328,0.02076742997,NaN,NaN,0,-11.04594064,0.7082672976,-0.5446525363,0,13.33257735,-6.840883281,-59.01594004
0.05723117328,0.02463113787,NaN,NaN,0,-16.56447186,0.7050688881,-5.389065839,0,18.09231941,-2.177354856,-58.46184406
0.05723117328,0.02849484577,NaN,NaN,0,-17.61651388,0.7219459241,-17.32036115,0,22.36730726,1.804568625,-59.12128396
0.05723117328,0.03235855367,NaN,NaN,0,-7.982067905,0.7779889083,-25.44034938,0,21.7369232,8.694585529,-60.15643629
0.05723117328,0.03622226157,NaN,NaN,0,2.379854865,0.8626966156,-26.77045675,0,20.03373245,16.98957203,-60.58760352
0.05723117328,0.04008596947,NaN,NaN,0,23.31091958,0.9677801705,-16.77881726,2.804061281,5.62907489,16.94827107,-60.6906074
0.05723117328,0.04394967737,NaN,NaN,0,22.84959952,1.031664944,24.78262417,0,-10.13795142,14.66315852,-58.73186646
0.05723117328,0.04781338527,0.5228670751,-0.804795038,1,9.69378634,0.9597317497,47.85849601,0,-20.84543415,40.13699864,-56.98863113
0.05723117328,0.05167709317,0.4923925867,-0.8519795675,1,-24.00223404,0.9840323384,73.10144863,0,-18.89616137,104.4977814,-59.97468908
0.05723117328,0.05554080107,0.3571202059,-0.9261012971,1,-6.409175354,0.9925716367,61.22512024,0,5.033448162,184.8898388,-68.91252349
0.05723117328,0.05940450897,0.4870771787,-1.329783918,1,200.5085577,1.41618129,103.3173443,12.67857895,157.554206,202.1697005,-69.88307872
0.05723117328,0.06326821687,1.740570135,-1.308037927,1,147.0119241,2.177279866,165.2700036,0,170.6203675,172.3281926,-36.92485087
0.05723117328,0.06713192477,1.714315573,-1.357054698,1,-2.733161829,2.186429816,155.0869269,0,31.22489045,139.4783975,-38.36518839
0.05723117328,0.07099563267,1.850653852,-1.247731129,1,13.85925104,2.231984016,76.13515153,0,61.35827317,132.3097227,-33.98828112
0.05723117328,0.07485934057,2.004934116,-1.574096833,1,-2.661412585,2.549027589,-5.030257697,0,4.031036465,158.401817,-38.13586621
0.05723117328,0.07872304847,1.855945679,-1.879184927,1,-20.15581269,2.6411873,-34.07246658,0,-23.37395782,59.49777753,-45.35647848
0.05723117328,0.08258675637,1.836747798,-1.935624924,1,75.8837129,2.668386463,-35.12678454,12.08944006,-15.67623772,86.68657911,-46.50142778
0.05723117328,0.08645046427,2.088569776,-2.349836182,1,170.0855548,3.143859697,-109.4032746,21.57148909,-57.7704135,297.8024474,-48.36882392
0.05723117328,0.09031417218,2.270700696,-3.508948889,1,155.0840377,4.179569829,-50.66239275,21.74894285,-87.38840093,336.7697524,-57.09240508
0.05723117328,0.09417788008,2.350125943,-3.846760823,1,179.8627152,4.50784436,36.36552774,0,-211.8862749,228.5422124,-58.57772617
0.05723117328,0.09804158798,2.146971016,-4.251463464,1,-17.66218522,4.762817037,175.595232,0,202.4629885,460.333115,-63.20641802
0.05723117328,0.1019052959,3.064142267,-4.946904831,1,327.7132754,5.819006379,-18.09855727,58.23078424,88.32559791,-185.8747216,-58.22567966
0.05723117328,0.1057690038,3.754423697,-3.603225372,2,244.2661477,5.20374196,627.824236,0,39.05927652,26.11777017,-43.82274805
0.05723117328,0.1096327117,4.158828947,-2.622086805,1,-495.8371395,4.9164212,330.4651606,0,-608.7059929,732.4832972,-32.23089061
0.05723117328,0.1134964196,-0.5132083301,-5.156506023,1,-573.7516695,5.181981972,920.7929096,0,-327.9340537,662.5540016,-95.6837236
0.05723117328,0.1173601275,0.674978694,-1.624327096,1,136.8520149,1.758986854,1192.311462,0,304.2618105,216.6424472,-67.43498615
0.05723117328,0.1212238354,NaN,NaN,0,74.00361164,1.828117448,339.6230163,0,193.1739089,216.6731671,-49.34074183
0.06109488118,0.01690372206,NaN,NaN,0,9.428506341,0.7055184137,9.89288742,0,-3.686721579,-23.36074758,-61.23660267
0.06109488118,0.02076742997,NaN,NaN,0,-15.72841581,0.6558014312,9.728957347,0,19.8487916,-15.37122615,-57.68404874
0.06109488118,0.02463113787,NaN,NaN,0,-27.40039811,0.6310835273,3.945602317,2.691498169,22.87224983,-3.847976812,-55.72428704
0.06109488118,0.02849484577,NaN,NaN,0,-36.42481767,0.6210018302,-25.12346663,0,33.69538142,-3.078029942,-57.56300474
0.06109488118,0.03235855367,NaN,NaN,0,-11.87228488,0.6978354255,-40.29044723,0,28.66725904,7.701915093,-60.38346341
0.06109488118,0.03622226157,0.3979787789,-0.7095426945,1,23.67103076,0.8135342302,-47.00728822,0,8.266327819,30.28217562,-60.7121615
0.06109488118,0.04008596947,0.468261866,-0.9052887671,1,53.42851089,1.019223688,-5.57952821,9.587845915,11.50219405,70.37508114,-62.64967207
0.06109488118,0.04394967737,0.6488520565,-1.003009119,1,47.17976381,1.194586239,102.4531577,0,48.75969401,128.3396391,-57.10095209
0.06109488118,0.04781338527,0.8389439071,-1.00530657,1,78.80492668,1.309377019,102.7937153,0,55.97567328,78.83892545,-50.15447873
0.06109488118,0.05167709317,1.169604925,-0.9104548081,1,98.99181577,1.482195547,107.7638252,0,45.70565466,91.27208179,-37.89823741
0.06109488118,0.05554080107,1.398012667,-0.9415872905,1,55.45030282,1.685534349,139.6050349,0,63.84100781,210.2751204,-33.96099273
0.06109488118,0.05940450897,1.630511705,-1.183503376,1,19.60280945,2.014757717,174.9834296,0,105.0298423,243.6791487,-35.97393966
0.06109488118,0.06326821687,1.879556828,-1.207007483,1,29.25517682,2.233741465,74.28764676,0,39.1661995,98.92725343,-32.70762906
0.06109488118,0.06713192477,1.894871917,-1.278703619,1,29.10325622,2.285962057,87.26661728,0,17.97682912,109.3693229,-34.01239211
0.06109488118,0.07099563267,2.061460526,-1.292405881,1,90.7177791,2.433091133,73.19986919,7.276984976,36.34888269,141.7511373,-32.08512104
0.06109488118,0.07485934057,2.385820382,-1.543565695,1,-1.643135743,2.841607635,49.82509152,0,-15.46679655,202.3359483,-32.90184989
0.06109488118,0.07872304847,1.995352745,-1.881663283,1,-60.79874412,2.742642756,-1.731149052,9.78806755,-29.81180656,204.4326203,-43.3203422
0.06109488118,0.08258675637,2.035727682,-2.340122279,1,113.1106319,3.101670433,-58.67629123,17.65079858,-15.17901164,234.8675297,-48.97922145
0.06109488118,0.08645046427,2.37373192,-3.015830864,1,152.4549512,3.837947241,-22.80662362,18.8958371,-110.7681624,367.5180422,-51.79405139
0.06109488118,0.09031417218,2.196793257,-3.848222774,1,60.33918744,4.431108116,-128.4080892,0,-45.24990908,211.9772975,-60.27971846
0.06109488118,0.09417788008,2.432032484,-4.330980572,1,190.8868675,4.967109292,39.80986797,30.68707783,85.34998497,98.09509891,-60.68390969
0.06109488118,0.09804158798,3.264091766,-4.073419882,1,126.9799133,5.21987017,434.4090892,0,186.3187879,154.5674092,-51.29428565
0.06109488118,0.1019052959,3.642527151,-3.249754062,1,50.57387539,4.881485994,335.0867943,0,440.2992752,269.0788929,-41.73839101
0.06109488118,0.1057690038,5.160682236,-3.818384632,1,142.5281486,6.419712013,345.7882843,0,201.1415743,410.3491611,-36.4977089
0.06109488118,0.1096327117,4.970366575,-3.499198431,1,181.501299,6.078563445,406.0676601,0,-12.48215477,308.3593492,-35.14601074
0.06109488118,0.1134964196,5.813722839,-3.440868259,1,23.40433163,6.755660413,552.1624731,0,96.48901503,-84.64689289,-30.61928796
0.06109488118,0.1173601275,5.433599445,-1.038753053,1,-302.6107834,5.53199881,458.0942223,0,-548.8612552,-163.8582034,-10.82277408
0.06109488118,0.1212238354,NaN,NaN,0,-843.5315935,2.728932156,-31.36201788,0,-662.6463704,-31.8420204,-22.35255851
0.06495858908,0.01690372206,NaN,NaN,0,50.58244628,0.742760625,40.67887403,0,-32.52276881,-66.04746531,-65.50770029
0.06495858908,0.02076742997,NaN,NaN,0,-32.46038465,0.581535046,33.93540094,0,48.31250701,-35.74870566,-53.87837707
0.06495858908,0.02463113787,0.3691749441,-0.4066857592,1,-36.93273121,0.5492571766,6.760333208,6.032829827,15.901351,-24.57094749,-47.76794424
0.06495858908,0.02849484577,0.261556523,-0.3486901754,1,-47.85483356,0.4358860552,-2.439272147,8.02927516,19.9194693,26.41876164,-53.12601263
0.06495858908,0.03235855367,0.2612408565,-0.5181847723,1,-6.010900102,0.5803121947,-31.21742352,0,31.24213938,88.44241342,-63.24521879
0.06495858908,0.03622226157,0.3590426615,-0.8110208327,1,51.21121789,0.8869421762,-5.586854189,0,68.58645448,120.6390354,-66.120807
0.06495858908,0.04008596947,0.7241040697,-1.005884739,1,121.6145126,1.239407444,99.21131903,0,154.8433913,115.9537742,-54.2511002
0.06495858908,0.04394967737,1.427195249,-0.8757087891,1,44.4992901,1.674440851,124.9910776,0,85.04944578,95.77454852,-31.53274706
0.06495858908,0.04781338527,1.224642544,-0.8930006047,1,-19.63001714,1.515651491,1.655903033,0,-23.27852053,48.80049698,-36.09926394
0.06495858908,0.05167709317,1.261409193,-1.057861729,1,78.69900662,1.646275976,13.2729591,11.45459135,46.65011262,13.44933351,-39.98436983
0.06495858908,0.05554080107,1.708954926,-0.8936820639,1,123.6189026,1.928521343,50.4053511,11.3716592,94.63204152,35.35687576,-27.60689866
0.06495858908,0.05940450897,2.10466709,-0.9997188162,1,82.57596081,2.330034607,41.06324779,0,98.82154775,138.3952864,-25.40776138
0.06495858908,0.06326821687,2.409821913,-1.26974463,1,41.49273637,2.723874645,77.87083291,0,54.11291709,181.4824818,-27.7849223
0.06495858908,0.06713192477,2.474059409,-1.400043963,1,58.16668947,2.842726342,161.1568886,0,12.06114547,209.8282783,-29.50506088
0.06495858908,0.07099563267,2.681161754,-1.457796663,1,129.1901717,3.051851809,203.9792414,0,1.552452168,262.8510462,-28.53373399
0.06495858908,0.07485934057,2.979210718,-1.62750742,1,66.46022591,3.394771996,114.8744446,0,-77.34013731,192.9506852,-28.64725563
0.06495858908,0.07872304847,2.639124954,-1.759460451,1,8.750822571,3.171857753,57.25563853,0,-128.2503944,265.2918653,-33.69072607
0.06495858908,0.08258675637,2.517499278,-2.431298633,1,170.9745876,3.499859377,-51.47910156,29.57480132,31.24283493,364.5443133,-44.00209428
0.06495858908,0.08645046427,3.420434007,-3.366853406,1,66.66511907,4.799486499,-44.46335356,2.985172929,-46.97200806,340.0418214,-44.5477017
0.06495858908,0.09031417218,2.593587706,-3.916914316,1,-39.9311904,4.697756374,126.0671293,0,-99.17962453,355.8130433,-56.48943623
0.06495858908,0.09417788008,2.882950453,-4.254524509,1,238.9558347,5.139297823,297.0536206,0,234.4278958,324.3023342,-55.87765189
0.06495858908,0.09804158798,4.422604166,-4.022195386,1,263.2232712,5.978083583,371.6042344,0,387.8382525,161.0798351,-42.28536315
0.06495858908,0.1019052959,5.398462006,-3.441119724,1,309.411776,6.401929161,387.7485602,0,273.7880443,220.6978448,-32.51449342
0.06495858908,0.1057690038,6.675917919,-3.376760216,1,131.0298291,7.481336085,377.1407284,0,262.5569172,359.1431161,-26.83083945
0.06495858908,0.1096327117,6.919166227,-3.371582208,1,-701.5141875,7.69691028,306.7618097,0,-691.6508101,694.3086887,-25.97912094
0.06495858908,0.1134964196,1.293135311,-4.874128154,1,-1066.185402,5.042749666,44.85508263,191.1227437,-255.6913119,-161.1168074,-75.14139357
0.06495858908,0.1173601275,1.811820725,-2.575766989,1,-1186.554504,3.149169719,781.0504266,0,1096.948711,-302.4191275,-54.87705623
0.06495858908,0.1212238354,NaN,NaN,0,-558.7192189,1.170426395,-31.46153899,0,111.0166251,-1008.682778,-35.99751337
0.06882229698,0.01690372206,0.2414742307,-0.9395617805,1,90.62059971,0.9700959455,-191.885882,0,-37.76824185,-552.8957305,-75.58651258
0.06882229698,0.02076742997,0.343577267,-0.2421434787,1,-38.89488692,0.4203317769,-36.4298368,0,50.57323971,-197.4693176,-35.1750917
0.06882229698,0.02463113787,0.2865959747,-0.3173522663,1,-2.812243635,0.4276093002,-33.64574314,0,24.07688958,-28.44073346,-47.91529073
0.06882229698,0.02849484577,0.4257376476,-0.2622541157,1,21.94194601,0.5000297649,37.77722387,0,50.36422191,75.40370328,-31.63304245
0.06882229698,0.03235855367,0.5659658869,-0.4627299921,1,31.9884463,0.7310515924,52.45328274,0,75.87921952,150.8447113,-39.2692072
0.06882229698,0.03622226157,0.8425068002,-0.6424098556,1,53.47490584,1.059484842,139.5336164,0,136.4025561,220.8472411,-37.32545256
0.06882229698,0.04008596947,1.299596937,-0.7769020863,1,45.80592836,1.514109986,133.4207086,0,124.8382215,186.2003989,-30.87108088
0.06882229698,0.04394967737,1.50182595,-0.8463351618,1,-39.66599742,1.72388062,36.33043854,0,-29.103238,99.09430192,-29.40288777
0.06882229698,0.04781338527,1.033892699,-1.019403321,1,-25.53862641,1.451935688,102.1342832,0,-33.72410716,150.778543,-44.59569084
0.06882229698,0.05167709317,1.272852059,-1.034282373,1,84.53836761,1.640089141,28.74504548,0,95.46492967,37.59165979,-39.09630112
0.06882229698,0.05554080107,1.72937286,-1.053584055,1,171.0647193,2.025035765,-1.616829759,25.52064656,100.9628328,20.7587748,-31.35098376
0.06882229698,0.05940450897,2.323887061,-1.120735173,1,185.9496398,2.58001907,33.02742421,26.70703198,112.2740998,60.11610142,-25.74650198
0.06882229698,0.06326821687,2.881622279,-1.158246791,1,118.3239738,3.105685526,57.96238224,0,141.6240352,144.9531198,-21.89729652
0.06882229698,0.06713192477,3.328250237,-1.456841973,1,138.4761664,3.63313063,54.52729724,9.652601813,116.0808918,216.8879031,-23.63996091
0.06882229698,0.07099563267,3.865156396,-1.785560747,1,103.0133341,4.257659116,61.51488486,13.45301712,-39.10670942,227.7609722,-24.79520837
0.06882229698,0.07485934057,3.575166768,-2.099168294,1,31.48272305,4.145880479,45.45250883,0,-192.8754391,207.3268631,-30.41943429
0.06882229698,0.07872304847,3.241582084,-2.410995968,1,78.20171408,4.039895539,82.78341539,0,-163.5721828,284.8785742,-36.6408147
0.06882229698,0.08258675637,3.245320214,-2.880004956,1,126.945736,4.338955155,53.48104229,18.59342439,-55.9831518,323.6607734,-41.58691451
0.06882229698,0.08645046427,3.515760781,-3.45489153,1,114.2136499,4.929183437,-66.26716129,0,96.28809984,243.574186,-44.49969351
0.06882229698,0.09031417218,4.058637487,-4.077141418,1,181.981072,5.752879313,191.0882651,0,158.8856933,422.3644636,-45.1303127
0.06882229698,0.09417788008,4.832770395,-4.348475205,1,152.6483939,6.501146537,440.1443066,0,174.3923554,314.5661221,-41.98054281
0.06882229698,0.09804158798,5.322227414,-3.591943994,1,25.15643002,6.420916313,383.9915138,0,275.2327215,135.2456266,-34.01521181
0.06882229698,0.1019052959,5.993386333,-3.387393755,1,233.532909,6.8844111,182.4478479,0,460.9400165,109.5278398,-29.47463967
0.06882229698,0.1057690038,8.005467943,-3.310202382,1,227.4714789,8.662849231,176.0388262,0,508.8223374,195.1125939,-22.46473619
0.06882229698,0.1096327117,8.838210568,-3.461089222,1,-327.6203314,9.491738758,-150.764823,0,-355.9060937,-927.4401357,-21.38556941
0.06882229698,0.1134964196,5.364521494,-0.3093558408,2,-743.2245849,5.373433902,1811.192739,0,340.6787323,-1099.256464,-3.300420243
0.06882229698,0.1173601275,7.282890977,7.784036358,1,-1460.460183,10.65981815,360.7855859,255,-314.8944477,-120.4085939,46.905029
0.06882229698,0.1212238354,-1.49493022,1.549837913,1,-2435.00485,2.153326245,-2079.094185,0,-2108.724346,1147.960554,133.966871
0.07268600488,0.01690372206,-2.569691627,-1.171981774,1,547.6644816,2.824332901,75.81144396,0,492.1601123,-466.6288317,-155.4832784
0.07268600488,0.02076742997,-0.5609023779,-0.1240663844,1,328.572562,0.5744596985,131.633749,0,369.9746964,-93.32833235,-167.5275257
0.07268600488,0.02463113787,0.1292909339,-0.3027940027,1,147.4094734,0.3292420898,-15.01136831,0,178.6392279,14.70320172,-66.87785476
0.07268600488,0.02849484577,0.6988545654,-0.2388748034,1,113.4654095,0.7385518772,79.12621062,0,123.9836968,90.9826044,-18.87089156
0.07268600488,0.03235855367,1.046724922,-0.3486036451,1,109.3529306,1.103248641,106.9593078,0,163.0782391,172.1137704,-18.41993853
0.07268600488,0.03622226157,1.751449028,-0.4906126153,1,81.64786365,1.81886625,159.8933116,0,154.4729221,250.9776812,-15.64852221
0.07268600488,0.04008596947,1.959026668,-0.7005270434,1,4.398747202,2.080510424,121.0671178,0,47.10303959,210.1744638,-19.67650833
0.07268600488,0.04394967737,1.950436889,-0.8348973721,1,10.42512097,2.12161676,91.07929029,0,52.41533363,149.0805351,-23.17366529
0.07268600488,0.04781338527,2.201823829,-0.9246269114,1,-108.3162908,2.388087749,191.321831,0,-3.68028201,238.1026223,-22.77932884
0.07268600488,0.05167709317,1.517714845,-1.015644685,1,-77.65544579,1.826196177,41.81251892,10.67410848,-30.76631612,103.9052991,-33.79017497
0.07268600488,0.05554080107,1.782913811,-1.164535277,1,119.6395708,2.129536115,-63.51400516,0,125.4181937,6.039621604,-33.15112729
0.07268600488,0.05940450897,2.464546466,-1.284379582,1,198.4859915,2.77914019,-35.14707315,18.8276293,166.685074,-31.21698246,-27.52592901
0.07268600488,0.06326821687,3.193828142,-1.179719999,1,146.0892581,3.404743379,49.75374108,9.308874402,127.7880701,102.0851246,-20.27296522
0.07268600488,0.06713192477,3.522728463,-1.486572762,1,83.97713809,3.823547358,-39.26342168,2.852341373,72.61105185,174.828073,-22.87948733
0.07268600488,0.07099563267,3.798839168,-2.006906998,1,81.40615332,4.29637693,-151.2906166,0,30.7006421,109.5440757,-27.84726105
0.07268600488,0.07485934057,3.955876374,-2.494361824,1,41.42214726,4.676622584,-29.48524398,2.381502077,26.08407383,148.2448501,-32.23331508
0.07268600488,0.07872304847,4.059663488,-2.693604167,1,25.52600871,4.871998671,129.7683506,0,-20.66313672,296.3753031,-33.56444482
0.07268600488,0.08258675637,3.974665091,-3.138082422,1,30.48155905,5.064140981,68.28462121,0,-18.61910135,260.4596892,-38.29184092
0.07268600488,0.08645046427,4.10549656,-3.436112495,1,47.42248238,5.353687615,81.73605961,0,208.5815416,306.4077255,-39.92778813
0.07268600488,0.09031417218,4.963789861,-4.006148113,1,94.92281482,6.378748504,135.6037045,0,343.3697743,325.680107,-38.90611391
0.07268600488,0.09417788008,5.798931099,-4.170512194,1,93.44710348,7.142882741,370.6638088,0,285.7210386,124.7408522,-35.72317355
0.07268600488,0.09804158798,6.428784807,-3.055973643,1,-11.64061922,7.118163316,476.2694503,0,199.9674019,60.081905,-25.42444695
0.07268600488,0.1019052959,6.526570777,-2.562485087,1,29.05356442,7.011594393,197.6821757,0,406.0605355,-0.6431067935,-21.43613868
0.07268600488,0.1057690038,8.109938593,-2.289702682,1,-728.7746187,8.426971125,-345.4561093,109.3972084,-247.8192814,-107.7608518,-15.76612036
0.07268600488,0.1096327117,2.753297209,-3.480870131,1,-770.4245254,4.438141772,-83.93595622,131.600728,-281.9556174,-498.9415361,-51.65672265
0.07268600488,0.1134964196,4.043849121,-0.6862423442,2,62.50756649,4.101663598,683.7633355,0,-65.80232944,-696.0600524,-9.631354372
0.07268600488,0.1173601275,2.740567208,1.850364394,2,175.8096527,3.306744171,-483.6910615,0,-1908.485352,-809.537802,34.02626543
0.07268600488,0.1212238354,-2.650703667,0.5727342815,1,-1234.411219,2.711872874,-183.337428,0,-1556.312621,478.011797,167.8076023
0.07654971278,0.01690372206,-1.268529998,-1.154014451,1,368.0974754,1.714910408,370.1447874,0,543.0004913,-184.6780684,-137.7064011
0.07654971278,0.02076742997,0.491578208,-0.08217772489,1,187.7939041,0.4983997523,45.19763938,0,214.3936699,-202.5759651,-9.490446924
0.07654971278,0.02463113787,0.285405309,-0.1966896174,1,47.91805564,0.346616497,-36.53552023,0,105.1499887,-0.4466634649,-34.57301604
0.07654971278,0.02849484577,1.08298842,-0.2216145259,1,159.7259837,1.105430647,77.57066672,0,191.961429,92.70159199,-11.56491259
0.07654971278,0.03235855367,1.644222744,-0.2551510929,1,146.6731561,1.663902195,138.4473625,0,201.9566876,174.5320199,-8.82082466
0.07654971278,0.03622226157,2.429992301,-0.3610351018,1,96.74721756,2.456666223,86.22922182,0,145.2987478,178.5638627,-8.450875931
0.07654971278,0.04008596947,2.579417653,-0.6119051744,1,-24.41445986,2.651004219,115.0619695,0,24.34744233,198.6765056,-13.34536182
0.07654971278,0.04394967737,2.429733365,-0.6840972455,1,-24.11559209,2.524201511,236.8919202,0,53.52922838,237.7240671,-15.72469241
0.07654971278,0.04781338527,2.693063352,-0.6151203471,1,-145.954742,2.762419819,153.7067509,0,-7.749998993,197.4520938,-12.86616575
0.07654971278,0.05167709317,1.835863143,-0.8531164722,1,-206.0511302,2.024401441,93.04519514,28.41074361,-100.8444095,200.7491954,-24.92405883
0.07654971278,0.05554080107,1.507308631,-1.031257144,1,-21.31740767,1.82632708,-69.76559419,0,81.26308624,31.30005755,-34.37880967
0.07654971278,0.05940450897,2.067475735,-1.243604629,1,174.9136477,2.412676603,-110.8520249,0,332.6233411,-59.6835368,-31.02727438
0.07654971278,0.06326821687,3.468283304,-1.228957236,1,199.7602565,3.679582172,-68.30764871,0,262.1164594,-1.751742373,-19.51135651
0.07654971278,0.06713192477,3.852032452,-1.50075721,1,26.89737559,4.134056871,-108.2172836,0,34.07427606,86.54764546,-21.2859576
0.07654971278,0.07099563267,3.703859956,-1.981472031,1,4.414090774,4.200572578,-78.18054418,0,42.68748874,92.03753036,-28.14566216
0.07654971278,0.07485934057,4.034019196,-2.15843013,1,113.7637428,4.575164642,-4.688922247,0,192.7337358,152.6690662,-28.14931938
0.07654971278,0.07872304847,4.888076686,-2.589457334,1,20.57126081,5.531598591,20.88714157,0,104.0429748,256.7448873,-27.91239403
0.07654971278,0.08258675637,4.515492203,-3.069715566,1,-51.28398347,5.46011204,138.7801661,0,84.24669907,201.6116926,-34.20859422
0.07654971278,0.08645046427,5.01543499,-2.832219999,1,55.14346229,5.759866167,127.0046417,0,287.8977885,139.2983691,-29.45345062
0.07654971278,0.09031417218,5.840903394,-3.117214938,1,44.91618177,6.620663216,11.64112033,0,403.2114594,211.8024429,-28.08826634
0.07654971278,0.09417788008,6.746869298,-3.605584882,1,-2.793887727,7.649868474,191.8092985,0,404.9021808,103.0700523,-28.1204298
0.07654971278,0.09804158798,7.394532383,-2.774352411,1,-120.8662376,7.8978567,388.9309947,0,122.8897969,-44.54792842,-20.56557379
0.07654971278,0.1019052959,6.75468774,-1.930748942,1,-297.5405906,7.025211595,311.9090498,0,2.445199873,-30.35827467,-15.95196869
0.07654971278,0.1057690038,6.25436999,-1.451931445,1,-248.7365252,6.420689129,-84.09759909,20.84934987,205.1137803,-176.4857683,-13.06952761
0.07654971278,0.1096327117,6.586142196,-1.573788043,1,-495.5685454,6.771563914,536.3913643,0,252.9623645,368.981285,-13.43907736
0.07654971278,0.1134964196,5.317010572,-0.8051077994,1,-554.4542983,5.377620291,321.0322983,0,-558.4429256,-16.65299228,-8.610382499
0.07654971278,0.1173601275,2.2862324,-0.2690707182,1,-462.7741462,2.30201165,116.6052764,0,-1005.609399,-170.9973978,-6.7123631
0.07654971278,0.1212238354,-0.356394532,0.3061049252,1,-628.6796868,0.4698055849,196.7860764,0,-739.2430444,-100.9463911,139.3409348
0.08041342068,0.01690372206,-1.853102399,-0.4962076095,2,68.27296008,1.918387472,-116.915029,0,285.8615442,-362.7488046,-165.009511
0.08041342068,0.02076742997,-1.168966258,-0.02129265901,1,227.8819208,1.169160165,-124.2698227,0,248.2164348,-231.5608212,-178.9564758
0.08041342068,0.02463113787,-0.01359742141,-0.08166653097,1,299.8944031,0.08279077333,-1.955878336,0,353.8048826,22.12301223,-99.45299252
0.08041342068,0.02849484577,1.356736837,-0.1143264587,1,265.3294511,1.361545219,29.28536111,0,322.0812213,43.09015639,-4.816693171
0.08041342068,0.03235855367,2.255985834,-0.1350042276,1,172.9594988,2.260021732,37.76092153,0,193.9924968,86.59929922,-3.424648565
0.08041342068,0.03622226157,2.774532161,-0.3030236845,1,113.0250285,2.791030646,0.9761506755,0,123.8548501,98.58214957,-6.232919612
0.08041342068,0.04008596947,3.171220493,-0.5121252966,1,103.904001,3.212306295,57.0862242,0,157.4206886,117.1002799,-9.173583557
0.08041342068,0.04394967737,3.784214429,-0.5349004658,1,18.21101392,3.821831675,290.4734458,0,82.04981019,259.0318498,-8.04548476
0.08041342068,0.04781338527,3.558599031,-0.390644154,1,-180.0565652,3.579976246,352.4148131,0,-112.7616044,371.6337042,-6.264543972
0.08041342068,0.05167709317,2.652850553,-0.609156647,1,-298.1432016,2.721890497,278.9702328,0,-199.9029416,376.687262,-12.93227105
0.08041342068,0.05554080107,1.634294213,-0.7681942119,1,-185.7272947,1.805834965,140.5522805,21.5650162,-33.54489298,157.6029346,-25.17570489
0.08041342068,0.05940450897,1.805646869,-0.6750353942,1,16.79461004,1.927701584,176.5305516,0,316.7826011,220.6849334,-20.49809834
0.08041342068,0.06326821687,2.923139119,-0.9387938456,1,128.9225323,3.070191557,-38.26519977,0,293.8207195,164.5989766,-17.80491387
0.08041342068,0.06713192477,3.439003311,-1.458843315,1,34.48599258,3.735634831,-112.2966217,0,206.0185746,125.8776778,-22.98691252
0.08041342068,0.07099563267,3.852378515,-1.859029768,1,-4.144903148,4.277477283,-32.02348226,0,285.9014807,157.0181175,-25.76041126
0.08041342068,0.07485934057,4.527628425,-2.189244838,1,26.39750668,5.029136319,-55.99374037,0,304.8837571,76.53803771,-25.80516691
0.08041342068,0.07872304847,5.132352552,-2.371093846,1,-24.9184555,5.653594321,-12.02230237,0,222.1930423,98.02396066,-24.79644919
0.08041342068,0.08258675637,5.289839805,-2.614431453,1,-126.7161772,5.900648861,141.2378333,0,127.2496169,184.1302891,-26.30025926
0.08041342068,0.08645046427,5.134413607,-2.536817767,1,-5.467128824,5.726923036,75.24559562,0,144.5228572,77.15266633,-26.29311634
0.08041342068,0.09031417218,5.827110521,-2.621799818,1,122.9997916,6.389761444,-9.960421878,0,343.8691374,5.174238248,-24.22447519
0.08041342068,0.09417788008,6.938258776,-2.595293672,1,38.33304641,7.407765121,-47.11842002,0,461.7745988,-178.5021334,-20.50858512
0.08041342068,0.09804158798,7.759380381,-2.114171526,1,-36.09913639,8.042245031,18.13156369,0,211.0973434,-290.3457036,-15.24121314
0.08041342068,0.1019052959,7.614400731,-1.403427618,1,-225.430725,7.742655073,201.1120685,15.773745,55.57839123,-207.307485,-10.44311439
0.08041342068,0.1057690038,7.103120577,-0.5361576707,1,-412.2967692,7.12332696,169.8448779,68.5577313,59.52474329,-41.00498398,-4.316613815
0.08041342068,0.1096327117,6.251392667,-0.5887653407,1,-488.4499032,6.279056849,-70.07264963,89.34156213,1.032433848,-27.23929664,-5.380329991
0.08041342068,0.1134964196,5.21988185,-0.701653235,1,-609.857193,5.266828628,-284.3920382,75.36849295,-353.2023406,-372.8492636,-7.655773117
0.08041342068,0.1173601275,2.530411939,-0.2469924598,1,-1021.90929,2.542437778,82.71910064,81.05439348,-919.30603,-136.5529096,-5.574956657
0.08041342068,0.1212238354,-2.280407118,0.1455497632,1,-1189.081571,2.285047342,-96.3097121,0,-1301.178656,-299.5042771,176.3479809
0.08427712858,0.01690372206,-3.121810942,-0.313315719,1,514.8999306,3.13749427,342.8853023,0,643.8644157,182.5705867,-174.2687896
0.08427712858,0.02076742997,-0.883247462,-0.003611102298,1,441.6124571,0.8832548438,224.2706518,0,460.4060844,140.175152,-179.7657511
0.08427712858,0.02463113787,0.3633252235,0.01160472809,1,276.101527,0.3635105057,78.24463775,0,305.1726787,77.9162383,1.829424244
0.08427712858,0.02849484577,1.362626279,-0.002342262728,1,219.0341415,1.362628292,-47.8896099,0,236.8463582,0.118796843,-0.09848748608
0.08427712858,0.03235855367,2.124714312,-0.1738857324,1,191.7835189,2.131817805,-28.18527834,8.509365098,184.0291075,53.82132771,-4.678635876
0.08427712858,0.03622226157,2.814656493,-0.3191918344,1,147.6156874,2.832697407,32.04401221,0,144.2565613,91.89496354,-6.469900069
0.08427712858,0.04008596947,3.252423425,-0.4051323259,1,206.475548,3.277558594,52.86152278,0,243.4044298,83.46708422,-7.100374233
0.08427712858,0.04394967737,4.552861317,-0.4374427839,1,267.977384,4.573827977,180.0409579,0,311.2982654,167.0948316,-5.488180454
0.08427712858,0.04781338527,5.490575329,-0.3551122753,1,-13.24560332,5.502047089,373.1081654,0,-34.30693844,382.4520446,-3.700547608
0.08427712858,0.05167709317,4.369132186,-0.4735448037,1,-380.3688142,4.394719643,332.7851705,0,-352.4200277,355.6017298,-6.185809583
0.08427712858,0.05554080107,2.659293291,-0.4432687958,1,-157.6951028,2.695983685,265.6119803,0,-40.80122839,164.9299009,-9.463438438
0.08427712858,0.05940450897,3.602200343,-0.08453865816,1,107.6928346,3.603192209,113.0654851,0,228.0227159,151.5181877,-1.344405887
0.08427712858,0.06326821687,3.956400116,-0.5918388068,2,-16.88419533,4.000421859,222.4740431,0,95.12648233,417.4853585,-8.507802822
0.08427712858,0.06713192477,3.904505685,-0.838005418,2,-101.9640603,3.993421807,42.42486456,0,161.5965704,112.0415971,-12.1133544
0.08427712858,0.07099563267,4.186802716,-0.8608175261,1,-232.2390459,4.274379931,69.38040278,0,286.3038667,132.6448089,-11.6182563
0.08427712858,0.07485934057,4.11339636,-1.082440604,1,-239.4689975,4.253434762,-73.12482764,0,506.9734991,127.1680468,-14.74314438
0.08427712858,0.07872304847,5.220361972,-1.634690687,1,-311.6301903,5.470319256,-131.321411,0,741.068251,129.0567911,-17.38729091
0.08427712858,0.08258675637,5.772619588,-2.08846592,1,-157.8848151,6.138796854,-64.71714215,0,257.2441344,95.23589616,-19.8895284
0.08427712858,0.08645046427,5.604257359,-2.252702505,1,-113.3249122,6.040063669,23.48751238,0,126.2118569,68.87768818,-21.89828805
0.08427712858,0.09031417218,5.822410978,-2.263840301,1,-73.93731828,6.247034697,16.40446818,0,144.0461442,-56.88577568,-21.24682442
0.08427712858,0.09417788008,5.875137383,-1.969530411,1,-15.3707236,6.196473942,-154.7991728,0,150.0510605,-269.8655529,-18.53276807
0.08427712858,0.09804158798,6.34277646,-1.819257419,1,64.18797944,6.598523378,-117.0763954,0,157.2607168,-408.1228823,-16.00413612
0.08427712858,0.1019052959,6.730750461,-0.8450118001,1,-123.3365346,6.783586566,94.01244289,0,229.2951776,-472.8799143,-7.155757847
0.08427712858,0.1057690038,6.752169706,0.37104906,1,-243.3565819,6.76235707,-11.80943719,40.1895329,108.6173073,-312.6708272,3.145386594
0.08427712858,0.1096327117,6.210157261,0.3174287296,1,-717.8254862,6.218264565,-121.6405332,117.4507591,-310.8618904,-73.88395245,2.926095309
0.08427712858,0.1134964196,2.777622162,0.1865315815,1,-749.3945759,2.783878392,-181.864338,120.6443203,-320.0245106,-132.6705513,3.841937065
0.08427712858,0.1173601275,2.078234287,0.1273583072,1,-731.1188075,2.082133015,-153.1061769,98.61034636,-475.8374249,-71.95691373,3.506813145
0.08427712858,0.1212238354,-1.885704169,-0.1270054676,1,-918.7963551,1.88997635,-99.10256863,0,-1133.086737,32.56565335,-176.1468485
0.08814083648,0.01690372206,0.1771056704,0.002073490166,1,-27.88517689,0.1771178078,925.7909809,0,59.99951059,900.2989208,0.670767952
0.08814083648,0.02076742997,0.2391458728,0.05132042731,1,41.51255189,0.2445905451,361.1216573,0,65.29079075,353.7239922,12.11190921
0.08814083648,0.02463113787,0.5897625891,0.03065590735,1,111.3928685,0.5905588,43.52009741,0,130.0898005,68.58039861,2.975561289
0.08814083648,0.02849484577,1.172164369,-0.04550525643,1,231.4493065,1.173047329,-94.32715389,0,225.4365393,-43.69679553,-2.223195466
0.08814083648,0.03235855367,2.355036041,-0.1649650083,1,271.17894,2.360806686,-76.25454126,0,267.4828444,-6.244820736,-4.00689625
0.08814083648,0.03622226157,3.253396161,-0.3160023667,1,170.0738521,3.268706789,19.96674374,0,177.4985842,72.88944946,-5.547736479
0.08814083648,0.04008596947,3.697954409,-0.3694428845,1,230.7166118,3.716363122,89.73298815,0,253.8048916,103.0670363,-5.705184692
0.08814083648,0.04394967737,5.125445721,-0.367521234,1,371.6436559,5.138605423,46.04165043,22.63610224,347.8487712,72.59027134,-4.101387038
0.08814083648,0.04781338527,6.477862984,-0.4720190008,1,35.71913,6.495037396,63.28103715,0,12.71381109,97.87202311,-4.167575598
0.08814083648,0.05167709317,5.312576458,-0.5011706997,1,-417.5369627,5.336163481,39.26124031,16.88161962,-405.5275094,-0.9769400019,-5.389143304
0.08814083648,0.05554080107,3.297782281,-0.3165504257,1,-318.7523684,3.312940105,171.2411477,0,-324.3230469,95.91070706,-5.4829591
0.08814083648,0.05940450897,2.827920896,-0.2101158809,1,281.8957828,2.835716008,-45.37685366,17.75961768,261.0989488,3.660724903,-4.249295918
0.08814083648,0.06326821687,5.395755315,-0.5060173054,1,109.2685704,5.419430684,-113.2176454,0,203.3574702,-53.58421839,-5.357564429
0.08814083648,0.06713192477,4.035816599,-0.4405220239,1,-209.5814536,4.059787589,163.7317281,24.07540822,12.15183087,-4.626207358,-6.22935225
0.08814083648,0.07099563267,4.632944922,0.1444685798,1,-127.2171685,4.635196848,266.6995671,0,308.5505035,-27.14069906,1.786068836
0.08814083648,0.07485934057,4.736435638,0.6947909338,1,-254.104195,4.787124084,373.5252908,0,381.0956272,-28.09845977,8.345238105
0.08814083648,0.07872304847,5.123602722,1.696225438,1,-459.3185777,5.39708121,-247.1625456,0,633.0686994,194.1972645,18.31769746
0.08814083648,0.08258675637,5.407755356,-1.010494451,1,77.00893733,5.501355926,-513.6923292,0,18.15432278,342.3617988,-10.58424041
0.08814083648,0.08645046427,5.491285762,-1.611317659,1,-131.2916913,5.72281084,-123.3919473,0,199.3473582,75.66061051,-16.35336417
0.08814083648,0.09031417218,5.670702574,-1.779575392,1,-51.84267969,5.943379195,-20.41898284,8.801610449,1.681682528,68.83066233,-17.42285916
0.08814083648,0.09417788008,5.297478321,-1.956152218,1,0.7957565989,5.647106167,-262.2696901,0,14.5939184,-268.7426784,-20.26722247
0.08814083648,0.09804158798,5.730163782,-1.754565656,1,-201.6526423,5.992768777,-120.1193706,0,422.4481035,-615.806566,-17.02449222
0.08814083648,0.1019052959,6.150567488,-0.04096168536,1,-292.8482325,6.150703886,130.537342,0,323.7149121,-536.7833634,-0.381574058
0.08814083648,0.1057690038,5.849423616,0.823766626,1,-245.5621574,5.907143819,-154.3008533,32.38093589,76.13311727,-419.4825987,8.016172423
0.08814083648,0.1096327117,5.495943167,0.9836231195,1,-415.6732253,5.583270165,-154.4753238,70.40242147,-61.79886902,-189.0381469,10.14694404
0.08814083648,0.1134964196,4.004610913,0.9573072787,1,-710.533857,4.117444085,165.7711414,116.5714973,-282.0642815,228.9961292,13.44432389
0.08814083648,0.1173601275,1.660833898,0.739340235,1,308.6887192,1.817964031,-620.5840618,0,-2001.906065,-196.1956252,23.99681397
0.08814083648,0.1212238354,-2.537486323,-0.6824056769,1,-1104.395376,2.627644258,-73.4456169,0,-1068.8125,662.5033463,-164.9475921
0.09200454438,0.01690372206,3.933667038,0.02624504241,1,-519.07879,3.93375459,441.3008205,0,-544.645368,409.1990022,0.3822661747
0.09200454438,0.02076742997,1.878707322,0.08826106704,1,-408.9628059,1.880779417,258.6574678,0,-403.0080582,243.7497235,2.689759649
0.09200454438,0.02463113787,0.7964487957,0.08384421195,1,-141.9809612,0.8008498835,28.66589521,9.309081886,-129.614432,58.12850184,6.009539347
0.09200454438,0.02849484577,0.8293420551,-0.02557383899,1,114.2095182,0.8297362627,-67.74213178,0,147.0711234,2.659302566,-1.766230066
0.09200454438,0.03235855367,1.805960875,-0.1881663661,1,297.8806984,1.815737113,-87.26350566,0,308.8120706,-18.69439898,-5.948289254
0.09200454438,0.03622226157,3.1734257,-0.2905048382,1,272.7864646,3.186694798,-83.1348998,0,294.3851706,-50.06832384,-5.230448187
0.09200454438,0.04008596947,3.997346403,-0.3159259569,1,229.2363103,4.009811401,0.4580246954,0,246.419396,62.28320301,-4.518916764
0.09200454438,0.04394967737,5.011220411,-0.5293792681,1,300.0009233,5.039104326,34.85803048,30.63003967,247.627762,68.00550283,-6.030291484
0.09200454438,0.04781338527,6.113223681,-0.4439981077,1,-81.78875783,6.129326071,-115.5091818,0,-46.11140539,-141.9696407,-4.154048585
0.09200454438,0.05167709317,4.517051539,-0.4271437841,1,-343.2282887,4.537202489,385.2361009,0,-283.5617587,390.6180198,-5.40197001
0.09200454438,0.05554080107,3.691490023,-0.4647922703,1,-171.4218519,3.720635758,419.7344839,0,-107.0749084,351.8586918,-7.176298125
0.09200454438,0.05940450897,3.441021406,-0.16489155,1,-62.62803236,3.44496989,145.4120153,0,-35.61013566,84.20513958,-2.743478559
0.09200454438,0.06326821687,3.311926437,-0.228306781,1,74.11551546,3.319786244,-213.4075158,0,204.948421,-260.9263189,-3.943431049
0.09200454438,0.06713192477,4.519242943,0.01870722494,1,86.09915128,4.519281661,110.712127,0,379.8940906,-161.3499127,0.2371722271
0.09200454438,0.07099563267,5.112388207,0.822861471,1,-22.03064999,5.178186379,222.0631375,0,262.4167811,-128.1389941,9.143588149
0.09200454438,0.07485934057,5.448024737,1.371785968,1,-149.4438182,5.618075317,333.6062193,0,124.4241706,-122.7205113,14.1330044
0.09200454438,0.07872304847,5.015719597,2.585974665,1,-88.09255183,5.643111557,-360.0706988,0,0.7732510964,594.3619401,27.27445542
0.09200454438,0.08258675637,5.110648464,-2.31586296,1,-128.7532024,5.610877737,-309.2652921,0,233.346466,612.4359738,-24.37740222
0.09200454438,0.08645046427,5.419837416,-0.9752097977,1,-23.19529454,5.506874954,87.22433111,0,255.8244491,20.23553014,-10.20027778
0.09200454438,0.09031417218,6.009459567,-2.0570378,1,-256.3270594,6.351772099,-92.35505144,33.35674984,-156.8451465,151.1955924,-18.89607356
0.09200454438,0.09417788008,3.8234607,-1.916218344,2,-28.78960645,4.276767993,-279.6308243,0,-620.8676728,-965.2735879,-26.61882913
0.09200454438,0.09804158798,3.499373604,0.5920855627,1,-312.2394255,3.549109879,333.8939668,0,658.4544688,-559.9175029,9.603355762
0.09200454438,0.1019052959,5.161134498,1.537208093,1,-150.2084671,5.385194335,33.02213008,0,418.3095949,-231.4647561,16.58579763
0.09200454438,0.1057690038,4.53523805,1.613985634,1,-153.109076,4.813868901,35.14037593,23.10622295,81.10235225,-3.032225715,19.58946025
0.09200454438,0.1096327117,4.88292155,1.684695876,1,-156.257585,5.16537734,28.36661587,22.15729932,96.12093093,-30.65110408,19.03535648
0.09200454438,0.1134964196,4.302887584,1.842012865,1,-897.0983025,4.680582545,-1268.40705,0,-645.5870004,1445.255877,23.17516719
0.09200454438,0.1173601275,-1.077563843,-8.800105015,1,472.7388504,8.865832849,-216.0400273,0,-1485.404624,257.9959355,-96.98105717
0.09200454438,0.1212238354,0.390242834,0.01047637057,1,433.2795547,0.3903834318,3015.532887,0,326.5121865,-1545.154211,1.537780143
0.09586825228,0.01690372206,3.463188555,-0.09670829926,1,-352.1009055,3.464538564,-64.51005427,0,-311.9700236,-153.0447658,-1.599548427
0.09586825228,0.02076742997,2.180300507,0.07432783291,1,-324.0268471,2.181567081,4.331326075,0,-332.8752359,-40.99944623,1.952493472
0.09586825228,0.02463113787,0.9251107867,0.07843656382,1,-171.3849199,0.9284299986,-7.135161076,13.59880043,-154.6224316,-8.981717459,4.846296774
0.09586825228,0.02849484577,0.9207033274,0.0814623874,1,110.9723327,0.9243001339,-19.66345513,0,153.1612113,32.40206027,5.05627397
0.09586825228,0.03235855367,1.945645648,-0.1227293794,1,223.7437613,1.949512628,-23.60527807,0,246.7976286,57.66734172,-3.609378283
0.09586825228,0.03622226157,2.738737813,-0.2325512758,1,254.8740423,2.748593259,-73.20845769,0,261.3975263,-26.53746551,-4.853448102
0.09586825228,0.04008596947,3.940368186,-0.3030524606,1,356.8728498,3.952004838,-56.22866219,0,363.7154106,31.07725322,-4.397942344
0.09586825228,0.04394967737,5.522880367,-0.5698758309,1,171.0632061,5.552203708,-84.24963461,0,228.2091708,-76.19528045,-5.891189354
0.09586825228,0.04781338527,5.483040023,-0.3341721324,1,336.4435164,5.493213896,-231.7886847,0,384.980012,-309.23739,-3.487663564
0.09586825228,0.05167709317,8.310250154,-0.2706366566,1,74.81131493,8.314655845,-19.11371163,0,131.1962112,-88.02148294,-1.865269935
0.09586825228,0.05554080107,6.27899293,-0.06793263192,1,-687.1400906,6.279360402,88.91035067,85.11369235,-502.1722904,46.22854325,-0.6198607468
0.09586825228,0.05940450897,3.715094511,-0.10572662,1,-398.9844857,3.716598626,-6.563071639,47.75430033,-303.9477931,-24.01145517,-1.630121258
0.09586825228,0.06326821687,3.56306793,-0.0005171746379,1,-53.30295525,3.563067968,127.2894382,0,85.67405525,-79.85417746,-0.008316407207
0.09586825228,0.06713192477,3.840166986,0.6946158042,1,97.92914119,3.902483004,173.1184147,0,272.8992142,-148.8540464,10.25289662
0.09586825228,0.07099563267,4.995840377,1.243490367,1,199.8782223,5.148270522,157.0586302,0,242.9786065,-116.8546854,13.97718767
0.09586825228,0.07485934057,5.551236414,1.752936846,1,135.3880005,5.821427086,127.6426518,0,131.9705295,-78.39947066,17.52476893
0.09586825228,0.07872304847,6.028835642,2.039576943,1,320.3321899,6.364490027,-50.28394752,57.60237488,-54.29709448,302.844183,18.69086451
0.09586825228,0.08258675637,6.579118314,0.3885528983,1,-957.7489615,6.590582004,-359.4232653,0,926.0808416,306.4769219,3.379877219
0.09586825228,0.08645046427,5.906479277,-0.5332668715,1,-272.7374857,5.930503436,-261.3777659,0,96.4630117,200.2925474,-5.158965991
0.09586825228,0.09031417218,5.898045236,-1.395206339,1,-439.9794516,6.060819939,-1182.883199,0,-962.5458191,-222.535744,-13.30890116
0.09586825228,0.09417788008,0.4875313078,-4.243768921,1,-824.6262387,4.271681335,490.6209238,66.92084175,555.1518367,-387.0640459,-83.44649438
0.09586825228,0.09804158798,4.85687486,1.995912012,1,232.057581,5.250990208,1094.14376,0,1035.199666,-562.139564,22.34000247
0.09586825228,0.1019052959,5.383843146,2.155626042,1,-230.8576861,5.799352607,39.27764977,0,519.856052,108.4394103,21.82057002
0.09586825228,0.1057690038,5.97348013,1.728691172,1,-818.8751467,6.218588106,83.29242934,0,845.6042443,134.25023,16.1401426
0.09586825228,0.1096327117,5.487116572,1.958739986,1,-570.5206369,5.826243267,119.0365201,93.2895811,237.789219,67.17382325,19.64507684
0.09586825228,0.1134964196,4.687903122,1.929073483,1,-713.8316031,5.069295827,-905.6326239,0,-234.5261389,1368.114354,22.36718011
0.09586825228,0.1173601275,1.822939272,-6.826354177,1,-1855.650136,7.06556572,680.2764266,171.4785883,1455.96264,1462.943534,-75.04838205
0.09586825228,0.1212238354,3.143627386,-1.094923601,2,-113.7837573,3.328851278,2366.938552,0,797.4214173,-599.8646965,-19.20319761
0.09973196018,0.01690372206,3.093098761,0.1812990478,1,-395.7529119,3.098407541,-102.8397526,0,-306.1978464,-36.98302949,3.354499661
0.09973196018,0.02076742997,1.737032416,0.05407347702,1,-312.4527503,1.737873861,-175.8641768,0,-298.0801723,-167.4035275,1.783030524
0.09973196018,0.02463113787,0.7341778847,0.1486095703,1,-125.7649449,0.7490674007,-59.71957411,10.04318663,-96.42372303,-81.294235,11.44298939
0.09973196018,0.02849484577,0.8785603044,0.1374316647,1,149.0131291,0.8892444383,-67.62255131,0,162.4464547,-3.512496054,8.890629333
0.09973196018,0.03235855367,1.937566739,-0.09909295663,1,234.6648369,1.94009904,-124.2297157,0,259.5434038,-19.99521428,-2.927726672
0.09973196018,0.03622226157,2.788036588,-0.2653000018,1,230.8744187,2.800630663,-90.66713365,0,277.0837439,-41.38925112,-5.435702991
0.09973196018,0.04008596947,3.900168705,-0.2894883007,1,170.1292698,3.910897519,-101.2706609,0,244.8274447,-90.06796328,-4.244969782
0.09973196018,0.04394967737,4.391308125,-0.3085839531,1,-53.59962812,4.402137106,-224.6664757,0,85.35364768,-233.2129382,-4.019654472
0.09973196018,0.04781338527,4.022856961,-0.2564672662,1,-68.93447412,4.031023889,-247.074234,0,-5.655968615,-272.7736244,-3.647813597
0.09973196018,0.05167709317,4.103112442,-0.209289015,1,-12.86990432,4.108446617,-630.2205419,0,62.24482553,-761.2699275,-2.919976992
0.09973196018,0.05554080107,4.213627235,0.2498692805,1,-155.2932605,4.221029392,-291.4807027,0,-46.64283206,-398.0082911,3.393681581
0.09973196018,0.05940450897,3.322890366,0.2023024701,1,-182.630329,3.329042906,-14.03411553,33.64845654,-3.311472224,-29.25020161,3.483951388
0.09973196018,0.06326821687,3.495202428,0.3086597925,1,69.93305967,3.508804765,66.13792744,0,263.9697719,-61.31425606,5.046673355
0.09973196018,0.06713192477,4.612993374,0.6947404784,1,215.2501046,4.665015777,137.8403543,0,243.5118214,-38.34505906,8.564671192
0.09973196018,0.07099563267,5.267724506,0.9893887662,1,164.329008,5.359833169,47.6627269,22.2737667,101.0359359,-124.1518606,10.63741611
0.09973196018,0.07485934057,5.638286004,1.358581858,1,187.0739278,5.799656346,-44.84150196,33.56709973,0.2627153107,-83.43856397,13.54754256
0.09973196018,0.07872304847,5.991538574,1.13851654,1,34.26907439,6.098750232,358.742482,0,-223.7778996,-574.0721533,10.7591135
0.09973196018,0.08258675637,4.906079259,4.962705134,1,-282.1279861,6.978399239,-318.8653034,0,73.07579571,-140.9938192,45.32875255
0.09973196018,0.08645046427,5.183821975,0.451273081,1,-998.0756627,5.203427491,-1322.860995,0,-121.7677824,1016.546375,4.975290911
0.09973196018,0.09031417218,0.5793312927,-4.076081603,1,-1211.827437,4.117045783,575.8232561,84.49583659,963.2973275,-191.2036782,-81.91076088
0.09973196018,0.09417788008,4.223574227,3.414841107,1,-521.3106585,5.431364381,1148.183608,0,1809.076518,-863.1676088,38.95620654
0.09973196018,0.09804158798,5.554882418,3.695191983,1,-160.1004373,6.671668642,-171.3126125,0,550.4756628,-436.0597449,33.63245294
0.09973196018,0.1019052959,5.73187007,4.437746694,1,-326.7915433,7.248995118,275.6126497,0,280.4311347,-850.2115422,37.74786702
0.09973196018,0.1057690038,5.375759341,8.045047808,1,-418.711198,9.675824653,-281.9216016,0,385.1977575,-377.6903211,56.24886632
0.09973196018,0.1096327117,5.602383925,4.807769052,1,-375.2697783,7.382502889,-725.3236308,0,560.0721952,400.8325761,40.63503388
0.09973196018,0.1134964196,6.089781899,3.693909174,1,-431.2861875,7.122528242,405.4995995,0,845.6105014,615.8596067,31.2399511
0.09973196018,0.1173601275,7.20321205,3.99499943,1,-1133.361048,8.236885594,868.3904896,0,1425.2874,910.526742,29.01334671
0.09973196018,0.1212238354,7.217700052,3.531107003,1,-281.6760096,8.035167123,251.2311054,0,289.175542,491.3592098,26.06921346
0.1035956681,0.01690372206,2.922954167,0.2493063147,1,-530.9298067,2.93356689,-301.5987779,0,-540.0309668,-239.7685145,4.875106105
0.1035956681,0.02076742997,0.854014366,0.1298592761,1,-333.1324495,0.863830984,-197.6849446,0,-324.9606604,-182.8018734,8.646021788
0.1035956681,0.02463113787,0.3802746184,0.1918024747,1,-23.09160512,0.4259072372,-83.35470201,0,-30.78308947,-84.2620059,26.76541112
0.1035956681,0.02849484577,0.6458582829,0.1333648333,1,133.2566485,0.6594839652,-83.34798958,0,127.6657747,-26.81981922,11.6671623
0.1035956681,0.03235855367,1.388402646,-0.0266058637,1,169.4462386,1.388657546,-135.5160723,0,240.1738139,-87.01945218,-1.097820686
0.1035956681,0.03622226157,2.228510516,-0.05401194105,1,172.0191497,2.229164958,-137.8184836,0,297.1387247,-140.9670993,-1.388393952
0.1035956681,0.04008596947,3.201091632,-0.01444053221,1,134.5044677,3.201124204,-212.9134702,0,260.2607634,-218.3515054,-0.2584668083
0.1035956681,0.04394967737,3.753768058,-0.03300096138,1,-33.9892548,3.753913118,-242.1933297,0,104.7523975,-222.7193062,-0.5036984349
0.1035956681,0.04781338527,3.474499746,-0.08968247068,1,-192.4309666,3.475656978,-108.5319599,29.14084763,-19.75656045,-122.1421192,-1.478568645
0.1035956681,0.05167709317,2.933937434,0.01958471859,1,-41.5934965,2.934002799,-61.29329125,0,77.95988718,-175.5729854,0.3824570487
0.1035956681,0.05554080107,3.615008857,0.3518608866,1,38.84598272,3.632092388,-20.9118935,0,120.0477885,-167.7978279,5.559277938
0.1035956681,0.05940450897,3.547856553,0.5871090637,1,-79.01263634,3.596106669,78.31964672,0,70.39302276,-24.51502062,9.396309544
0.1035956681,0.06326821687,3.581705188,0.7491840033,1,0.07885293828,3.659219688,40.72481738,0,175.0718595,-15.36165819,11.81420517
0.1035956681,0.06713192477,4.224587745,0.8038108224,1,90.58175392,4.300378291,-14.6513873,0,198.9337963,-79.29406401,10.77287773
0.1035956681,0.07099563267,4.700308706,0.998944424,1,80.16742148,4.80528791,-48.92510931,0,134.9140461,-107.7654958,11.99840179
0.1035956681,0.07485934057,5.05559971,1.031152889,1,74.92527524,5.159686493,-87.60174758,0,53.5927173,-98.88996809,11.52806907
0.1035956681,0.07872304847,5.19686469,1.042558811,1,-102.0383301,5.300408614,-40.67945606,15.92586974,36.49436892,-229.5663198,11.34370201
0.1035956681,0.08258675637,4.802356989,1.760956556,1,285.9347381,5.11503672,192.3715499,0,-408.5878063,-276.0831171,20.13727441
0.1035956681,0.08645046427,4.722969061,2.852530809,1,-15.78154429,5.517550975,578.0218605,0,683.9857707,-780.2288088,31.13070951
0.1035956681,0.09031417218,7.384102938,7.008840398,1,-1477.742285,10.18080645,628.4289213,214.3052169,666.5476325,134.6970801,43.5064841
0.1035956681,0.09417788008,1.588749875,4.760166424,1,-806.5418031,5.018297575,-415.1858392,96.2441232,-454.9245341,171.6778555,71.54308784
0.1035956681,0.09804158798,2.510165485,4.741370504,1,-28.84885967,5.364841565,-532.7441914,0,436.4912156,-465.8630166,62.10246319
0.1035956681,0.1019052959,3.163760866,4.501757101,1,-26.49088464,5.502290415,-687.9052839,0,263.2496852,-712.0763788,54.90108211
0.1035956681,0.1057690038,3.424932333,4.834760555,1,436.4162167,5.924953258,-481.2130015,0,-159.5792812,-758.3744964,54.68633814
0.1035956681,0.1096327117,4.233377921,5.572628158,1,544.1729415,6.998262156,-331.9636109,0,804.0667695,-856.8140412,52.77702592
0.1035956681,0.1134964196,8.634136756,6.862629309,1,489.6303904,11.02923382,-606.6627063,0,665.4201538,43.77779702,38.47856152
0.1035956681,0.1173601275,8.696155834,3.059516047,1,-9.56152585,9.218663934,-1132.342792,0,-668.8948613,356.3694521,19.38309401
0.1035956681,0.1212238354,6.012779453,1.110680049,2,184.1413975,6.114501363,-1163.505343,0,-1573.157571,-154.714799,10.46570018
0.107459376,0.01690372206,1.001413676,0.1461348234,1,-182.0177995,1.012020127,-317.8187824,0,-198.1720098,-286.5079577,8.302485548
0.107459376,0.02076742997,0.2669424915,0.08564688315,1,-119.2897859,0.280345648,-76.36901469,0,-117.4925522,-69.31804123,17.78852401
0.107459376,0.02463113787,0.08655588614,0.1188919215,1,47.76613732,0.1470619272,-52.39031915,0,0.3642039241,-60.20231705,53.94457319
0.107459376,0.02849484577,0.4529040712,0.1158301611,1,117.6865406,0.4674812552,-47.01004256,0,138.8542266,-61.31904701,14.34588625
0.107459376,0.03235855367,1.077754475,0.174177735,1,119.2601699,1.091738335,-88.40271174,0,206.3302967,-114.8786592,9.180292943
0.107459376,0.03622226157,1.710890529,0.2181254884,1,80.51302953,1.724739149,-151.774084,0,218.715682,-157.5249219,7.265578274
0.107459376,0.04008596947,2.233886812,0.1963972927,1,45.97643471,2.242503553,-210.9696191,0,182.8532268,-213.3889988,5.02437149
0.107459376,0.04394967737,2.595021501,0.227473265,1,37.82298835,2.604972298,-171.3961085,0,194.5219276,-226.8606813,5.009603671
0.107459376,0.04781338527,3.131599699,0.410696201,1,-21.41220517,3.158415433,-116.2518941,0,174.8681216,-122.763016,7.471462068
0.107459376,0.05167709317,3.187930337,0.2526303381,1,-51.70223472,3.197924627,20.01585567,0,143.0415137,-19.56092965,4.53098545
0.107459376,0.05554080107,3.484507993,0.5636093391,1,-25.04281339,3.529794816,30.25691007,0,113.7776237,-106.1229538,9.187857482
0.107459376,0.05940450897,3.530775725,0.7795622956,1,-34.19474223,3.615811747,50.1616205,0,62.32582155,-58.84566632,12.45062135
0.107459376,0.06326821687,3.593198267,0.9847816544,1,43.4831615,3.725703785,79.3104858,0,142.6695926,-7.088081017,15.32660889
0.107459376,0.06713192477,4.250015591,1.113381121,1,61.71482339,4.393432604,32.64104931,0,214.9933383,-23.29798215,14.67994824
0.107459376,0.07099563267,4.662317777,1.200913732,1,-1.906529174,4.814499024,8.538353019,0,174.7252088,-33.59163416,14.4441936
0.107459376,0.07485934057,4.917736489,1.276159085,1,-66.69261284,5.080621437,12.60007414,0,140.4740851,-109.7830623,14.5474496
0.107459376,0.07872304847,4.947387835,1.673766423,1,-201.64516,5.222847923,55.72666803,28.84000053,114.9164832,-203.8979809,18.69135491
0.107459376,0.08258675637,4.582642215,2.279272892,1,-196.1545085,5.118172974,156.7396442,19.26812818,55.14114575,-226.6234876,26.44441551
0.107459376,0.08645046427,4.402553391,3.154969584,1,-220.5722103,5.416300346,114.2351108,33.49952518,-52.43366619,-385.1699811,35.62624198
0.107459376,0.09031417218,3.527827254,4.208828291,1,187.7211008,5.491793943,-363.1644467,0,-477.5522457,-782.041335,50.0303622
0.107459376,0.09417788008,3.282730507,4.773387527,1,-290.9528814,5.793232954,244.9936219,0,-183.0144686,-87.40775261,55.4831105
0.107459376,0.09804158798,1.696555859,5.493130108,1,-476.2152667,5.749154735,-65.47103057,68.77266507,-289.8831869,-268.3414638,72.83667161
0.107459376,0.1019052959,0.322749859,5.557219623,1,-239.8823997,5.566583998,-414.274142,0,-47.45829891,-478.7627607,86.67613365
0.107459376,0.1057690038,0.5863553317,5.742295294,1,-1.085396596,5.772154521,-493.4414068,0,178.7759668,-559.3633844,84.16964052
0.107459376,0.1096327117,1.009294319,5.811922888,1,573.5301625,5.898908601,-608.6530003,0,287.974843,-254.2820548,80.14830663
0.107459376,0.1134964196,3.914959028,4.373109472,2,865.49698,5.869496626,-1447.729048,0,-38.36835395,-318.1418774,48.16399392
0.107459376,0.1173601275,4.205077726,1.447528013,2,-44.90892594,4.447248141,-1843.195061,0,-418.4999549,132.0299225,18.99517168
0.107459376,0.1212238354,2.124482474,-3.258582903,1,-366.8227927,3.889959938,-1780.320492,0,-710.1712792,655.738877,-56.89705096
0.1113230839,0.01690372206,NaN,NaN,0,-93.87105112,0.6169980675,-81.53939314,0,-59.81035397,-55.61201785,17.63210611
0.1113230839,0.02076742997,NaN,NaN,0,-106.521442,0.3216632264,-10.46845132,16.17226384,-59.83756412,35.66234297,25.16963265
0.1113230839,0.02463113787,-0.05475043961,0.008655250185,1,-26.69949537,0.05543035264,33.40165271,0,10.18276714,13.12389645,171.0167101
0.1113230839,0.02849484577,0.2273063236,0.2151505892,1,54.11100813,0.3129823331,25.63951574,0,116.1226804,-52.30437406,43.42629393
0.1113230839,0.03235855367,0.6029828075,0.309807673,1,67.31923842,0.677915231,-45.4682687,0,141.3308977,-114.0066149,27.19373095
0.1113230839,0.03622226157,1.033469503,0.4799627391,1,74.98655522,1.13948385,-144.7515621,0,173.0940721,-197.7068432,24.91104483
0.1113230839,0.04008596947,1.561493887,0.5144114108,1,95.38223627,1.644044482,-202.5819074,0,210.4252111,-226.5162294,18.23371428
0.1113230839,0.04394967737,2.215020153,0.5724379682,1,58.92378404,2.287793589,-177.9639816,0,197.1830665,-217.8934927,14.49017552
0.1113230839,0.04781338527,2.551015949,0.6686873785,1,48.54490389,2.637200255,-80.39216299,0,137.9792849,-132.0471315,14.68825002
0.1113230839,0.05167709317,2.935695135,0.772017678,1,8.474953592,3.035509384,-19.26981917,0,191.0403035,-76.08962368,14.73382132
0.1113230839,0.05554080107,3.321884624,0.8882225061,1,-14.4435416,3.438583528,-131.3179497,0,164.198341,-179.9806994,14.96984153
0.1113230839,0.05940450897,3.514303937,0.9600363285,1,-24.41182347,3.643075886,-47.03566405,0,163.8806584,-110.2363255,15.27924096
0.1113230839,0.06326821687,3.860751464,1.132411401,1,0.1805309707,4.023401228,41.53237759,0,192.9972944,-71.31204913,16.34713718
0.1113230839,0.06713192477,4.260686627,1.396034232,1,16.47850044,4.483565781,14.46014618,0,175.7613639,-127.6278373,18.14162896
0.1113230839,0.07099563267,4.603510146,1.681397865,1,-76.32228606,4.900959544,9.441297111,0,184.8776983,-103.2872724,20.06434539
0.1113230839,0.07485934057,4.680113031,1.831584496,1,-161.0095285,5.02574967,10.20236896,0,166.4094894,-141.0157569,21.37312692
0.1113230839,0.07872304847,4.624374018,2.265660533,1,-159.5552278,5.149568206,37.44038262,17.86161062,121.3104114,-195.5754374,26.1020291
0.1113230839,0.08258675637,4.532346232,2.731889561,1,-245.5433598,5.292011237,91.28075663,42.12908173,0.1267340099,-228.7508112,31.07963712
0.1113230839,0.08645046427,3.676155862,3.50216903,1,-299.2848437,5.077332945,108.6135253,47.53394733,-107.8328682,-333.0681432,43.61154797
0.1113230839,0.09031417218,2.959362312,4.438418513,1,-251.7434275,5.334546297,124.3542459,32.4190031,-130.9304849,-309.1774641,56.30620914
0.1113230839,0.09417788008,2.197615643,5.177208923,1,-277.6646695,5.624322781,-40.72075752,39.51652438,-172.4083804,-305.4624891,66.99980461
0.1113230839,0.09804158798,1.220411513,5.461303233,1,-252.2907163,5.5960019,10.22208677,0,-390.6896998,-7.382426324,77.40334127
0.1113230839,0.1019052959,-0.2866728708,5.245227619,1,-144.9127858,5.253055693,109.2342267,0,-337.3207105,91.53384825,93.12833336
0.1113230839,0.1057690038,-0.6427978567,5.529692325,1,162.1174893,5.566927905,-147.6802944,0,144.8212938,53.137631,96.63057604
0.1113230839,0.1096327117,0.8992489306,4.469325814,2,660.0806558,4.558894808,-226.3961281,114.5038559,-24.90707898,332.480139,78.62371877
0.1113230839,0.1134964196,1.81132731,3.370357677,2,328.1366228,3.826253716,-831.044667,0,-21.3161622,-92.5684542,61.74513516
0.1113230839,0.1173601275,2.084713568,1.616069437,2,-72.26024823,2.637747351,-923.5466477,0,35.09317109,4.648749188,37.78283383
0.1113230839,0.1212238354,NaN,NaN,0,-658.3468319,1.681643824,-646.3325124,0,442.4977055,301.9729469,-7.376977382
0.1151867918,0.01690372206,NaN,NaN,0,-52.7779102,0.5472201147,-19.31278485,0,-2.721293785,-13.24832161,30.50002514
0.1151867918,0.02076742997,NaN,NaN,0,-59.0788098,0.4510760254,15.62412922,10.47218215,5.97343191,19.85353733,36.13890217
0.1151867918,0.02463113787,NaN,NaN,0,-54.5107103,0.3731644241,71.17659857,0,50.78230158,48.03680629,44.46552604
0.1151867918,0.02849484577,NaN,NaN,0,-9.653285403,0.4987406585,53.80046644,0,60.19361978,2.362065204,45.45054774
0.1151867918,0.03235855367,NaN,NaN,0,-29.82516658,0.6517604163,18.70532332,0,39.62208622,-43.86646882,44.90968344
0.1151867918,0.03622226157,0.3877312832,0.5971842767,1,-12.33879182,0.712014472,-39.09228655,0,41.94425014,-85.87443995,57.0057176
0.1151867918,0.04008596947,0.5759769505,0.6408897434,1,50.79273715,0.8616780783,-92.94228248,0,124.6378554,-135.5134278,48.05350396
0.1151867918,0.04394967737,1.06554385,0.761666747,1,174.0600774,1.30977858,-160.255076,0,274.9436809,-190.111055,35.5577541
0.1151867918,0.04781338527,2.310796319,0.7562445254,1,154.2205246,2.431395774,-193.8205921,0,299.7334233,-244.6377813,18.12149994
0.1151867918,0.05167709317,2.819489304,0.9580095227,1,-51.71247161,2.977801569,-157.9686167,0,44.19239598,-286.7529036,18.76679634
0.1151867918,0.05554080107,2.281740943,1.253829392,1,-49.17924102,2.603541795,-126.6830004,0,76.00150463,-268.7899963,28.78904035
0.1151867918,0.05940450897,2.923122696,1.507069445,1,39.76410371,3.288754264,-131.9329532,0,269.8859532,-255.1151209,27.27419768
0.1151867918,0.06326821687,3.478138315,1.729769307,1,0.3965514591,3.884526739,-216.4475887,0,229.860501,-273.8365371,26.44236213
0.1151867918,0.06713192477,3.812768689,1.728803579,1,-0.2502922944,4.186402619,-154.2476245,0,212.8921502,-278.5698768,24.39071444
0.1151867918,0.07099563267,4.299724341,2.210114175,1,-43.16134997,4.834483848,-68.58441929,0,198.3343328,-278.850561,27.20375279
0.1151867918,0.07485934057,4.412311769,2.541210532,1,-153.0556302,5.091782214,-18.29160756,0,162.548023,-160.3403988,29.93920211
0.1151867918,0.07872304847,4.336400174,2.758949212,1,-179.8407274,5.139666062,9.692245682,29.09042639,86.4553839,-168.183479,32.46575463
0.1151867918,0.08258675637,4.051498079,3.228470374,1,-233.9933292,5.18050747,27.42483397,42.66511488,26.66040332,-266.5246342,38.54988442
0.1151867918,0.08645046427,3.53532631,3.894684095,1,-255.5690464,5.259952121,76.85949467,43.42708092,-64.78999367,-297.688446,47.76899372
0.1151867918,0.09031417218,2.813724325,4.675614212,1,-221.0712514,5.456960036,25.48232181,20.193086,-190.4885222,-307.19888,58.96101357
0.1151867918,0.09417788008,1.945179562,5.180067083,1,-100.1150908,5.533246652,-125.8953842,0,-186.1893805,-199.0848326,69.41821893
0.1151867918,0.09804158798,1.707527478,4.958396862,1,-50.86532177,5.244172912,-79.87896621,0,-168.2818102,14.91481428,70.99778393
0.1151867918,0.1019052959,1.098459057,4.813811604,1,-103.8517085,4.937549438,282.7445548,0,-280.871314,97.15314805,77.14582152
0.1151867918,0.1057690038,0.2210700961,5.675467846,1,2050.137052,5.679771762,158.7872569,102.6121614,-1967.130546,585.4450894,87.76934983
0.1151867918,0.1096327117,1.41917195,3.165330366,2,660.1225749,3.468914145,85.17598681,34.3361503,-627.6880271,771.7035218,65.85098019
0.1151867918,0.1134964196,0.3463877146,3.022925985,2,-140.7708963,3.042707012,-726.5068441,0,-57.08238698,-389.2608275,83.4631647
0.1151867918,0.1173601275,0.6547246559,1.862310267,2,32.11586053,1.974047595,-610.6907149,0,83.72881433,-85.76305361,70.63006813
0.1151867918,0.1212238354,NaN,NaN,0,-165.0353235,1.272770885,-432.6599825,0,237.1179176,16.41715083,51.40449772
0.1190504997,0.01690372206,NaN,NaN,0,-34.33038473,0.5985469937,4.027150187,0,16.72652566,-0.03672511759,39.44699889
0.1190504997,0.02076742997,NaN,NaN,0,-36.37997774,0.5779364084,19.58503867,3.984954429,21.79548297,10.47943749,42.1912133
0.1190504997,0.02463113787,NaN,NaN,0,-32.33281854,0.5808092925,40.78470709,0,36.50095539,15.71228736,45.67115119
0.1190504997,0.02849484577,NaN,NaN,0,-17.56134253,0.6577592909,42.50866419,0,43.42048066,0.4105334699,47.5087181
0.1190504997,0.03235855367,NaN,NaN,0,-14.39085681,0.7681385746,40.0691732,0,41.91173479,-12.90530982,48.81955557
0.1190504997,0.03622226157,NaN,NaN,0,-1.749415594,0.8825416566,60.05840802,0,46.5354782,2.705261532,51.39710562
0.1190504997,0.04008596947,NaN,NaN,0,5.883269299,1.048972758,54.85158,0,74.52477348,-15.68330357,49.67543797
0.1190504997,0.04394967737,NaN,NaN,0,-15.11375598,1.291403761,27.12084859,0,61.21794341,-84.47644304,48.16754264
0.1190504997,0.04781338527,0.856940868,1.230906715,1,-15.25247061,1.499826321,-154.1086415,0,107.4212702,-200.7848741,55.15487804
0.1190504997,0.05167709317,1.217421084,1.142566073,1,71.04302858,1.669602146,-201.9653798,0,171.4576051,-238.4530312,43.18327876
0.1190504997,0.05554080107,1.793892482,1.371884342,1,63.96875871,2.258343837,-39.32094137,0,143.4594869,-222.200673,37.40705372
0.1190504997,0.05940450897,2.018863235,1.849159936,1,-25.20438777,2.737736516,-157.081813,0,69.8620937,-324.5656784,42.48785081
0.1190504997,0.06326821687,1.966436814,2.018993076,1,61.87263665,2.818369525,-308.8945651,0,85.53576155,-404.7595849,45.75552138
0.1190504997,0.06713192477,2.588406228,2.219554371,1,117.9746969,3.409731427,-240.3790434,0,217.1143129,-394.4987601,40.61303812
0.1190504997,0.07099563267,3.261122868,2.614466643,1,69.59744737,4.179755757,-193.3404138,0,293.1434598,-408.5301941,38.71941238
0.1190504997,0.07485934057,3.989931137,3.050984825,1,-28.58542911,5.022754113,-134.2556738,0,222.9291369,-310.2742281,37.40409722
0.1190504997,0.07872304847,4.012010187,3.294550922,1,-221.0749839,5.191367018,-124.7060279,25.03618961,122.3623736,-302.7719272,39.39188603
0.1190504997,0.08258675637,3.608534444,3.738979447,1,-275.2826442,5.196295617,-87.15118595,47.88627264,-32.47169955,-331.6656952,46.0171009
0.1190504997,0.08645046427,2.822937298,4.239283563,1,-282.026499,5.093181728,-95.70393423,37.99117437,-167.7079709,-307.3145994,56.34036931
0.1190504997,0.09031417218,1.87089182,4.556581246,1,-247.2211094,4.92571506,-127.4896248,0,-239.6040685,-284.1679923,67.67738193
0.1190504997,0.09417788008,0.9419870117,4.844643009,1,-77.76601479,4.935372875,-128.6084042,0,-155.5546289,-245.3509181,78.99676577
0.1190504997,0.09804158798,0.9694090058,5.007640219,1,135.0834996,5.100609217,-165.2306274,0,-73.18599602,-91.88982476,79.0438605
0.1190504997,0.1019052959,1.181140885,4.561275571,1,308.2489979,4.711722469,-1958.557281,0,18.71400397,1923.59345,75.48216619
0.1190504997,0.1057690038,2.232698539,-9.99185623,1,692.7211727,10.2382681,-747.3910044,0,91.19941618,564.2179175,-77.40407393
0.1190504997,0.1096327117,4.209981058,-0.506398183,1,-100.8969654,4.240327774,1922.560382,0,-1123.929476,-1619.519458,-6.858878566
0.1190504997,0.1134964196,-2.499673058,3.693705632,1,-338.3540979,4.460025413,305.2196568,0,-908.1587186,-295.7276862,124.0877277
0.1190504997,0.1173601275,-0.6061803594,1.815486814,1,433.9905969,1.914013323,-384.7414169,0,228.3671659,224.9892481,108.4638612
0.1190504997,0.1212238354,NaN,NaN,0,145.2852575,1.339206151,-227.5700228,0,199.2874898,19.65486184,87.45424109
0.1229142076,0.01690372206,NaN,NaN,0,-24.14487792,0.6802343893,11.32027146,0,20.79377611,3.14763405,44.29038567
0.1229142076,0.02076742997,NaN,NaN,0,-24.17886266,0.6868075464,18.920137,0,23.58005415,5.372681567,45.61043509
0.1229142076,0.02463113787,NaN,NaN,0,-20.87924358,0.7161966351,29.86852695,0,30.00555636,3.922372179,47.41862413
0.1229142076,0.02849484577,NaN,NaN,0,-13.86840937,0.7843993594,35.38031004,0,35.07561269,-3.526908863,48.89405115
0.1229142076,0.03235855367,NaN,NaN,0,-8.427502544,0.8832968472,39.00429727,0,38.06889407,-10.87056546,50.10398201
0.1229142076,0.03622226157,NaN,NaN,0,-1.428175353,1.005706307,45.84060131,0,43.03804672,-13.28046466,51.19617202
0.1229142076,0.04008596947,NaN,NaN,0,3.764887305,1.161895178,45.33316143,0,51.54644124,-25.28478944,51.24656871
0.1229142076,0.04394967737,NaN,NaN,0,6.041494724,1.352262939,40.16287159,0,48.90047158,-43.72534399,51.38431223
0.1229142076,0.04781338527,NaN,NaN,0,28.13465779,1.547990112,48.15273446,0,42.75647351,-26.74733195,52.62889774
0.1229142076,0.05167709317,NaN,NaN,0,3.117269116,1.749639056,20.23596808,0,82.73455652,-65.36530631,50.29029138
0.1229142076,0.05554080107,NaN,NaN,0,-43.39972998,2.013154017,-19.95698798,4.69264376,28.99291316,-156.7158888,50.83945165
0.1229142076,0.05940450897,1.062177478,1.874378561,1,-75.3242873,2.154417783,-88.75591653,0,-67.15819148,-156.1104809,60.46053223
0.1229142076,0.06326821687,0.7207871369,1.821196709,1,32.96787088,1.958645336,-89.46514949,0,44.05886953,-150.9272323,68.40749727
0.1229142076,0.06713192477,1.359786304,2.111850096,1,141.9941746,2.511758273,-11.71194901,0,182.4312254,-335.9170889,57.22316644
0.1229142076,0.07099563267,1.974272118,3.07383067,1,140.5304307,3.653243132,-62.93216372,0,204.9904537,-425.5732555,57.28801765
0.1229142076,0.07485934057,2.694778075,3.512989347,1,49.7563476,4.427518834,-132.302463,0,134.128698,-394.2425994,52.50855684
0.1229142076,0.07872304847,2.684750222,4.085890844,1,-124.5710063,4.889006826,-177.7803693,0,56.89868357,-346.9524726,56.69195243
0.1229142076,0.08258675637,2.433311987,4.16662094,1,-161.1000547,4.825115261,-190.4507236,0,-21.7734497,-255.2813623,59.71501671
0.1229142076,0.08645046427,1.978180418,4.336377495,1,-182.0679455,4.766273969,-93.82469005,15.6281087,-131.1318305,-233.1787269,65.47834856
0.1229142076,0.09031417218,1.223199538,4.705044233,1,-253.3949531,4.861446116,-102.4611766,35.57132163,-129.1056092,-243.0352363,75.42706091
0.1229142076,0.09417788008,0.5003099733,4.8795146,1,177.6890982,4.905096615,-125.2355846,0,-309.4564045,17.46150341,84.14576499
0.1229142076,0.09804158798,0.7140891553,4.153704366,1,1071.769437,4.214639164,-309.7507148,70.76247753,-951.9210776,-3.210554498,80.24528109
0.1229142076,0.1019052959,0.963369026,3.695132961,1,888.3390511,3.818649955,-368.5783843,0,-1199.114708,-160.91753,75.38752781
0.1229142076,0.1057690038,-0.4866572072,3.351363483,1,-971.5039342,3.386513315,-671.0653218,0,1392.515196,489.0900271,98.26226693
0.1229142076,0.1096327117,2.590033565,-0.7873684266,2,929.0463336,2.707069062,-62.92254623,111.449497,-703.9467282,591.887853,-16.90923582
0.1229142076,0.1134964196,0.3830619167,0.8213673706,2,236.802337,0.9063006066,745.3049305,0,-897.448714,265.1418678,64.99701936
0.1229142076,0.1173601275,0.037488939,1.067841392,1,63.54177638,1.068499256,122.3601392,0,-165.1042331,23.48094755,87.98933045
0.1229142076,0.1212238354,NaN,NaN,0,5.13986173,1.203443974,11.21185544,0,-29.38325177,-58.96233773,90.44495416
0.1267779155,0.01690372206,NaN,NaN,0,-16.97708392,0.7584630434,12.41243687,0,19.02305098,2.70803601,46.91371536
0.1267779155,0.02076742997,NaN,NaN,0,-16.14912685,0.7749182653,16.94987029,0,20.8876257,1.898123197,47.64718157
0.1267779155,0.02463113787,NaN,NaN,0,-13.13688375,0.8138686745,24.38895365,0,24.86560321,-1.868571346,48.7694178
0.1267779155,0.02849484577,NaN,NaN,0,-8.605548839,0.8811110435,30.13975175,0,28.80751966,-7.569975644,49.91447285
0.1267779155,0.03235855367,NaN,NaN,0,-4.022568636,0.9756031822,34.72710454,0,32.25018208,-13.76957848,50.96212675
0.1267779155,0.03622226157,NaN,NaN,0,0.6993294217,1.095331758,38.96653852,0,36.00137336,-19.67176529,51.86153974
0.1267779155,0.04008596947,NaN,NaN,0,4.562960549,1.241318007,40.47759281,0,39.72247318,-28.45004555,52.46495092
0.1267779155,0.04394967737,NaN,NaN,0,7.380189774,1.410780537,40.04474188,0,40.08102818,-38.39281153,53.0755048
0.1267779155,0.04781338527,NaN,NaN,0,10.91541004,1.593842712,40.26783106,0,39.68652367,-43.16671206,53.87513586
0.1267779155,0.05167709317,NaN,NaN,0,0.2397543084,1.786336019,32.32615456,0,44.18260008,-61.93232431,54.27417227
0.1267779155,0.05554080107,NaN,NaN,0,-16.0241054,1.990650041,28.11115258,0,23.71529181,-83.31738741,56.06515039
0.1267779155,0.05940450897,NaN,NaN,0,-17.38015176,2.165158836,55.39693754,0,-1.681647353,-50.7852833,60.2992601
0.1267779155,0.06326821687,NaN,NaN,0,-22.7744396,2.308221068,114.6552784,0,67.42019739,-13.48069636,63.28601515
0.1267779155,0.06713192477,NaN,NaN,0,-2.335651741,2.682364575,84.35788622,0,89.31162417,-123.130855,62.3387541
0.1267779155,0.07099563267,1.37368062,2.863521343,1,123.2231173,3.175964882,43.55718771,18.12196261,60.60176531,-215.5678921,64.3721618
0.1267779155,0.07485934057,1.955514819,3.376974942,1,116.8975839,3.902306749,-15.74367953,20.00693691,41.21870115,-308.7719007,59.92602875
0.1267779155,0.07872304847,1.98459576,3.995696796,1,51.00244315,4.461413814,-64.33640782,0,-68.90207683,-297.3565618,63.58717802
0.1267779155,0.08258675637,1.886355863,4.277296751,1,-36.90819896,4.674784053,-173.0587612,0,-73.1167199,-287.0396955,66.20175819
0.1267779155,0.08645046427,1.559491612,4.436085833,1,145.5988405,4.702219859,-74.57330391,0,-495.0976374,-271.1467079,70.63104048
0.1267779155,0.09031417218,0.5359946,5.036798966,1,302.7841797,5.065237806,-284.2135009,0,-570.3800219,97.18974933,83.92568853
0.1267779155,0.09417788008,0.5255794425,2.962455082,1,138.0681271,3.008716314,-1030.280963,0,-338.8536272,1000.956382,79.93963696
0.1267779155,0.09804158798,-0.2397819231,-2.811308809,1,-124.2509868,2.82151601,-854.8001307,0,-235.5733427,818.8489286,-94.87506826
0.1267779155,0.1019052959,-0.8646766622,-3.504036012,1,540.8185997,3.609145896,156.9062348,94.42099661,-82.86962318,-348.6526793,-103.8617119
0.1267779155,0.1057690038,1.529599156,-0.8579768389,2,897.223246,1.753795265,-208.2366474,0,945.1585639,648.9115767,-29.28876992
0.1267779155,0.1096327117,6.253748493,-6.815806377,1,-601.420436,9.250112798,-292.0266424,0,569.0160881,-335.8363009,-47.46249502
0.1267779155,0.1134964196,1.40439822,-0.6887091152,2,-1007.142808,1.564178572,826.7039742,0,-622.4942286,-1178.590421,-26.1230765
0.1267779155,0.1173601275,-0.04269300021,0.9320654205,1,-270.7120262,0.9330426788,180.7817524,29.19115045,-125.1274916,-309.2155201,92.62258432
0.1267779155,0.1212238354,NaN,NaN,0,-56.84241381,1.210966994,29.92176735,0,14.23202298,-111.0991401,95.92529062
0.1306416234,0.01690372206,NaN,NaN,0,-10.96052936,0.8212868811,11.14569618,0,15.06446876,0.8998234705,48.3938681
0.1306416234,0.02076742997,NaN,NaN,0,-9.79218531,0.8413823548,14.50405384,0,16.59328622,-1.045753659,48.88518784
0.1306416234,0.02463113787,NaN,NaN,0,-6.913615729,0.8838905411,20.5976656,0,19.76171113,-5.724805115,49.70631368
0.1306416234,0.02849484577,NaN,NaN,0,-3.394333595,0.9511037418,26.06263878,0,23.03868067,-11.11484388,50.66120613
0.1306416234,0.03235855367,NaN,NaN,0,0.2434474158,1.043125108,30.79783062,0,26.12294124,-16.96600755,51.62927277
0.1306416234,0.03622226157,NaN,NaN,0,3.685101127,1.159039983,34.82085544,0,28.99479144,-23.18697246,52.54968808
0.1306416234,0.04008596947,NaN,NaN,0,6.407435695,1.29784137,37.5659294,0,31.26104996,-30.45081594,53.40124548
0.1306416234,0.04394967737,NaN,NaN,0,8.000893779,1.456840807,39.27067205,0,32.01464427,-38.22914452,54.29057927
0.1306416234,0.04781338527,NaN,NaN,0,7.907038296,1.631324239,40.54769335,0,31.7259929,-45.59438043,55.31232285
0.1306416234,0.05167709317,NaN,NaN,0,2.950443474,1.817816541,40.68966651,0,30.59402833,-55.87989146,56.49503183
0.1306416234,0.05554080107,NaN,NaN,0,-3.556294166,2.014663053,44.67850621,0,23.36730134,-63.83605324,58.32176696
0.1306416234,0.05940450897,NaN,NaN,0,-5.283521201,2.216019656,59.51921259,0,19.18185934,-58.29059159,60.83290257
0.1306416234,0.06326821687,NaN,NaN,0,-3.115419644,2.437906944,79.25856675,0,36.75753707,-58.1522876,62.87042555
0.1306416234,0.06713192477,NaN,NaN,0,11.30111015,2.74680731,76.37813715,0,39.93900343,-95.01101373,63.8639742
0.1306416234,0.07099563267,NaN,NaN,0,41.02599125,3.120062183,77.00466563,0,18.75228172,-118.3102674,65.18065081
0.1306416234,0.07485934057,NaN,NaN,0,39.30071687,3.528244634,6.022262254,0,-45.09793648,-198.6347061,65.89546515
0.1306416234,0.07872304847,NaN,NaN,0,-4.797761326,3.844530267,-14.30382945,0,-198.4574379,-222.9462947,70.43763851
0.1306416234,0.08258675637,0.6556259445,4.026721791,1,51.59434841,4.079746777,-371.202292,0,-218.4948951,84.75902716,80.75231959
0.1306416234,0.08645046427,0.6424192767,1.860913452,1,215.1333658,1.968680117,-472.3672823,0,-255.2584367,225.2343615,70.95444692
0.1306416234,0.09031417218,0.500594391,1.331392808,1,286.2305976,1.422392897,134.4177048,0,-352.3357291,-169.9310783,69.39409022
0.1306416234,0.09417788008,0.3870083579,3.03682825,1,-67.44292737,3.061388784,253.4096635,0,86.74817054,-365.7350941,82.7374678
0.1306416234,0.09804158798,0.5751842116,3.7235873,1,-747.7419631,3.767749893,-186.3322032,30.44538293,705.168459,266.9744256,81.21889844
0.1306416234,0.1019052959,0.2225167736,1.285383846,2,-549.8152139,1.304501954,82.98226401,0,715.665688,131.3854443,80.17868725
0.1306416234,0.1057690038,1.215981999,3.53657155,1,-561.9288832,3.739779479,132.0208816,0,546.8236463,-501.9485165,71.02545531
0.1306416234,0.1096327117,0.1641545505,3.734856419,1,-1453.866339,3.738462141,-986.4546572,110.1073437,886.4045678,-668.3575193,87.48335344
0.1306416234,0.1134964196,-0.9765245278,2.307537125,1,-500.0834865,2.505659142,-561.8137486,0,338.8662851,-17.12482186,112.937551
0.1306416234,0.1173601275,NaN,NaN,0,-28.22811741,1.693648213,-165.5900462,0,197.3747347,49.10490459,105.7154507
0.1306416234,0.1212238354,NaN,NaN,0,-15.94624462,1.512898634,-73.09693532,0,86.21564462,5.749067194,102.3270578
0.1345053313,0.01690372206,NaN,NaN,0,-5.408929896,0.8643878665,8.991566791,0,10.28045802,-1.4337809,49.21428432
0.1345053313,0.02076742997,NaN,NaN,0,-4.119484452,0.8858053621,11.88445147,0,11.68532414,-3.817624366,49.60435796
0.1345053313,0.02463113787,NaN,NaN,0,-1.331060262,0.9295833855,17.43501615,0,14.54927444,-8.870051571,50.29279487
0.1345053313,0.02849484577,NaN,NaN,0,1.698382771,0.9966717592,22.71530713,0,17.46255063,-14.19858722,51.15500678
0.1345053313,0.03235855367,NaN,NaN,0,4.705590768,1.087140662,27.58072371,0,20.20811076,-19.79263537,52.09360672
0.1345053313,0.03622226157,NaN,NaN,0,7.390191978,1.200265638,31.9531232,0,22.5938012,-25.65930106,53.05679404
0.1345053313,0.04008596947,NaN,NaN,0,9.380787323,1.334719067,35.69459732,0,24.31229096,-31.93710122,54.04077505
0.1345053313,0.04394967737,NaN,NaN,0,10.30891135,1.488297784,38.92432356,0,24.99050605,-38.47857019,55.09792831
0.1345053313,0.04781338527,NaN,NaN,0,9.761405887,1.658160972,41.96260379,0,24.60877535,-45.10177369,56.29481687
0.1345053313,0.05167709317,NaN,NaN,0,7.211275458,1.842062027,45.20631191,0,23.10021898,-52.15680786,57.69802248
0.1345053313,0.05554080107,NaN,NaN,0,4.132006462,2.039139086,50.39399317,0,19.9780259,-57.85634251,59.42432716
0.1345053313,0.05940450897,NaN,NaN,0,2.917780764,2.250024881,58.74283984,0,18.2842463,-60.3887422,61.38696382
0.1345053313,0.06326821687,NaN,NaN,0,4.295172079,2.482496359,66.48163881,0,20.48908813,-65.82684873,63.20316714
0.1345053313,0.06713192477,NaN,NaN,0,9.629520729,2.74935667,64.89143,0,14.93457074,-80.45064494,64.73876541
0.1345053313,0.07099563267,NaN,NaN,0,16.729211,3.031221826,53.94494324,0,-6.88389568,-92.14358994,66.38883791
0.1345053313,0.07485934057,NaN,NaN,0,15.06338756,3.282556349,19.58595009,0,-52.89162478,-102.0563039,68.34504102
0.1345053313,0.07872304847,NaN,NaN,0,14.0228348,3.418541011,-14.35122661,0,-125.7532895,-61.68079042,71.79645632
0.1345053313,0.08258675637,NaN,NaN,0,67.45251722,3.326402851,-63.94850641,0,-187.3602328,98.80268519,76.44526754
0.1345053313,0.08645046427,NaN,NaN,0,-172.1423843,2.68752891,-91.73305244,23.23524554,73.57347875,80.17062676,76.99825547
0.1345053313,0.09031417218,NaN,NaN,0,-252.5678572,2.600325338,108.3522081,35.88716904,119.7795052,-134.8274421,81.17840847
0.1345053313,0.09417788008,0.09158678886,3.558204445,1,-28.52270029,3.559382954,5.709259935,0,-56.10720392,-54.53014457,88.52555464
0.1345053313,0.09804158798,0.07179606878,2.802312667,1,146.629537,2.803232234,-341.9938341,0,-179.7607276,220.3654212,88.53238646
0.1345053313,0.1019052959,-0.0364224538,1.385412547,1,-44.13828865,1.385891237,57.80166436,0,51.51740784,-103.5993571,91.50595741
0.1345053313,0.1057690038,0.1003068299,3.425919069,1,299.7180854,3.427387187,-39.75445863,0,-326.5161604,-257.396239,88.32292693
0.1345053313,0.1096327117,-0.1399623878,2.226316813,2,467.2136655,2.230711999,-133.1862455,0,-708.628949,92.80685394,93.59729318
0.1345053313,0.1134964196,-0.8324513082,2.552747745,1,126.3756702,2.685050508,65.06296126,0,-217.6856718,174.4366202,108.0611529
0.1345053313,0.1173601275,NaN,NaN,0,83.46343608,1.869825691,-102.155753,0,32.28774841,144.634857,105.2796996
0.1345053313,0.1212238354,NaN,NaN,0,22.9278887,1.644963205,-55.12105421,0,32.73626749,50.73996417,103.5434728
0.1383690392,0.01690372206,NaN,NaN,0,-2.677346118,0.8861945968,7.799367949,0,7.799367949,-2.677346118,49.58468793
0.1383690392,0.02076742997,NaN,NaN,0,-1.35990042,0.9080365843,10.55663491,0,9.168180022,-5.184119373,49.93728625
0.1383690392,0.02463113787,NaN,NaN,0,1.371958621,0.952200539,15.94436583,0,11.92602958,-10.33746416,50.57516586
0.1383690392,0.02849484577,NaN,NaN,0,4.192932932,1.019155089,21.16586578,0,14.6745379,-15.63380218,51.40106717
0.1383690392,0.03235855367,NaN,NaN,0,6.908936365,1.10884728,26.11162802,0,17.23455453,-21.0916515,52.33147705
0.1383690392,0.03622226157,NaN,NaN,0,9.253927228,1.220571571,30.71422693,0,19.39537309,-26.72258461,53.32023346
0.1383690392,0.04008596947,NaN,NaN,0,10.92301209,1.353004212,34.92266082,0,20.8974048,-32.57207001,54.36428031
0.1383690392,0.04394967737,NaN,NaN,0,11.62568082,1.504240644,38.83100096,0,21.49319124,-38.58468143,55.4985145
0.1383690392,0.04781338527,NaN,NaN,0,11.11840594,1.672134991,42.66946136,0,21.11837594,-44.67996124,56.77286481
0.1383690392,0.05167709317,NaN,NaN,0,9.39184584,1.855035964,46.77386439,0,19.82944652,-50.79434355,58.23361076
0.1383690392,0.05554080107,NaN,NaN,0,7.352727199,2.05240744,51.90058872,0,17.76287356,-56.09149276,59.90450626
0.1383690392,0.05940450897,NaN,NaN,0,6.047192653,2.265026333,58.07417921,0,15.96828491,-60.08352157,61.7053436
0.1383690392,0.06326821687,NaN,NaN,0,5.633210509,2.494883626,62.39271789,0,14.09559434,-64.95672094,63.47396432
0.1383690392,0.06713192477,NaN,NaN,0,6.191840984,2.739451693,59.73093755,0,6.194835811,-71.85119061,65.18170733
0.1383690392,0.07099563267,NaN,NaN,0,5.962321896,2.976840707,47.56801915,0,-13.09518784,-74.48685156,67.0221567
0.1383690392,0.07485934057,NaN,NaN,0,2.216870098,3.1637803,21.20866759,0,-45.84746004,-67.28528318,69.22280177
0.1383690392,0.07872304847,NaN,NaN,0,-0.2882751969,3.238709618,-8.369405128,0,-85.64239145,-30.1541327,72.13587856
0.1383690392,0.08258675637,NaN,NaN,0,-1.638476366,3.143173761,-32.47318569,0,-100.792479,37.99614616,75.43777382
0.1383690392,0.08645046427,NaN,NaN,0,-100.3320435,2.873154535,-37.00577445,0,-1.122440265,33.43575707,77.99219107
0.1383690392,0.09031417218,NaN,NaN,0,-103.5669416,2.798523559,15.40011024,0,0.2033511422,-15.64830623,81.81755318
0.1383690392,0.09417788008,NaN,NaN,0,124.6024643,2.936957255,-12.15668181,0,-200.4503999,67.43618744,86.1269698
0.1383690392,0.09804158798,NaN,NaN,0,68.17197126,2.464758767,-156.3753438,0,-107.7222835,173.6910849,87.55267142
0.1383690392,0.1019052959,NaN,NaN,0,-74.60229982,1.65559673,-152.9029497,0,64.93048926,195.3442119,88.42281872
0.1383690392,0.1057690038,0.06787850086,1.116985347,1,592.7518426,1.119045913,-327.1575156,0,-602.4387783,310.3713973,86.52244788
0.1383690392,0.1096327117,0.008140376499,-0.8082559809,1,769.9985529,0.8082969729,20.36965343,0,-800.8100445,56.29388747,-89.4229632
0.1383690392,0.1134964196,-0.05116810265,0.9781845998,1,368.3470922,0.9795219681,492.1997328,0,-446.705798,-87.77826734,92.99437011
0.1383690392,0.1173601275,NaN,NaN,0,58.68561249,1.46258953,120.8704511,0,-133.4196667,-18.30431885,101.6208086
0.1383690392,0.1212238354,NaN,NaN,0,9.835571173,1.55355842,33.28655923,0,-33.28655923,-9.835571173,102.6385639
