PIVlab, ASCII chart output - 19-Sep-2021
FRAME: 580, filenames: A: 72_12_75_80 580.jpg & B: 72_12_75_80 581.jpg, conversion factor xy (px -> m): 0.00024171, conversion factor uv (px/frame -> m/s): 1
x [m],y [m],u [m/s],v [m/s],Vector type [-],vorticity [1/s],magnitude [m/s],divergence [1/s],dcev [1],simple shear [1/s],simple strain [1/s],vector direction [degrees]
0.03819017801,0.01450259924,NaN,NaN,0,-2.052078192,0.6778036427,-3.477397373,0,3.477397373,2.052078192,-69.25275138
0.03819017801,0.01836995904,NaN,NaN,0,-1.65927303,0.6887799157,-4.7207304,0,3.700613257,3.488688308,-69.35342955
0.03819017801,0.02223731884,NaN,NaN,0,-0.9638221985,0.7103007228,-7.150397722,0,4.068755774,6.255253117,-69.56445769
0.03819017801,0.02610467864,NaN,NaN,0,-0.3846250741,0.7415620549,-9.352587242,0,4.186073611,8.854701925,-69.89766868
0.03819017801,0.02997203844,NaN,NaN,0,0.04761452387,0.7814912455,-11.3193813,0,4.070193877,11.18454689,-70.35695527
0.03819017801,0.03383939824,NaN,NaN,0,0.3244640652,0.8288993184,-13.07119114,0,3.804367813,13.1839786,-70.93162119
0.03819017801,0.03770675803,NaN,NaN,0,0.4601961723,0.8826946703,-14.64111618,0,3.496677117,14.8722459,-71.59648104
0.03819017801,0.04157411783,NaN,NaN,0,0.5028855452,0.9420511328,-16.03958894,0,3.190345549,16.33574361,-72.32002404
0.03819017801,0.04544147763,NaN,NaN,0,0.5816713259,1.006342794,-17.20887864,0,2.7665981,17.6026473,-73.07559213
0.03819017801,0.04930883743,NaN,NaN,0,0.9219478881,1.074632902,-17.86594837,0,1.899102304,18.52661817,-73.84236004
0.03819017801,0.05317619723,NaN,NaN,0,1.577857939,1.14457368,-17.50918268,0,0.3007461154,18.73340515,-74.60427371
0.03819017801,0.05704355703,NaN,NaN,0,2.221289734,1.211704639,-15.94831399,0,-1.80254116,17.64380248,-75.35691739
0.03819017801,0.06091091682,NaN,NaN,0,2.691367613,1.270681251,-13.17434187,0,-4.050624021,15.03486334,-76.08920389
0.03819017801,0.06477827662,NaN,NaN,0,3.441838364,1.316332772,-8.561878591,0,-6.982497621,11.06416281,-76.77886303
0.03819017801,0.06864563642,NaN,NaN,0,3.761838677,1.341434993,-2.307992918,0,-10.00969933,5.22011149,-77.43642398
0.03819017801,0.07251299622,NaN,NaN,0,5.705709795,1.339488784,6.444412588,0,-14.99902606,-3.265619937,-78.06994193
0.03819017801,0.07638035602,NaN,NaN,0,11.88380872,1.297243255,23.31505431,0,-26.46353857,-15.92101978,-78.62512082
0.03819017801,0.08024771582,NaN,NaN,0,13.98322679,1.17961059,48.24629609,0,-38.24447155,-36.27730082,-79.22602209
0.03819017801,0.08411507561,NaN,NaN,0,-2.290090039,0.9586704567,70.02946639,0,-34.59113457,-56.75850195,-80.26972289
0.03819017801,0.08798243541,NaN,NaN,0,-41.63567902,0.6730030866,83.9105663,0,-19.78501484,-48.10259222,-83.35503138
0.03819017801,0.09184979521,NaN,NaN,0,-151.4490683,0.4408519542,19.58135442,0,60.17974331,4.307933809,-99.86247076
0.03819017801,0.09571715501,NaN,NaN,0,-133.2028332,0.6686270666,-79.0448185,0,24.36998534,90.28257598,-114.2947293
0.03819017801,0.09958451481,NaN,NaN,0,8.204767294,1.196974336,-102.4611365,0,-113.7608539,84.66985661,-114.5015473
0.03819017801,0.1034518746,NaN,NaN,0,45.10738932,1.498039792,-55.81774437,0,-110.1978685,-7.322190748,-117.138354
0.03819017801,0.1073192344,-0.7481348844,-1.276736638,2,61.4461067,1.479784527,-15.85269184,0,-39.3390897,-95.40236531,-120.3692075
0.03819017801,0.1111865942,-0.5978211562,-1.025469879,2,61.5718836,1.187004047,54.08132205,0,33.95635732,-89.66871276,-120.2410268
0.03819017801,0.115053954,NaN,NaN,0,9.061215857,0.8142272243,89.5394712,0,76.61236173,-34.24275381,-117.7163542
0.03819017801,0.1189213138,NaN,NaN,0,-3.093970902,0.6082459783,50.86054509,0,43.59078242,-15.80373033,-115.9846071
0.03819017801,0.1227886736,NaN,NaN,0,-10.17674731,0.5134947375,33.14515145,0,33.14515145,-10.17674731,-115.625157
0.04205753781,0.01450259924,NaN,NaN,0,-3.380205858,0.6668295313,-3.966841079,0,4.998802127,1.732223763,-69.14875912
0.04205753781,0.01836995904,NaN,NaN,0,-2.906130718,0.6782427431,-5.188870421,0,5.212558233,3.268997084,-69.23304027
0.04205753781,0.02223731884,NaN,NaN,0,-2.072070241,0.7005796604,-7.586571224,0,5.544082204,6.213673416,-69.41922977
0.04205753781,0.02610467864,NaN,NaN,0,-1.358782208,0.7329344217,-9.721006131,0,5.540385841,8.991282346,-69.73087873
0.04205753781,0.02997203844,NaN,NaN,0,-0.8040011893,0.7740815063,-11.59693138,0,5.227145978,11.45239428,-70.18159058
0.04205753781,0.03383939824,NaN,NaN,0,-0.4292076381,0.822614289,-13.25719897,0,4.741021581,13.49101997,-70.76414731
0.04205753781,0.03770675803,NaN,NaN,0,-0.2294817951,0.8772674371,-14.76811536,0,4.278038692,15.14146859,-71.44771566
0.04205753781,0.04157411783,NaN,NaN,0,-0.1666977915,0.9372762227,-16.18658608,0,3.941248358,16.61452357,-72.19019252
0.04205753781,0.04544147763,NaN,NaN,0,-0.04974136692,1.002524399,-17.58033466,0,3.580268359,18.08634408,-72.96366832
0.04205753781,0.04930883743,NaN,NaN,0,0.6236492657,1.073174976,-18.64045345,0,2.612627831,19.48313239,-73.74877571
0.04205753781,0.05317619723,NaN,NaN,0,2.032727359,1.147584208,-18.43030173,0,0.3632860382,20.31277876,-74.52305765
0.04205753781,0.05704355703,NaN,NaN,0,3.39346179,1.220062112,-16.81410357,0,-2.656563714,19.51045282,-75.30032516
0.04205753781,0.06091091682,NaN,NaN,0,4.337518552,1.284200715,-14.42852021,0,-5.293377094,16.98093755,-76.07323426
0.04205753781,0.06477827662,NaN,NaN,0,6.394607216,1.337062467,-9.63571203,0,-9.409467925,13.50510256,-76.77456994
0.04205753781,0.06864563642,NaN,NaN,0,6.477351331,1.368652022,-4.114273175,0,-12.38695777,8.554031169,-77.44882826
0.04205753781,0.07251299622,NaN,NaN,0,9.325019352,1.379932857,0.1080164819,0,-16.37737764,2.685888595,-78.16387046
0.04205753781,0.07638035602,NaN,NaN,0,24.60876129,1.372758281,17.1928926,0,-34.79338983,-6.281700251,-78.65049148
0.04205753781,0.08024771582,NaN,NaN,0,36.96113507,1.283154249,53.56836849,0,-58.28391487,-33.97837979,-79.05378301
0.04205753781,0.08411507561,NaN,NaN,0,20.30117952,1.024674884,86.55803801,0,-45.26291473,-77.26911159,-79.44570008
0.04205753781,0.08798243541,NaN,NaN,0,-10.53715443,0.643278922,162.4589477,0,-45.57437754,-91.51913888,-76.77936023
0.04205753781,0.09184979521,NaN,NaN,0,-271.4573605,0.03860312681,59.66742631,59.14718884,167.9029272,-23.4670715,-139.4144129
0.04205753781,0.09571715501,-0.2533633532,-0.3047188162,2,-239.3867916,0.3962909861,-155.5396107,41.93057451,109.7136596,180.5850002,-129.7423733
0.04205753781,0.09958451481,-0.5308092225,-1.325029353,2,81.65145027,1.427396657,-181.0485711,0,-224.3963832,162.5214602,-111.8311309
0.04205753781,0.1034518746,-0.8054093684,-1.633427743,2,82.53268394,1.821200275,-65.61600524,0,-194.3550517,-27.71066403,-116.2469512
0.04205753781,0.1073192344,-0.9632665521,-1.471622946,2,98.1929441,1.758850916,-42.68972037,18.12227479,-62.30965489,-186.0842596,-123.207182
0.04205753781,0.1111865942,-0.6666357782,-1.078869467,2,115.6129593,1.268212359,83.46444953,14.16979232,63.19116888,-144.4537564,-121.7120087
0.04205753781,0.115053954,-0.271766655,-0.590181239,2,-19.17378542,0.6497468812,149.7197231,0,140.1694657,-11.21264169,-114.7251248
0.04205753781,0.1189213138,NaN,NaN,0,-18.47135305,0.4978574414,51.52956399,0,42.80400795,-3.020087862,-113.5228112
0.04205753781,0.1227886736,NaN,NaN,0,-26.21071366,0.4187728518,34.18372254,0,37.09070718,-5.77532164,-115.1030703
0.04592489761,0.01450259924,NaN,NaN,0,-6.099395045,0.6444479094,-5.060716326,0,8.15420218,0.989397309,-68.95068322
0.04592489761,0.01836995904,NaN,NaN,0,-5.448296247,0.6567935337,-6.214115716,0,8.351355981,2.758158534,-68.99375452
0.04592489761,0.02223731884,NaN,NaN,0,-4.317690332,0.680866887,-8.509796774,0,8.612773461,6.115374967,-69.11771415
0.04592489761,0.02610467864,NaN,NaN,0,-3.317106998,0.7155656788,-10.47240601,0,8.346916243,9.319888437,-69.37558384
0.04592489761,0.02997203844,NaN,NaN,0,-2.481274273,0.7593713232,-12.12384771,0,7.562627449,12.10901931,-69.8050683
0.04592489761,0.03383939824,NaN,NaN,0,-1.87778757,0.8103304201,-13.56436116,0,6.52450978,14.21443526,-70.40930437
0.04592489761,0.03770675803,NaN,NaN,0,-1.541338159,0.8666371138,-14.92977778,0,5.692327947,15.64586737,-71.14204884
0.04592489761,0.04157411783,NaN,NaN,0,-1.56231855,0.9274393167,-16.28426667,0,5.388205832,16.96857664,-71.92453528
0.04592489761,0.04544147763,NaN,NaN,0,-1.783819961,0.993499804,-18.18697831,0,5.54683084,18.74351522,-72.73193495
0.04592489761,0.04930883743,NaN,NaN,0,-0.6546254213,1.068164553,-20.52006159,0,4.852143227,21.171956,-73.55963716
0.04592489761,0.05317619723,NaN,NaN,0,2.855218397,1.152743315,-20.4514116,0,0.8770559646,23.83018031,-74.34059817
0.04592489761,0.05704355703,NaN,NaN,0,5.988269238,1.236985441,-18.02540621,0,-4.899580365,23.52816459,-75.16357255
0.04592489761,0.06091091682,NaN,NaN,0,6.556135499,1.30920828,-17.62479302,0,-6.742350623,20.33846183,-76.06175405
0.04592489761,0.06477827662,NaN,NaN,0,13.92780461,1.379255422,-10.81260508,0,-15.58112321,18.04684978,-76.75439851
0.04592489761,0.06864563642,NaN,NaN,0,9.870824581,1.416378349,-3.893374589,0,-17.19417069,13.53305167,-77.40043695
0.04592489761,0.07251299622,NaN,NaN,0,5.684438958,1.43901039,-18.29626793,0,-8.506320866,12.53154156,-78.4671565
0.04592489761,0.07638035602,NaN,NaN,0,49.85191884,1.530787922,-6.37136024,3.825933156,-47.63556506,23.9352186,-78.77260331
0.04592489761,0.08024771582,NaN,NaN,0,102.0082972,1.555636805,65.26849609,0,-127.8918079,-13.09315768,-79.02090776
0.04592489761,0.08411507561,0.1979487413,-1.198439249,1,196.9605335,1.214677051,140.5512612,0,-182.4919379,-46.44453392,-80.62101527
0.04592489761,0.08798243541,0.3522275042,-0.803983569,1,166.2706122,0.8777549738,746.0846117,0,-200.7798777,109.1470712,-66.34163642
0.04592489761,0.09184979521,0.06448899531,1.264827389,1,83.99512859,1.266470353,413.0942916,0,-221.1588729,13.68319671,87.08122194
0.04592489761,0.09571715501,-0.1782340463,0.7406828425,1,-6.314686679,0.7618257337,-376.0319206,0,-157.245627,538.7035951,103.5301172
0.04592489761,0.09958451481,-0.5680575864,-2.272783971,2,505.7465467,2.342698529,-405.0253521,0,-729.6746922,408.0938278,-104.0329595
0.04592489761,0.1034518746,-1.044244754,-2.403941585,2,144.0052665,2.620950639,1.307031149,0,-419.3426146,-95.74264973,-113.4795756
0.04592489761,0.1073192344,-1.632886177,-1.897457936,2,158.3763255,2.503330559,-200.5683982,0,-103.9319462,-504.5840169,-130.7141398
0.04592489761,0.1111865942,-0.8336887498,-1.228203804,2,328.7646765,1.484426325,163.8496256,72.65024109,134.0446258,-299.7462593,-124.16815
0.04592489761,0.115053954,0.1569639127,-0.1045658482,1,322.9155398,0.1886045771,80.62870905,82.431283,-127.7431792,-156.8506674,-33.67066509
0.04592489761,0.1189213138,NaN,NaN,0,-34.35813216,0.3196721515,-9.891770055,0,-35.24373686,19.48578485,-104.286739
0.04592489761,0.1227886736,NaN,NaN,0,-62.10084924,0.2453440325,36.30277148,0,44.86710293,-11.07124697,-117.2171493
0.0497922574,0.01450259924,NaN,NaN,0,-8.86640576,0.6097312582,-6.565168694,0,11.7157257,0.04178613979,-68.68766226
0.0497922574,0.01836995904,NaN,NaN,0,-7.95626711,0.6236359923,-7.609607751,0,11.93959183,2.171393185,-68.64268841
0.0497922574,0.02223731884,NaN,NaN,0,-6.433287843,0.6505702935,-9.766094147,0,12.20873942,6.16977948,-68.63453083
0.0497922574,0.02610467864,NaN,NaN,0,-5.11068118,0.689169732,-11.53497342,0,11.67187822,10.06387712,-68.7792512
0.0497922574,0.02997203844,NaN,NaN,0,-3.926201336,0.7376359114,-12.86169228,0,10.1519378,13.44935926,-69.16279062
0.0497922574,0.03383939824,NaN,NaN,0,-3.059330209,0.792869915,-13.94662017,0,8.102062142,15.61183439,-69.8189421
0.0497922574,0.03770675803,NaN,NaN,0,-2.495764721,0.8517051443,-15.10236793,0,6.578557486,16.25898899,-70.67229478
0.0497922574,0.04157411783,NaN,NaN,0,-2.757418289,0.9125568834,-15.83372453,0,6.372416182,16.87040041,-71.51578197
0.0497922574,0.04544147763,NaN,NaN,0,-4.868594507,0.9761037745,-18.3632503,0,8.366705944,18.74718417,-72.35531275
0.0497922574,0.04930883743,NaN,NaN,0,-4.313549386,1.053468116,-24.80140299,0,10.37205827,22.63099608,-73.2929886
0.0497922574,0.05317619723,NaN,NaN,0,4.054502411,1.158492026,-24.82987688,0,3.192374959,30.30782187,-74.00119762
0.0497922574,0.05704355703,NaN,NaN,0,11.14826127,1.266229984,-17.21131665,0,-11.07646309,30.43356343,-74.85236418
0.0497922574,0.06091091682,NaN,NaN,0,1.97094959,1.336646602,-27.23264058,0,-1.195321825,22.7978954,-76.16719611
0.0497922574,0.06477827662,NaN,NaN,0,32.88965116,1.454558506,-12.0965407,2.82470734,-28.9785036,24.81078304,-76.73020412
0.0497922574,0.06864563642,NaN,NaN,0,13.39370342,1.478985046,17.64964783,0,-32.30228092,14.99978417,-76.92028477
0.0497922574,0.07251299622,0.2607482624,-1.405473834,1,14.17610457,1.429456664,10.58023434,0,-13.30428158,83.58059509,-79.48978922
0.0497922574,0.07638035602,0.338075539,-1.722933138,1,38.19495882,1.755788618,94.88439803,0,9.56047742,287.1191505,-78.89841503
0.0497922574,0.08024771582,0.4454357166,-2.148914788,1,77.22570737,2.19459512,120.9097445,0,-22.0056182,315.3279838,-78.28934293
0.0497922574,0.08411507561,0.5516314919,-2.474818421,1,567.3588986,2.535551916,317.9330387,121.3077271,210.7357106,291.2562738,-77.43431333
0.0497922574,0.08798243541,3.454607528,-2.04574614,1,392.2434899,4.014896068,588.5112104,0,-115.6842609,260.2346539,-30.63312784
0.0497922574,0.09184979521,1.621185536,-1.205254863,2,172.9402109,2.020119261,476.1301443,0,-969.0546525,176.8760969,-36.6286043
0.0497922574,0.09571715501,0.3757465413,-0.8884230671,1,199.8547039,0.9646144356,-413.6299906,0,-753.2368485,852.7618577,-67.07472413
0.0497922574,0.09958451481,-0.5189423228,-6.102847787,1,75.61843806,6.12487161,-185.0855453,0,-475.4706642,570.9014268,-94.86032955
0.0497922574,0.1034518746,-1.170625883,-3.812096691,2,-170.6344901,3.987787123,676.4378802,0,-649.4087684,-258.7697459,-107.0707743
0.0497922574,0.1073192344,-3.690344654,-2.486063411,1,102.5162402,4.449624135,448.1426758,0,-108.0939661,-63.87969373,-146.0331515
0.0497922574,0.1111865942,-1.192196956,-1.831921963,2,410.6130035,2.185697065,169.1724521,0,397.1215815,129.6046935,-123.055686
0.0497922574,0.115053954,-0.5665443924,-2.333040652,1,162.6108267,2.400843858,126.6693011,0,103.8755021,-228.0975098,-103.6492319
0.0497922574,0.1189213138,NaN,NaN,0,-76.54342464,0.4874753739,326.5166699,0,202.3295624,-285.6596531,-109.3598889
0.0497922574,0.1227886736,NaN,NaN,0,-108.1665137,0.08718564504,146.6791579,0,150.3215266,-108.987,156.7146247
0.0536596172,0.01450259924,NaN,NaN,0,-11.68589755,0.5611222866,-8.741636373,0,15.91104066,-1.318977709,-68.43556772
0.0536596172,0.01836995904,NaN,NaN,0,-10.3647486,0.5774782487,-9.544791155,0,16.19487623,1.367587296,-68.20510682
0.0536596172,0.02223731884,NaN,NaN,0,-8.348512749,0.6086820693,-11.40999864,0,16.61071415,6.328472644,-67.92181893
0.0536596172,0.02610467864,NaN,NaN,0,-6.766128542,0.6530527547,-13.03970125,0,15.97991943,11.31648132,-67.83676245
0.0536596172,0.02997203844,NaN,NaN,0,-5.05351968,0.7093665594,-13.84132784,0,13.27118337,16.01270622,-68.11443538
0.0536596172,0.03383939824,NaN,NaN,0,-3.937567211,0.7720966335,-14.2580593,0,9.153243504,18.52455404,-68.88486255
0.0536596172,0.03770675803,NaN,NaN,0,-2.624972229,0.8350182599,-15.69934924,0,6.147423673,16.90785379,-70.07321754
0.0536596172,0.04157411783,NaN,NaN,0,-2.102995376,0.8952391973,-13.58501323,0,5.156195465,15.50685184,-70.97943247
0.0536596172,0.04544147763,NaN,NaN,0,-10.61959039,0.9452080012,-14.63089538,0,11.17551848,16.74382496,-71.72491313
0.0536596172,0.04930883743,NaN,NaN,0,-15.78548003,1.011348329,-35.4924232,0,25.07700896,20.29702229,-73.10509156
0.0536596172,0.05317619723,NaN,NaN,0,6.528079364,1.161835621,-36.85537627,0,12.59684869,44.33654765,-73.37896674
0.0536596172,0.05704355703,NaN,NaN,0,32.57932383,1.333446591,1.242657075,0,-41.40332512,45.10037184,-73.9852275
0.0536596172,0.06091091682,0.2982060453,-1.282904943,1,53.20953844,1.317107413,5.947421585,0,-53.903758,83.55410683,-76.91420581
0.0536596172,0.06477827662,0.3651933661,-1.581829299,1,52.22012183,1.623437749,26.62947553,12.03370258,-16.78926325,98.01864331,-77.00002417
0.0536596172,0.06864563642,0.4352299234,-1.558992541,1,43.94479231,1.618605211,100.1134959,0,30.17844867,83.15215358,-74.40165749
0.0536596172,0.07251299622,0.6518546084,-1.516233686,1,203.7373335,1.650417832,116.7761409,24.98258209,142.7949011,130.5424475,-66.7363097
0.0536596172,0.07638035602,1.775394756,-1.612231801,1,173.5211418,2.398190552,107.5916979,0,170.7721108,209.6492161,-42.24251488
0.0536596172,0.08024771582,1.983360493,-1.910926829,1,32.39733907,2.754153262,102.2840062,0,168.9049142,351.9110591,-43.93442256
0.0536596172,0.08411507561,2.553902998,-2.57762943,1,165.287512,3.628580163,415.5061005,0,261.6892195,637.2067306,-45.26491399
0.0536596172,0.08798243541,3.634633139,-2.768322933,2,166.5850266,4.568825879,247.1281849,0,-157.2773634,395.5623198,-37.29475751
0.0536596172,0.09184979521,2.58989908,-3.151677636,1,-20.02699262,4.07929518,206.775821,0,-526.7507489,252.5285277,-50.58825784
0.0536596172,0.09571715501,1.520046883,-2.945265112,2,101.1833744,3.31438216,72.71083881,0,-531.9340477,396.5405933,-62.70180955
0.0536596172,0.09958451481,0.9240312434,-4.40404381,2,-354.1612695,4.499937291,172.2965716,83.66585634,108.7693912,511.0984774,-78.15041326
0.0536596172,0.1034518746,0.5710281977,-4.255533982,2,156.5798379,4.293674728,716.2789344,0,-433.4700854,278.7503577,-82.35742576
0.0536596172,0.1073192344,-0.1468029684,-2.711963382,2,11.71012214,2.715933816,1147.528769,0,-76.15673143,378.2302944,-93.09848923
0.0536596172,0.1111865942,0.3217899718,-1.280379987,2,-216.4908912,1.320197598,831.8206047,0,193.6090026,216.349838,-75.89239196
0.0536596172,0.115053954,-0.2352954643,-0.3317164817,1,-802.7666061,0.4066937173,1074.93445,0,740.018838,545.0906642,-125.3491079
0.0536596172,0.1189213138,NaN,NaN,0,-423.5531698,0.7727777289,252.7079569,0,493.0716674,-35.1378532,84.1234048
0.0536596172,0.1227886736,NaN,NaN,0,-206.5933231,0.7822069934,26.79602858,0,183.0298587,20.1919035,87.54119061
0.057526977,0.01450259924,NaN,NaN,0,-14.51645897,0.4961680567,-12.08141871,0,21.13259936,-3.399837122,-68.39400189
0.057526977,0.01836995904,NaN,NaN,0,-12.41203123,0.5165183819,-12.27358652,0,21.37444405,0.1451257273,-67.76025118
0.057526977,0.02223731884,NaN,NaN,0,-9.829886008,0.5537749916,-13.28940801,0,22.05932151,6.460042479,-66.88938919
0.057526977,0.02610467864,NaN,NaN,0,-8.551800558,0.6052979561,-15.3725051,0,22.36590198,12.86086929,-66.35261845
0.057526977,0.02997203844,NaN,NaN,0,-5.584181633,0.6751996515,-15.20585853,0,17.79963277,20.76043027,-66.35652647
0.057526977,0.03383939824,NaN,NaN,0,-5.012446725,0.7517660628,-13.54493994,0,9.092304826,25.56582177,-67.3066469
0.057526977,0.03770675803,NaN,NaN,0,-1.963561606,0.8213869251,-19.8519565,0,3.701698237,17.34102029,-69.58134336
0.057526977,0.04157411783,NaN,NaN,0,7.589999405,0.8884308718,-8.17608377,0,-3.070576477,11.5053282,-70.48711774
0.057526977,0.04544147763,NaN,NaN,0,-19.72129166,0.8988749422,8.917105225,4.764962328,6.102163566,12.42424156,-70.22991429
0.057526977,0.04930883743,0.2440825383,-0.8509684598,1,-5.311855788,0.885281653,8.397292323,0,16.73860648,71.55603095,-73.99556674
0.057526977,0.05317619723,0.348232783,-1.09015057,1,30.9950552,1.144418776,-0.1405341461,0,37.790252,169.8423025,-72.28467276
0.057526977,0.05704355703,0.5101000701,-1.508353249,1,65.50320401,1.592272466,51.386737,10.7094007,16.5889512,212.2136828,-71.31531525
0.057526977,0.06091091682,0.6657126838,-1.712126234,1,87.50089235,1.836994725,142.2891478,0,-8.420174662,187.3464199,-68.75281376
0.057526977,0.06477827662,0.8159336585,-1.682605932,1,41.8900352,1.870002796,163.2840088,0,55.78523344,106.8443797,-64.13020465
0.057526977,0.06864563642,1.043458091,-1.493853882,1,39.03860832,1.822197632,126.2134167,0,64.72328378,115.4966004,-55.06567101
0.057526977,0.07251299622,1.217218229,-1.641160147,1,104.3499303,2.043288243,75.00824242,19.01108321,30.49715722,136.9912905,-53.43635338
0.057526977,0.07638035602,1.564960296,-1.73356463,1,214.5714581,2.335454357,-37.12016644,59.9322486,40.06045504,-42.33542144,-47.92613116
0.057526977,0.08024771582,2.201971453,-1.620990879,1,409.7583866,2.734280474,-44.84046332,41.63556176,380.9336196,50.42703743,-36.35880442
0.057526977,0.08411507561,4.622850774,-2.101998333,1,416.8412659,5.078301514,-27.73621747,0,549.7487827,405.9569828,-24.45117056
0.057526977,0.08798243541,5.940122948,-3.298238527,1,-160.0821183,6.79436811,-70.18653099,0,-156.767135,204.6623762,-29.04111567
0.057526977,0.09184979521,3.397480709,-3.164937947,2,-520.8165824,4.643243196,31.13411599,75.82144352,-448.7369318,41.13510075,-42.97054303
0.057526977,0.09571715501,2.190510665,-3.336915933,2,-167.274492,3.991659419,-122.4497451,0,-162.0169523,174.2876864,-56.71719666
0.057526977,0.09958451481,2.123992216,-4.31252836,2,-64.89212904,4.807207484,-126.3434033,0,190.8177629,586.57607,-63.77898393
0.057526977,0.1034518746,2.677510399,-6.094032043,1,-58.61300463,6.656296905,750.0591391,0,80.9337607,365.6490273,-66.28094686
0.057526977,0.1073192344,2.210314611,-2.825876148,2,-35.73852365,3.587626887,1220.989657,0,83.30194843,-291.1825297,-51.96856064
0.057526977,0.1111865942,2.861455276,-0.2459181205,2,351.5141142,2.872003137,1209.170252,0,550.486521,-461.0498042,-4.912022868
0.057526977,0.115053954,5.698675605,3.633465752,1,-465.3990736,6.75847446,782.464557,0,-98.71493663,-78.82719723,32.5215142
0.057526977,0.1189213138,0.6798234311,3.085006984,1,-967.2865036,3.159023265,-342.9472393,221.4101442,-479.9645404,198.0386999,77.57270871
0.057526977,0.1227886736,NaN,NaN,0,-146.3829992,1.544625859,-456.317809,0,-152.6263312,342.0193437,86.22725955
0.0613943368,0.01450259924,NaN,NaN,0,-17.31651416,0.410929504,-17.70125869,0,28.24724735,-6.553433922,-69.13384207
0.0613943368,0.01836995904,NaN,NaN,0,-13.28299626,0.4387667092,-16.34912361,0,27.76501418,-1.676894347,-67.55720596
0.0613943368,0.02223731884,NaN,NaN,0,-10.00719949,0.4849648427,-14.10154178,0,27.88622588,6.505702252,-65.33592155
0.0613943368,0.02610467864,NaN,NaN,0,-12.02700605,0.5398623237,-19.95505259,0,33.6247342,12.9065231,-64.00135833
0.0613943368,0.02997203844,NaN,NaN,0,-3.71895957,0.6357250453,-18.06466126,0,26.46914089,28.60232379,-63.27402812
0.0613943368,0.03383939824,NaN,NaN,0,-8.56447645,0.7406441653,-4.863885433,1.192100695,5.714644797,45.63728247,-64.00390176
0.0613943368,0.03770675803,0.2748794306,-0.7631152138,1,-7.140364,0.8111125267,14.19271607,0,1.971178053,71.56524653,-70.19062559
0.0613943368,0.04157411783,0.3046405972,-0.8875888925,1,-4.898166941,0.9384135206,93.396143,0,31.80365002,102.3298127,-71.05661933
0.0613943368,0.04544147763,0.3789326143,-0.7976649288,1,43.18822171,0.8830964075,112.8687903,0,33.99178522,111.5324725,-64.58983377
0.0613943368,0.04930883743,0.6031234532,-0.8824208708,1,95.03421279,1.068842595,77.65953381,0,62.61773775,152.4772377,-55.64788965
0.0613943368,0.05317619723,0.9886294299,-1.087011909,1,124.6636911,1.469347828,73.32321218,18.41198534,78.10833355,225.4798512,-47.71370833
0.0613943368,0.05704355703,1.387315829,-1.470865339,1,85.53020903,2.021902584,95.17035063,0,65.57958894,241.7443292,-46.67437655
0.0613943368,0.06091091682,1.573025388,-1.653866221,1,2.434637677,2.282472858,194.1509925,0,3.399111403,208.9482267,-46.43508692
0.0613943368,0.06477827662,1.409877036,-1.528091568,1,-38.58944227,2.079138547,229.0047292,0,-13.90524973,178.7881545,-47.30415738
0.0613943368,0.06864563642,1.370009526,-1.459660659,1,19.10561372,2.001882949,136.0261618,0,-3.111228311,206.8127907,-46.81466869
0.0613943368,0.07251299622,1.471733079,-1.801848931,1,23.32130141,2.326511944,84.81422627,0,2.045328277,298.7762113,-50.75837697
0.0613943368,0.07638035602,1.46811141,-2.287128639,1,56.0270583,2.717776393,129.8668478,0,81.85323556,186.89636,-57.3035318
0.0613943368,0.08024771582,2.004965785,-2.022402574,1,375.6127443,2.847806168,111.3748601,63.5309472,283.3658622,53.58339321,-45.24806477
0.0613943368,0.08411507561,4.016618781,-2.063628243,1,349.3194567,4.515726736,-19.60109335,81.16840222,206.5465459,169.9597865,-27.19285192
0.0613943368,0.08798243541,4.154699616,-2.7555027,2,-214.3895204,4.98541112,-382.2695533,0,-82.25436501,-173.0075524,-33.55335198
0.0613943368,0.09184979521,2.869390144,-2.872919693,2,-381.7603035,4.060426992,-176.0959669,66.74138255,-247.6553419,-132.2858167,-45.03521723
0.0613943368,0.09571715501,1.720522853,-2.924932314,2,-184.5726309,3.393438953,-467.3005318,0,141.7854075,-327.1010186,-59.53482716
0.0613943368,0.09958451481,2.703916556,-3.415121654,2,201.6868725,4.355940846,-107.2615851,0,616.7914744,97.2510951,-51.62964164
0.0613943368,0.1034518746,4.885873107,-3.715856431,1,-338.3115816,6.138350352,250.7794338,0,530.9957947,-50.07972309,-37.25410272
0.0613943368,0.1073192344,3.449095736,-2.251591046,2,-328.7719488,4.118971186,579.182474,0,-103.262379,-249.5416424,-33.13675101
0.0613943368,0.1111865942,3.215040916,-0.5108820997,2,-74.55839023,3.255378413,586.9906466,0,-174.4932659,-276.1237849,-9.029024508
0.0613943368,0.115053954,2.485923374,1.086383008,2,176.8067597,2.712939929,-132.2813191,0,-1132.583515,-950.4746609,23.60599541
0.0613943368,0.1189213138,-0.4812916838,2.653365938,1,525.3091586,2.696663213,-325.5393903,0,-1273.726486,-240.4577315,100.2810473
0.0613943368,0.1227886736,NaN,NaN,0,466.6659124,0.8604758788,-612.7506269,0,-429.0092286,367.7758383,118.3404098
0.0652616966,0.01450259924,NaN,NaN,0,-20.46036304,0.2986334883,-28.4849439,0,39.53385273,-10.77186016,-72.68146771
0.0652616966,0.01836995904,NaN,NaN,0,-10.66355684,0.3432240031,-24.10706364,0,36.28482274,-4.018015254,-68.50209561
0.0652616966,0.02223731884,NaN,NaN,0,-4.888909655,0.4085979819,-6.8125829,0,28.09583363,8.333137775,-62.60817098
0.0652616966,0.02610467864,0.2155298629,-0.3779201941,1,-3.970825154,0.4350595303,11.31307231,0,35.91842863,47.25177161,-60.30366181
0.0652616966,0.02997203844,0.3115378455,-0.5017742679,1,12.60356467,0.5906210672,15.85213028,0,47.43381298,83.19103808,-58.16499126
0.0652616966,0.03383939824,0.4477160036,-0.638343979,1,32.56149418,0.7797003626,35.03838582,0,46.73866398,95.22570594,-54.95529101
0.0652616966,0.03770675803,0.6182200892,-0.7345402901,1,70.44010933,0.9600757868,80.91498534,0,86.25058597,95.68526642,-49.91462008
0.0652616966,0.04157411783,1.053695299,-0.6954659703,1,49.47527999,1.26251602,88.67409276,0,93.68744318,126.6634833,-33.4258366
0.0652616966,0.04544147763,1.171881849,-0.8814589317,1,34.82320491,1.466382255,125.4367364,0,-14.03151717,198.0621647,-36.9495296
0.0652616966,0.04930883743,1.134104237,-0.9763346322,1,59.55917862,1.496469757,142.9897611,0,26.26937258,243.5074207,-40.72470472
0.0652616966,0.05317619723,1.503811738,-1.270196888,1,113.0638063,1.968463837,85.74379684,11.27984832,62.49940917,243.2607786,-40.18615944
0.0652616966,0.05704355703,1.813070358,-1.585509475,1,99.22814204,2.408539894,102.9981309,0,87.1601691,216.3052455,-41.16932774
0.0652616966,0.06091091682,2.224642399,-1.708396268,1,65.84212895,2.804933442,152.3085092,0,84.11679265,152.7309686,-37.52217122
0.0652616966,0.06477827662,2.393015463,-1.587143278,1,37.25300543,2.871506014,194.6834335,0,0.1619964169,161.4251202,-33.5539243
0.0652616966,0.06864563642,2.369339673,-1.579774404,1,110.1733838,2.84771095,211.6135036,0,-30.61393785,246.8568529,-33.69366046
0.0652616966,0.07251299622,2.700700466,-1.72344199,1,91.94995956,3.203753314,278.9689123,0,16.82138326,292.908941,-32.54383231
0.0652616966,0.07638035602,2.789997592,-1.633685511,1,-90.16772773,3.233112264,173.9567417,0,126.1674566,239.7123957,-30.35114345
0.0652616966,0.08024771582,2.83992437,-1.977742763,1,385.048563,3.460727794,-77.06966858,84.24913269,239.2389285,186.7969202,-34.85361718
0.0652616966,0.08411507561,5.204341939,-2.654152548,1,289.8007924,5.842063058,-173.0886003,65.94881112,-43.44610285,36.22256244,-27.0210413
0.0652616966,0.08798243541,3.792666593,-2.787224339,2,-344.1690306,4.706690918,-69.82612015,0,-431.4206994,-71.85508539,-36.31210409
0.0652616966,0.09184979521,2.204857397,-2.64630581,2,-607.2624804,3.444463758,114.0521016,0,-601.4154784,-70.16979668,-50.19950774
0.0652616966,0.09571715501,-0.8817259543,-2.074771975,1,-64.95938104,2.254355653,79.22203675,0,34.03923044,94.95982789,-113.0242725
0.0652616966,0.09958451481,2.08527805,-2.707169511,2,455.9918969,3.417184704,-38.27146115,0,665.034998,131.6986742,-52.39366515
0.0652616966,0.1034518746,3.453688392,-2.732107644,2,30.46974832,4.403677518,-100.0689153,0,331.5023292,-294.8839949,-38.34644724
0.0652616966,0.1073192344,3.48515431,-1.953749504,2,72.05263468,3.995427097,210.0597805,0,85.67794105,-332.8701541,-29.27463978
0.0652616966,0.1111865942,4.063689279,-0.6324022411,1,-76.41195909,4.112602966,-38.39315547,0,-433.9842174,-173.7133671,-8.845569947
0.0652616966,0.115053954,1.511268656,-1.430417557,2,-282.2671818,2.080871774,-610.426682,0,-1158.710812,227.3823327,-43.42564417
0.0652616966,0.1189213138,-1.509091084,-3.872511143,1,468.6908871,4.156163911,-64.75787917,0,-1078.16074,62.51292621,-111.2905221
0.0652616966,0.1227886736,NaN,NaN,0,612.3908912,2.100427044,476.877538,0,-269.3555551,-531.5063166,-113.7449489
0.0691290564,0.01450259924,-0.00545279032,-0.1519594828,1,-24.22094859,0.1520572831,-32.00327688,0,57.41513209,5.236220288,-92.05507335
0.0691290564,0.01836995904,0.05873413509,-0.2239687499,1,-6.691356847,0.2315420039,-36.05764104,0,61.9507337,5.624060704,-75.30549711
0.0691290564,0.02223731884,0.2082551022,-0.3131576204,1,23.54635941,0.376082282,-19.25830093,0,81.0225898,8.40806889,-56.37542345
0.0691290564,0.02610467864,0.4631398854,-0.3309645563,1,41.07443066,0.5692416806,30.32706299,0,78.04591097,61.34313366,-35.54999234
0.0691290564,0.02997203844,0.6689363226,-0.4331079252,1,35.98292599,0.7969054389,35.42588065,0,58.46650317,107.8049497,-32.92134636
0.0691290564,0.03383939824,0.8284098107,-0.6108804581,1,24.65447486,1.029289924,43.70555724,0,50.05277689,113.2264968,-36.40555897
0.0691290564,0.03770675803,0.9578561447,-0.7019704121,1,4.52227241,1.187539832,73.43224672,0,75.38202592,100.7697838,-36.23604061
0.0691290564,0.04157411783,1.137428482,-0.71660455,1,99.62851775,1.344345801,10.08295177,18.98816204,74.17561462,83.68182019,-32.21181504
0.0691290564,0.04544147763,1.630019259,-0.986603717,1,121.1025716,1.905347653,40.05628958,0,127.2370411,116.221941,-31.185312
0.0691290564,0.04930883743,2.097847116,-1.011164528,1,73.36424601,2.328822927,84.6620602,0,89.79337889,161.1894392,-25.73411588
0.0691290564,0.05317619723,2.261008498,-1.282562626,1,50.07624701,2.59944731,53.18997643,0,85.50197224,184.1247823,-29.56418124
0.0691290564,0.05704355703,2.622176871,-1.517536533,1,21.68412119,3.029641674,93.51322992,0,105.4605791,171.2481476,-30.05932146
0.0691290564,0.06091091682,2.752722801,-1.583191522,1,-28.55630296,3.175528021,121.393624,0,71.19522935,161.2138942,-29.90478166
0.0691290564,0.06477827662,2.787076941,-1.671535845,1,70.88593582,3.249896914,89.00315613,0,30.05025096,197.8485668,-30.95301819
0.0691290564,0.06864563642,3.143079352,-2.004135887,1,207.5850362,3.727667966,59.64467792,57.00113438,24.17864882,168.4688742,-32.52299042
0.0691290564,0.07251299622,3.683390499,-2.092398167,1,97.90416064,4.236212419,262.6600333,0,-117.3387501,119.4995124,-29.59930776
0.0691290564,0.07638035602,3.067918802,-1.450482644,1,7.496905014,3.393527026,209.4283751,0,-331.7672128,337.1389455,-25.30433616
0.0691290564,0.08024771582,2.429320546,-2.586300893,1,221.3062622,3.54831659,-50.580002,53.00533057,-112.8628309,441.2106107,-46.7926744
0.0691290564,0.08411507561,3.487308568,-3.352413889,1,287.2774621,4.837354642,-205.0861818,57.88940732,17.18008331,-74.08326763,-43.8701451
0.0691290564,0.08798243541,3.606767418,-3.092936296,2,18.92319733,4.751318358,105.6839565,0,-134.81874,-24.14793991,-40.61430842
0.0691290564,0.09184979521,3.039098806,-2.850307232,2,-95.54433958,4.166578077,296.9252371,0,-218.0082357,154.485107,-43.1639477
0.0691290564,0.09571715501,2.394146794,-2.542069064,2,76.00569022,3.491998567,708.4080383,0,-69.24800542,645.4114526,-46.71645374
0.0691290564,0.09958451481,3.065233204,-2.606676769,2,114.1534811,4.023731896,301.0058385,0,135.190091,303.4845492,-40.3778658
0.0691290564,0.1034518746,3.3584481,-2.55165513,2,-19.94357887,4.217833276,115.6885202,0,-3.609794649,10.24715799,-37.22655574
0.0691290564,0.1073192344,2.974143834,-2.198897084,2,-67.35963667,3.698740317,-21.85180807,0,-181.8283036,-191.9710852,-36.47691871
0.0691290564,0.1111865942,2.394748678,-1.893742676,2,-20.87489898,3.053044801,-340.196367,0,-488.4107328,-313.2418622,-38.33658558
0.0691290564,0.115053954,1.004553056,-2.303139852,2,-226.9774128,2.512683828,-303.077984,0,-518.937773,68.00804259,-66.43477015
0.0691290564,0.1189213138,-0.4899737246,-3.328865857,2,-130.5394131,3.364732106,41.87996426,0,-289.4623438,132.2644395,-98.37320836
0.0691290564,0.1227886736,NaN,NaN,0,67.8008019,2.724122491,216.5086506,0,-134.9117694,-133.1752449,-103.1500818
0.07299641619,0.01450259924,-0.01461952417,0.03062128762,1,-31.46975297,0.0339321933,-15.02827254,0,43.21019517,28.67279145,115.5212135
0.07299641619,0.01836995904,0.008082732925,-0.0538825814,1,-15.22454253,0.0544854398,-23.45391926,0,56.76263299,20.79497941,-81.46887487
0.07299641619,0.02223731884,0.146023217,-0.1405051242,1,38.38999007,0.2026437017,-27.60309619,0,106.9207109,19.21323472,-43.89670828
0.07299641619,0.02610467864,0.5700514961,-0.2349381775,1,74.5849159,0.6165668297,-28.77998468,0,111.4437499,42.15136782,-22.3982736
0.07299641619,0.02997203844,0.8654630006,-0.4148221854,1,51.56800507,0.95974145,-1.621796496,0,73.73122998,77.29028959,-25.60871075
0.07299641619,0.03383939824,1.05462872,-0.5401196068,1,31.02381282,1.184892792,60.32430095,0,79.24754552,72.13544473,-27.11888985
0.07299641619,0.03770675803,1.291922019,-0.460500128,1,14.76931479,1.371540328,49.26222809,0,78.75409843,114.8837143,-19.61839378
0.07299641619,0.04157411783,1.416317409,-0.7939015046,1,61.2586201,1.623648546,11.98860865,0,63.98030316,114.7032832,-29.27234179
0.07299641619,0.04544147763,1.776265996,-0.857734731,1,70.35517389,1.972518633,9.024241667,0,102.5232413,39.76763399,-25.7752658
0.07299641619,0.04930883743,2.084900442,-0.9127972641,1,46.50001139,2.275963246,-15.05959002,0,120.3650679,56.1668139,-23.64444567
0.07299641619,0.05317619723,2.421593295,-1.133192862,1,50.96060147,2.673619298,108.1643605,0,143.5124922,198.3340172,-25.07740461
0.07299641619,0.05704355703,2.836997866,-1.261515769,1,73.09050791,3.104831546,173.2116892,0,158.5905627,222.1929967,-23.97307621
0.07299641619,0.06091091682,3.317587354,-1.322621202,1,50.49911506,3.571514062,143.6227048,0,121.5501519,268.657307,-21.7356667
0.07299641619,0.06477827662,3.502374284,-1.745069564,1,3.22652922,3.913041453,115.736474,0,-20.30549347,365.6360803,-26.48493266
0.07299641619,0.06864563642,3.251536854,-2.289072893,1,135.7206357,3.976474145,65.52674104,32.41250265,39.14663305,275.1773163,-35.14543885
0.07299641619,0.07251299622,4.17864893,-2.55586377,1,292.7304452,4.898320782,2.83888855,75.0909608,134.494666,172.6366478,-31.45197244
0.07299641619,0.07638035602,4.903770074,-2.945741921,1,224.9829942,5.720520641,144.7216805,0,-180.5122024,329.4035168,-30.99364347
0.07299641619,0.08024771582,4.350633482,-3.270094879,1,-8.913900451,5.442566693,260.195327,0,-192.535378,454.8951768,-36.92985946
0.07299641619,0.08411507561,4.124693233,-3.698716293,1,14.746711,5.540180185,183.7924617,0,-77.48661355,212.6764687,-41.88337877
0.07299641619,0.08798243541,4.107995705,-3.381799727,2,45.0724346,5.320920795,222.6234125,0,-90.0823711,72.96096459,-39.46202343
0.07299641619,0.09184979521,3.950623614,-3.119917758,2,130.1562346,5.034015669,259.556852,0,-66.55071895,66.84671205,-38.29913563
0.07299641619,0.09571715501,4.353981119,-2.636520279,2,24.38978092,5.090028562,613.8621742,0,97.77011205,486.0994593,-31.19668384
0.07299641619,0.09958451481,4.423059873,-2.625813371,2,-55.44008391,5.143768512,418.1982565,0,-51.41683392,426.580912,-30.69609803
0.07299641619,0.1034518746,3.940726971,-2.668939023,2,-157.0379082,4.759471039,283.6689656,0,-299.3032952,224.3591629,-34.10863546
0.07299641619,0.1073192344,2.658224249,-2.396441024,2,-300.6727035,3.57897831,-72.959166,0,-320.9706281,-132.0194826,-42.03527647
0.07299641619,0.1111865942,1.536608541,-2.440531529,2,-134.1211143,2.883983348,-267.1781855,0,-397.5221103,-225.0067039,-57.80464302
0.07299641619,0.115053954,0.6021686151,-2.559533317,2,-474.2281574,2.629413973,-303.5688513,97.24860959,-139.1672034,225.6272603,-76.7610607
0.07299641619,0.1189213138,-0.8356120176,-4.487123297,1,-559.5080462,4.564265869,64.92076377,140.539867,268.4415408,102.9437803,-100.5490368
0.07299641619,0.1227886736,NaN,NaN,0,-135.5591616,2.756742319,525.6445827,0,296.9725016,-395.1599908,-100.9466291
0.07686377599,0.01450259924,0.0473154736,0.1368547464,1,-12.21265659,0.1448032308,0.9628275427,0,12.79992256,43.58786993,70.92794186
0.07686377599,0.01836995904,0.048451058,0.05443155871,1,-3.279893405,0.07287180253,-14.70475118,0,36.50488988,33.12617787,48.32682325
0.07686377599,0.02223731884,0.1758084893,-0.04812466575,1,53.57866036,0.182276187,-10.07418426,0,67.02061183,52.72052703,-15.308764
0.07686377599,0.02610467864,0.514851835,-0.1884181833,1,100.1052746,0.5482461343,-14.22210882,0,103.0734216,63.16145777,-20.10089966
0.07686377599,0.02997203844,0.9615736108,-0.3473947602,1,92.22724375,1.022402528,8.492592798,0,121.310548,69.50676318,-19.86363964
0.07686377599,0.03383939824,1.340679306,-0.4243819329,1,66.5378043,1.406243587,29.46953843,0,96.64689678,57.16891926,-17.5647909
0.07686377599,0.03770675803,1.592667563,-0.4545182321,1,34.88824207,1.656253843,10.81962559,0,39.24820242,83.6592123,-15.92777861
0.07686377599,0.04157411783,1.627391611,-0.7060788223,1,8.866812898,1.773964701,-5.772433472,0,49.58325272,99.64315118,-23.45464718
0.07686377599,0.04544147763,1.818714997,-0.8621982263,1,94.28918489,2.012736948,16.98890223,18.06999617,68.46575981,22.01118018,-25.3642268
0.07686377599,0.04930883743,2.256823541,-0.7255017781,1,216.0533034,2.370570675,52.91569588,12.69341719,204.8108236,69.05925157,-17.82105673
0.07686377599,0.05317619723,3.446348003,-0.9246311646,1,195.3207467,3.568228881,128.7255743,0,294.5549345,248.0253819,-15.01837944
0.07686377599,0.05704355703,4.151349057,-1.186877058,1,78.73342235,4.317681802,191.0371115,0,154.192912,290.2728831,-15.95531418
0.07686377599,0.06091091682,4.347157944,-1.308411598,1,23.30061369,4.539793289,-20.08125276,0,105.3061812,128.771095,-16.75079231
0.07686377599,0.06477827662,4.648717805,-1.762542644,1,-9.065886372,4.971632911,137.6353772,0,38.42611865,414.1058274,-20.76402108
0.07686377599,0.06864563642,4.460704526,-2.377622302,1,-45.01860926,5.054796997,-0.3742714524,9.91665952,-29.11472371,243.1536813,-28.05828382
0.07686377599,0.07251299622,4.362017533,-2.704352858,1,24.07200294,5.132321243,-55.11517175,0,89.9145475,110.6455014,-31.79798287
0.07686377599,0.07638035602,4.901531529,-3.018678466,1,21.62681825,5.756512053,-140.9231552,0,193.7178414,12.17311351,-31.6274342
0.07686377599,0.08024771582,5.194832813,-3.296431213,1,-50.71490433,6.15245859,-102.272521,0,81.50206868,76.25621954,-32.39756298
0.07686377599,0.08411507561,5.020596571,-3.70911334,1,-127.0559336,6.242107953,9.863224448,36.42128696,12.00735231,92.39946678,-36.4562254
0.07686377599,0.08798243541,4.749898555,-3.615628559,1,-89.4181172,5.969447726,84.76899464,0,-96.54279178,59.41072722,-37.27843491
0.07686377599,0.09184979521,4.301418827,-3.611043796,1,323.4470109,5.616212356,152.9448957,66.62414759,167.3776703,-198.0303712,-40.01347979
0.07686377599,0.09571715501,6.648094195,-2.258280921,1,186.8834254,7.021181464,346.4449135,0,338.2498639,82.71812426,-18.76203174
0.07686377599,0.09958451481,6.332298199,-2.591117414,1,-268.625703,6.841921509,-49.52613298,73.20197835,-73.96422999,168.5982959,-22.25392047
0.07686377599,0.1034518746,5.323175661,-3.101846568,1,-663.1574841,6.160978108,-45.01435984,149.9452608,-410.1537066,-126.1345475,-30.22961323
0.07686377599,0.1073192344,2.181417649,-2.277396461,2,-844.172155,3.153588052,-286.4756361,197.2367589,-405.2288033,-335.4593042,-46.23313769
0.07686377599,0.1111865942,0.4912926232,-2.912409099,1,-470.4389059,2.953556365,875.5879153,0,88.19033177,547.1835415,-80.42495158
0.07686377599,0.115053954,0.7031248806,-1.007338588,1,-500.2309162,1.228460675,426.3215102,0,414.3651639,-293.9430462,-55.0848618
0.07686377599,0.1189213138,0.1592188648,-0.1268869097,1,-787.382465,0.2035950264,137.0778963,149.9735553,575.806891,129.9916623,-38.55252901
0.07686377599,0.1227886736,NaN,NaN,0,-407.1144228,0.9866716961,-150.4480631,0,265.2435509,290.7038891,-96.69989911
0.08073113579,0.01450259924,0.1576740522,0.1273539307,1,-15.78422309,0.2026823387,9.789719913,0,-24.73387627,23.94637564,38.92794198
0.08073113579,0.01836995904,0.07932501794,0.09997949006,1,14.1484152,0.1276258473,-20.19508818,0,25.48532056,35.62443817,51.57106196
0.08073113579,0.02223731884,0.3109519686,-0.08852026149,1,71.98186973,0.3233062997,-15.74834925,0,103.8467535,67.88461795,-15.89032988
0.08073113579,0.02610467864,0.7593175668,-0.2234592851,1,104.9732376,0.7915157733,21.97146816,0,116.4084415,77.26146793,-16.39860922
0.08073113579,0.02997203844,1.167114574,-0.3023465839,1,71.73429321,1.205640861,18.06138325,0,91.26405058,69.83252385,-14.52347545
0.08073113579,0.03383939824,1.389690809,-0.423676913,1,65.87699558,1.45283952,41.94815823,0,60.87384467,78.48264588,-16.95496188
0.08073113579,0.03770675803,1.657305678,-0.4436385926,1,45.7061875,1.715656525,146.0039311,0,55.04948574,201.01807,-14.98596377
0.08073113579,0.04157411783,1.779349249,-0.6364363821,1,5.671847848,1.889744697,154.624842,0,64.08831994,287.522902,-19.68107809
0.08073113579,0.04544147763,1.927093347,-0.957603207,1,71.65864933,2.151904428,125.9941851,0,129.3239956,208.696497,-26.42350932
0.08073113579,0.04930883743,2.55662145,-0.9562759786,1,247.9767257,2.729611142,98.93652398,0,256.6392274,45.10531503,-20.50775411
0.08073113579,0.05317619723,3.878624797,-0.7494185536,1,227.906479,3.950361817,-68.97252407,0,325.9016618,-65.50483689,-10.93579286
0.08073113579,0.05704355703,4.69839679,-0.9696867725,1,-144.3828087,4.797418559,-154.8404535,0,108.0027653,-88.63052571,-11.66135505
0.08073113579,0.06091091682,3.73793008,-1.005476167,2,-24.33791476,3.870801416,-603.6240174,0,266.8183917,-450.6219305,-15.05577268
0.08073113579,0.06477827662,5.636156038,-1.561400893,1,18.30189452,5.848438051,-292.1459961,0,98.70870886,23.85529225,-15.4844845
0.08073113579,0.06864563642,4.190452184,-2.227566845,1,-218.93864,4.74572898,-151.0316931,34.94262858,-102.4049662,40.26834259,-27.99428517
0.08073113579,0.07251299622,4.393404694,-2.30122696,1,-86.79539397,4.959601832,8.04345371,0,142.4910537,21.65407534,-27.64515401
0.08073113579,0.07638035602,4.405847339,-2.280204016,1,-203.6833794,4.960929462,-101.5830122,16.86527171,166.60754,16.72439565,-27.36339081
0.08073113579,0.08024771582,4.250019084,-2.758764273,1,-125.3499735,5.066896735,-389.3255046,0,154.913428,-161.5979176,-32.9883315
0.08073113579,0.08411507561,4.520179854,-3.160908531,1,-103.5383965,5.51573827,-251.334356,0,210.9945173,-83.10870139,-34.96464064
0.08073113579,0.08798243541,4.665590565,-3.409353407,1,-210.2524602,5.778531472,-167.5815482,36.30723357,17.89435701,-22.11136966,-36.15725182
0.08073113579,0.09184979521,3.776261859,-3.723494052,1,15.93211144,5.303259524,78.92861584,0,332.6567201,-272.2726372,-44.59687718
0.08073113579,0.09571715501,6.013708998,-2.051131799,1,41.38002772,6.353883661,-215.6194354,0,244.9375036,-694.1129637,-18.83327697
0.08073113579,0.09958451481,4.883554769,-1.872987416,2,-538.7106444,5.230410026,-266.624982,126.1409525,-168.4582185,-359.8796655,-20.98329331
0.08073113579,0.1034518746,3.278832567,-1.690482386,2,-859.0119894,3.688966481,-193.0846495,221.1243813,-338.3363172,-496.6763309,-27.27447656
0.08073113579,0.1073192344,0.2529780636,-0.6988891521,1,428.4803744,0.7432657315,-387.801453,0,543.796658,-752.4872299,-70.10117986
0.08073113579,0.1111865942,7.038977675,-0.2801112732,1,-172.1089501,7.044548888,186.2786777,0,394.7791298,-247.2025692,-2.278843713
0.08073113579,0.115053954,1.114123765,0.9775387952,1,-951.1893574,1.482178755,-61.66843825,139.1113748,-817.9079015,-337.0324448,41.26390618
0.08073113579,0.1189213138,0.1972420568,0.7848204158,1,-107.6679751,0.8092264912,-73.3761016,0,-175.5211684,206.8850212,75.89252911
0.08073113579,0.1227886736,0.01892945627,-0.1063318043,1,-164.4042755,0.1080035968,-177.7188284,0,72.19015018,283.1393625,-79.90580923
0.08459849559,0.01450259924,0.1777850933,0.1022432174,1,-5.311694341,0.20508831,-9.868666204,0,-30.71453081,-7.81674091,29.9029679
0.08459849559,0.01836995904,0.1081219059,0.09827545075,1,33.96120711,0.1461109536,3.424907019,8.319015053,17.66396251,10.44129912,42.2687009
0.08459849559,0.02223731884,0.3774381989,0.07510830471,1,82.72662302,0.3848387343,-22.38268385,0,121.6762353,40.31372888,11.25455282
0.08459849559,0.02610467864,0.8986213027,-0.1441941353,1,101.2789564,0.9101165828,-42.61733033,0,137.6573782,47.10136264,-9.116057866
0.08459849559,0.02997203844,1.301490974,-0.2718661617,1,102.688076,1.329582628,-25.19932845,0,132.0475837,52.25319677,-11.79875694
0.08459849559,0.03383939824,1.806428556,-0.4437309176,1,185.6364156,1.860129366,15.87380562,0,236.6763795,53.75964559,-13.80088266
0.08459849559,0.03770675803,2.9347265,-0.4183843361,1,179.6368528,2.964399616,53.74575219,0,216.2165316,63.16571591,-8.113603237
0.08459849559,0.04157411783,3.337336021,-0.4801613066,1,-10.82878211,3.371700846,171.2983306,0,56.94752859,228.3918672,-8.187281828
0.08459849559,0.04544147763,3.113084286,-0.6391855844,1,-128.9358529,3.178026429,219.9008021,0,-6.415107411,274.6770504,-11.60284605
0.08459849559,0.04930883743,2.813885159,-0.6920007674,1,-60.04773533,2.897725789,65.95594722,0,11.74381931,41.7696663,-13.81621183
0.08459849559,0.05317619723,2.926275663,-0.5456485339,1,21.69957517,2.976713218,-56.30958791,0,80.66328775,-180.7328525,-10.56236769
0.08459849559,0.05704355703,3.20975918,-0.210811236,1,-473.3527107,3.216674582,-437.7338947,0,-213.4895418,-531.6592467,-3.757687327
0.08459849559,0.06091091682,0.2700095478,-0.1824054035,1,-85.29116082,0.3258479509,-292.5312169,0,189.0782311,28.29989039,-34.04105944
0.08459849559,0.06477827662,3.611141123,-1.451580562,1,336.3709986,3.891969468,-527.571703,0,636.4718311,-76.47862018,-21.89878623
0.08459849559,0.06864563642,4.032342797,-1.926944657,1,-50.98757833,4.46910552,-51.48472059,0,274.8424782,43.16359887,-25.54184033
0.08459849559,0.07251299622,4.476868563,-1.817619668,1,-68.20762284,4.831779526,145.3468687,0,208.0989073,57.35029617,-22.09727366
0.08459849559,0.07638035602,4.573352727,-1.586630251,1,-315.7228293,4.840759312,9.428279248,90.01688307,-49.55346233,111.5475941,-19.13316075
0.08459849559,0.08024771582,3.064213718,-2.212551801,1,-278.6736545,3.779522613,-91.87001604,73.99397299,59.876378,142.4167301,-35.8316134
0.08459849559,0.08411507561,3.727184936,-2.492701394,1,-70.2046144,4.483912107,-138.4153259,0,316.3865376,-3.762499193,-33.77418198
0.08459849559,0.08798243541,4.01628779,-2.73330273,1,-266.353488,4.858138679,-50.40699744,40.17119147,221.491615,-77.95695967,-34.23742145
0.08459849559,0.09184979521,3.553687932,-2.386155777,1,-457.1826736,4.280471623,196.7912237,99.34857518,227.9678735,-129.5947019,-33.87974184
0.08459849559,0.09571715501,3.129831687,-1.471050922,1,-154.7939432,3.458299757,-69.28855821,0,246.7666063,-386.5431648,-25.17397479
0.08459849559,0.09958451481,3.909379312,-1.159218066,2,-277.006785,4.077625918,60.48037791,64.08967504,154.3882708,-38.51338957,-16.51626357
0.08459849559,0.1034518746,2.655621775,-1.088206406,2,-1054.550496,2.869933831,221.3037924,255,-532.5447298,395.119747,-22.28257334
0.08459849559,0.1073192344,-2.228488961,-1.831426902,1,-479.5090616,2.884490864,636.5495772,0,-141.0548077,541.3535013,-140.5857954
0.08459849559,0.1111865942,0.2556780145,-0.720048929,1,193.8015009,0.7640953522,-311.5566686,0,165.5377247,-657.9262147,-70.45085225
0.08459849559,0.115053954,-0.8387948862,-0.4918912435,1,280.9292644,0.9723856522,-89.20043956,58.66449591,-172.3622056,-174.7237227,-149.611526
0.08459849559,0.1189213138,0.6755458933,-0.3892996219,1,355.2913031,0.7796899702,83.97006195,98.04870898,-62.74545984,-26.42914169,-29.95373477
0.08459849559,0.1227886736,0.292585147,-0.06493780164,1,-110.0788658,0.299704832,139.0056432,0,-87.96877716,-28.73764275,-12.51366898
0.08846585539,0.01450259924,0.08927821974,0.02911202214,1,32.60320284,0.09390479409,-8.488221936,0,-10.0180757,-12.54274996,18.06021622
0.08846585539,0.01836995904,0.1329506261,0.03695218147,1,48.22694659,0.1379903355,8.793552498,11.25395974,27.02324131,0.2606301234,15.53269325
0.08846585539,0.02223731884,0.3802977713,0.06211190309,1,80.42540903,0.3853365845,4.097129405,0,86.02104036,35.05443023,9.275899342
0.08846585539,0.02610467864,0.7766589331,-0.08277083922,1,95.54656422,0.7810570467,-4.156847393,0,134.9579381,60.72325696,-6.083219345
0.08846585539,0.02997203844,1.271741617,-0.1888028042,1,89.17948199,1.285680069,62.01369,0,138.9682807,99.12328847,-8.444454217
0.08846585539,0.03383939824,1.658988419,-0.2262870085,1,59.66023019,1.674350138,-36.19101091,0,156.9482098,-6.87669444,-7.767244961
0.08846585539,0.03770675803,2.10944439,-0.3021718132,1,188.3168214,2.130977109,-139.7047473,0,242.4955985,-101.4269552,-8.151997778
0.08846585539,0.04157411783,3.325095052,-0.3743210028,1,199.5477699,3.346098223,-45.30090644,0,247.8787822,1.656086922,-6.423003412
0.08846585539,0.04544147763,3.83980385,-0.4837714016,1,-68.6788466,3.870158702,12.46730623,18.41219294,-22.30309281,91.15437424,-7.180779116
0.08846585539,0.04930883743,2.973235157,-0.6786322063,1,-125.2773729,3.049699816,41.41377189,17.40374,-101.7269669,51.13959579,-12.85733855
0.08846585539,0.05317619723,2.961896393,-0.521384662,1,-279.278541,3.007436152,121.8279165,17.33618244,-244.0320731,-62.77601053,-9.983534784
0.08846585539,0.05704355703,0.9494047262,0.03529759992,1,-27.76408218,0.9500606584,30.94406087,0,-35.80484734,-118.2516907,2.129199902
0.08846585539,0.06091091682,2.71605247,0.05560898958,1,307.0195356,2.716621685,441.8887166,0,300.8037594,554.6531399,1.172921123
0.08846585539,0.06477827662,3.300076102,-0.4008029973,1,-21.92183025,3.324326296,1.479451295,0,394.8426384,266.020075,-6.924808627
0.08846585539,0.06864563642,4.158271412,-0.9674647836,1,-10.28582671,4.269333583,104.0791655,0,495.6897086,319.1735037,-13.09744741
0.08846585539,0.07251299622,5.177307561,-1.232650194,1,-105.2093116,5.322024058,123.9805651,0,290.2019664,197.2518763,-13.39205702
0.08846585539,0.07638035602,4.873704568,-1.250831307,1,-231.7566684,5.031657299,115.689095,56.68480764,42.53037821,171.7530004,-14.39422792
0.08846585539,0.08024771582,4.445501413,-1.449469488,2,-316.398791,4.675836247,309.5854253,0,82.80854709,416.8912273,-18.05871818
0.08846585539,0.08411507561,3.970327049,-1.665821452,1,-252.1118517,4.305630963,306.4245537,0,180.6573013,325.3551378,-22.76135328
0.08846585539,0.08798243541,4.169160958,-1.522680868,1,-285.7618986,4.438520037,310.4264035,0,302.7781423,157.3371869,-20.06344587
0.08846585539,0.09184979521,4.036134986,-1.07377037,1,-268.5180358,4.176525881,249.0541041,0,289.6391014,-15.86259546,-14.89785082
0.08846585539,0.09571715501,4.250843718,-0.4981526738,1,-100.0796784,4.279933224,201.4998331,0,341.1676762,-23.23820383,-6.683956191
0.08846585539,0.09958451481,4.968509017,-0.2046275204,1,-232.5542576,4.972721013,145.9716628,0,597.640657,-67.7282377,-2.358387816
0.08846585539,0.1034518746,5.662764182,0.3283017303,1,-380.2554589,5.672272931,334.2711761,0,338.8432425,123.6202964,3.318038775
0.08846585539,0.1073192344,4.808353076,0.6100352231,1,-760.5147872,4.846896149,788.8325992,0,146.8853969,974.4163651,7.230480473
0.08846585539,0.1111865942,3.289638547,-0.389417465,1,-832.9589234,3.312607392,249.5589419,200.6008752,-386.1981376,607.8234189,-6.751083572
0.08846585539,0.115053954,0.09343407024,-0.7755024127,1,-537.8505317,0.7811106949,235.9547673,126.5237482,-204.2229236,350.3637475,-83.13000444
0.08846585539,0.1189213138,0.4197734986,-0.8318781553,1,-368.2704056,0.9317891689,825.9524946,0,459.2734248,630.8120588,-63.22406137
0.08846585539,0.1227886736,0.4453754883,-0.02082413625,1,3.573762279,0.4458620529,252.6450902,0,9.666272795,-166.790422,-2.676992401
0.09233321519,0.01450259924,0.09645075805,-0.0625886017,1,21.88467147,0.1149786145,31.30859652,0,2.259412408,-9.474624686,-32.98025187
0.09233321519,0.01836995904,0.1431376877,0.01627309336,1,57.99476449,0.1440597488,23.07943379,0,53.81293667,-18.12108396,6.486016603
0.09233321519,0.02223731884,0.5288513667,0.09674862435,1,124.4627137,0.5376281841,33.91691337,0,127.4523715,35.99824692,10.36711101
0.09233321519,0.02610467864,1.117383961,0.008223827671,1,168.8848388,1.117414224,42.21262311,0,192.0369146,87.7381487,0.4216832583
0.09233321519,0.02997203844,1.924665646,-0.07931496312,1,49.9435096,1.926299227,27.57813371,0,85.15803521,47.15405316,-2.359808708
0.09233321519,0.03383939824,1.639870244,-0.06748329623,1,2.389683783,1.64125818,111.4280981,0,17.65443045,144.9239597,-2.356483816
0.09233321519,0.03770675803,2.002183448,-0.2088555117,1,185.8767671,2.013047238,224.5822736,0,209.399503,282.9592047,-5.955206745
0.09233321519,0.04157411783,3.168545801,-0.2932478928,1,187.2765038,3.182086865,118.7208149,0,203.5956256,183.6173748,-5.287643258
0.09233321519,0.04544147763,3.513826607,-0.4598338586,1,-2.91239052,3.543786761,-0.4816386036,0,3.759617457,79.07521601,-7.455594856
0.09233321519,0.04930883743,3.171822332,-0.600922874,1,-94.26374974,3.228244911,146.934018,0,1.390059269,133.877023,-10.72791784
0.09233321519,0.05317619723,3.154650631,-0.4093377611,1,-64.25371858,3.181096981,138.8040166,0,-13.24441597,45.9719232,-7.393215914
0.09233321519,0.05704355703,2.872109162,-0.2419077679,1,185.5492154,2.882278683,434.4212221,0,65.09848249,381.9581141,-4.814460971
0.09233321519,0.06091091682,4.123995461,-0.2064440465,1,269.2936616,4.129159443,298.7181945,0,189.3005647,194.744068,-2.86579051
0.09233321519,0.06477827662,4.645658037,0.1601975891,1,138.348196,4.648419287,310.0610261,0,261.2054464,248.9627975,1.974964615
0.09233321519,0.06864563642,5.669213155,0.02984478669,1,-58.8163457,5.669291711,180.0897261,0,336.4041607,296.0912363,0.3016229016
0.09233321519,0.07251299622,5.719189993,-0.2884219879,1,-275.2019601,5.726458017,33.63127558,0,279.2826706,177.3231918,-2.887012786
0.09233321519,0.07638035602,5.684994731,-0.5258635533,1,-238.753106,5.709264188,48.0581225,0,278.7210256,146.3813772,-5.284836489
0.09233321519,0.08024771582,5.873760318,-0.6686733906,1,-185.9207179,5.911698942,114.6564217,0,311.4610375,190.4610615,-6.494635677
0.09233321519,0.08411507561,6.170504316,-0.8190273696,1,-240.8957704,6.224622828,318.3068419,0,228.3646313,263.6269658,-7.560825072
0.09233321519,0.08798243541,5.825297895,-0.4572066358,1,-545.0016523,5.843212599,301.2595956,127.8535854,101.5515965,148.3216492,-4.487739318
0.09233321519,0.09184979521,4.455523398,-0.2275613037,1,-475.6878568,4.461330843,157.4928134,129.0442368,-43.02890434,-21.60042591,-2.923782866
0.09233321519,0.09571715501,3.819233546,0.2354113582,1,360.8016742,3.826481855,182.2060346,0,-423.7770946,-407.0863493,3.527156493
0.09233321519,0.09958451481,4.211974789,2.051444371,2,-786.0136087,4.684992597,15.84936218,0,943.0249377,-360.9957521,25.96842024
0.09233321519,0.1034518746,4.426452848,1.692807003,2,-259.4418138,4.739101219,-361.4803619,0,357.3521269,-264.8696767,20.9283383
0.09233321519,0.1073192344,4.590629197,1.677816091,1,-124.335418,4.887631662,-196.6148358,0,-96.73756296,-19.47299604,20.07670976
0.09233321519,0.1111865942,3.571484089,1.007735773,1,128.1876278,3.710933843,-181.8475188,0,-945.7788517,45.55551108,15.75703008
0.09233321519,0.115053954,1.428709767,0.7983667558,1,179.7388825,1.636643234,667.4277034,0,528.2103689,201.1213757,29.19657295
0.09233321519,0.1189213138,6.309378563,2.811110119,1,-474.2888484,6.90728586,300.2505684,72.97934163,266.3708451,517.3864624,24.01510867
0.09233321519,0.1227886736,0.6246160394,-0.0413758714,1,-1465.227588,0.6259849515,-837.5558021,0,-1474.639825,637.6035517,-3.789855296
0.09620057498,0.01450259924,0.1737180446,-0.0467859158,1,-7.629258088,0.1799079791,31.57521739,0,-3.536858775,-3.36617312,-15.07330796
0.09620057498,0.01836995904,0.1521263489,0.02077954867,1,63.98831419,0.1535389712,12.93402609,5.81688551,59.34306217,-18.21381316,7.778124331
0.09620057498,0.02223731884,0.6506848515,0.07367398553,1,157.4969752,0.6548424483,-12.58701581,23.65258457,133.9418962,-8.963618573,6.459820496
0.09620057498,0.02610467864,1.279225324,0.006766567847,1,118.821605,1.27924322,-26.73427213,0,116.4999239,5.920964435,0.3030679243
0.09620057498,0.02997203844,1.560757872,-0.05261556356,1,176.5260252,1.561644496,-62.94068977,0,178.0230235,-17.9437622,-1.930798199
0.09620057498,0.03383939824,2.650394061,-0.1672527409,1,332.3470935,2.655666048,-9.295001524,28.6422311,317.0706379,31.71110466,-3.610854034
0.09620057498,0.03770675803,4.072289899,-0.2112009301,1,235.7923716,4.077762972,23.19630461,0,241.0061801,60.41972155,-2.968867678
0.09620057498,0.04157411783,4.494345612,-0.3112090871,1,-8.201110618,4.505107499,-102.2043218,0,26.67976189,-38.39660057,-3.961099517
0.09620057498,0.04544147763,4.143753492,-0.4579683462,1,-94.38730171,4.16898405,-79.47686954,13.7426393,-18.12178626,-80.12448872,-6.306744135
0.09620057498,0.04930883743,4.059232488,-0.3087045108,1,-138.1386094,4.070954049,77.18606846,32.70820972,17.31663205,42.57459773,-4.348970997
0.09620057498,0.05317619723,3.676491434,-0.3241133357,1,16.62855698,3.690750428,52.06908683,0,-4.370875914,83.56970164,-5.038075242
0.09620057498,0.05704355703,4.106637351,-0.4305287221,1,150.8003414,4.129143412,150.0660182,0,94.31705168,131.8726662,-5.984871736
0.09620057498,0.06091091682,4.624448586,-0.2537530975,1,145.0370714,4.631405333,105.5587669,0,205.430711,-24.98479314,-3.140788688
0.09620057498,0.06477827662,5.462022364,0.07433019395,1,160.19661,5.462528103,149.6520754,0,195.4428981,-61.02090418,0.7796642433
0.09620057498,0.06864563642,5.999834523,0.5609951144,1,-40.69143946,6.026004465,118.3531985,0,178.0259651,-98.17984362,5.341725786
0.09620057498,0.07251299622,5.993144387,0.911741376,1,-294.4998862,6.062099635,13.19585116,62.91489942,197.7510783,-35.78646283,8.650123058
0.09620057498,0.07638035602,5.625672073,0.7504273464,1,-405.4174491,5.675502398,-9.251725515,75.292742,310.3541747,103.9150553,7.598023006
0.09620057498,0.08024771582,5.625500502,0.4740847175,1,-381.2955146,5.64544172,-116.3001253,0,535.1995786,39.21940663,4.817175069
0.09620057498,0.08411507561,6.220874463,0.1489773607,1,-442.4462184,6.22265806,-82.44389174,0,515.4554297,-212.684801,1.371855814
0.09620057498,0.08798243541,5.90785339,0.9777731742,1,-638.053519,5.98821944,73.75870855,172.8071287,209.0283425,-42.7290589,9.397492725
0.09620057498,0.09184979521,4.561679743,0.5994774695,2,-1025.811348,4.600901576,-577.0740653,220.0639273,372.4708539,589.1412527,7.486677229
0.09620057498,0.09571715501,3.381150629,-3.532401063,1,-66.91664628,4.889789039,407.6351767,0,-173.0341333,-1113.482454,-46.25328191
0.09620057498,0.09958451481,3.633703744,6.482186644,1,-1.041657921,7.431187428,613.4805105,0,-35.34166648,-1001.592099,60.72642288
0.09620057498,0.1034518746,3.240443223,2.71366582,2,8.903149699,4.226636306,-1197.576809,0,78.74319191,293.2130025,39.94403953
0.09620057498,0.1073192344,3.972663682,0.7167660584,2,-235.1078624,4.036806945,-846.843017,0,111.536503,1029.501169,10.22753352
0.09620057498,0.1111865942,2.762548316,-4.542832253,1,-369.1069217,5.316859794,138.4042523,71.94738482,234.5867716,175.795098,-58.69573665
0.09620057498,0.115053954,3.452425862,0.5721622048,2,-308.0792261,3.499516241,1445.846484,0,519.9348092,-254.3707085,9.409963103
0.09620057498,0.1189213138,3.581870081,2.032519368,2,-746.4080977,4.118364755,-264.4152357,190.2309031,-231.0902127,-101.6719479,29.57258854
0.09620057498,0.1227886736,-0.3279118067,-0.05722464389,1,-1302.390525,0.3328675605,-269.0153198,0,-719.5480023,811.6930294,-170.1008695
0.1000679348,0.01450259924,0.2055452818,-0.04676182112,1,-4.841779579,0.210797369,19.50497509,0,-37.99179922,-3.802943452,-12.81671908
0.1000679348,0.01836995904,0.1227188515,-0.001691767551,1,43.253054,0.122730512,-5.325518946,11.14580588,18.7949685,-18.8785584,-0.7898134609
0.1000679348,0.02223731884,0.4455073096,0.005652658794,1,126.712207,0.445543169,-48.17453632,11.93589725,109.6693576,-48.41677375,0.7269378226
0.1000679348,0.02610467864,1.036891412,-0.000754948259,1,148.3408414,1.036891686,-87.97547566,0,153.2470944,-67.50202735,-0.04171636573
0.1000679348,0.02997203844,1.611856368,-0.07352553213,1,71.10614877,1.613532447,-74.00342803,0,107.2248069,-41.47273399,-2.611761517
0.1000679348,0.03383939824,1.72656138,-0.1265628466,1,58.21920128,1.73119391,-149.8183785,0,126.3253911,-120.039327,-4.1924778
0.1000679348,0.03770675803,2.325556706,-0.1886918385,1,76.35392317,2.33319922,-266.7007312,0,155.9053215,-258.4811282,-4.63872336
0.1000679348,0.04157411783,2.624791446,-0.1583510087,1,29.78602284,2.629563685,-292.1707547,0,117.8687222,-298.3259018,-3.452411938
0.1000679348,0.04544147763,2.896590731,-0.1648876701,1,57.06613468,2.901280029,-161.3962947,0,204.1426809,-202.413809,-3.25803117
0.1000679348,0.04930883743,3.634979918,0.0002784770723,1,54.19202913,3.634979929,-84.23553821,0,148.1744271,-0.02758484452,0.004389449533
0.1000679348,0.05317619723,3.679214628,-0.4905501237,1,32.59137222,3.711773121,-25.47028309,0,52.08851148,93.63615465,-7.594462409
0.1000679348,0.05704355703,3.962467496,-0.460348972,1,35.9922037,3.989118929,36.8705926,0,159.5906795,-96.9855878,-6.626764168
0.1000679348,0.06091091682,4.435604008,0.02711988721,1,51.4775024,4.435686914,53.53564189,0,213.8092108,-142.1680626,0.3503098368
0.1000679348,0.06477827662,4.988426665,0.296507667,1,103.4859863,4.997230973,11.140543,0,235.6670372,-208.2814506,3.401608234
0.1000679348,0.06864563642,5.747230777,0.8757036843,1,29.05808164,5.813563326,17.42198506,0,137.3079505,-323.5811811,8.663503936
0.1000679348,0.07251299622,5.63182397,1.615289603,1,-87.55145398,5.858890827,48.22058353,0,166.1221394,-305.1417196,16.0036668
0.1000679348,0.07638035602,6.051091887,2.24228285,1,-281.1241555,6.45318103,171.4769156,0,266.601968,-154.4439583,20.33260935
0.1000679348,0.08024771582,5.575661446,2.875742888,1,-560.4247849,6.273587309,18.25547889,137.3125629,296.173082,-148.0699056,27.28319599
0.1000679348,0.08411507561,5.029135474,2.885522955,1,-354.6253926,5.798141629,-338.2541568,0,450.2046218,-323.5208013,29.84553271
0.1000679348,0.08798243541,5.945300715,2.818763701,1,-818.3750911,6.579667879,171.4147162,120.8463471,682.1209154,-421.903784,25.3663904
0.1000679348,0.09184979521,4.502191553,5.18009907,1,-827.2052713,6.86317384,-370.9158421,174.0563264,-428.3884172,403.1902671,49.00503961
0.1000679348,0.09571715501,1.089468161,-0.1749831451,1,-694.7553054,1.103431001,-250.3809083,174.8171501,231.6011087,592.9089181,-9.124539536
0.1000679348,0.09958451481,2.711007632,1.918793897,2,894.2279679,3.321344969,477.856881,0,-935.733168,-74.94576255,35.29005315
0.1000679348,0.1034518746,0.9289526188,1.962903575,1,560.1906313,2.1716223,167.8729745,151.1467829,108.4894229,-116.4607143,64.67394398
0.1000679348,0.1073192344,5.297033992,3.018414575,1,402.8926903,6.096670866,290.4746869,0,594.5974857,-66.23712442,29.67583443
0.1000679348,0.1111865942,4.786606025,3.342436493,1,-503.3502004,5.838105767,692.8299602,0,694.5766004,438.8633202,34.92619066
0.1000679348,0.115053954,6.036575283,4.000594948,1,-181.7766713,7.241892093,438.6345183,0,209.4393886,60.70399883,33.53346848
0.1000679348,0.1189213138,4.893587706,4.804029791,1,-478.3821558,6.857543501,-111.0159336,78.24318607,-378.3339138,351.291473,44.47088605
0.1000679348,0.1227886736,NaN,NaN,0,-813.0819023,3.508930346,-161.662479,0,-309.2557244,1178.447599,39.09344381
0.1039352946,0.01450259924,0.2344434505,-0.1749889691,1,-26.70266438,0.2925489203,32.93775919,0,-64.27567043,-19.3874996,-36.73771916
0.1039352946,0.01836995904,0.05852047325,-0.07380866793,1,17.40644842,0.09419323357,15.66585587,1.191155725,-6.368413761,-31.58915355,-51.5902543
0.1039352946,0.02223731884,0.277131502,0.007763154646,1,80.56620569,0.2772402135,-31.83342895,0,79.59924002,-57.57437019,1.604580152
0.1039352946,0.02610467864,0.6779378791,0.0257408134,1,106.5519466,0.6784263831,-80.86962601,0,109.8847303,-101.375897,2.174434981
0.1039352946,0.02997203844,1.114170005,0.08706828272,1,107.5816206,1.11756686,-133.4010875,0,132.5872256,-151.6040967,4.468373039
0.1039352946,0.03383939824,1.60675722,0.0961383995,1,77.00879331,1.609630813,-77.06427821,0,162.7032408,-79.49091224,3.4241422
0.1039352946,0.03770675803,2.041222689,0.09645294964,1,20.77917602,2.043500242,-2.363787788,0,135.3804245,14.88311961,2.7053586
0.1039352946,0.04157411783,2.210682581,0.02943840318,1,-6.828075401,2.21087858,-85.59255532,0,186.6784823,-89.30998191,0.7629302297
0.1039352946,0.04544147763,2.736768923,0.1108295758,1,86.70076251,2.739012109,-121.9797223,0,307.023683,-128.5270401,2.319011662
0.1039352946,0.04930883743,3.733356674,0.05475923699,1,97.54475353,3.733758244,-96.03091846,0,213.6092444,-3.06298227,0.8403290862
0.1039352946,0.05317619723,3.940113386,-0.2487108832,1,-93.57043222,3.947955242,-4.77883506,0,129.9762411,-2.894298022,-3.61187642
0.1039352946,0.05704355703,3.874151035,0.04747105421,1,-61.37535667,3.874441863,61.19736041,0,149.6944576,-99.83056073,0.7020260486
0.1039352946,0.06091091682,4.281675126,0.3740420254,1,12.91146661,4.297982005,5.660992509,0,200.5304034,-133.4651426,4.99261613
0.1039352946,0.06477827662,4.699607543,0.5855218762,1,-13.56501424,4.735942031,-4.460095483,0,151.677747,-161.0512355,7.101858575
0.1039352946,0.06864563642,4.815806756,0.9796363052,1,5.261230061,4.914436082,-2.903228877,0,72.29306721,-340.9288135,11.49827885
0.1039352946,0.07251299622,4.999537914,1.892788433,1,104.6546383,5.345842067,132.0465092,0,121.7887071,-356.4120595,20.73629867
0.1039352946,0.07638035602,5.691544647,2.868681337,1,-2.611137935,6.373618523,104.4194082,0,34.65457285,-385.3380845,26.74925078
0.1039352946,0.08024771582,5.123461406,3.786856871,1,-230.8176064,6.371039299,-84.01279316,0,-294.086245,-185.5971521,36.46887723
0.1039352946,0.08411507561,3.661552594,3.261544603,1,-5.568249869,4.903533481,331.837497,0,-42.09717992,-442.3015519,41.69319727
0.1039352946,0.08798243541,4.939122039,6.780731107,1,57.67642413,8.388876019,-348.3140551,0,207.3477825,-58.78866229,53.93019821
0.1039352946,0.09184979521,4.686496556,2.141845738,1,195.7569167,5.152742293,-905.861429,0,-256.080333,834.4934814,24.56158206
0.1039352946,0.09571715501,4.705829684,0.05015249192,1,-176.5171856,4.706096927,71.98597846,0,307.2030995,779.6463375,0.610608017
0.1039352946,0.09958451481,5.191906006,-0.5949314854,1,351.0515723,5.225880925,22.07095139,0,-678.5506463,-214.9440361,-6.536912378
0.1039352946,0.1034518746,3.439272931,0.966774726,2,73.68066039,3.572569337,506.870143,0,-164.7078748,-24.00597649,15.70059757
0.1039352946,0.1073192344,4.839871016,1.458157477,2,641.3802186,5.054757628,-347.7648099,126.224733,315.3294422,-121.048633,16.76651597
0.1039352946,0.1111865942,7.139213412,0.08998169797,1,295.0558954,7.139780448,-3.075439782,72.60109081,-154.4750907,-165.1958586,0.7221101619
0.1039352946,0.115053954,5.383547569,2.085135467,2,-59.2186597,5.77324643,18.12405339,0,-620.343498,-584.2145808,21.17219541
0.1039352946,0.1189213138,4.511102043,2.419441917,2,275.0577239,5.118958959,-119.5337329,0,-735.1094309,-69.40056306,28.20601943
0.1039352946,0.1227886736,NaN,NaN,0,-83.05713265,4.070412997,-25.99792649,0,-385.8622327,247.1545509,27.68654074
0.1078026544,0.01450259924,0.257949011,-0.1920701542,1,-74.04077509,0.3216032282,27.26287575,0,-27.73991825,-23.64133052,-36.67155835
0.1078026544,0.01836995904,0.06113773017,-0.09363771377,1,-35.06473179,0.1118295287,42.06500336,0,-5.84530444,-8.094076464,-56.85876523
0.1078026544,0.02223731884,0.09973518154,0.001913054618,1,28.07088186,0.09975352733,-0.6315870679,0,41.98845742,-27.98147041,1.098875183
0.1078026544,0.02610467864,0.3320824024,0.01213412554,1,56.79927027,0.3323040159,-72.83586932,0,49.19128055,-78.33499166,2.092628256
0.1078026544,0.02997203844,0.5096387768,0.02318013927,1,119.8422799,0.510165661,-89.60900114,0,84.17900829,-139.4399709,2.604215954
0.1078026544,0.03383939824,1.12110613,0.2048484145,1,240.870609,1.13966742,-103.21919,0,241.1984993,-163.0357821,10.35485061
0.1078026544,0.03770675803,2.373973466,0.2545124228,1,60.37430926,2.387577557,44.20930688,0,153.5375886,-55.38320036,6.119276518
0.1078026544,0.04157411783,1.948380405,0.5900084733,1,-197.1263564,2.035754455,-72.85109319,47.3421044,81.75500712,-184.7279123,16.84735988
0.1078026544,0.04544147763,1.927790948,0.6871803354,1,30.24530502,2.046605667,-192.0033307,0,306.772147,-155.5787782,19.61911692
0.1078026544,0.04930883743,3.25174815,0.4491416232,1,92.2974899,3.282620025,-264.6904903,0,352.9025957,-183.7062898,7.86411364
0.1078026544,0.05317619723,3.649539862,0.373985294,1,-91.39129357,3.668651824,-176.3956925,0,236.5318777,-152.294578,5.850941234
0.1078026544,0.05704355703,3.81305901,0.3559339422,1,-54.58887593,3.82963549,85.1693359,0,130.040742,-12.75910791,5.332880383
0.1078026544,0.06091091682,3.941339375,0.7527098207,1,-10.23567276,4.012571264,27.39553531,0,148.6442553,-122.4811162,10.81205021
0.1078026544,0.06477827662,4.348334798,0.9355608788,1,-24.57334381,4.447841012,-143.0280275,0,147.6984751,-241.8629215,12.14230421
0.1078026544,0.06864563642,4.417508558,1.134939916,1,11.03692278,4.560972536,-51.9632522,0,96.47489,-244.8577259,14.40871799
0.1078026544,0.07251299622,4.76412166,1.681553212,1,89.29148481,5.052175412,75.62074061,0,52.19256671,-247.9754361,19.4410883
0.1078026544,0.07638035602,4.964678291,2.386402761,1,60.21262725,5.508443399,-63.06962586,0,-119.9792096,-308.5877924,25.6724866
0.1078026544,0.08024771582,4.532982782,2.631060299,1,136.8545896,5.2412223,-58.92645303,0,-230.651671,-151.4571967,30.13198653
0.1078026544,0.08411507561,4.601931229,2.74425244,1,48.52464974,5.358049318,153.5595708,0,-90.43819263,-44.64707063,30.80873375
0.1078026544,0.08798243541,4.370888031,3.397596696,1,359.979022,5.536092981,-95.71283277,0,-457.1370904,-273.7230133,37.85878468
0.1078026544,0.09184979521,4.226186022,3.432681855,1,-323.9001532,5.444626067,-871.158179,0,327.0414982,-431.1009965,39.08492148
0.1078026544,0.09571715501,4.383036743,1.695737239,1,-788.6742284,4.699631461,-1270.373452,0,204.0148947,150.681343,21.15077553
0.1078026544,0.09958451481,1.965098018,-2.063048331,1,-530.0486314,2.849171571,-685.6866566,0,119.7752819,-516.3804799,-46.39295679
0.1078026544,0.1034518746,2.796362084,1.040969338,2,-131.4917233,2.983832782,346.2760265,0,524.2314193,-641.6091045,20.41820654
0.1078026544,0.1073192344,3.48396373,1.75745891,2,-16.69545091,3.902135965,-273.1993641,0,363.050162,-418.7687245,26.76831223
0.1078026544,0.1111865942,4.13584037,1.60393843,2,-295.3529565,4.435965966,-645.5649943,0,389.302272,-664.4575724,21.19700962
0.1078026544,0.115053954,3.847299536,1.830523307,2,-80.60582836,4.260578516,-566.6962581,0,87.60554816,-383.9906088,25.44484021
0.1078026544,0.1189213138,4.162910805,0.8973499467,2,498.1403144,4.258528302,-75.68371891,0,-567.6092323,128.3039494,12.16445118
0.1078026544,0.1227886736,NaN,NaN,0,49.95926858,3.72714956,-44.88346003,0,-352.1150546,-119.4974912,16.22862502
0.1116700142,0.01450259924,NaN,NaN,0,-61.31679876,0.2484826541,14.19470326,0,31.03722729,-3.967696556,0.9392288597
0.1116700142,0.01836995904,NaN,NaN,0,-46.5903296,0.1939006791,36.18853378,4.246844875,25.39376157,21.31680563,11.66161167
0.1116700142,0.02223731884,NaN,NaN,0,-39.25219855,0.1775014786,18.14522954,9.168438132,14.27585638,29.23170538,20.30200848
0.1116700142,0.02610467864,0.09330576861,-0.003682020209,1,-19.8805771,0.09337839006,-18.5471513,0,35.88133954,10.52742489,-2.259826119
0.1116700142,0.02997203844,0.2283552193,-0.05085442027,1,28.19505881,0.233949307,-0.2858172428,0,96.88967624,-26.42470648,-12.55482288
0.1116700142,0.03383939824,0.5770534443,0.09740646919,1,195.2119162,0.5852167956,-3.022591057,0,262.3751964,-134.2757761,9.58119367
0.1116700142,0.03770675803,1.998009223,0.4567488708,1,12.70928254,2.049551264,-79.23581384,0,152.1262847,-340.5423797,12.87666528
0.1116700142,0.04157411783,1.214531891,1.107972977,1,-161.3529173,1.643986566,-45.78103636,44.66587944,4.795108876,-232.8620256,42.37305293
0.1116700142,0.04544147763,1.392543848,1.180258368,1,15.2258652,1.825428219,-88.8802506,0,187.6808057,-77.15131076,40.28313072
0.1116700142,0.04930883743,1.999244992,1.062612946,1,44.80933541,2.264095142,-237.9914741,0,285.2365009,-196.4198671,27.99096243
0.1116700142,0.05317619723,2.668949847,1.019486006,1,118.0448426,2.857034302,-265.3491096,0,439.1679744,-187.4890847,20.90586708
0.1116700142,0.05704355703,4.15418744,0.7615002163,1,4.025328049,4.223405719,-187.8837641,0,317.8984624,-179.868442,10.38751256
0.1116700142,0.06091091682,3.913944973,0.9884878718,1,-233.5767974,4.036839546,-59.4218576,65.17531343,-10.28250966,-186.1901937,14.17396055
0.1116700142,0.06477827662,3.21109576,1.251758983,1,-146.7739258,3.446452746,-103.7572256,17.9510169,83.15126132,-186.9064048,21.29698061
0.1116700142,0.06864563642,3.667893238,1.310055665,1,39.44233623,3.894828193,-92.54495251,0,250.6482146,-221.1998002,19.65512346
0.1116700142,0.07251299622,4.332980294,1.749313569,1,4.840123226,4.672773929,-63.62839173,0,146.766782,-286.4571563,21.98494653
0.1116700142,0.07638035602,4.254211688,2.171814671,1,-29.25352329,4.776515053,-110.7243063,0,23.26800399,-270.0744565,27.04473472
0.1116700142,0.08024771582,4.309832137,2.365577934,1,-82.04694071,4.916361664,-97.54960852,0,37.7130078,-240.362962,28.76147478
0.1116700142,0.08411507561,4.082756419,2.724125293,1,-194.0753427,4.908131883,-67.22201853,52.45678532,-12.64228342,-391.7512156,33.7122879
0.1116700142,0.08798243541,3.5103807,3.620649104,1,-323.7695403,5.043002339,78.26511253,0,-822.3779287,-422.1139885,45.8859044
0.1116700142,0.09184979521,-0.3498082259,4.659271312,1,630.5227247,4.67238429,-143.4168695,0,-1441.102404,-212.8671946,94.2935907
0.1116700142,0.09571715501,0.375577434,3.889238499,1,-205.1648934,3.907330868,-1049.756419,0,436.0428461,-340.9783219,84.48414331
0.1116700142,0.09958451481,0.5430798868,1.918171393,2,-321.3194006,1.993568974,-622.7910364,0,818.1793579,-522.8400434,74.1919223
0.1116700142,0.1034518746,2.297113658,3.502692046,1,-446.0229609,4.188744768,-317.3037585,0,865.0947945,-578.1015777,56.74258602
0.1116700142,0.1073192344,2.163781449,2.926770394,2,-281.3173424,3.639771297,-445.7436789,0,223.3375146,-247.959588,53.52422882
0.1116700142,0.1111865942,2.072884803,2.737789805,2,-328.0952335,3.433998314,-522.5688323,0,209.9572599,-473.1550147,52.86925103
0.1116700142,0.115053954,1.706899399,2.735669383,2,-465.9920116,3.224498803,-1563.660372,0,1149.072651,-415.5942313,58.03822304
0.1116700142,0.1189213138,4.714603407,-1.702195035,1,-86.70131331,5.012479748,-899.7455563,0,412.9555219,-279.3266868,-19.85198216
0.1116700142,0.1227886736,NaN,NaN,0,-532.626703,2.987628278,143.6391306,0,-370.2950257,-910.5588392,6.462889225
0.115537374,0.01450259924,NaN,NaN,0,-42.7073429,0.340240037,19.57157145,0,35.48331499,9.407234943,29.027816
0.115537374,0.01836995904,NaN,NaN,0,-38.93304932,0.3384124094,28.1457624,0,35.17294131,16.81265369,33.08847794
0.115537374,0.02223731884,NaN,NaN,0,-36.51774294,0.35173212,33.26847987,0,41.05201639,22.14077105,36.44065286
0.115537374,0.02610467864,NaN,NaN,0,-38.44394593,0.3775284402,52.78544745,0,70.34703811,32.11976262,37.11091334
0.115537374,0.02997203844,NaN,NaN,0,-35.63948077,0.4985422775,66.48775351,0,110.3821283,5.255420317,35.40716076
0.115537374,0.03383939824,NaN,NaN,0,-30.61821905,0.7510611901,71.67038803,0,119.6196576,-58.86858883,38.21266333
0.115537374,0.03770675803,0.7505401566,0.7936881323,1,-22.81538277,1.092360462,-61.91547799,0,95.3825858,-260.4927313,46.60051066
0.115537374,0.04157411783,0.8707674287,1.23256267,1,60.93275643,1.509121152,27.95148891,0,77.44252646,-116.9632685,54.75997563
0.115537374,0.04544147763,1.285687163,1.354125639,1,72.01192261,1.867256739,-31.07543571,0,109.2372502,-68.93002252,46.48508928
0.115537374,0.04930883743,1.571723193,1.378959978,1,39.4651696,2.090895601,-104.8343477,0,118.928283,-172.5183384,41.26227342
0.115537374,0.05317619723,1.898251634,1.615883984,1,21.43772219,2.492877918,-176.819349,0,190.361997,-226.1642034,40.40604229
0.115537374,0.05704355703,2.390828912,1.569794284,1,-25.2876606,2.860125344,-370.6752625,0,307.9656697,-370.7748623,33.28850111
0.115537374,0.06091091682,2.991469202,1.616269172,1,-88.52976879,3.400178528,-217.5341105,0,304.026927,-283.4628147,28.38203193
0.115537374,0.06477827662,3.224233959,1.824764304,1,-128.0850394,3.70478736,-11.52623616,0,183.0774693,-98.27272079,29.50781373
0.115537374,0.06864563642,3.204144715,1.95174904,1,-141.2493517,3.751781932,30.66706802,0,189.3392468,-74.22887733,31.34695694
0.115537374,0.07251299622,3.410214886,2.230434666,1,-87.39597548,4.074850226,-75.89720029,0,161.8260169,-240.809026,33.18649987
0.115537374,0.07638035602,3.491992465,2.589522404,1,-154.5797498,4.34737135,-22.39415066,31.56958703,106.986145,-245.745607,36.55915791
0.115537374,0.08024771582,3.226153292,3.094215109,1,-256.1677008,4.470149014,-27.62443931,69.4197769,84.19614801,-249.066715,43.80411983
0.115537374,0.08411507561,2.826916595,3.445919359,1,-170.4776283,4.457108667,-431.1656566,0,122.62778,-11.00396111,50.63569555
0.115537374,0.08798243541,3.041100712,1.469298659,2,32.62895323,3.37744461,-1106.250801,0,-27.0978516,968.7972069,25.7873711
0.115537374,0.09184979521,2.848307355,-4.579037885,1,-314.6117457,5.392628556,694.7576565,0,-729.1327745,-5.001288848,-58.11707254
0.115537374,0.09571715501,-0.9954348851,4.175518273,1,-643.2787679,4.292533455,1057.688885,0,-730.7275816,-732.3802067,103.4089088
0.115537374,0.09958451481,-2.465469563,2.343803357,1,-254.9544798,3.401757538,401.4416759,0,340.0105352,-99.16216334,136.4491741
0.115537374,0.1034518746,-0.6664925158,6.111533436,1,345.5028407,6.147768149,-25.1378622,0,499.1646681,-378.1790918,96.22378875
0.115537374,0.1073192344,0.8011636031,3.709140816,2,228.1663169,3.794679,-409.6058489,0,17.86988332,217.8900528,77.81152638
0.115537374,0.1111865942,0.285017994,3.684781012,2,-269.7186232,3.695787651,564.6937166,0,-921.883398,-564.6086672,85.57697561
0.115537374,0.115053954,-3.807190149,8.076559455,1,80.11789265,8.928914237,-263.2948751,0,-256.4665689,-42.19356761,115.2386096
0.115537374,0.1189213138,-0.396985787,2.829702704,2,-72.05728516,2.85741406,-1839.727772,0,1214.923262,-183.0071184,97.98604103
0.115537374,0.1227886736,NaN,NaN,0,66.36838145,1.77830254,-778.671108,0,455.7809015,-178.6348235,69.84671326
0.1194047338,0.01450259924,NaN,NaN,0,-33.21615452,0.4731761827,20.87203084,0,34.89580246,10.87896554,40.36655538
0.1194047338,0.01836995904,NaN,NaN,0,-31.72278883,0.4883291717,26.09554861,0,36.95666532,11.84471903,41.8473368
0.1194047338,0.02223731884,NaN,NaN,0,-29.44177795,0.5250886364,33.99748008,0,44.41222976,10.39896251,43.51962349
0.1194047338,0.02610467864,NaN,NaN,0,-27.42765917,0.5930711812,45.28111981,0,59.76234452,5.903846299,44.68487875
0.1194047338,0.02997203844,NaN,NaN,0,-22.93305425,0.7210419859,54.78150275,0,75.91437843,-12.8042791,45.45242259
0.1194047338,0.03383939824,NaN,NaN,0,-14.41295859,0.92349797,60.64204878,0,77.84868807,-42.78749576,47.27605958
0.1194047338,0.03770675803,NaN,NaN,0,3.349286192,1.182944543,64.64620551,0,59.67270228,-62.93225368,50.58184061
0.1194047338,0.04157411783,NaN,NaN,0,34.9809293,1.459648667,50.81788849,0,30.86401332,-55.29045976,53.39939037
0.1194047338,0.04544147763,NaN,NaN,0,1.220666487,1.662880388,-19.0100964,0,13.34509796,-70.23449996,52.78223001
0.1194047338,0.04930883743,0.9266223644,1.369925397,1,-12.99514558,1.653881676,-31.21592595,0,40.06288775,-121.3432662,55.92544101
0.1194047338,0.05317619723,1.110467457,1.672776956,1,13.69083612,2.007814911,-18.47983092,0,79.42454217,-194.4100229,56.42193588
0.1194047338,0.05704355703,1.286733035,2.050310749,1,22.56763325,2.420631337,-52.54051917,0,201.3427845,-268.1576181,57.88846001
0.1194047338,0.06091091682,1.976409606,2.506645856,1,35.01466205,3.192094669,-189.9793649,0,352.7771987,-294.6568793,51.74535754
0.1194047338,0.06477827662,2.786463688,2.45513636,1,66.22568393,3.713768225,-220.6730536,0,327.5867674,-241.8541356,41.38308268
0.1194047338,0.06864563642,3.499424048,2.588560721,1,-84.71532221,4.352770988,-153.4919471,0,167.8986037,-220.2062784,36.49072176
0.1194047338,0.07251299622,3.108163366,2.713144683,1,-179.3433479,4.125752487,-77.97271358,35.10036843,106.3723048,-231.7787744,41.11800987
0.1194047338,0.07638035602,3.217218769,3.183384097,1,-135.1229068,4.525972925,-27.64586025,0,169.1524594,-278.1378669,44.69712761
0.1194047338,0.08024771582,3.23976789,3.681887399,1,-215.4087235,4.904323685,-37.89347446,61.23898112,-2.955069485,-212.2463415,48.65479268
0.1194047338,0.08411507561,2.372727415,3.857669366,1,-102.868728,4.528956648,-219.0175666,0,35.38866237,-143.4561101,58.40567436
0.1194047338,0.08798243541,2.978798197,3.38966406,1,-296.8045176,4.512544863,-200.2931628,0,282.583034,6.954173248,48.69136206
0.1194047338,0.09184979521,2.317727821,3.05616935,1,-1247.449442,3.835626852,-98.48574932,247.9670209,899.6320349,-140.2140655,52.82416535
0.1194047338,0.09571715501,1.63366314,3.551042472,1,0.7947838576,3.908805175,486.9533563,0,-157.3936862,186.2454098,65.29512478
0.1194047338,0.09958451481,1.712103522,4.219115173,1,-342.2114377,4.553266005,655.0532244,0,110.4457623,513.8935765,67.91284223
0.1194047338,0.1034518746,0.7373418843,4.09695762,2,242.8108642,4.162779696,-123.8228715,0,-317.7343393,420.6407579,79.79752295
0.1194047338,0.1073192344,1.422347486,2.113478421,2,596.3799098,2.547521032,-336.7693529,122.2906998,-250.9577342,666.84134,56.05988463
0.1194047338,0.1111865942,2.073213719,0.2156339728,2,1183.960039,2.084397548,658.7832189,0,-1415.870659,834.4850644,5.937955963
0.1194047338,0.115053954,0.5254656769,1.433976167,2,1128.239491,1.527220294,1785.514928,0,-2467.978791,994.4357464,69.87516471
0.1194047338,0.1189213138,-3.108040191,3.275021795,1,258.7220296,4.515050563,256.5656019,0,-584.2853099,150.9874899,133.5014779
0.1194047338,0.1227886736,NaN,NaN,0,754.5054268,1.982974727,-411.6006405,0,473.430762,329.3374448,111.7126321
0.1232720936,0.01450259924,NaN,NaN,0,-26.15562215,0.600222187,19.81662297,0,31.31013677,8.517292128,45.55461095
0.1232720936,0.01836995904,NaN,NaN,0,-24.88026154,0.6228538684,23.86518746,0,33.76559975,6.790028037,46.30744916
0.1232720936,0.02223731884,NaN,NaN,0,-22.09892087,0.6717789966,31.34477203,0,39.87789279,1.706513678,47.40639641
0.1232720936,0.02610467864,NaN,NaN,0,-18.89185855,0.7538050132,39.56004897,0,48.37573179,-6.099060836,48.54751867
0.1232720936,0.02997203844,NaN,NaN,0,-14.25211848,0.8796630593,46.7150889,0,55.66435287,-19.58888726,49.72360777
0.1232720936,0.03383939824,NaN,NaN,0,-7.449847233,1.053191082,51.47009882,0,56.18801396,-36.54486144,51.253006
0.1232720936,0.03770675803,NaN,NaN,0,1.812761128,1.263510556,52.87689357,0,48.42731761,-49.3217971,53.18323614
0.1232720936,0.04157411783,NaN,NaN,0,9.435881141,1.486145082,47.20122339,0,37.98085355,-53.51454943,54.95044515
0.1232720936,0.04544147763,NaN,NaN,0,-3.435086269,1.687445016,36.57952775,0,36.59763817,-58.45000838,56.12527764
0.1232720936,0.04930883743,NaN,NaN,0,-24.72853827,1.863685415,68.16684408,0,59.47673341,-53.12642126,58.21294632
0.1232720936,0.05317619723,NaN,NaN,0,-15.59941128,2.157022946,80.61273098,0,59.2601854,-94.4492414,60.10978993
0.1232720936,0.05704355703,NaN,NaN,0,-24.1197313,2.537077985,104.9506896,0,35.05135011,-147.1777408,63.03130984
0.1232720936,0.06091091682,1.117206475,2.845171232,1,22.31798645,3.056656613,-28.79626062,0,51.35011974,-177.310897,68.56167376
0.1232720936,0.06477827662,1.435474901,2.835541651,1,37.39737169,3.178188894,-180.0201044,0,128.5330769,-201.6179783,63.14947718
0.1232720936,0.06864563642,1.758919221,2.928697981,1,46.38106692,3.416294585,-207.5845284,0,154.4845295,-336.835043,59.01178906
0.1232720936,0.07251299622,2.212294434,3.335399895,1,-4.996505156,4.002391675,-133.5589331,0,147.3410449,-350.132199,56.44459373
0.1232720936,0.07638035602,2.309416771,3.766264723,1,-57.70180766,4.417935693,-153.9664616,0,69.71987484,-304.0559192,58.48400178
0.1232720936,0.08024771582,2.258772624,3.91584983,1,-141.4005923,4.520612088,-196.8612283,0,-87.26091,-252.2855282,60.02243918
0.1232720936,0.08411507561,1.42510047,3.980610432,1,-1.146259707,4.228022087,-141.1197616,0,10.09723778,-87.89196373,70.30209758
0.1232720936,0.08798243541,2.293389276,3.709998784,1,-24.78656441,4.361619579,-231.5775925,0,154.091528,-165.3536714,58.27711794
0.1232720936,0.09184979521,1.925169288,3.724498702,1,-233.6002565,4.192632511,-180.0844173,39.76805111,56.39349204,-142.267341,62.66585
0.1232720936,0.09571715501,1.608066959,3.563746543,1,-57.20575756,3.909753032,-38.21086383,0,90.84602379,-133.8556789,65.71370756
0.1232720936,0.09958451481,2.055268301,4.094391615,1,-163.8360403,4.581284807,63.00585606,23.49811106,-127.488784,-35.24124966,63.34464873
0.1232720936,0.1034518746,0.4814090457,3.94370345,2,-391.9887718,3.972977671,-949.5104343,0,397.7814668,-2.55681978,83.04032005
0.1232720936,0.1073192344,2.077670737,0.4321812755,2,730.5824194,2.12214428,-1472.43191,0,711.9041777,1194.349485,11.75066455
0.1232720936,0.1111865942,6.060023721,-6.369699709,1,733.6876394,8.791869078,-837.8996137,0,524.5890261,781.6786401,-46.42718038
0.1232720936,0.115053954,6.943879328,-5.831310554,1,-573.4937051,9.067615061,734.7691883,0,-688.5701626,-800.952862,-40.02276922
0.1232720936,0.1189213138,NaN,NaN,0,-468.8154666,1.255299793,1306.841371,0,-1250.532426,-351.5815919,-20.05694564
0.1232720936,0.1227886736,NaN,NaN,0,-33.92705843,0.6526515227,413.3961587,0,-423.5562336,-110.432906,63.17280224
0.1271394534,0.01450259924,NaN,NaN,0,-19.65860486,0.7074754918,17.47440174,0,25.9808536,5.121131681,48.35811126
0.1271394534,0.01836995904,NaN,NaN,0,-18.25508567,0.7334809975,21.02863893,0,28.20633277,2.266754605,48.88433104
0.1271394534,0.02223731884,NaN,NaN,0,-15.18178541,0.7875122774,27.95637162,0,32.95800986,-4.263875003,49.77357269
0.1271394534,0.02610467864,NaN,NaN,0,-11.7887357,0.8730854761,34.89921515,0,38.19833698,-12.41771606,50.86307391
0.1271394534,0.02997203844,NaN,NaN,0,-7.733713873,0.9939992448,41.04870505,0,42.1792873,-22.90734766,52.09125975
0.1271394534,0.03383939824,NaN,NaN,0,-2.947072996,1.150226191,45.64636404,0,42.81169731,-34.48126563,53.49360954
0.1271394534,0.03770675803,NaN,NaN,0,1.915724411,1.334988531,48.19004656,0,39.86770064,-44.29552385,55.04339428
0.1271394534,0.04157411783,NaN,NaN,0,4.384920402,1.536093344,48.53058375,0,36.03444513,-50.99593246,56.58723854
0.1271394534,0.04544147763,NaN,NaN,0,0.3316455609,1.742466174,49.96013995,0,35.58786774,-56.92456287,58.08373834
0.1271394534,0.04930883743,NaN,NaN,0,-4.773411325,1.960814255,62.16036766,0,39.87512371,-62.79384488,59.85203852
0.1271394534,0.05317619723,NaN,NaN,0,0.5710335842,2.228839071,71.53731026,0,35.27687066,-79.35869148,61.69152197
0.1271394534,0.05704355703,NaN,NaN,0,14.13751066,2.540983053,79.24237207,0,17.50225985,-90.54726345,63.76061503
0.1271394534,0.06091091682,NaN,NaN,0,63.15572554,2.872203699,74.6439339,0,-14.77489614,-61.99820436,65.75763853
0.1271394534,0.06477827662,NaN,NaN,0,36.31902752,3.098396468,23.99740847,5.595171732,19.18101013,-76.25500277,64.97769709
0.1271394534,0.06864563642,NaN,NaN,0,-17.09736447,3.314057376,0.5950487704,4.908510683,-1.77240338,-127.3211274,65.12628465
0.1271394534,0.07251299622,1.237555728,3.3022888,1,20.69326129,3.526564262,-39.06882155,0,-7.26711391,-212.1931023,69.45616388
0.1271394534,0.07638035602,1.445881427,3.676169589,1,72.28787238,3.950290616,-59.22142355,11.92448807,-3.713944279,-211.5155625,68.52969274
0.1271394534,0.08024771582,1.50275578,3.89126503,1,36.45610371,4.17135691,-107.7383967,0,-25.80924116,-165.9130787,68.88408977
0.1271394534,0.08411507561,1.487056675,3.901152016,1,-2.386417575,4.174964024,-35.5010017,0,-12.87815548,-84.67795517,69.13395461
0.1271394534,0.08798243541,1.443722184,4.081450003,1,237.2586262,4.329268746,-170.8757909,0,-344.8201428,-242.378706,70.51989908
0.1271394534,0.09184979521,1.07107759,4.177679515,1,-140.7073883,4.312796463,-144.7571286,0,17.75470236,-155.6591338,75.62017907
0.1271394534,0.09571715501,0.9682199097,4.12361198,1,7.748550455,4.235755606,-51.87304229,0,185.7689119,-98.93449646,76.78636382
0.1271394534,0.09958451481,1.819479244,4.359683091,1,-564.8307414,4.724123344,238.4972496,72.14892055,-446.9356452,-544.3808556,67.34716884
0.1271394534,0.1034518746,-2.944644739,7.15128329,1,248.2421709,7.733807946,-322.5821098,0,-629.0126775,276.9070175,112.380126
0.1271394534,0.1073192344,0.3469026943,2.04124294,2,524.657702,2.070510618,-1218.296502,0,716.610754,784.1830424,80.35491754
0.1271394534,0.1111865942,1.855786986,-0.5930255982,2,-958.6014059,1.948236305,-822.9930701,0,938.5895373,-550.8930088,-17.72152881
0.1271394534,0.115053954,0.269509598,0.988934102,1,-921.7369503,1.025000528,-736.3770677,0,593.4784028,-954.8379031,74.75565099
0.1271394534,0.1189213138,NaN,NaN,0,-48.54060242,0.6380936357,-177.6694582,0,92.1242486,-8.694852566,23.24584773
0.1271394534,0.1227886736,NaN,NaN,0,14.71951866,0.5517473163,39.56532864,0,-91.37638282,-3.672153986,37.44321678
0.1310068132,0.01450259924,NaN,NaN,0,-13.21848159,0.7897966159,14.55027121,0,19.77271645,1.607020417,49.99937201
0.1310068132,0.01836995904,NaN,NaN,0,-11.71912867,0.8171406445,17.90691242,0,21.70143007,-1.668583809,50.44668116
0.1310068132,0.02223731884,NaN,NaN,0,-8.584399425,0.8728138827,24.55286036,0,25.5494769,-8.611052233,51.2526459
0.1310068132,0.02610467864,NaN,NaN,0,-5.347584959,0.9583153098,31.03173496,0,29.28031897,-16.40058075,52.3055737
0.1310068132,0.02997203844,NaN,NaN,0,-1.946928318,1.074655136,36.9341521,0,32.04276203,-25.14152168,53.5258363
0.1310068132,0.03383939824,NaN,NaN,0,1.479544709,1.220671178,41.87660573,0,33.01178734,-34.17732959,54.87354546
0.1310068132,0.03770675803,NaN,NaN,0,4.412289112,1.392107584,45.70634487,0,32.19734251,-42.38310021,56.30855756
0.1310068132,0.04157411783,NaN,NaN,0,5.856430493,1.582801072,48.77092509,0,30.70135858,-49.24909368,57.77865716
0.1310068132,0.04544147763,NaN,NaN,0,5.150159435,1.788344051,52.57008066,0,29.84426395,-55.45846579,59.27816743
0.1310068132,0.04930883743,NaN,NaN,0,4.732213823,2.011321159,58.97717634,0,29.15902302,-61.76570389,60.8642823
0.1310068132,0.05317619723,NaN,NaN,0,8.519446273,2.260234109,64.13377033,0,24.46991368,-69.6444162,62.47079138
0.1310068132,0.05704355703,NaN,NaN,0,16.94301483,2.529246382,65.83755451,0,14.45571476,-73.65441715,64.04774933
0.1310068132,0.06091091682,NaN,NaN,0,30.08318831,2.798331985,59.55591903,0,2.632214952,-68.45595082,65.37251934
0.1310068132,0.06477827662,NaN,NaN,0,22.31408295,3.031506657,41.58958913,0,4.244557474,-73.26386751,65.99273514
0.1310068132,0.06864563642,NaN,NaN,0,8.421631381,3.246205414,35.09297061,0,-6.560364495,-83.33518614,66.99174761
0.1310068132,0.07251299622,NaN,NaN,0,19.311414,3.457495767,56.93227012,0,-20.97778165,-68.31421805,68.97304348
0.1310068132,0.07638035602,NaN,NaN,0,42.04288247,3.694690173,21.26736231,0,-52.41436693,-94.51712562,70.02110617
0.1310068132,0.08024771582,NaN,NaN,0,24.9084577,3.866146212,5.34423874,0,-103.0119309,-115.5901399,71.9102369
0.1310068132,0.08411507561,0.9603252035,3.940035107,1,9.04782332,4.055379285,-360.5493098,0,-139.6998667,212.4919123,76.30208398
0.1310068132,0.08798243541,0.6951854485,1.458890753,1,144.2871634,1.616058488,-40.72173703,0,-195.2195054,-143.4516444,64.52143205
0.1310068132,0.09184979521,0.7633515115,4.337328621,1,156.8998798,4.40398968,298.8980823,0,-71.6596861,-423.3839719,80.01840552
0.1310068132,0.09571715501,1.024839947,4.252215332,1,152.8421415,4.373972125,-58.16596627,19.23450116,-124.6692188,-113.2437869,76.44938995
0.1310068132,0.09958451481,0.8723063402,4.55033437,1,63.49741319,4.633191258,-689.0397158,0,-249.689791,267.9883883,79.14796525
0.1310068132,0.1034518746,0.30476703,0.5510433168,1,750.9811558,0.6297076143,-38.75929634,0,-873.4183147,834.1363622,61.05421521
0.1310068132,0.1073192344,0.3987977937,1.174532792,2,173.8606277,1.240389842,34.42707632,46.11413778,-59.58501724,-73.23731985,71.2457294
0.1310068132,0.1111865942,0.7467119317,0.9674202742,2,-497.5076754,1.222080479,-345.5622339,0,498.6828301,-49.24628111,52.33692588
0.1310068132,0.115053954,0.4033425396,0.02857238883,1,111.8740015,0.4043532931,-86.90322072,0,-186.416101,133.9008211,4.052007836
0.1310068132,0.1189213138,NaN,NaN,0,36.25167079,0.472270212,-4.141758794,6.362443091,-28.49141763,-41.25346736,13.90488064
0.1310068132,0.1227886736,NaN,NaN,0,28.17752959,0.4662758517,10.69407087,0,-41.14585072,-19.61348886,21.65936927
0.134874173,0.01450259924,NaN,NaN,0,-6.714627106,0.8452028955,11.42500214,0,13.19894982,-1.786989299,50.94058741
0.134874173,0.01836995904,NaN,NaN,0,-5.17998926,0.872964637,14.73169189,0,14.91575287,-5.172870724,51.3581629
0.134874173,0.02223731884,NaN,NaN,0,-2.089098663,0.9289010566,21.31642244,0,18.25814871,-12.11116937,52.1292468
0.134874173,0.02610467864,NaN,NaN,0,0.9297236073,1.013487494,27.74071222,0,21.33069997,-19.43203301,53.16105611
0.134874173,0.02997203844,NaN,NaN,0,3.814040851,1.12662343,33.77956268,0,23.6996545,-27.08082873,54.3692443
0.134874173,0.03383939824,NaN,NaN,0,6.399891037,1.266892754,39.2195619,0,24.99534751,-34.70343082,55.69273634
0.134874173,0.03770675803,NaN,NaN,0,8.397456835,1.431330811,43.98780212,0,25.20852348,-41.81045373,57.08667977
0.134874173,0.04157411783,NaN,NaN,0,9.478353024,1.616196606,48.27669106,0,24.72938272,-48.15887626,58.51805336
0.134874173,0.04544147763,NaN,NaN,0,9.680347865,1.818612991,52.57208125,0,23.92880648,-53.8945027,59.97348258
0.134874173,0.04930883743,NaN,NaN,0,10.03266091,2.037877724,57.04448672,0,22.44679074,-59.16608871,61.44836314
0.134874173,0.05317619723,NaN,NaN,0,11.83152286,2.273548747,60.1830402,0,18.9880463,-63.79885226,62.90165635
0.134874173,0.05704355703,NaN,NaN,0,15.03191405,2.519093103,60.41815663,0,13.21847054,-65.97003812,64.28062285
0.134874173,0.06091091682,NaN,NaN,0,17.91992993,2.761297055,56.15259859,0,6.603483719,-64.90731427,65.50437314
0.134874173,0.06477827662,NaN,NaN,0,14.4324846,2.984373199,47.71205841,0,1.725369308,-65.00933032,66.54144375
0.134874173,0.06864563642,NaN,NaN,0,9.158393037,3.186312421,41.25497442,0,-7.735830428,-64.4415316,67.73261263
0.134874173,0.07251299622,NaN,NaN,0,10.78321014,3.36524044,36.87150924,0,-22.36461053,-56.77751799,69.22700111
0.134874173,0.07638035602,NaN,NaN,0,16.43025891,3.509058418,13.67549254,0,-46.72028402,-50.98745348,70.65148428
0.134874173,0.08024771582,NaN,NaN,0,19.7187547,3.56303023,-20.34836339,0,-83.87952641,-24.23260481,72.41615846
0.134874173,0.08411507561,NaN,NaN,0,51.27195019,3.449318656,-90.33767486,0,-140.4640036,72.07165191,74.62622528
0.134874173,0.08798243541,NaN,NaN,0,-240.630792,2.86345529,-0.1016378023,52.75824147,156.6407834,8.207323049,75.20000112
0.134874173,0.09184979521,NaN,NaN,0,115.3652706,3.346120187,9.958525758,0,-225.5543282,-62.93878788,79.85046693
0.134874173,0.09571715501,0.3053167213,3.050375701,1,140.4216949,3.065617429,-104.8425188,0,-243.4696705,-67.2763347,84.28421547
0.134874173,0.09958451481,0.1911222672,3.148475488,1,277.0520439,3.154271012,-367.1402932,0,-322.0316115,196.8697118,86.52623036
0.134874173,0.1034518746,0.1313645499,0.8691460817,1,-29.42726221,0.8790173812,-287.4969564,0,30.89783951,232.2506117,81.40524848
0.134874173,0.1073192344,0.1968095187,1.138424638,2,274.3047709,1.155311492,248.207183,0,-223.2218958,-369.9032481,80.19171955
0.134874173,0.1111865942,0.3289204074,3.259601514,1,159.0130664,3.27615486,-283.8855918,0,-93.21709118,53.05892698,84.23789268
0.134874173,0.115053954,0.4512662283,-0.1646610485,1,22.16056877,0.4803690974,-446.0194922,0,-1.005827387,396.4532663,-20.04635391
0.134874173,0.1189213138,NaN,NaN,0,9.845174867,0.4107359853,13.34867014,0,-22.17854707,-46.64344637,0.2031387453
0.134874173,0.1227886736,NaN,NaN,0,16.71295159,0.4091499444,8.410348197,0,-20.41819942,-25.66655067,9.474562115
0.1387415328,0.01450259924,NaN,NaN,0,-3.455864856,0.8730022167,9.851716345,0,9.851716345,-3.455864856,51.37450785
0.1387415328,0.01836995904,NaN,NaN,0,-1.926814667,0.9008485175,13.15827347,0,11.47635629,-6.850893206,51.78162445
0.1387415328,0.02223731884,NaN,NaN,0,1.099073092,0.9567082799,19.74627718,0,14.61586243,-13.72286965,52.53953098
0.1387415328,0.02610467864,NaN,NaN,0,3.969966955,1.040643555,26.1849166,0,17.45624794,-20.78576538,53.56188456
0.1387415328,0.02997203844,NaN,NaN,0,6.595311365,1.152165327,32.31257203,0,19.70797421,-27.95758187,54.76342654
0.1387415328,0.03383939824,NaN,NaN,0,8.832070264,1.289823532,37.97885999,0,21.13787623,-35.00052832,56.07719169
0.1387415328,0.03770675803,NaN,NaN,0,10.49293066,1.451164045,43.12471217,0,21.71838468,-41.62030613,57.45594356
0.1387415328,0.04157411783,NaN,NaN,0,11.42934419,1.633237225,47.82320623,0,21.62867504,-47.6342045,58.86844114
0.1387415328,0.04544147763,NaN,NaN,0,11.74293288,1.833390745,52.1983098,0,21.01207372,-52.99333678,60.29537129
0.1387415328,0.04930883743,NaN,NaN,0,11.97419506,2.049489052,56.06582565,0,19.62365118,-57.58511941,61.71814644
0.1387415328,0.05317619723,NaN,NaN,0,12.70460017,2.278453286,58.49618768,0,16.85448028,-61.05442549,63.10431757
0.1387415328,0.05704355703,NaN,NaN,0,13.73646421,2.513596572,58.48936542,0,12.52336175,-62.52963659,64.41785925
0.1387415328,0.06091091682,NaN,NaN,0,13.77925911,2.744467823,55.28942151,0,7.190753736,-61.82877657,65.63432202
0.1387415328,0.06477827662,NaN,NaN,0,10.61166547,2.959684114,49.06430331,0,1.515133466,-60.21137608,66.78867671
0.1387415328,0.06864563642,NaN,NaN,0,6.366227043,3.151533407,41.69299318,0,-7.113697003,-56.29445819,68.02807742
0.1387415328,0.07251299622,NaN,NaN,0,4.361434939,3.310316185,31.75151539,0,-20.15320636,-47.23865331,69.42064571
0.1387415328,0.07638035602,NaN,NaN,0,3.875598596,3.41625739,11.15591022,0,-38.9220425,-34.17811728,70.89609362
0.1387415328,0.08024771582,NaN,NaN,0,2.057471576,3.431990599,-16.32550385,0,-61.11500676,-8.674471638,72.5694145
0.1387415328,0.08411507561,NaN,NaN,0,-6.048600783,3.319953021,-42.49354977,0,-71.91678914,29.67781578,74.4558475
0.1387415328,0.08798243541,NaN,NaN,0,-101.4750126,3.082137207,-24.50019312,0,15.82843145,21.95354457,76.36570872
0.1387415328,0.09184979521,NaN,NaN,0,23.58669846,3.070089637,-37.50488297,0,-118.5710436,21.37600369,79.5193902
0.1387415328,0.09571715501,NaN,NaN,0,28.56777997,2.790781333,-87.61172976,0,-117.6851765,115.4745062,82.60509151
0.1387415328,0.09958451481,NaN,NaN,0,201.9389883,2.243672912,-250.5396791,0,-271.2588573,262.2719579,84.53175403
0.1387415328,0.1034518746,NaN,NaN,0,-15.00321118,0.7896161212,-396.0782481,0,-58.85943152,375.2604218,83.37419152
0.1387415328,0.1073192344,-0.07184467606,-0.7495818373,1,457.5376697,0.7530169907,-171.9125122,0,-518.8423794,32.97835099,-95.47486668
0.1387415328,0.1111865942,-0.1459778322,-0.008044497271,1,881.5819014,0.1461993209,-33.77433907,0,-808.2769076,-211.8186569,-176.8457539
0.1387415328,0.115053954,NaN,NaN,0,34.69608252,0.2202727965,-62.25686514,0,88.29370653,-61.659259,-16.08254569
0.1387415328,0.1189213138,NaN,NaN,0,23.08939048,0.3298305413,-9.387973439,0,16.9808862,-32.53492716,-1.799205318
0.1387415328,0.1227886736,NaN,NaN,0,19.60076398,0.3677241611,0.4919375958,0,-0.4919375958,-19.60076398,4.444657384
