PIVlab, ASCII chart output - 19-Sep-2021
FRAME: 46, filenames: A: 72_12_75_80 046.jpg & B: 72_12_75_80 047.jpg, conversion factor xy (px -> m): 0.00024171, conversion factor uv (px/frame -> m/s): 1
x [m],y [m],u [m/s],v [m/s],Vector type [-],vorticity [1/s],magnitude [m/s],divergence [1/s],dcev [1],simple shear [1/s],simple strain [1/s],vector direction [degrees]
0.03819017801,0.01450259924,NaN,NaN,0,-1.356428953,0.4695093999,-2.938001823,0,2.938001823,1.356428953,-60.51677134
0.03819017801,0.01836995904,NaN,NaN,0,-0.8942206938,0.4782453779,-3.919096256,0,3.219295407,2.43209257,-60.68746678
0.03819017801,0.02223731884,NaN,NaN,0,-0.04171327892,0.4953347684,-5.805680803,0,3.761255104,4.503750264,-61.00969305
0.03819017801,0.02610467864,NaN,NaN,0,0.7235113003,0.5200999617,-7.487516556,0,4.167946037,6.445616071,-61.45603248
0.03819017801,0.02997203844,NaN,NaN,0,1.325829462,0.5517189224,-8.981711707,0,4.457657753,8.239552434,-62.00347595
0.03819017801,0.03383939824,NaN,NaN,0,1.711617605,0.5894188852,-10.36255159,0,4.67185288,9.904744329,-62.63970403
0.03819017801,0.03770675803,NaN,NaN,0,1.860792779,0.6326937324,-11.73797758,0,4.864840267,11.51145972,-63.3615483
0.03819017801,0.04157411783,NaN,NaN,0,1.779158271,0.6814721853,-13.22800133,0,5.085435264,13.17659821,-64.17195237
0.03819017801,0.04544147763,NaN,NaN,0,1.484056847,0.7362039551,-14.98335649,0,5.385391946,15.0250491,-65.07823959
0.03819017801,0.04930883743,NaN,NaN,0,1.001159576,0.7979518418,-17.1173416,0,5.788430267,17.23536689,-66.0857563
0.03819017801,0.05317619723,NaN,NaN,0,0.3952329277,0.8683479878,-19.50715485,0,6.054508342,20.06882669,-67.20134358
0.03819017801,0.05704355703,NaN,NaN,0,-0.2967943087,0.9487903127,-22.00901344,0,5.758163913,23.42408492,-68.45615154
0.03819017801,0.06091091682,NaN,NaN,0,-1.311356073,1.039648115,-24.54865829,0,4.844576375,26.98988541,-69.88148169
0.03819017801,0.06477827662,NaN,NaN,0,-2.762465457,1.14080554,-27.01655393,0,3.274203843,30.61829064,-71.49525356
0.03819017801,0.06864563642,NaN,NaN,0,-4.053357418,1.251860431,-30.34664614,0,1.416755701,33.04158964,-73.30743018
0.03819017801,0.07251299622,NaN,NaN,0,-3.389777398,1.372829447,-35.04991699,0,0.4372243279,32.98687621,-75.14852139
0.03819017801,0.07638035602,NaN,NaN,0,-0.1232090807,1.503107203,-37.17871054,0,0.2999501122,32.98316312,-76.60708306
0.03819017801,0.08024771582,NaN,NaN,0,-0.3228716784,1.636731635,-40.85745132,0,6.549914555,32.95239505,-77.56074033
0.03819017801,0.08411507561,NaN,NaN,0,-15.55467097,1.78688165,-62.90589703,0,36.90268122,40.56901855,-77.97607499
0.03819017801,0.08798243541,NaN,NaN,0,-38.67193909,2.04530372,-109.0845369,0,84.60251586,82.25628229,-77.71697413
0.03819017801,0.09184979521,NaN,NaN,0,-45.55550702,2.547709867,-177.4435494,0,115.5726884,156.0985949,-77.53574528
0.03819017801,0.09571715501,NaN,NaN,0,358.3608516,3.36332373,46.61228109,0,-353.3971058,104.8395444,-77.88455715
0.03819017801,0.09958451481,NaN,NaN,0,167.4620592,2.771892229,244.0537207,0,-233.2692594,-253.963654,-78.15292645
0.03819017801,0.1034518746,NaN,NaN,0,-146.6176152,1.43523319,4.868466541,0,314.7472226,-462.8321486,-71.66850706
0.03819017801,0.1073192344,1.219287738,-0.9040817262,2,129.5897358,1.517901959,88.92214309,0,263.6048813,-81.08848036,-36.55632441
0.03819017801,0.1111865942,1.972026368,-0.7049067976,2,159.3217654,2.094225773,85.57855479,0,188.5675458,-2.801605675,-19.66958367
0.03819017801,0.115053954,NaN,NaN,0,86.4153537,2.625614918,113.404413,0,132.1308347,62.5048833,-12.36585238
0.03819017801,0.1189213138,NaN,NaN,0,39.9421063,2.862668514,52.06939878,0,50.0691651,29.09113896,-10.22288094
0.03819017801,0.1227886736,NaN,NaN,0,15.75813605,2.951028455,33.67286647,0,33.67286647,15.75813605,-9.231563792
0.04205753781,0.01450259924,NaN,NaN,0,-2.427980723,0.460777747,-3.447494673,0,4.104122777,1.027850776,-60.33960497
0.04205753781,0.01836995904,NaN,NaN,0,-1.885097397,0.4699039291,-4.436338766,0,4.349993275,2.160581256,-60.5183553
0.04205753781,0.02223731884,NaN,NaN,0,-0.8931760567,0.4876842119,-6.317173006,0,4.835269482,4.326798744,-60.84967873
0.04205753781,0.02610467864,NaN,NaN,0,0.01382723323,0.5132883517,-7.925704489,0,5.157515737,6.342998183,-61.29833316
0.04205753781,0.02997203844,NaN,NaN,0,0.7241490518,0.5457002741,-9.284454089,0,5.351384774,8.178909782,-61.83804399
0.04205753781,0.03383939824,NaN,NaN,0,1.154320446,0.5839311397,-10.49568296,0,5.486970745,9.835503364,-62.45871935
0.04205753781,0.03770675803,NaN,NaN,0,1.275986267,0.6273089729,-11.69405295,0,5.652848853,11.3823635,-63.15942734
0.04205753781,0.04157411783,NaN,NaN,0,1.092848788,0.6756796306,-12.99602546,0,5.905849979,12.95993029,-63.94334647
0.04205753781,0.04544147763,NaN,NaN,0,0.6237995483,0.7294037035,-14.59849416,0,6.330363452,14.66941458,-64.82279091
0.04205753781,0.04930883743,NaN,NaN,0,-0.06914600303,0.7895919313,-16.74017866,0,7.118725468,16.73355967,-65.79831903
0.04205753781,0.05317619723,NaN,NaN,0,-0.8144048585,0.8586965835,-19.15225327,0,7.912669221,19.7898845,-66.85159528
0.04205753781,0.05704355703,NaN,NaN,0,-1.414322191,0.9389296962,-21.57427031,0,7.815469433,23.61049953,-68.03847429
0.04205753781,0.06091091682,NaN,NaN,0,-2.358732222,1.03012982,-23.97651222,0,6.985285138,27.57117593,-69.40720934
0.04205753781,0.06477827662,NaN,NaN,0,-4.320026948,1.131993473,-25.77074888,0,4.958623519,32.20700535,-70.97344038
0.04205753781,0.06864563642,NaN,NaN,0,-7.106218874,1.243251485,-29.2625294,0,1.63722841,35.23054017,-72.93737149
0.04205753781,0.07251299622,NaN,NaN,0,-6.509333343,1.364655368,-37.48378508,0,0.1115348164,33.07648508,-75.23078019
0.04205753781,0.07638035602,NaN,NaN,0,0.7738646429,1.500451813,-37.07190071,0,-3.518131355,31.56708069,-76.90121656
0.04205753781,0.08024771582,NaN,NaN,0,3.207333727,1.620506113,-27.1445888,0,-6.050956378,20.64816107,-77.9872996
0.04205753781,0.08411507561,NaN,NaN,0,-27.09167439,1.678806286,-41.87481099,0,38.97808548,3.399270231,-78.69667957
0.04205753781,0.08798243541,NaN,NaN,0,-77.48341243,1.801350658,-91.11755874,0,123.9099512,45.88783881,-77.71627286
0.04205753781,0.09184979521,NaN,NaN,0,-268.9525091,2.234737156,-433.3662612,0,428.1097305,317.6920893,-76.84489676
0.04205753781,0.09571715501,0.9987607838,-4.664723477,1,-157.180983,4.770447382,-218.9862836,0,167.8622395,120.1707367,-77.91490607
0.04205753781,0.09958451481,0.5499074147,-3.487734379,1,-62.04294843,3.530819913,540.6760868,0,-308.4720056,-543.9026855,-81.03999583
0.04205753781,0.1034518746,-0.434153854,-0.470267135,1,107.3244215,0.640031833,445.6007191,0,69.67698398,-289.4731281,-132.71341
0.04205753781,0.1073192344,1.234435534,-0.644939333,2,286.9161889,1.392759072,80.56430903,0,376.6487438,126.6132143,-27.58512671
0.04205753781,0.1111865942,2.13209049,-0.6483548199,2,224.3389952,2.22849138,79.65061072,9.505686787,207.5881328,35.42028253,-16.91417466
0.04205753781,0.115053954,2.904853145,-0.4738847398,2,61.56784987,2.943253054,199.5723332,0,156.1701329,158.2321642,-9.265358722
0.04205753781,0.1189213138,NaN,NaN,0,16.6347916,3.014008555,49.65453972,0,10.13733288,40.57665521,-9.327011909
0.04205753781,0.1227886736,NaN,NaN,0,-6.532232069,3.04022029,41.99206911,0,24.23369937,16.28966707,-8.298145799
0.04592489761,0.01450259924,NaN,NaN,0,-4.672329398,0.4429340538,-4.540422088,0,6.541675042,0.3480343417,-59.96217251
0.04592489761,0.01836995904,NaN,NaN,0,-3.934355626,0.4529294779,-5.552178412,0,6.688699974,1.602668374,-60.16489199
0.04592489761,0.02223731884,NaN,NaN,0,-2.61046288,0.4722429579,-7.426450599,0,7.023055909,3.974382637,-60.52387437
0.04592489761,0.02610467864,NaN,NaN,0,-1.360284047,0.4997176744,-8.874149428,0,7.136571338,6.160193016,-60.98268163
0.04592489761,0.02997203844,NaN,NaN,0,-0.3803380076,0.5339309203,-9.920257017,0,7.086351932,8.112045328,-61.50715063
0.04592489761,0.03383939824,NaN,NaN,0,0.1654700442,0.573389737,-10.75612503,0,7.011855293,9.761544032,-62.09678341
0.04592489761,0.03770675803,NaN,NaN,0,0.2449711811,0.617057463,-11.60315527,0,7.104746292,11.16593115,-62.75688933
0.04592489761,0.04157411783,NaN,NaN,0,-0.1341181834,0.6647051045,-12.47640416,0,7.381321594,12.59849407,-63.48375605
0.04592489761,0.04544147763,NaN,NaN,0,-0.987895213,0.716368837,-13.66399289,0,7.886820191,13.96954243,-64.3145345
0.04592489761,0.04930883743,NaN,NaN,0,-2.28395595,0.7726115948,-16.06311928,0,9.640256604,15.26907903,-65.25180787
0.04592489761,0.05317619723,NaN,NaN,0,-3.584203022,0.8383302323,-18.64699131,0,12.0767925,18.88707008,-66.15208506
0.04592489761,0.05704355703,NaN,NaN,0,-3.70109693,0.9187081287,-20.80553444,0,12.11949901,24.01062064,-67.18177287
0.04592489761,0.06091091682,NaN,NaN,0,-3.928206788,1.010819387,-23.40206463,0,11.86145434,28.08762022,-68.43687141
0.04592489761,0.06477827662,NaN,NaN,0,-6.561858563,1.11522618,-21.9269658,0,9.446944009,36.30844884,-69.69714445
0.04592489761,0.06864563642,NaN,NaN,0,-14.90968607,1.226513691,-22.77520161,0,1.429527883,43.27081647,-71.82079182
0.04592489761,0.07251299622,NaN,NaN,0,-17.27195218,1.343747332,-49.06655342,0,2.846568314,32.00568306,-75.57117018
0.04592489761,0.07638035602,NaN,NaN,0,6.414877471,1.514522404,-47.52940528,0,-8.327264172,38.51162664,-77.53605707
0.04592489761,0.08024771582,NaN,NaN,0,37.75181977,1.666596417,9.249543744,0,-64.49549764,12.69763425,-78.66942035
0.04592489761,0.08411507561,0.2234446365,-1.49216318,1,45.75105575,1.508800339,69.08418604,0,-63.1363377,-38.09255207,-81.48349902
0.04592489761,0.08798243541,0.2602002003,-1.219623344,1,87.83265999,1.247070666,479.4744085,0,-119.1007143,39.82274788,-77.95680087
0.04592489761,0.09184979521,0.1025198202,0.2081279772,1,523.2122226,0.2320076905,714.7665277,0,-506.7808682,924.658813,63.77603371
0.04592489761,0.09571715501,0.3237461598,-2.03135233,1,-133.7292983,2.056989029,-282.4882313,0,251.1406173,719.2303289,-80.94465949
0.04592489761,0.09958451481,0.5565916354,-3.665878112,1,-12.87116428,3.707891123,231.7772646,0,202.007102,96.45054994,-81.36669718
0.04592489761,0.1034518746,1.055202882,-1.507995234,2,301.554698,1.840516978,726.7017539,0,76.97903141,-77.16047328,-55.0180224
0.04592489761,0.1073192344,2.020517763,-0.5570536507,2,2.9084863,2.095900952,372.2509881,0,349.229433,181.3437895,-15.41345017
0.04592489761,0.1111865942,2.417046914,-0.7696884093,2,382.2387314,2.536638727,-26.41851686,115.6548655,116.2775539,-119.6684054,-17.66364189
0.04592489761,0.115053954,3.948459604,-0.1964227804,1,591.2518157,3.953342276,-278.2838375,107.570605,-397.5453255,-339.4367709,-2.847927419
0.04592489761,0.1189213138,NaN,NaN,0,-26.54495555,3.210760464,-68.29990726,0,-182.9665343,-27.4418155,-9.558982777
0.04592489761,0.1227886736,NaN,NaN,0,-52.15290141,3.158155248,76.17001154,0,37.68498642,-16.2714992,-6.443807533
0.0497922574,0.01450259924,NaN,NaN,0,-7.162478374,0.4151336765,-5.932626216,0,9.324375845,-0.2753830882,-59.32205535
0.0497922574,0.01836995904,NaN,NaN,0,-6.102196419,0.4266795261,-7.027616302,0,9.307412081,1.149789369,-59.58874177
0.0497922574,0.02223731884,NaN,NaN,0,-4.25403579,0.4486905355,-8.962301551,0,9.431682842,3.807870414,-60.02114326
0.0497922574,0.02610467864,NaN,NaN,0,-2.464162532,0.4794699029,-10.22418561,0,9.279361776,6.211345915,-60.51261652
0.0497922574,0.02997203844,NaN,NaN,0,-1.05068708,0.5169957872,-10.76629952,0,8.845596322,8.347534484,-61.01087684
0.0497922574,0.03383939824,NaN,NaN,0,-0.3570734433,0.5587454662,-11.00540487,0,8.369352204,9.932696288,-61.55298396
0.0497922574,0.03770675803,NaN,NaN,0,-0.3274534031,0.6029652851,-11.48603893,0,8.372959428,10.92132299,-62.16453439
0.0497922574,0.04157411783,NaN,NaN,0,-0.8863974892,0.649910162,-11.64244303,0,8.627869914,12.29857242,-62.78033503
0.0497922574,0.04544147763,NaN,NaN,0,-2.157306267,0.6990210514,-11.51795395,0,8.195339114,13.34118202,-63.53823672
0.0497922574,0.04930883743,NaN,NaN,0,-4.494579564,0.7464447119,-15.20131425,0,11.47868826,11.48614396,-64.56210943
0.0497922574,0.05317619723,NaN,NaN,0,-7.537354347,0.8037496076,-18.56705825,0,18.63474515,16.47869614,-65.09317788
0.0497922574,0.05704355703,NaN,NaN,0,-5.877655719,0.8874872453,-19.59881151,0,16.72427978,25.45729272,-65.81851822
0.0497922574,0.06091091682,NaN,NaN,0,-3.091139437,0.9800949268,-26.89924605,0,18.8940892,24.46023547,-67.15941442
0.0497922574,0.06477827662,NaN,NaN,0,-3.089514451,1.094018451,-15.75984809,0,19.5381703,41.66835332,-67.15986833
0.0497922574,0.06864563642,NaN,NaN,0,-28.69871465,1.209782642,9.15524218,8.257699252,-8.212629201,69.53859383,-68.46599235
0.0497922574,0.07251299622,0.2819060584,-1.24176225,1,-41.74500749,1.273359537,61.02838248,0,5.83381546,162.6700082,-77.20945136
0.0497922574,0.07638035602,0.3051733405,-1.518424393,1,13.02352883,1.548787721,107.3004358,0,23.2402528,298.3052551,-78.63607274
0.0497922574,0.08024771582,0.4221511496,-1.980446609,1,10.05375311,2.024939596,176.8038748,0,27.11203685,318.7418765,-77.96694767
0.0497922574,0.08411507561,0.4489068224,-2.067349714,1,261.5278215,2.115526454,227.9363816,0,247.708568,377.8965197,-77.7489096
0.0497922574,0.08798243541,2.39155149,-2.560396419,2,772.553311,3.50359078,-303.054862,0,882.3069345,755.056233,-46.95283868
0.0497922574,0.09184979521,6.848846808,-6.159446025,1,-361.4496642,9.211160509,-46.92905618,0,438.0518267,112.3260044,-41.96633239
0.0497922574,0.09571715501,2.687799614,-3.176293038,2,-672.7154899,4.160901853,638.4588367,0,-627.8007797,-267.2555001,-49.76188575
0.0497922574,0.09958451481,1.819282469,-2.65672281,2,-236.5804822,3.219932421,418.3476811,0,78.86471125,-56.7855089,-55.59726331
0.0497922574,0.1034518746,2.077855982,-1.33878204,2,249.902596,2.471805581,563.3664031,0,152.4657725,-303.1501246,-32.79406197
0.0497922574,0.1073192344,3.375385722,0.6944083736,1,42.04716739,3.446074834,-16.88612152,0,-174.1104376,70.5482947,11.62510106
0.0497922574,0.1111865942,1.5671198,-1.676922386,2,-167.3853022,2.295197847,-963.0902557,0,-572.0029557,327.797504,-46.93857649
0.0497922574,0.115053954,0.5159052975,-4.297919053,1,414.1158684,4.328771934,-474.896052,0,-146.0326861,-625.7758198,-83.15518947
0.0497922574,0.1189213138,NaN,NaN,0,212.310424,2.824149817,586.1684618,0,492.0808211,-501.5444517,-22.77830168
0.0497922574,0.1227886736,NaN,NaN,0,-33.09368666,3.241326962,367.6884294,0,362.0756241,-150.5329058,-1.614831203
0.0536596172,0.01450259924,NaN,NaN,0,-10.15361966,0.3758836838,-7.79838055,0,12.68333005,-0.7554326836,-58.26498484
0.0536596172,0.01836995904,NaN,NaN,0,-8.517441517,0.3900508675,-9.077669812,0,12.32536403,0.8783125602,-58.70612064
0.0536596172,0.02223731884,NaN,NaN,0,-5.83932133,0.4164481775,-11.17095369,0,12.1169016,3.895963734,-59.32822667
0.0536596172,0.02610467864,NaN,NaN,0,-3.191643212,0.4525533837,-12.29399193,0,11.7035966,6.529785746,-59.911625
0.0536596172,0.02997203844,NaN,NaN,0,-1.001174336,0.495933265,-11.9153506,0,10.64731938,9.134050405,-60.34752646
0.0536596172,0.03383939824,NaN,NaN,0,-0.2156233344,0.5417594144,-11.01315598,0,9.246997773,10.70038365,-60.81411502
0.0536596172,0.03770675803,NaN,NaN,0,-0.3113138609,0.5862970991,-11.69315255,0,9.389869302,10.28809211,-61.44129249
0.0536596172,0.04157411783,NaN,NaN,0,-0.9267121037,0.6331895597,-11.08937508,0,10.56185952,12.3332906,-61.79159258
0.0536596172,0.04544147763,NaN,NaN,0,-2.2603528,0.6837549334,-5.564065629,0,4.787978093,15.61046926,-62.32752489
0.0536596172,0.04930883743,NaN,NaN,0,-5.999701692,0.7106114666,-14.65712555,0,9.444412173,0.8556186495,-64.21870512
0.0536596172,0.05317619723,NaN,NaN,0,-16.19297908,0.7432466078,-20.82111591,0,34.25922006,10.08427781,-63.56595485
0.0536596172,0.05704355703,NaN,NaN,0,-9.181032162,0.8486954422,-12.12340732,0,17.24878577,36.87961862,-63.48084277
0.0536596172,0.06091091682,0.3620700158,-0.8550505749,1,-0.2903876287,0.9285505813,52.55413303,0,28.2736592,104.0180686,-67.04983686
0.0536596172,0.06477827662,0.4871613616,-0.9584296107,1,31.96520819,1.075134183,98.59099796,0,52.05272384,158.3255558,-63.05616879
0.0536596172,0.06864563642,0.6869975885,-1.086065602,1,87.8218915,1.285108626,137.129012,0,96.48783582,178.2238919,-57.68434487
0.0536596172,0.07251299622,1.199953391,-1.117358297,1,165.4406664,1.639627307,193.4745363,0,147.0458046,284.8161343,-42.95869158
0.0536596172,0.07638035602,1.895495204,-1.439316426,1,117.9330408,2.380028118,219.0595353,0,152.0019331,335.6211065,-37.2106856
0.0536596172,0.08024771582,2.243889058,-1.568143831,1,24.25291859,2.737537795,272.9139811,0,149.230614,300.3980491,-34.94780841
0.0536596172,0.08411507561,2.566418444,-1.545607206,1,-101.9191606,2.995898073,490.7444282,0,40.98949831,290.8723504,-31.05815342
0.0536596172,0.08798243541,2.008252131,-0.7951665925,2,-309.85362,2.159945956,668.8993433,0,-261.8503875,-584.0730618,-21.60106856
0.0536596172,0.09184979521,0.3554333486,3.300087902,1,-255.0860291,3.319173546,-817.722792,0,190.7193492,-542.9915934,83.85270041
0.0536596172,0.09571715501,1.759323021,-1.857650986,2,456.5927658,2.558531742,-826.7460781,0,-43.0162227,659.0287794,-46.55721057
0.0536596172,0.09958451481,1.954882645,-2.445938052,2,133.1744396,3.131162581,43.04257672,36.10742289,-55.02556004,50.06739574,-51.36688028
0.0536596172,0.1034518746,2.061552856,-1.884818488,2,167.546473,2.793302868,124.1794583,18.18096418,-96.91274266,-148.0799704,-42.4357781
0.0536596172,0.1073192344,2.228048694,-1.393012883,2,82.76288953,2.627676897,-40.07162154,0,-626.1340004,76.20200986,-32.01430386
0.0536596172,0.1111865942,-0.03985873377,-2.334490456,1,-437.99251,2.334830702,37.94068896,120.4074718,-217.8252496,288.6817499,-90.97816435
0.0536596172,0.115053954,-0.3082345445,-2.362718781,1,-193.7279377,2.38273972,759.6752137,0,1107.35119,14.13422978,-97.4326916
0.0536596172,0.1189213138,NaN,NaN,0,-166.0832527,3.536292596,1116.106942,0,1274.399158,201.6471688,8.927611199
0.0536596172,0.1227886736,NaN,NaN,0,-282.6522677,4.147592749,415.0916932,0,533.2473797,91.85235512,16.44016324
0.057526977,0.01450259924,NaN,NaN,0,-14.15518997,0.3227248748,-10.4498023,0,17.02599941,-0.8042708426,-56.37180714
0.057526977,0.01836995904,NaN,NaN,0,-11.34220106,0.341376899,-12.07446567,0,15.82623999,0.9836667877,-57.32968775
0.057526977,0.02223731884,NaN,NaN,0,-7.394164802,0.3746220736,-14.34985149,0,15.00696292,4.367886214,-58.44126106
0.057526977,0.02610467864,NaN,NaN,0,-3.461914648,0.4184493737,-15.86547781,0,14.77080366,6.877782932,-59.2869802
0.057526977,0.02997203844,NaN,NaN,0,0.4532562816,0.4725413595,-13.58795497,0,12.79308681,10.95849774,-59.50428759
0.057526977,0.03383939824,NaN,NaN,0,0.8070683026,0.5262471399,-9.438715915,0,8.581450209,13.44669579,-59.77055714
0.057526977,0.03770675803,NaN,NaN,0,0.2245333974,0.5673936303,-13.18404022,0,9.377660489,7.197371186,-60.88063109
0.057526977,0.04157411783,NaN,NaN,0,-0.2487842643,0.6130941397,-15.4578391,0,19.44172077,11.13602862,-60.4807101
0.057526977,0.04544147763,NaN,NaN,0,0.04230886195,0.6935209764,15.00819206,0,-9.049698435,35.91178578,-59.65820659
0.057526977,0.04930883743,0.2672468172,-0.6143500224,1,-6.093167335,0.6699603058,74.00494331,0,-7.705965703,57.28853327,-66.49060237
0.057526977,0.05317619723,0.2969709566,-0.533879165,1,2.454793267,0.6109162888,67.38823384,0,47.20031573,91.44828416,-60.91494526
0.057526977,0.05704355703,0.4592809895,-0.7073988938,1,65.4361427,0.8434169919,85.14002967,0,112.7195211,152.0842862,-57.00622283
0.057526977,0.06091091682,0.9859630088,-0.7927766915,1,87.70827831,1.265155302,152.8660772,0,160.2550139,210.567861,-38.80148517
0.057526977,0.06477827662,1.418244257,-0.9305524527,1,54.2769401,1.696273752,166.4447297,0,120.952418,243.7710337,-33.27007763
0.057526977,0.06864563642,1.663637984,-1.091825331,1,80.75414014,1.989918062,173.8068206,0,103.7086328,272.6725498,-33.27640223
0.057526977,0.07251299622,2.13162817,-1.312901799,1,113.1745217,2.503507497,174.8416664,0,90.24202422,251.0803442,-31.62953937
0.057526977,0.07638035602,2.450322956,-1.386667728,1,48.09513652,2.815480417,127.7975084,0,83.19000469,175.4297704,-29.50605222
0.057526977,0.08024771582,2.639355047,-1.497112894,1,122.3193497,3.034393198,76.00178324,0,141.782577,109.1000182,-29.56306868
0.057526977,0.08411507561,3.47170013,-1.514670512,1,69.54315279,3.78773396,-52.64260591,0,-48.79251181,174.2919951,-23.57119605
0.057526977,0.08798243541,2.719605242,-2.374750647,2,9.491905959,3.610497653,-144.4065067,0,-496.9628245,610.8078689,-41.12735837
0.057526977,0.09184979521,1.586474697,-4.435356227,1,818.2821165,4.710550586,115.8725883,0,-994.2235342,822.7398699,-70.31846821
0.057526977,0.09571715501,2.039176476,-5.108460755,1,474.6842569,5.500419255,423.3426839,0,-321.3761687,151.633725,-68.23928688
0.057526977,0.09958451481,2.179372233,-3.384559923,2,145.1390017,4.025532164,456.3892456,0,-159.037986,-253.8937172,-57.22186747
0.057526977,0.1034518746,1.985424103,-2.361540979,2,204.3459671,3.085252771,-69.61952506,41.54385363,141.0428173,-415.4391624,-49.94514503
0.057526977,0.1073192344,3.515114933,-2.04715096,2,395.6759995,4.067783185,817.7072843,0,-177.2163188,420.5152244,-30.21588908
0.057526977,0.1111865942,2.830286289,-0.8254563741,2,-347.4068303,2.948202623,925.4654663,0,345.6976276,206.3772089,-16.25938766
0.057526977,0.115053954,3.508504831,0.7338220585,2,111.3294999,3.584424774,1218.2708,0,1147.885355,-152.9241183,11.81341266
0.057526977,0.1189213138,7.700123196,4.477447729,1,-194.0834192,8.907268683,398.8480704,0,631.6092692,-203.6853634,30.17703407
0.057526977,0.1227886736,NaN,NaN,0,-952.3427044,6.036082483,-372.5108408,0,-340.2954839,358.433351,30.50542268
0.0613943368,0.01450259924,NaN,NaN,0,-20.34095923,0.251820028,-14.59302592,0,23.19721814,0.4754185986,-52.24438756
0.0613943368,0.01836995904,NaN,NaN,0,-14.58430559,0.2785648528,-16.83192194,0,19.66433597,1.904122084,-55.01683875
0.0613943368,0.02223731884,NaN,NaN,0,-8.93322217,0.3224294074,-18.28850877,0,17.31390644,5.714131404,-57.3749301
0.0613943368,0.02610467864,NaN,NaN,0,-3.71510686,0.3741536935,-23.23011285,0,19.57956829,5.654962025,-59.10375989
0.0613943368,0.02997203844,NaN,NaN,0,5.469045808,0.4496720513,-17.13227556,0,17.17277398,14.37546185,-58.46488142
0.0613943368,0.03383939824,NaN,NaN,0,2.766106866,0.5238281728,0.03028750842,0,2.90805577,24.93053057,-57.72878273
0.0613943368,0.03770675803,0.2571319901,-0.4795625678,1,8.899184322,0.5441480651,33.98718281,0,-8.150419232,44.05230434,-61.80066838
0.0613943368,0.04157411783,0.2825820955,-0.4818379653,1,40.14194982,0.558587921,44.78046496,0,26.39984446,86.44826502,-59.60978124
0.0613943368,0.04544147763,0.5144730502,-0.6407069427,1,53.83552655,0.8216981841,129.3493265,0,84.3073858,171.8271648,-51.2363308
0.0613943368,0.04930883743,0.8168304411,-0.6461150494,1,30.82344383,1.041478097,194.8071856,0,80.53780681,156.4824001,-38.34409054
0.0613943368,0.05317619723,0.9451470741,-0.4924912077,1,62.39795484,1.06576291,156.7104367,0,61.59912542,138.7196536,-27.52283125
0.0613943368,0.05704355703,1.296371764,-0.5765382182,1,97.50920137,1.418793878,139.338257,0,115.1559724,160.5400699,-23.97625335
0.0613943368,0.06091091682,1.767599818,-0.5744862462,1,70.78642167,1.858613344,112.7063825,0,130.1882974,144.7782186,-18.00463965
0.0613943368,0.06477827662,2.073613314,-0.7005715479,1,39.64485071,2.188760532,56.68988458,0,127.4185136,166.0166853,-18.66757172
0.0613943368,0.06864563642,2.413693956,-0.9972923202,1,62.02059162,2.611610707,51.12283346,0,137.9953828,181.8256887,-22.44948081
0.0613943368,0.07251299622,2.847147052,-1.206046516,1,47.39555686,3.09205345,39.01164322,0,121.8388225,118.2128657,-22.95743083
0.0613943368,0.07638035602,3.068184192,-1.303591944,1,17.26634921,3.333632582,10.49187034,2.198617611,11.84841556,84.65771678,-23.01938096
0.0613943368,0.08024771582,2.959744323,-1.492872529,1,-9.850673843,3.314929086,20.34178011,0,1.756316891,201.2563809,-26.76602981
0.0613943368,0.08411507561,3.036880401,-2.003253798,1,200.1582968,3.638085808,-173.7797212,30.96721512,20.21160163,152.2661586,-33.41051997
0.0613943368,0.08798243541,3.811994009,-2.753809257,1,69.44820316,4.702633703,126.3888842,0,175.8108584,567.5864651,-35.84459136
0.0613943368,0.09184979521,3.985385436,-3.709523586,1,-190.4613419,5.444617737,233.7758295,0,234.6697088,798.1127233,-42.94683035
0.0613943368,0.09571715501,3.98296367,-4.936303073,1,-345.1255034,6.342798091,367.9662569,0,22.58511669,345.4124515,-51.10091944
0.0613943368,0.09958451481,2.738005711,-3.622299906,2,-406.3709206,4.540675267,676.3434381,0,-575.5152963,-49.38901864,-52.91527936
0.0613943368,0.1034518746,0.1856563881,-2.129634545,1,616.7020764,2.137711765,203.0963803,100.3581703,489.6586343,199.5522822,-85.0176888
0.0613943368,0.1073192344,7.016700646,-3.608593603,1,567.9643752,7.890249409,440.5850504,0,505.5658767,-199.5489259,-27.2161419
0.0613943368,0.1111865942,4.337384126,0.3459938607,1,-494.8817522,4.351162237,746.4069451,0,-333.8118344,-612.3001672,4.560836363
0.0613943368,0.115053954,3.811844384,1.646015661,2,-144.4858843,4.152050717,393.1376983,0,121.429168,-484.9915162,23.35546287
0.0613943368,0.1189213138,4.248215509,3.742035483,2,-92.39676666,5.661286476,-549.2106678,0,121.2885006,-1039.161807,41.37517325
0.0613943368,0.1227886736,NaN,NaN,0,-181.2173038,5.285070614,-424.1954112,0,13.33202205,-320.1438136,42.06466532
0.0652616966,0.01450259924,NaN,NaN,0,-31.9671384,0.1596105078,-22.19777601,0,33.21756275,6.026827057,-38.95038422
0.0652616966,0.01836995904,NaN,NaN,0,-17.00677517,0.2000318686,-26.13879853,0,23.03404405,4.210382674,-50.75581113
0.0652616966,0.02223731884,NaN,NaN,0,-10.03931143,0.2629359851,-18.74214882,0,15.00475859,10.92955529,-55.89340818
0.0652616966,0.02610467864,0.1457486884,-0.2696671987,1,3.233176203,0.3065339756,-8.639121238,0,17.89327647,28.64753995,-61.6098359
0.0652616966,0.02997203844,0.2291408084,-0.3619108332,1,21.16672217,0.428351446,31.94729482,0,34.61558982,79.64647378,-57.66039726
0.0652616966,0.03383939824,0.3614789592,-0.4541370858,1,18.27214781,0.5804373616,53.39278735,0,71.91267156,105.0315308,-51.48130415
0.0652616966,0.03770675803,0.5779179532,-0.5616164336,1,58.93155013,0.8058549368,62.49441181,0,56.93855566,96.75987748,-44.18041563
0.0652616966,0.04157411783,0.8095903482,-0.5866539702,1,132.7702745,0.9997996863,99.37380044,0,109.5596662,78.44620536,-35.9282378
0.0652616966,0.04544147763,1.515095024,-0.4806818937,1,82.3559621,1.58951817,138.5227491,0,128.697504,95.96987445,-17.60224849
0.0652616966,0.04930883743,1.625810038,-0.4220866936,1,-42.0585745,1.679706956,89.15704706,0,22.51304048,103.7113257,-14.55361885
0.0652616966,0.05317619723,1.439505411,-0.5369685258,1,14.01418109,1.536395466,48.01657845,0,-15.7703309,104.1442207,-20.45666869
0.0652616966,0.05704355703,1.619018375,-0.6391524809,1,85.76034124,1.740613798,51.34876293,13.3351005,54.44983332,58.09231428,-21.54300528
0.0652616966,0.06091091682,1.981748604,-0.5630482652,1,105.5891553,2.060182244,40.02464883,23.17527034,65.20237992,27.59954078,-15.86074409
0.0652616966,0.06477827662,2.279530692,-0.5911001176,1,50.13705475,2.354922403,11.46180625,0,100.5562244,72.21519471,-14.53706174
0.0652616966,0.06864563642,2.564533733,-0.7980034773,1,22.47136262,2.685822559,15.12473468,0,96.50934939,127.3208611,-17.28452404
0.0652616966,0.07251299622,2.739671915,-1.025002906,1,13.05703795,2.925138144,-33.28953575,0,52.56057293,124.341867,-20.51250438
0.0652616966,0.07638035602,2.818300644,-1.407620827,1,112.2660786,3.150272196,-35.24603325,21.14145768,83.39271463,75.22250365,-26.54017019
0.0652616966,0.08024771582,3.496354866,-1.452224485,1,74.47574026,3.785954741,-3.95217562,4.586459617,72.96303677,203.6748209,-22.55574371
0.0652616966,0.08411507561,3.388499443,-2.210589126,1,180.0182592,4.045816699,183.1139994,0,313.1095701,315.2929359,-33.11962385
0.0652616966,0.08798243541,5.403457609,-1.96340799,1,173.2583514,5.749115155,110.1330301,0,392.6728455,260.2696599,-19.96919159
0.0652616966,0.09184979521,5.577159002,-2.791221493,1,-310.3285182,6.236635307,-124.9485961,76.05914896,153.7904596,320.5707206,-26.58676062
0.0652616966,0.09571715501,4.798068614,-3.686391485,2,-378.8233295,6.050697861,-26.15777131,113.332132,127.1972843,296.4086962,-37.53533835
0.0652616966,0.09958451481,4.604030551,-4.038702082,1,-180.8799989,6.124394812,678.1189278,0,-143.7490314,462.5900272,-41.25756584
0.0652616966,0.1034518746,3.542611353,-2.852863679,2,86.39911672,4.548508148,840.1141539,0,-126.9286273,387.5486393,-38.84448113
0.0652616966,0.1073192344,4.447288351,-2.288468404,2,-169.6770262,5.001545892,-62.76401559,32.70749557,119.5948223,-748.0694354,-27.22926889
0.0652616966,0.1111865942,3.348925451,-0.202541049,2,-41.12890243,3.355044642,151.4019689,0,-293.4702427,-895.9998392,-3.460999448
0.0652616966,0.115053954,3.153273068,1.762211241,2,-57.80678347,3.612273454,722.6570057,0,-405.4576146,-701.153262,29.19870528
0.0652616966,0.1189213138,1.557315342,5.303845541,1,11.19043204,5.527748963,-83.80671919,0,-226.149989,-614.9744265,73.636704
0.0652616966,0.1227886736,NaN,NaN,0,318.7564111,4.467276596,-699.8918923,0,76.67190067,69.32418251,58.68331385
0.0691290564,0.01450259924,0.09164919809,0.05299632471,1,-9.90431855,0.1058687203,-61.96804206,0,1.245643646,3.388166334,30.03873044
0.0691290564,0.01836995904,0.07490609247,-0.07338166175,1,-3.629090203,0.1048608171,-42.17261647,0,17.06747601,16.7040587,-44.41100753
0.0691290564,0.02223731884,0.1436202711,-0.1747009619,1,7.083824394,0.2261574857,-14.70622305,0,43.23369445,34.67713608,-50.57664818
0.0691290564,0.02610467864,0.269502042,-0.2643648795,1,58.21793477,0.3775183971,20.68755083,0,77.0528888,61.16782807,-44.44868537
0.0691290564,0.02997203844,0.6667612161,-0.3312527587,1,67.60549791,0.7445125314,64.31700907,0,93.4522213,56.84432299,-26.41858513
0.0691290564,0.03383939824,0.8923701905,-0.2354653138,1,7.490700887,0.9229130354,60.95528665,0,45.84398244,101.2973918,-14.78144962
0.0691290564,0.03770675803,0.8730256262,-0.4872701945,1,-17.09065591,0.9998029738,7.73391929,0,37.23510867,94.65017291,-29.16761726
0.0691290564,0.04157411783,0.9702760372,-0.5716017389,1,52.4078168,1.12612794,45.67453071,0,89.37231171,39.00779438,-30.5028703
0.0691290564,0.04544147763,1.421340395,-0.4614875264,1,64.5430926,1.494382567,39.77918141,0,88.64818672,-5.52520361,-17.98782229
0.0691290564,0.04930883743,1.562721832,-0.3963933815,1,-13.70524052,1.612211909,-5.002095599,0,42.73466684,32.79917275,-14.2332113
0.0691290564,0.05317619723,1.533607632,-0.607678632,1,-14.0179708,1.6496138,11.98609912,0,54.5877555,89.87743893,-21.61551445
0.0691290564,0.05704355703,1.719619787,-0.6976272178,1,36.65998088,1.855741347,47.93851468,0,91.4685833,79.74259088,-22.08174998
0.0691290564,0.06091091682,2.02912689,-0.7306764377,1,93.92455272,2.15667429,64.58580496,0,81.28609015,14.92796356,-19.80364458
0.0691290564,0.06477827662,2.397222383,-0.5055824782,1,126.1606814,2.449956897,78.07747087,0,115.724089,72.97950946,-11.90934777
0.0691290564,0.06864563642,2.964582327,-0.7109607867,1,113.1583966,3.048641273,79.48990073,0,94.23290817,221.1083906,-13.48588361
0.0691290564,0.07251299622,3.199279178,-1.053272133,1,25.29824042,3.368199733,63.69817291,0,41.46701354,245.8107462,-18.22266668
0.0691290564,0.07638035602,3.222787586,-1.415255631,1,23.41284696,3.519844929,88.12023126,0,114.3722318,203.3023162,-23.70820956
0.0691290564,0.08024771582,3.732143652,-1.498722697,1,212.4701179,4.021823711,52.1870687,0,237.86599,71.13699463,-21.87899065
0.0691290564,0.08411507561,4.964399346,-1.488541813,1,120.096431,5.18276158,111.8892019,0,270.9535122,217.0078841,-16.69100622
0.0691290564,0.08798243541,5.244474482,-1.905254463,1,-27.29117954,5.579830388,-88.29496411,0,-30.23456981,21.87494988,-19.96547409
0.0691290564,0.09184979521,4.741926575,-1.914608509,1,-117.6257753,5.113862864,-168.0298742,0,61.6823771,109.7008999,-21.98697127
0.0691290564,0.09571715501,5.028121232,-2.979339294,1,148.8951949,5.844524425,-76.79322984,0,473.6512489,327.640975,-30.64823817
0.0691290564,0.09958451481,7.149537665,-3.478701094,1,-142.5633636,7.950927627,145.8219479,0,118.089015,139.4378491,-25.94584419
0.0691290564,0.1034518746,4.933470121,-2.954649686,2,-403.9353547,5.750572337,337.0555241,0,-441.2463406,81.37054516,-30.91734426
0.0691290564,0.1073192344,3.880915954,-2.489875286,2,-216.9050977,4.610963845,331.3125315,0,-681.825314,-269.8078487,-32.68297167
0.0691290564,0.1111865942,1.457756257,-0.629900894,1,243.0469124,1.588026587,389.8676758,0,-239.4033043,-331.916757,-23.36931901
0.0691290564,0.115053954,3.895007098,0.3015248127,1,267.4559678,3.906660659,-103.139874,10.16470301,-244.6959595,-996.2700077,4.426618898
0.0691290564,0.1189213138,1.545777398,2.82415468,1,307.2167348,3.219515091,121.9125877,0,-930.3964543,-473.6048722,61.3062772
0.0691290564,0.1227886736,NaN,NaN,0,326.0020131,2.998171945,-281.0612677,0,-357.4604229,-167.5214912,60.31151383
0.07299641619,0.01450259924,-0.1024218591,-0.0572177799,1,58.95108791,0.1173205505,-42.35085288,0,8.521972349,-33.21945786,-150.8101727
0.07299641619,0.01836995904,0.02804944124,-0.07487497491,1,38.59851924,0.07995644453,-18.9111328,0,45.9795384,-13.56185945,-69.46319417
0.07299641619,0.02223731884,0.2246719208,-0.0779053446,1,32.52672297,0.2377955313,-14.02295836,0,79.76266085,17.51035793,-19.12406968
0.07299641619,0.02610467864,0.46231289,-0.1968256547,1,42.23614399,0.5024674583,14.56912217,0,80.08072771,62.15893001,-23.06145393
0.07299641619,0.02997203844,0.6977152731,-0.2619522543,1,45.53717029,0.745268801,8.919400585,0,90.64244128,37.10025203,-20.57829033
0.07299641619,0.03383939824,0.9889684452,-0.3058111466,1,19.02810263,1.035171021,18.83980472,0,52.37947689,41.99950697,-17.18277762
0.07299641619,0.03770675803,0.9738740754,-0.3515191557,1,-37.2997774,1.035372605,75.64300986,0,75.5995298,111.2972622,-19.84701182
0.07299641619,0.04157411783,1.137087368,-0.4436989686,1,29.97049661,1.22058857,150.3757319,0,144.2293297,159.6688072,-21.31605626
0.07299641619,0.04544147763,1.64756748,-0.3874588218,1,17.82864253,1.692513794,189.1057362,0,136.3395757,127.0774491,-13.23379381
0.07299641619,0.04930883743,1.733311337,-0.2038132649,1,-32.55760707,1.745253001,136.7110658,0,80.6216333,106.7647123,-6.706389978
0.07299641619,0.05317619723,1.833448363,-0.271645498,1,-31.15812023,1.853462753,59.39627552,0,129.2859988,117.1552227,-8.427688187
0.07299641619,0.05704355703,2.11280715,-0.4271878953,1,-15.34715897,2.155561076,26.93892434,0,133.207564,114.9266646,-11.43051802
0.07299641619,0.06091091682,2.289256955,-0.6119257473,1,62.3731629,2.369630884,53.90639492,0,131.7942471,106.7264817,-14.96546204
0.07299641619,0.06477827662,2.863722385,-0.6314621753,1,202.1692369,2.932516049,35.83769705,33.12796726,169.608565,102.8781113,-12.43495831
0.07299641619,0.06864563642,3.727055481,-0.8711951503,1,167.7388715,3.827521854,33.95307914,38.93976298,109.6937792,119.5438401,-13.1566015
0.07299641619,0.07251299622,3.936654266,-0.9624724432,1,7.74525266,4.052604102,104.0931554,0,48.69661433,151.8396849,-13.73872908
0.07299641619,0.07638035602,3.945336488,-1.055848159,1,-59.13788692,4.084176213,108.207349,0,68.61182444,209.4487869,-14.98236285
0.07299641619,0.08024771582,3.973293391,-1.35400951,1,45.18656452,4.197666271,24.52608135,0,139.726751,172.2553816,-18.81796189
0.07299641619,0.08411507561,4.660462811,-1.627170516,2,177.9110277,4.936354677,-132.8567858,0,125.4727241,27.66141309,-19.2463186
0.07299641619,0.08798243541,5.146587516,-1.974791139,1,91.90319442,5.51245527,-8.481777304,9.228220416,86.80194216,113.2037812,-20.99224969
0.07299641619,0.09184979521,5.351579872,-2.097772352,1,87.3661293,5.748048013,85.80412939,0,73.36357151,203.6240018,-21.40474365
0.07299641619,0.09571715501,5.768187099,-2.430442978,1,-87.08706235,6.259315895,-27.4136868,0,179.0497885,213.8085546,-22.84827118
0.07299641619,0.09958451481,5.707232822,-3.030665551,1,-275.6893343,6.461999703,-272.0054046,0,118.638628,-125.4672654,-27.96928036
0.07299641619,0.1034518746,5.160815511,-2.997158686,2,-266.3181316,5.967996057,-86.86503808,80.17196108,2.033506738,186.1420422,-30.14600278
0.07299641619,0.1073192344,4.685149088,-4.086482158,1,-263.8761995,6.216909072,258.1730567,0,-146.6811549,18.00686762,-41.09559768
0.07299641619,0.1111865942,3.573042504,-2.068349622,1,-709.8320169,4.128523088,741.0514137,0,-785.6816927,-259.1186834,-30.06553298
0.07299641619,0.115053954,-1.09854051,-0.2184645332,1,-347.7771722,1.120052679,-102.1521517,0,-525.130429,-770.799447,-168.7524464
0.07299641619,0.1189213138,0.1971947394,0.5175500478,1,579.4778776,0.5538445785,-74.42246665,177.2083204,-143.6103116,-434.2796653,69.14236948
0.07299641619,0.1227886736,NaN,NaN,0,386.1684859,1.311937674,-12.20142555,0,-184.5211229,-351.2868567,63.41542459
0.07686377599,0.01450259924,-0.2006083836,-0.1420312095,1,33.83521608,0.2457978601,30.80861269,0,43.70074598,-19.45544836,-144.7014161
0.07686377599,0.01836995904,-0.05067865231,-0.04483660499,1,32.50795104,0.06766569993,14.02781485,0,59.98814508,-24.76056343,-138.5000502
0.07686377599,0.02223731884,0.1571073,0.00797740532,1,68.62528348,0.1573097032,-26.57117251,0,90.89327979,-7.651377944,2.906799638
0.07686377599,0.02610467864,0.5662370264,-0.1180062579,1,80.51628235,0.5784028414,-24.93247265,0,97.28679426,17.67847148,-11.77218842
0.07686377599,0.02997203844,0.8447357705,-0.156814447,1,55.33838438,0.8591677908,20.25322987,0,89.83059434,17.27375324,-10.51651901
0.07686377599,0.03383939824,1.127657699,-0.1064835497,1,63.88934505,1.132674107,48.35220815,0,130.3659577,20.90027711,-5.39438552
0.07686377599,0.03770675803,1.595990919,-0.05064795254,1,96.82705967,1.59679436,81.31874868,0,172.5226205,87.3275435,-1.817642146
0.07686377599,0.04157411783,2.169329823,-0.1297217212,1,81.94179717,2.173204916,151.8107764,0,189.0812446,139.5324142,-3.422101584
0.07686377599,0.04544147763,2.644134535,-0.003163107892,1,6.738348947,2.644136427,139.4123847,0,79.88416942,95.18759238,-0.06854138604
0.07686377599,0.04930883743,2.504330268,0.04131146269,1,-68.34441099,2.504670983,108.4517863,0,-42.25784971,104.3198687,0.9450661614
0.07686377599,0.05317619723,2.216395798,0.01281650401,1,-75.41690839,2.216432854,60.55996569,13.56194527,14.3765039,103.0758229,0.3313142011
0.07686377599,0.05704355703,2.268265062,-0.1231126543,1,-7.943219781,2.271603644,4.284437442,0,120.1531623,127.1115485,-3.106744975
0.07686377599,0.06091091682,2.650352019,-0.4622001276,1,36.24326167,2.690352167,-18.56926171,0,135.8176007,112.8882917,-9.892440038
0.07686377599,0.06477827662,2.933686324,-0.6315063116,1,92.82115837,3.000885814,-74.94526632,0,141.9276547,47.42294876,-12.14813667
0.07686377599,0.06864563642,3.558210142,-0.9354420432,1,156.2664537,3.679118268,-65.85663768,0,168.341883,2.249818644,-14.72957095
0.07686377599,0.07251299622,4.189063555,-0.8948984828,1,117.8344709,4.28358457,-4.592514129,10.43924573,113.0899997,-8.274744553,-12.05868596
0.07686377599,0.07638035602,4.451278156,-0.9212015333,1,39.11407519,4.545601114,37.06797674,0,39.51962625,98.66123681,-11.69242329
0.07686377599,0.08024771582,4.493168371,-1.133101781,1,-0.6110860713,4.633840918,36.06452881,0,28.09568547,235.2024696,-14.15391531
0.07686377599,0.08411507561,4.55757099,-1.6913396,1,161.0498776,4.861284087,-60.67323916,18.09431314,137.9406065,144.0868818,-20.36016631
0.07686377599,0.08798243541,5.649472149,-1.924982841,1,144.9155469,5.968424793,-24.28990898,0,192.1822077,47.44425925,-18.81586381
0.07686377599,0.09184979521,5.861249295,-1.968761438,1,-8.412355472,6.183062744,25.84751106,0,34.14182116,32.3401821,-18.56691715
0.07686377599,0.09571715501,5.748977251,-1.950092336,1,-106.0671405,6.07071656,-35.46806936,28.93001466,41.7127832,-39.36438456,-18.73728707
0.07686377599,0.09958451481,5.61236784,-1.953692986,2,-329.0430956,5.942692071,0.2422116008,78.6449111,217.4508834,-8.356674731,-19.19325969
0.07686377599,0.1034518746,5.317410015,-1.916837348,2,-385.3618166,5.652354792,39.26337705,101.3286617,213.8327156,60.71131574,-19.82338507
0.07686377599,0.1073192344,4.94900309,-2.036639881,1,-740.4962944,5.351685117,103.0251552,222.3228728,224.4216089,-153.8939109,-22.36840468
0.07686377599,0.1111865942,3.321563523,-0.9232388808,1,-853.9084609,3.44748521,-54.71354152,255,-291.579454,-481.9496728,-15.53343627
0.07686377599,0.115053954,0.5189891788,-0.3843640428,1,-486.45921,0.6458215583,474.7417676,0,-481.415644,228.8501473,-36.523695
0.07686377599,0.1189213138,-0.4215567767,0.02771248628,1,7.752509282,0.4224666826,136.2959734,0,-121.4689123,-65.8851346,176.2388764
0.07686377599,0.1227886736,NaN,NaN,0,282.2437453,0.4053568943,29.03871427,0,-23.27445564,-162.2186702,78.73188032
0.08073113579,0.01450259924,-0.05851508781,-0.01906422617,1,-24.18005456,0.06154234494,66.47868244,0,47.481289,40.38074919,-161.9543811
0.08073113579,0.01836995904,-0.01345795915,0.03140082277,1,4.502403458,0.03416326002,15.3115836,0,34.4999394,8.258390539,113.1993053
0.08073113579,0.02223731884,0.092321005,0.00821300911,1,62.49469994,0.09268560559,-28.04582069,5.338069265,53.2734313,14.19717773,5.08373185
0.08073113579,0.02610467864,0.4342590575,-0.1319680511,1,96.49133699,0.4538683681,-39.96933993,0,97.57506827,-4.60374573,-16.90363105
0.08073113579,0.02997203844,0.8428456189,-0.1285584681,1,98.02212688,0.8525936999,-9.085394451,0,114.6639711,-30.61064371,-8.672429827
0.08073113579,0.03383939824,1.256792723,-0.04872216744,1,88.90915276,1.257736776,23.47380654,0,113.6177358,5.430157937,-2.220077584
0.08073113579,0.03770675803,1.626089966,-0.05877718693,1,120.5472932,1.627151909,29.02345868,0,139.8431645,24.01487618,-2.070130971
0.08073113579,0.04157411783,2.263816311,-0.02935217686,1,103.9482612,2.26400659,8.18462134,0,136.20525,20.02743704,-0.7428436724
0.08073113579,0.04544147763,2.554850001,-0.1045776163,1,48.55559794,2.556989441,-41.70312882,0,27.04108471,-22.67852974,-2.343978289
0.08073113579,0.04930883743,2.556175882,-0.1029271465,1,5.884121101,2.558247279,9.076923178,0,-28.78428336,-37.51702219,-2.305829981
0.08073113579,0.05317619723,2.466286834,0.0756179349,1,8.624390905,2.467445809,43.47960879,0,8.127818607,-0.7712647816,1.756175145
0.08073113579,0.05704355703,2.620962704,0.06820690297,1,16.36869751,2.621850048,-8.839551519,0,32.17494893,69.36726201,1.490706385
0.08073113579,0.06091091682,2.65402258,-0.2268359517,1,-32.89419702,2.663698633,-64.0796806,0,68.14330345,67.73029183,-4.885125734
0.08073113579,0.06477827662,2.757283681,-0.4415496854,1,67.13789531,2.792414622,-103.5593352,0,146.7140576,50.97998872,-9.098063023
0.08073113579,0.06864563642,3.481065026,-0.8244951203,1,142.0035705,3.577374165,-140.1055049,0,150.0841391,-0.6637764141,-13.32503545
0.08073113579,0.07251299622,3.886891947,-0.9808210203,1,160.9153383,4.008732827,-94.05059968,28.57201961,94.86256124,-34.63419194,-14.16239686
0.08073113579,0.07638035602,4.470250192,-1.054279747,1,181.6492326,4.592890437,-35.07256695,44.16399372,111.9589621,32.71762825,-13.27034587
0.08073113579,0.08024771582,5.022380475,-1.242990096,1,104.306301,5.173908582,-9.957697717,31.81498744,28.29144364,161.2864246,-13.90082327
0.08073113579,0.08411507561,4.983053379,-1.716542381,1,19.3691813,5.270421115,-3.672874944,0,35.90192228,138.2854347,-19.00760131
0.08073113579,0.08798243541,5.236133719,-1.791993956,1,-11.93823347,5.534287548,-64.29343812,0,165.4174206,-8.271327316,-18.8927978
0.08073113579,0.09184979521,5.576612617,-1.933200041,1,-37.78392091,5.902192023,70.90104881,0,100.5268175,88.20765832,-19.11949091
0.08073113579,0.09571715501,5.478783075,-1.858924841,1,-102.272012,5.785556633,269.2456328,0,127.9325819,6.528071818,-18.74182823
0.08073113579,0.09958451481,5.675851273,-0.9171767069,1,-186.3200453,5.749478306,167.9948741,0,204.0764857,-136.8815952,-9.179237575
0.08073113579,0.1034518746,5.547453619,-0.6798578409,1,-386.5808832,5.588957715,101.8275118,116.0317522,79.54196591,-43.58933226,-6.98693693
0.08073113579,0.1073192344,4.488421308,-0.3547974502,1,-801.0311927,4.502422355,88.83089442,241.1017628,-246.1640689,-114.4697694,-4.519676887
0.08073113579,0.1111865942,1.497572764,0.1063789735,1,-495.0016124,1.501346285,71.74625017,134.864324,-246.0514267,31.45049038,4.063138469
0.08073113579,0.115053954,1.622502576,-0.1989592487,1,-182.5279142,1.634655741,131.032814,30.5576932,-83.30563393,153.9359472,-6.990988929
0.08073113579,0.1189213138,0.4694987866,0.01780431679,1,-191.5938218,0.4698362526,125.979139,0,-209.3104829,76.6837073,2.171727937
0.08073113579,0.1227886736,0.07206138458,-0.008316077992,1,-44.84185216,0.07253964641,-30.03912077,0,-160.6923741,-16.53099319,-6.582966933
0.08459849559,0.01450259924,0.2126554863,0.1351089897,1,-61.92020149,0.251946016,42.57141756,0,-27.12275143,75.63497177,32.42951486
0.08459849559,0.01836995904,0.0404749181,0.07117465956,1,-13.87241242,0.08187827037,-4.781064525,0,-14.33956605,37.3131694,60.37439419
0.08459849559,0.02223731884,0.103549615,-0.0276845583,1,45.89558144,0.1071865548,-11.9984099,0,45.47992204,35.83518932,-14.96825746
0.08459849559,0.02610467864,0.3938568668,-0.1138150791,1,57.61861401,0.4099720768,-4.047300301,0,94.3370674,12.70053096,-16.11801096
0.08459849559,0.02997203844,0.6912169084,-0.09245444764,1,97.34595279,0.6973726689,24.82667153,0,121.3000761,-1.777656876,-7.618439224
0.08459849559,0.03383939824,1.239439729,-0.01092656893,1,133.0175583,1.239487891,15.05779157,0,153.9721174,-15.04816649,-0.5050911734
0.08459849559,0.03770675803,1.801109243,0.02397612426,1,110.4306746,1.801268819,10.2909971,0,158.2270994,8.75138621,0.7626686714
0.08459849559,0.04157411783,2.278436004,-0.00497233968,1,56.40756451,2.278441429,4.101513812,0,97.19548383,32.63353603,-0.1250391168
0.08459849559,0.04544147763,2.395147497,-0.08636747144,1,-7.779706624,2.396704169,42.68870905,0,37.75006761,65.38930995,-2.065154015
0.08459849559,0.04930883743,2.394342173,-0.09276373098,1,-6.542167593,2.396138467,41.50288735,0,3.029909457,16.35302885,-2.218694326
0.08459849559,0.05317619723,2.381564331,0.01089608027,1,29.0686505,2.381589257,71.5331091,0,-1.141245497,63.57431043,0.2621365498
0.08459849559,0.05704355703,2.502347496,-0.06198419295,1,40.48005655,2.503115066,44.52096076,0,32.67215318,65.81399908,-1.418950234
0.08459849559,0.06091091682,2.664470246,-0.07145176011,1,-27.36632432,2.665428117,-8.357921735,0,86.32012967,59.32972085,-1.536103991
0.08459849559,0.06477827662,2.730343073,-0.3237566607,1,-11.80968884,2.749471162,-61.07637165,0,102.1386094,154.2487753,-6.762401369
0.08459849559,0.06864563642,3.013804682,-0.9041915772,1,106.0535336,3.146518881,-80.10964503,0,142.4493579,133.6257507,-16.70011931
0.08459849559,0.07251299622,3.691393166,-1.150348338,1,173.5092834,3.866482225,-19.2980912,0,195.8295298,54.79051739,-17.3085936
0.08459849559,0.07638035602,4.44217076,-1.190718884,1,176.1114633,4.598988207,-27.53153109,0,182.5357567,44.02380926,-15.00532877
0.08459849559,0.08024771582,5.078411006,-1.427078584,1,95.88508466,5.275112475,-44.55843054,15.94570047,68.56701317,68.35649887,-15.69583451
0.08459849559,0.08411507561,5.078166192,-1.627401542,1,6.043009823,5.332561078,187.0802013,0,69.05398196,138.4698109,-17.76911252
0.08459849559,0.08798243541,5.368838093,-1.239084714,1,105.8727446,5.509968548,169.6369723,0,255.7211573,119.5931431,-12.99585372
0.08459849559,0.09184979521,6.476579912,-1.433864049,1,36.8407324,6.633404365,34.62712383,0,337.2272033,-11.72914504,-12.48347904
0.08459849559,0.09571715501,6.815493389,-1.059808344,1,-290.7518179,6.89740124,154.2428395,71.96370908,98.40203237,-101.7392683,-8.83869943
0.08459849559,0.09958451481,5.732694084,-0.4438891362,1,-305.8881668,5.749853827,58.11044134,95.35379212,-23.23957047,-186.4067002,-4.427643838
0.08459849559,0.1034518746,5.54263801,-0.1141725806,1,-293.9490023,5.543813803,-4.591976577,91.23479472,65.66774737,-147.6146307,-1.180066602
0.08459849559,0.1073192344,4.849848336,0.1092309264,1,-369.3400397,4.851078259,59.24807792,111.4823437,-101.7760848,19.50167524,1.290228628
0.08459849559,0.1111865942,3.720662449,0.03954105925,1,-464.4473273,3.720872553,255.7271429,36.44211857,-370.4329514,284.1358551,0.6088836485
0.08459849559,0.115053954,1.62106591,-0.0006357850331,1,-490.0890904,1.621066034,18.30893495,99.04523093,-378.3196578,39.08416149,-0.02247150902
0.08459849559,0.1189213138,0.3622133676,-0.0408042167,1,-218.3570622,0.3645044688,8.541878964,0,-226.898216,21.43357324,-6.42741113
0.08459849559,0.1227886736,-0.1008964533,-0.0504926052,1,-104.58292,0.1128255178,-35.40678669,0,-134.9137108,-30.39644941,-153.4147915
0.08846585539,0.01450259924,0.3986315502,0.1155100333,1,-57.36321631,0.4150297346,19.02318338,0,-90.68411816,63.4544575,16.15981278
0.08846585539,0.01836995904,0.1123553954,0.02959417161,1,-16.93436411,0.1161875633,10.19565847,0,-38.43290294,38.35557488,14.75642103
0.08846585539,0.02223731884,0.1845064075,0.006605504648,1,38.25404043,0.1846246113,18.84438292,0,53.6352166,23.90177432,2.050367639
0.08846585539,0.02610467864,0.4677242139,0.01003541941,1,75.34900909,0.4678318607,17.55690875,0,117.9296314,28.55272028,1.229140918
0.08846585539,0.02997203844,0.9319844516,-0.03591925481,1,86.75654734,0.9326763698,91.81948839,0,117.2859451,86.05813347,-2.207122261
0.08846585539,0.03383939824,1.256829946,0.03231665182,1,85.54198311,1.257245354,69.68470492,0,112.9782741,27.79875477,1.472911957
0.08846585539,0.03770675803,1.699733714,0.1260687849,1,121.6920729,1.704402545,40.98796917,0,175.4238096,16.14602641,4.241845343
0.08846585539,0.04157411783,2.405883966,0.1283893826,1,133.3833234,2.409307264,55.58285966,0,195.8058235,69.69232594,3.054677121
0.08846585539,0.04544147763,2.972826586,0.07150240225,1,28.5275248,2.97368635,65.96649848,0,68.19002419,116.2069398,1.377812003
0.08846585539,0.04930883743,2.779925527,-0.06590848054,1,-19.33330521,2.78070672,76.69031497,0,23.46254349,105.8360398,-1.358155252
0.08846585539,0.05317619723,2.988795836,-0.04121460239,1,18.92782674,2.989079991,101.9009129,0,50.30342642,75.03001974,-0.7900416215
0.08846585539,0.05704355703,3.047667692,0.03801093136,1,-58.68770852,3.047904721,123.7555883,0,23.09573455,58.06605184,0.7145638066
0.08846585539,0.06091091682,2.851148867,0.2128304701,1,-37.05328857,2.859081438,92.88266932,0,55.13983886,102.9364401,4.269055721
0.08846585539,0.06477827662,3.117614889,-0.0008706176807,1,47.77648307,3.117615011,81.32462579,0,168.6197763,313.1545795,-0.01600028199
0.08846585539,0.06864563642,3.688031061,-0.6837393728,1,30.72298141,3.750876249,98.83221906,0,203.6847507,329.9019994,-10.50305224
0.08846585539,0.07251299622,4.024153929,-0.8945005969,1,8.721888594,4.122371425,38.50139836,0,210.0321835,127.8893369,-12.53212053
0.08846585539,0.07638035602,4.534031766,-1.029434693,1,28.464825,4.649427904,-41.42096193,0,253.4490118,76.00755111,-12.791924
0.08846585539,0.08024771582,5.114416168,-1.348638907,1,55.9544101,5.289241878,-130.1652591,0,385.7010685,-15.50781548,-14.77226578
0.08846585539,0.08411507561,6.242072408,-1.472856281,1,28.69133003,6.413483732,12.38250782,0,292.0118206,-22.82566674,-13.2764643
0.08846585539,0.08798243541,6.35469064,-1.212476229,1,-127.4593657,6.469326992,35.43126524,38.37338871,-21.7134806,-145.9221227,-10.80221108
0.08846585539,0.09184979521,5.66516734,-0.7714974789,1,-208.985191,5.717458294,-116.8712002,54.03662948,35.00154344,-338.8700283,-7.754985104
0.08846585539,0.09571715501,5.681833276,-0.3539268855,1,-195.4775943,5.692845827,-122.0114252,43.2368355,69.94392645,-366.9911116,-3.564404077
0.08846585539,0.09958451481,5.179683479,0.1759271115,1,-229.3931915,5.182670286,-28.44062198,71.21887336,42.4394535,-303.7799906,1.945294076
0.08846585539,0.1034518746,4.958815905,0.7109095198,1,-198.1008102,5.009515698,-123.1455831,38.2872571,98.10790492,-253.4777858,8.158490509
0.08846585539,0.1073192344,4.792974937,0.6799686326,1,-319.6175439,4.840967475,-102.2015819,95.77761306,-35.50811249,-39.89987193,8.074541133
0.08846585539,0.1111865942,3.585417219,0.4699663914,1,-518.5859865,3.616086979,-88.87047994,142.9843977,-243.8237093,26.62828254,7.467596128
0.08846585539,0.115053954,1.84446233,0.2332933618,1,-480.0440489,1.859157626,-2.794998399,120.4325102,-295.677045,122.6636646,7.20867056
0.08846585539,0.1189213138,0.5854246454,-0.01522739819,1,-301.9257465,0.5856226507,27.8970538,64.49929168,-222.1748908,120.7018456,-1.489976509
0.08846585539,0.1227886736,-0.1824234053,-0.1256161589,1,-194.7430991,0.2214897699,-56.63965578,0,-202.3485038,0.4477456915,-145.4488293
0.09233321519,0.01450259924,0.531626199,0.006245073443,1,-59.41621887,0.5316628785,20.06914456,0,-97.47954913,29.48797271,0.6730290835
0.09233321519,0.01836995904,0.2282400061,-0.01196792521,1,-29.64867574,0.228553564,15.63484545,0,-38.29478638,9.027001346,-3.001595537
0.09233321519,0.02223731884,0.268864385,0.03179998406,1,43.96408245,0.2707384282,12.75512426,0,44.96981672,-3.490437658,6.745331707
0.09233321519,0.02610467864,0.5721793925,0.05085950786,1,138.2252908,0.5744353286,19.70929,0,148.8618552,21.30889969,5.079520175
0.09233321519,0.02997203844,1.379133672,0.02561371786,1,121.2683374,1.379371505,91.64574616,0,148.7515221,80.18574906,1.063993476
0.09233321519,0.03383939824,1.616443342,0.09517943995,1,78.27945088,1.619243096,156.8693507,0,87.96659858,103.5610536,3.369800033
0.09233321519,0.03770675803,2.022066961,0.2317760828,1,148.1487535,2.035307089,110.9666949,0,148.3007464,74.4408749,6.538896542
0.09233321519,0.04157411783,2.76292022,0.2364379279,1,141.5541183,2.773018398,53.98010239,0,137.0883728,96.58136196,4.891191286
0.09233321519,0.04544147763,3.099677729,0.0670216842,1,47.97822674,3.10040222,39.05509787,0,39.24330346,81.38235021,1.238664698
0.09233321519,0.04930883743,3.10023726,0.0727432138,1,-35.57855563,3.101090557,73.54349426,0,26.82379182,56.68053547,1.344127617
0.09233321519,0.05317619723,3.065819907,0.1322368131,1,-13.14283594,3.068670441,55.47464307,0,40.36552627,8.52825003,2.469785633
0.09233321519,0.05704355703,3.205517198,0.2543018069,1,31.26383032,3.21558858,58.47260105,0,60.77655623,18.94811161,4.535919549
0.09233321519,0.06091091682,3.421773198,0.2850922346,1,144.3417048,3.433629188,92.75126563,0,127.2696657,121.379058,4.76271825
0.09233321519,0.06477827662,4.255936093,0.1435878335,1,97.27701948,4.258357605,90.92736987,0,225.9670101,225.483875,1.932326354
0.09233321519,0.06864563642,4.671874163,-0.2352861839,1,-141.1322623,4.677795184,142.2641787,0,161.5466838,275.5325728,-2.883109581
0.09233321519,0.07251299622,4.334886006,-0.3718089959,1,-163.0260118,4.350802065,136.9936539,0,138.2171957,159.059845,-4.902337755
0.09233321519,0.07638035602,4.575929545,-0.3206240843,1,-156.1830844,4.587148461,70.75375385,0,202.7664946,13.87273071,-4.008023285
0.09233321519,0.08024771582,4.515040813,-0.1518296137,1,-172.7237504,4.517592919,-47.62958435,0,292.1461001,26.94904126,-1.925989067
0.09233321519,0.08411507561,5.037778739,-0.6090464628,1,-182.0825205,5.074460781,-264.7393123,0,292.3617294,-89.34892939,-6.893366928
0.09233321519,0.08798243541,4.941530192,-0.8301273296,1,-205.9460296,5.0107716,-212.2735556,0,122.241862,-242.9836288,-9.536074835
0.09233321519,0.09184979521,4.714064606,-0.4902795606,1,-138.6270453,4.739491445,-5.052413509,10.97096708,134.1833016,-211.084318,-5.937618605
0.09233321519,0.09571715501,4.924344637,-0.033327825,1,-106.4438242,4.924457417,-1.112881222,31.7095262,37.61465459,-284.9408995,-0.387770292
0.09233321519,0.09958451481,4.447877443,0.6073855068,1,-135.3672071,4.489157037,-165.0939658,0,-81.38136218,-440.3983018,7.776000761
0.09233321519,0.1034518746,4.086099934,1.031373096,1,-2.009508768,4.214254754,-113.1134069,0,-36.15258739,-268.4128474,14.16613797
0.09233321519,0.1073192344,4.300290886,1.20798432,1,-200.1072595,4.466735701,84.90814172,56.02838771,43.37230644,66.60817695,15.6904553
0.09233321519,0.1111865942,3.479949477,1.102145644,1,-429.6210349,3.650311409,-27.61111733,128.6849659,-143.2891239,100.5400224,17.57367757
0.09233321519,0.115053954,2.08464117,0.7123777539,1,-597.4793526,2.203000425,97.68404284,186.7378382,-60.08829886,313.4706909,18.86667267
0.09233321519,0.1189213138,0.936898777,0.2676210365,1,-745.5491506,0.9743717656,22.56088455,234.0012179,124.2332962,227.4249874,15.94175876
0.09233321519,0.1227886736,-0.3182107873,-0.07990544142,1,-346.6532838,0.3280899035,907.3403335,0,-302.4249659,1087.063191,-165.9039944
0.09620057498,0.01450259924,0.5902867532,-0.03169456,1,-96.73881509,0.5911370367,4.855145808,0,-101.0990603,-9.548019327,-3.073459445
0.09620057498,0.01836995904,0.2077316302,-0.003843449096,1,-49.44234676,0.2077671829,-12.68381053,3.869352737,-46.21735095,-23.59295866,-1.059965152
0.09620057498,0.02223731884,0.220336284,0.01049504091,1,56.62178626,0.2205860919,-14.90295207,5.687162684,51.62381367,-29.12823576,2.727047028
0.09620057498,0.02610467864,0.6263563118,0.05117084113,1,168.2578683,0.6284430637,10.67361316,0,187.5875808,-4.808025816,4.6704671
0.09620057498,0.02997203844,1.596518668,0.07036810911,1,191.5721291,1.598068687,-13.62705387,0,231.8825779,-18.43899205,2.523733633
0.09620057498,0.03383939824,2.264008022,0.06978033742,1,106.1265283,2.265083138,112.5146617,0,105.9698035,97.95990344,1.765388407
0.09620057498,0.03770675803,2.416771495,0.1266565962,1,127.4952756,2.420088088,204.5263473,0,59.75166693,193.8372977,2.999975628
0.09620057498,0.04157411783,2.98815932,0.111118738,1,161.850827,2.990224657,189.0957424,0,102.3681982,212.0921249,2.129639626
0.09620057498,0.04544147763,3.438601531,0.03772131108,1,36.52480834,3.438808426,252.0170001,0,39.85530603,235.3893485,0.6285070293
0.09620057498,0.04930883743,3.283548704,0.1754238493,1,-28.45889573,3.288231381,180.1344896,0,-23.84642097,147.0369289,3.058124226
0.09620057498,0.05317619723,3.236318052,0.1657214865,1,-0.8958360385,3.240558308,61.41829857,0,17.32377213,67.43702696,2.931373074
0.09620057498,0.05704355703,3.347081443,0.1521472611,1,56.92483266,3.350537715,37.58623034,0,57.61062392,42.47709513,2.602685122
0.09620057498,0.06091091682,3.679267872,0.1468067526,1,126.5471672,3.682195581,102.7114126,0,130.5299153,13.5879187,2.284951234
0.09620057498,0.06477827662,4.341291017,0.4968198786,1,144.4447605,4.369626722,64.15910799,0,275.6179268,-23.76192356,6.528560567
0.09620057498,0.06864563642,5.303801422,0.4868290155,1,-49.20134139,5.326097259,-27.8454053,0,263.2513276,30.67115821,5.244409485
0.09620057498,0.07251299622,5.169099329,0.2705152733,1,-240.2895167,5.176172948,90.72155008,58.43158478,125.8733219,123.8388558,2.995736004
0.09620057498,0.07638035602,4.86131283,0.3587524786,1,-207.6314673,4.874532364,120.1076807,0,172.811262,73.90955073,4.220631438
0.09620057498,0.08024771582,5.034437067,0.4491800639,1,-187.5769609,5.054435608,151.9585973,0,190.5177133,151.12137,5.098515542
0.09620057498,0.08411507561,4.872685777,0.3619903377,1,-310.798457,4.886113352,-10.72435689,76.4986416,196.9249663,90.7494275,4.248681326
0.09620057498,0.08798243541,4.594047307,0.0567444296,1,-268.9126271,4.59439774,-16.92267868,23.88022353,257.691291,3.357836303,0.7076659825
0.09620057498,0.09184979521,4.829288833,0.2835582893,1,-272.5592862,4.837606427,106.1144648,0,267.7790423,68.24504947,3.36034177
0.09620057498,0.09571715501,4.575560384,0.2031990841,1,-413.3647234,4.580070163,-26.06216538,127.3396403,-101.5244805,-52.21734976,2.542815344
0.09620057498,0.09958451481,2.838027025,0.3847097979,1,-173.0488411,2.86398307,-74.64389206,35.47813376,-109.3773706,-171.7817033,7.719696166
0.09620057498,0.1034518746,3.483316607,0.5788659501,1,411.7511355,3.531087704,-66.18672023,103.1961114,245.2645455,-386.0126439,9.435324139
0.09620057498,0.1073192344,5.378943057,1.621591718,1,89.11600827,5.618059105,-2.160120321,28.18489553,10.21349476,-260.3334,16.77650052
0.09620057498,0.1111865942,3.867459534,1.577314913,2,-273.5970114,4.176741024,49.96130808,44.85531771,-229.1742694,-128.4514172,22.18772979
0.09620057498,0.115053954,3.434545618,2.311577919,1,-581.5390767,4.139987449,206.4861346,173.0461608,-17.12505037,-251.5057382,33.94203158
0.09620057498,0.1189213138,1.552209957,3.34853427,1,111.8734493,3.690804453,-377.4711341,0,947.2747046,208.4963935,65.12996273
0.09620057498,0.1227886736,7.530652609,0.04543065987,1,1297.612539,7.530789644,-433.2883313,0,1794.131164,1274.907328,0.3456477983
0.1000679348,0.01450259924,0.5134771686,-0.0106175637,1,-109.0970127,0.5135869306,-28.65162402,0,-110.9665467,-34.40327795,-1.184580241
0.1000679348,0.01836995904,0.08794468731,0.0005042939024,1,-51.71274669,0.08794613316,-24.22814123,0,-55.56902974,-30.19825797,0.3285428199
0.1000679348,0.02223731884,0.09857993931,0.01247102577,1,58.75207732,0.09936564254,1.439191858,0,72.32417839,-30.91108685,7.210001656
0.1000679348,0.02610467864,0.5948637292,0.1256144612,1,137.1561815,0.6079817836,-3.623230625,0,161.8961064,-47.33204228,11.92370008
0.1000679348,0.02997203844,1.255122735,0.1815087268,1,219.3786175,1.268179206,-89.38712992,0,255.2502199,-81.36068958,8.228743513
0.1000679348,0.03383939824,2.430424214,0.09457332856,1,285.7362777,2.432263549,-103.0302265,0,310.9394627,-48.28446611,2.228384708
0.1000679348,0.03770675803,3.562682506,-0.03021282593,1,225.934245,3.562810612,7.573443514,0,261.228557,30.37352748,-0.4858771205
0.1000679348,0.04157411783,4.31445805,0.006397200432,1,163.192689,4.314462792,52.51306639,0,204.4925056,24.0402196,0.08495442826
0.1000679348,0.04544147763,4.984653446,0.0799019171,1,-23.39110385,4.985293802,-6.748164324,0,36.59618527,-28.51601558,0.9183488138
0.1000679348,0.04930883743,4.365526851,0.09058131328,1,-191.9364118,4.366466496,0.268611455,24.84247896,-175.369375,-31.48345781,1.188672643
0.1000679348,0.05317619723,3.564149813,0.2026985933,1,-136.6595063,3.569909048,28.14026538,33.33610727,-83.22589641,-14.87944416,3.254991424
0.1000679348,0.05704355703,3.515150884,0.2569540085,1,-2.894834466,3.524529912,30.68764354,0,82.3792268,5.400014102,4.18082797
0.1000679348,0.06091091682,3.871544556,0.3004949548,1,37.5960984,3.883188699,78.82759832,0,194.349131,-23.03198436,4.438188241
0.1000679348,0.06477827662,4.41216654,0.6508816637,1,63.35258542,4.459917097,110.6174108,0,146.4178658,-63.29600491,8.391733982
0.1000679348,0.06864563642,4.682802366,0.973080707,1,-26.45222152,4.782836403,-59.18481846,0,221.0298645,-160.9060967,11.73893322
0.1000679348,0.07251299622,5.164668294,1.044274446,1,-109.1204986,5.269184729,6.167911683,0,275.503161,-39.75595754,11.43085468
0.1000679348,0.07638035602,5.326263986,1.150684833,1,-155.3441493,5.449143385,86.83741742,0,290.4471209,18.02455873,12.19081012
0.1000679348,0.08024771582,5.687160095,1.310398529,1,-245.43496,5.836174625,72.03569419,0,250.8651489,19.33362576,12.97526459
0.1000679348,0.08411507561,5.34726448,1.354502693,1,-483.0281385,5.516150376,-1.047966763,126.0946703,276.6625376,25.83317214,14.21446758
0.1000679348,0.08798243541,4.889070066,1.206439493,1,-495.4834982,5.035722626,153.9992365,0,506.1137742,90.67425813,13.86153107
0.1000679348,0.09184979521,5.388375582,1.599403169,1,-293.5698099,5.620736777,120.7714693,46.40960864,224.4113936,129.5032401,16.53219126
0.1000679348,0.09571715501,4.621609587,1.172670594,1,-401.1513847,4.768063705,-98.18298881,120.6207005,-88.4628946,94.65585101,14.23755285
0.1000679348,0.09958451481,3.494861002,0.8536259922,1,-468.8444465,3.597600695,-10.86100592,144.1403667,-121.8239719,192.161491,13.72585096
0.1000679348,0.1034518746,2.337282292,0.3875095511,1,-69.66394382,2.369188081,-83.29947858,0,15.43392266,-96.02493505,9.413718364
0.1000679348,0.1073192344,3.285133998,0.902839911,2,275.6913653,3.406937818,-290.1976663,0,-58.71706341,-519.4069631,15.36697703
0.1000679348,0.1111865942,3.176399984,1.273944371,2,62.35032608,3.422345851,228.4947298,0,-417.7865681,-286.6706703,21.85401709
0.1000679348,0.115053954,1.910534165,2.895169869,1,307.159183,3.468738872,801.7081009,0,-1055.211466,226.5162356,56.57902058
0.1000679348,0.1189213138,0.2834126582,3.498418267,1,147.989378,3.509879358,-466.319486,0,117.3333679,-193.5599821,85.36848836
0.1000679348,0.1227886736,NaN,NaN,0,436.3167163,3.465624779,-1273.612413,0,935.7925087,-416.1242953,32.07429384
0.1039352946,0.01450259924,0.3464307603,-0.03892472063,1,-95.63567535,0.348610679,-12.61354863,0,-84.94519452,-23.04321565,-6.410826319
0.1039352946,0.01836995904,-0.002754837976,-0.01875708316,1,-30.8207882,0.01895830427,7.286636102,0,-31.25590252,-19.0641471,-98.35525173
0.1039352946,0.02223731884,0.1063578621,0.06298323897,1,53.0324309,0.1236077798,13.48778507,0,58.68429531,-29.33370662,30.63326472
0.1039352946,0.02610467864,0.4292939378,0.1468490323,1,116.2812237,0.4537156856,-26.40773435,17.9116591,98.28830093,-64.18887464,18.88433297
0.1039352946,0.02997203844,0.9361754155,0.2090965021,1,179.3301167,0.9592422821,-98.96634868,13.11721857,143.7651706,-104.2415469,12.59046953
0.1039352946,0.03383939824,1.678819663,0.1672501218,1,201.1503356,1.687130127,-186.6433484,0,219.6407867,-200.6208163,5.689241873
0.1039352946,0.03770675803,2.563526085,0.2631523996,1,140.546008,2.576997318,-235.0060955,0,274.5689131,-261.7917766,5.861026461
0.1039352946,0.04157411783,3.284218421,0.2708399882,1,36.68924885,3.295367193,-265.1893324,0,154.3186254,-266.885927,4.714349275
0.1039352946,0.04544147763,3.30222226,0.2697137414,1,-51.11721379,3.313218579,-309.0190533,0,19.72919581,-300.9139253,4.669350271
0.1039352946,0.04930883743,3.162829662,0.2394945418,1,-57.76418361,3.171884157,-213.2114674,0,53.98386804,-239.7553488,4.330264828
0.1039352946,0.05317619723,3.287602419,0.3723684813,1,-15.79293594,3.308623271,-50.86866943,0,99.52337604,-113.5569654,6.46203542
0.1039352946,0.05704355703,3.4866454,0.4819327375,1,15.91225517,3.519794782,13.94571144,0,141.1579941,-84.4828465,7.869698905
0.1039352946,0.06091091682,3.895049587,0.7530271293,1,43.99407354,3.967172941,-7.123646595,0,224.3167572,-94.03835959,10.9419615
0.1039352946,0.06477827662,4.52429992,0.8180632044,1,8.510895481,4.597664317,40.34823073,0,135.6652627,-138.3018542,10.24922135
0.1039352946,0.06864563642,4.452630665,1.443931286,1,-10.8178641,4.68090348,68.49441146,0,143.9583986,-174.5474043,17.9672169
0.1039352946,0.07251299622,5.039202271,1.757993352,1,-32.17818658,5.337049761,26.63990823,0,242.7148831,-138.5519702,19.23201135
0.1039352946,0.07638035602,5.266851821,2.082787715,1,-112.9090116,5.663720753,5.67470216,0,203.0461722,-152.1998771,21.57642474
0.1039352946,0.08024771582,5.387795102,2.368551153,1,-266.0851868,5.885437165,67.26140456,55.68619852,188.9491684,-247.4752287,23.73097178
0.1039352946,0.08411507561,4.968539084,3.299987518,1,-342.503808,5.964587014,128.3577068,0,381.934492,-275.4656723,33.5911832
0.1039352946,0.08798243541,5.540287744,3.930281455,1,-382.6268388,6.792782979,-144.4896606,0,596.8950068,117.500327,35.35189868
0.1039352946,0.09184979521,5.797191183,2.286777972,2,-204.7797812,6.231916166,-26.89138532,62.80156886,-48.20109517,624.1479816,21.52740451
0.1039352946,0.09571715501,4.561919673,1.41247798,1,-414.4381317,4.775584273,336.9981632,54.68536721,-169.4252966,481.8037077,17.20375863
0.1039352946,0.09958451481,3.539181233,1.726762831,1,-341.2507574,3.937958059,-15.0250853,101.9801641,-116.97273,115.4277271,26.00769989
0.1039352946,0.1034518746,2.789804579,0.9079700179,1,-244.5928542,2.93384034,60.9544253,69.87112698,-89.29657931,422.557405,18.02800061
0.1039352946,0.1073192344,2.247910661,0.3283140042,1,228.69458,2.271759764,-213.4001719,26.05590498,-8.216603889,93.6613091,8.309466176
0.1039352946,0.1111865942,3.64247224,-0.2795472094,2,801.6244631,3.653183634,-611.1914276,0,533.433222,238.3580674,-4.388650959
0.1039352946,0.115053954,7.41105908,-2.957199559,1,-646.7712822,7.979274775,904.6191236,0,-553.5963723,-2.853633282,-21.75324661
0.1039352946,0.1189213138,-0.9997813702,3.229976449,1,-416.5707257,3.381170012,703.6187801,0,-1242.242166,-572.2601339,107.1989743
0.1039352946,0.1227886736,NaN,NaN,0,642.6317578,2.213716595,-567.7997697,0,389.3974641,80.13228438,63.26616028
0.1078026544,0.01450259924,0.3755796318,0.03072637209,1,-103.8957748,0.3768344063,-17.6603176,0,-68.40927793,-1.160781238,4.676982865
0.1078026544,0.01836995904,0.04239681476,-0.001178449715,1,-57.43586837,0.04241318952,22.54545499,13.83939065,-30.03506531,21.61395467,-1.592167118
0.1078026544,0.02223731884,0.03729805937,0.03432881897,1,24.48144455,0.05069135078,8.101310349,0,27.77571317,-6.691159926,42.62620406
0.1078026544,0.02610467864,0.2444940457,0.05602935514,1,74.20957133,0.25083187,-51.8933081,11.95553275,37.48074258,-54.38530926,12.90729059
0.1078026544,0.02997203844,0.4692446893,0.0439662841,1,121.8545304,0.4712999178,-85.18840188,21.22870779,56.10675123,-113.6453354,5.352749985
0.1078026544,0.03383939824,0.9327343518,0.1660825559,1,157.4466494,0.9474052915,-93.68305921,0,145.6391144,-208.5251501,10.09626466
0.1078026544,0.03770675803,1.641386388,0.4881019694,1,128.5096476,1.71242308,-129.1850358,0,213.8420599,-205.5238772,16.56099156
0.1078026544,0.04157411783,2.256731582,0.4613123224,1,102.0994078,2.3033989,-201.7040824,0,152.4506803,-167.0004337,11.55301809
0.1078026544,0.04544147763,2.625823165,0.3538904734,1,-8.35795798,2.649563315,-150.4720315,0,100.6714826,-166.3585579,7.675682782
0.1078026544,0.04930883743,2.613741196,0.5227512358,1,-20.1760563,2.66550406,-111.0651906,0,98.37761331,-187.2871623,11.30999563
0.1078026544,0.05317619723,2.928256723,0.6486682623,1,32.94096814,2.999242896,-77.67371361,0,129.6033102,-134.1911105,12.49047656
0.1078026544,0.05704355703,3.242358404,0.7413243443,1,31.80380074,3.326026128,7.025152779,0,110.9442202,-83.2688483,12.87859286
0.1078026544,0.06091091682,3.48031468,0.9978676521,1,78.01859927,3.620542794,-9.871985607,0,126.5101418,-113.6401965,15.99853167
0.1078026544,0.06477827662,4.033344634,1.142633351,1,54.64437307,4.192073463,-34.59227306,0,150.2350914,-182.9592678,15.81725263
0.1078026544,0.06864563642,4.272657285,1.571656203,1,97.19141515,4.552549121,71.47277195,0,83.42778933,-177.9872087,20.19556383
0.1078026544,0.07251299622,4.731864085,2.107384852,1,41.63543977,5.179923612,-15.96315614,0,84.27504064,-223.0659465,24.00629761
0.1078026544,0.07638035602,4.759598415,2.372597208,1,-43.64358226,5.31817587,-32.02494513,0,110.4447917,-280.9790894,26.4956514
0.1078026544,0.08024771582,4.990208396,3.070180101,1,-136.7000171,5.859026002,64.59249872,0,141.5474155,-396.592686,31.60152766
0.1078026544,0.08411507561,4.778345049,4.156166251,1,-161.7941891,6.332953443,219.7619425,0,108.6530788,-277.844409,41.01648475
0.1078026544,0.08798243541,4.784692603,4.9946029,1,286.5246888,6.916598979,-390.4825979,0,468.4701491,114.0520378,46.22965172
0.1078026544,0.09184979521,7.698181732,2.204949284,1,197.3319808,8.00773397,-571.3345,0,579.3008074,171.9062813,15.98301985
0.1078026544,0.09571715501,7.788211026,2.120223382,1,-606.7855735,8.071652753,-63.4328269,149.3752166,-379.6826603,61.70667152,15.22886125
0.1078026544,0.09958451481,3.883154143,1.720989819,1,-257.7096488,4.247433584,-206.3047249,0,-668.2488102,86.43433219,23.90262395
0.1078026544,0.1034518746,4.207196506,0.9880961214,1,-107.6762363,4.321670555,-166.8958317,0,-166.6952894,281.567923,13.21687126
0.1078026544,0.1073192344,2.822060734,-0.01338087731,1,-540.1476193,2.822092457,147.0028396,162.480752,-99.2232693,341.2810588,-0.2716674525
0.1078026544,0.1111865942,1.734519236,0.236752347,1,-588.9646721,1.750602368,961.9806662,0,1255.032783,116.7291723,7.772527306
0.1078026544,0.115053954,5.39798577,3.25551077,1,-820.8754694,6.303697387,-382.5899129,140.4551626,577.0151929,-400.3015793,31.09406615
0.1078026544,0.1189213138,0.7914238058,0.3052497333,1,-216.0346453,0.8482505762,72.17255056,0,-908.0755845,691.341258,21.09147394
0.1078026544,0.1227886736,NaN,NaN,0,283.7820977,1.358350413,191.3808904,0,-149.7251358,-96.00528388,39.33322677
0.1116700142,0.01450259924,NaN,NaN,0,-46.22186832,0.2907681022,-15.57414613,0,-8.397984545,-9.832425453,19.76233799
0.1116700142,0.01836995904,NaN,NaN,0,-43.8280025,0.1893104377,23.1764227,11.82965003,1.98256103,29.01786779,27.43104604
0.1116700142,0.02223731884,NaN,NaN,0,-37.74770201,0.135040073,13.43830852,11.22944829,-0.9735987988,34.74644864,34.10749668
0.1116700142,0.02610467864,0.01827628558,0.004805436559,1,-8.316946174,0.01889748225,-17.99310036,0,22.64258305,13.2678071,14.73150523
0.1116700142,0.02997203844,0.1672138133,-0.04517381579,1,41.75686495,0.1732083514,-3.88088509,0,85.40883051,-34.07737713,-15.11790589
0.1116700142,0.03383939824,0.510071784,0.1215861359,1,118.8473454,0.5243628641,24.50685515,0,166.0686013,-140.5508042,13.40742948
0.1116700142,0.03770675803,1.269086291,0.5931635404,1,163.2848829,1.40086509,-91.94476409,0,185.3337313,-180.8892527,25.05111281
0.1116700142,0.04157411783,1.858305398,0.4655664753,1,60.28982105,1.915737741,-173.1985407,0,148.5963767,-198.5921636,14.06497194
0.1116700142,0.04544147763,2.076924375,0.6913698168,1,-53.25084871,2.18897398,-161.5395027,0,92.21499402,-221.6367717,18.4116492
0.1116700142,0.04930883743,2.008993767,0.6979842376,1,-10.75679905,2.126790528,-137.4011875,0,111.9422488,-151.5779704,19.15874883
0.1116700142,0.05317619723,2.468244916,0.746196537,1,107.6933412,2.578573682,-138.2134549,0,198.1457563,-161.4885007,16.82104742
0.1116700142,0.05704355703,3.191783597,0.7879972143,1,96.57144628,3.287616483,-76.16278164,0,148.851445,-126.42054,13.86803676
0.1116700142,0.06091091682,3.417383539,0.9405613713,1,56.88761283,3.544455663,17.05738334,0,70.11537251,-86.30762853,15.38842255
0.1116700142,0.06477827662,3.682949837,1.187746906,1,51.0443081,3.869736711,-14.15147923,0,110.1295954,-130.5463959,17.87444913
0.1116700142,0.06864563642,4.040701014,1.390702393,1,57.1440669,4.273326319,12.66985741,3.667296851,54.51890584,-177.4208409,18.99210783
0.1116700142,0.07251299622,4.114790729,1.92289603,1,19.74196278,4.541919405,78.81005122,0,-15.69486399,-254.2338269,25.04730507
0.1116700142,0.07638035602,4.056352601,2.678702898,1,-1.995381333,4.86101282,117.4007237,0,-0.8385427249,-276.0816873,33.4396674
0.1116700142,0.08024771582,4.103830925,3.444634088,1,51.54852965,5.357885054,-87.49112707,0,126.23702,-518.5866542,40.00910177
0.1116700142,0.08411507561,4.743913288,4.345904409,1,114.9167152,6.433630268,-48.81637095,32.51795225,-19.91640397,-356.3377777,42.49283508
0.1116700142,0.08798243541,4.471231309,4.633930014,1,102.210189,6.439349097,-216.0024018,0,-229.2877733,-65.53397282,46.02370038
0.1116700142,0.09184979521,4.252458548,3.763988856,1,-187.038537,5.678997782,-921.4662936,0,208.7620654,-315.5843796,41.51308248
0.1116700142,0.09571715501,4.555244009,2.290766657,2,-283.9702267,5.098809651,-1074.173721,0,-20.33537557,-136.8601886,26.69716502
0.1116700142,0.09958451481,3.075599295,0.1390601824,1,-327.6083855,3.078741424,-328.7976375,0,-14.21685525,87.77714128,2.588808897
0.1116700142,0.1034518746,3.233282815,0.6797221044,2,321.9990034,3.303958217,-103.2583393,95.93269167,-47.73414571,-593.1188709,11.87221427
0.1116700142,0.1073192344,4.13628018,2.033527109,2,510.8982646,4.609126406,779.0350211,0,673.6174587,-816.9200063,26.18020137
0.1116700142,0.1111865942,7.814231304,6.851854417,1,-2.262156772,10.39279172,233.2833829,0,66.14445125,125.8665656,41.24567887
0.1116700142,0.115053954,4.383335997,2.44894659,2,-225.0288851,5.021053063,-1206.004853,0,-1290.534799,422.5607846,29.1918609
0.1116700142,0.1189213138,1.953001239,0.553605142,1,-324.1296261,2.029948889,-235.4906888,0,-456.4161665,320.0282931,15.82611312
0.1116700142,0.1227886736,NaN,NaN,0,25.49964282,1.397389421,-60.29207327,0,-329.7468251,70.57256966,12.42040113
0.115537374,0.01450259924,NaN,NaN,0,-29.03058058,0.3289968834,4.964421152,0,11.92725196,5.490598003,32.54854743
0.115537374,0.01836995904,NaN,NaN,0,-29.69099814,0.3010483409,18.03893759,5.57223871,15.8113932,18.15721783,35.77347529
0.115537374,0.02223731884,NaN,NaN,0,-28.57584012,0.2849324297,25.89150431,0,23.91341409,25.95006834,38.28779459
0.115537374,0.02610467864,NaN,NaN,0,-26.54276883,0.2864738224,46.34561342,0,52.09006338,36.97574991,37.84536468
0.115537374,0.02997203844,NaN,NaN,0,-20.59390057,0.3863273121,54.05896878,0,87.23652637,9.340308528,33.42103536
0.115537374,0.03383939824,NaN,NaN,0,-13.14782132,0.5964920865,47.52107272,0,81.35783061,-45.71790098,35.7741294
0.115537374,0.03770675803,0.5862390797,0.5733727994,1,36.29182751,0.8200198935,-24.67738519,0,50.31312463,-142.1015264,44.36431031
0.115537374,0.04157411783,0.8188831586,0.8028255458,1,26.39455388,1.146777435,-97.79196868,0,117.8132765,-186.5053143,44.43269505
0.115537374,0.04544147763,1.143942646,0.9164592256,1,51.18125301,1.465777026,-131.2832693,0,123.9438181,-181.5622878,38.69964462
0.115537374,0.04930883743,1.496154818,0.9972726009,1,21.65745499,1.79806337,-149.831928,0,140.0184209,-171.040472,33.68572078
0.115537374,0.05317619723,1.769201428,0.9984802962,1,36.55190965,2.031510914,-201.4253668,0,212.388205,-187.5237145,29.43898298
0.115537374,0.05704355703,2.45889581,0.9435099096,1,107.3096524,2.633700733,-229.0891786,0,265.890079,-242.1585243,20.99244964
0.115537374,0.06091091682,3.212499066,1.049024158,1,88.21203001,3.379438109,-81.82015241,0,174.2021576,-192.3936518,18.08416856
0.115537374,0.06477827662,3.473745889,1.371137416,1,-65.6345606,3.734558651,-135.0288697,0,175.0132868,-267.5429437,21.53986187
0.115537374,0.06864563642,3.635505955,1.561503761,1,-3.596110328,3.956664952,-139.1290586,0,153.4894142,-294.0669253,23.24424082
0.115537374,0.07251299622,4.053437227,1.970337893,1,-2.311875448,4.506948498,-66.73761495,0,134.2923758,-277.6224049,25.92395275
0.115537374,0.07638035602,4.145922036,2.37707112,1,-177.6777925,4.77903093,116.8065872,0,-186.1750037,-242.2728741,29.82787323
0.115537374,0.08024771582,2.64628755,3.359027366,1,-30.66442407,4.276201895,62.08301507,0,-210.9613627,-263.1122119,51.76847823
0.115537374,0.08411507561,3.211468182,3.634718067,1,286.3087119,4.85022714,-114.767728,83.39808872,-14.90841559,-206.187627,48.53767871
0.115537374,0.08798243541,3.695890146,3.712581008,1,107.6145455,5.238593486,-141.092964,0,-184.5162321,-167.1920497,45.1290839
0.115537374,0.09184979521,2.91406169,3.735652622,1,-68.97157275,4.737811314,-310.916998,0,-83.89317416,-162.8090301,52.04336
0.115537374,0.09571715501,3.104707169,3.139794207,1,-179.4504032,4.41559897,-449.2815117,0,189.0123463,-241.7329412,45.32193412
0.115537374,0.09958451481,2.951041165,2.932987624,1,-669.5147791,4.160656242,-523.5135171,104.4203084,258.2130196,402.5935402,44.82420405
0.115537374,0.1034518746,1.514055279,-0.4417949954,1,-477.9017332,1.577195678,-219.4290144,38.82652973,406.6657185,379.7070766,-16.26702404
0.115537374,0.1073192344,2.675545866,0.6159127926,2,423.0714965,2.745522582,-163.5241148,124.2426529,-6.915226376,-407.3856527,12.96369087
0.115537374,0.1111865942,3.123481308,0.5013053128,2,1440.491291,3.163454203,-1248.824286,0,-1519.982263,-865.8506716,9.117967255
0.115537374,0.115053954,2.368125676,-0.8651839681,2,859.5611254,2.521222425,-548.6516881,0,-1378.033746,-365.670206,-20.06954671
0.115537374,0.1189213138,1.118361138,-0.2063499148,1,256.7575072,1.137238727,-118.8603508,0,-587.1431723,-209.9510897,-10.45412446
0.115537374,0.1227886736,NaN,NaN,0,242.744188,1.205011958,-153.8027012,0,-257.2014417,4.730979545,-25.19128602
0.1194047338,0.01450259924,NaN,NaN,0,-21.34240143,0.4056419315,11.96143528,0,18.20482108,8.614038361,39.26116258
0.1194047338,0.01836995904,NaN,NaN,0,-21.60540152,0.4051374292,17.99185797,0,21.14651356,12.3018814,40.51303637
0.1194047338,0.02223731884,NaN,NaN,0,-20.32189148,0.4185881236,25.74315774,0,28.72579859,13.92085699,41.7478049
0.1194047338,0.02610467864,NaN,NaN,0,-17.25233138,0.459750488,35.94501577,0,43.13567291,11.86475049,42.21396811
0.1194047338,0.02997203844,NaN,NaN,0,-11.54495388,0.5552873026,42.06034627,0,57.19245776,-4.008965489,42.03965451
0.1194047338,0.03383939824,NaN,NaN,0,-2.580689144,0.7103354345,43.87098021,0,57.31844689,-27.37754931,43.29029384
0.1194047338,0.03770675803,NaN,NaN,0,13.59572413,0.8992238636,49.1371445,0,48.92243543,-36.72041475,46.04968419
0.1194047338,0.04157411783,NaN,NaN,0,24.86094102,1.116586976,29.96687286,0,37.95861123,-54.16801802,47.18809571
0.1194047338,0.04544147763,NaN,NaN,0,-9.57674193,1.303086405,-1.294198782,0,11.96577019,-88.33371108,48.28908015
0.1194047338,0.04930883743,0.7680647466,1.155728679,1,-7.829202826,1.387671515,-28.24927751,0,32.91112846,-145.4997906,56.39310646
0.1194047338,0.05317619723,0.9640388751,1.426218757,1,37.47463284,1.721473466,-79.30567386,0,117.9891617,-142.8001804,55.94365051
0.1194047338,0.05704355703,1.369299176,1.401284781,1,124.2241985,1.959229254,-211.3349663,0,235.9339698,-171.746557,45.66143412
0.1194047338,0.06091091682,2.356900096,1.273116134,1,51.3714406,2.678768888,-229.4890456,0,144.3074343,-414.9214783,28.37638769
0.1194047338,0.06477827662,2.12605979,2.118418716,1,-13.00576447,3.001304398,-224.9616982,0,15.19748822,-412.4520118,44.89685405
0.1194047338,0.06864563642,2.365376281,1.998208635,1,72.4919802,3.096424179,-256.5315757,0,97.38278604,-342.5786777,40.190258
0.1194047338,0.07251299622,2.783026631,2.45119382,1,87.24348213,3.708583068,-213.8679405,0,224.5333138,-381.329083,41.37248574
0.1194047338,0.07638035602,3.571129327,2.645841125,1,-31.83880372,4.444484214,-190.983876,0,172.3357027,-267.5650971,36.53465788
0.1194047338,0.08024771582,3.32637869,2.747360956,1,29.84104549,4.314253981,122.1051578,0,-47.54456399,-16.27045298,39.55437355
0.1194047338,0.08411507561,3.502663452,3.180989399,1,26.23025687,4.73152669,70.4970256,0,-38.48576256,-125.1905422,42.24456743
0.1194047338,0.08798243541,3.27898224,3.504155188,1,-126.3485383,4.7990445,-18.02915266,0,-153.499719,-153.8562498,46.90129182
0.1194047338,0.09184979521,2.420389551,3.706281655,1,-185.5857403,4.426602454,13.42586917,18.81254625,-175.4201706,-41.28574395,56.8534299
0.1194047338,0.09571715501,1.882842494,3.715744681,1,-25.9393856,4.165555712,-139.5092002,0,74.43983441,-144.845068,63.12775112
0.1194047338,0.09958451481,2.607958237,3.726917375,1,154.4077733,4.548775581,-88.63642242,0,355.059501,-188.1663459,55.01710097
0.1194047338,0.1034518746,3.853135749,4.100662706,1,-738.917044,5.626907653,-352.9995746,102.8026034,563.192111,514.8544153,46.78250357
0.1194047338,0.1073192344,1.928366696,0.3706137436,2,-641.8386569,1.96365798,-1270.221584,0,-448.5986397,978.8643946,10.8790513
0.1194047338,0.1111865942,-0.3639776143,-4.597361991,1,130.7081073,4.611747714,-1171.932847,0,-410.2379394,528.2584841,-94.52672038
0.1194047338,0.115053954,0.8473242613,-6.20463786,1,418.0738569,6.26222719,11.38941616,124.494364,-147.7740241,-476.6178212,-82.22361738
0.1194047338,0.1189213138,0.6813690923,-2.71006242,1,253.2540969,2.794405511,518.4274939,0,-268.5497171,-663.7027659,-75.88710465
0.1194047338,0.1227886736,NaN,NaN,0,177.9609987,1.813180544,214.180618,0,-122.7287431,-342.8648387,-64.2344603
0.1232720936,0.01450259924,NaN,NaN,0,-16.29935854,0.486045932,13.43043534,0,18.63256137,7.547227053,42.7532006
0.1232720936,0.01836995904,NaN,NaN,0,-15.85071012,0.4971096028,17.06075049,0,21.05964627,7.678563176,43.36300569
0.1232720936,0.02223731884,NaN,NaN,0,-13.85399292,0.5256292544,23.1442529,0,26.7075938,5.56672772,44.16689328
0.1232720936,0.02610467864,NaN,NaN,0,-10.5997113,0.5801262029,29.63094564,0,34.53437191,0.5713605638,44.87331077
0.1232720936,0.02997203844,NaN,NaN,0,-5.752894424,0.6705239589,34.36642033,0,41.07918486,-9.86337167,45.54450675
0.1232720936,0.03383939824,NaN,NaN,0,0.7742945005,0.7980151346,36.76535736,0,41.80106376,-23.06291601,46.6562553
0.1232720936,0.03770675803,NaN,NaN,0,8.557364873,0.9520377476,37.35748754,0,37.35301121,-33.26518785,48.22462037
0.1232720936,0.04157411783,NaN,NaN,0,12.55912912,1.120031206,31.24911196,0,29.60406165,-43.68003444,49.64203049
0.1232720936,0.04544147763,NaN,NaN,0,6.9395265,1.278773558,26.77005684,0,18.63762165,-51.15162279,51.42759731
0.1232720936,0.04930883743,NaN,NaN,0,14.82750605,1.418783255,46.95952608,0,14.37042538,-33.22103466,54.48447093
0.1232720936,0.05317619723,NaN,NaN,0,38.33890741,1.59507492,17.0646443,10.92598254,1.268752019,-40.00314337,55.20405595
0.1232720936,0.05704355703,NaN,NaN,0,-22.12931197,1.687413032,-46.68032131,0,-26.97562628,-72.17113179,54.60436842
0.1232720936,0.06091091682,0.7203317123,1.408441084,1,-21.27972106,1.581955771,-176.5077789,0,29.3617219,-203.5747597,62.91302588
0.1232720936,0.06477827662,1.008637732,1.480209542,1,148.9701628,1.791192441,-114.7138335,30.21263528,5.708833994,-179.1827197,55.7288759
0.1232720936,0.06864563642,1.318531046,1.657765462,1,140.0038458,2.11818565,-35.0023574,39.85373467,52.10614457,-299.026803,51.5024375
0.1232720936,0.07251299622,1.751596186,2.501287068,1,244.8889684,3.053608717,-43.27738927,76.25415634,27.65281208,-433.4458799,54.99729295
0.1232720936,0.07638035602,2.372548171,3.166687398,1,213.5418636,3.956879313,-197.4745961,0,123.6370685,-341.8786163,53.15868453
0.1232720936,0.08024771582,3.055588433,3.059749371,1,93.99730241,4.324197831,-162.8006012,0,68.2323674,-219.1053023,45.03898462
0.1232720936,0.08411507561,2.999948675,3.384437935,1,-29.48463246,4.522622269,-74.19417102,0,23.16482147,-215.8484988,48.44638229
0.1232720936,0.08798243541,3.03114745,3.607577623,1,-65.57892448,4.711949827,13.11867648,19.85725467,15.51087963,-87.86199845,49.96245745
0.1232720936,0.09184979521,2.806317531,3.774966538,1,-160.8401098,4.703805953,-16.89212894,38.56619092,-104.4935028,3.685438324,53.37281502
0.1232720936,0.09571715501,2.005006903,3.527996767,1,-166.0654053,4.057932216,18.46147277,47.087258,-73.31554505,35.52388529,60.38986184
0.1232720936,0.09958451481,1.880545267,3.708980049,1,-31.95243944,4.158483318,27.48575981,0,66.85978884,-248.1371179,63.11385641
0.1232720936,0.1034518746,2.140006183,4.593929604,1,-41.86242326,5.067920251,-571.4313947,0,-43.92801257,35.11640663,65.02232033
0.1232720936,0.1073192344,1.548762784,1.363241467,2,-415.5783086,2.063272512,-855.9465659,0,26.20537502,743.2470979,41.35466119
0.1232720936,0.1111865942,0.6341609531,-1.590727681,2,-711.3297095,1.712476181,-422.7492063,109.1822025,457.9675218,719.3123065,-68.26476234
0.1232720936,0.115053954,0.5689200452,-3.053521315,2,-528.513369,3.106068647,-160.7406703,0,508.4398392,3.098579115,-79.44588997
0.1232720936,0.1189213138,NaN,NaN,0,-158.7899372,2.292917632,139.5609312,0,164.9484564,-216.687947,-75.9530624
0.1232720936,0.1227886736,NaN,NaN,0,-50.47768486,1.777518436,95.99439772,0,69.20253373,-187.7000662,-70.52087779
0.1271394534,0.01450259924,NaN,NaN,0,-11.97622931,0.5565064209,12.46123487,0,16.36195152,5.156964996,44.75269566
0.1271394534,0.01836995904,NaN,NaN,0,-11.0607868,0.5724873796,15.14725784,0,18.33521706,3.827614463,45.15898633
0.1271394534,0.02223731884,NaN,NaN,0,-8.643658783,0.6074110057,20.14215773,0,22.51055842,0.09613015298,45.81692198
0.1271394534,0.02610467864,NaN,NaN,0,-5.539626495,0.6654815101,25.06809356,0,27.21503607,-5.282664287,46.59180812
0.1271394534,0.02997203844,NaN,NaN,0,-1.641207012,0.7503210936,29.00903206,0,30.78884603,-12.95296574,47.47367133
0.1271394534,0.03383939824,NaN,NaN,0,2.873396697,0.8613485895,31.46654134,0,31.45361207,-21.74555522,48.56296386
0.1271394534,0.03770675803,NaN,NaN,0,7.30031174,0.9925726922,32.27833632,0,29.08448399,-29.59738619,49.85628412
0.1271394534,0.04157411783,NaN,NaN,0,9.878684104,1.135100213,30.90203061,0,24.46700251,-36.1353091,51.23285942
0.1271394534,0.04544147763,NaN,NaN,0,9.948212754,1.278076487,30.16578812,0,18.6102294,-39.37171098,52.7987706
0.1271394534,0.04930883743,NaN,NaN,0,12.57481962,1.416329601,32.72888863,0,13.95017288,-35.75337393,54.56309936
0.1271394534,0.05317619723,NaN,NaN,0,14.64333833,1.553034261,23.08558253,0,8.23051169,-36.0196904,55.69320329
0.1271394534,0.05704355703,NaN,NaN,0,-2.020644607,1.654962451,13.91983178,0,5.034773463,-34.20335722,56.65667471
0.1271394534,0.06091091682,NaN,NaN,0,-4.170921256,1.715983257,50.42103878,0,24.80469597,3.403620541,58.8757572
0.1271394534,0.06477827662,NaN,NaN,0,2.164165444,1.851025225,21.88975515,0,46.08093646,-27.06141417,57.68694777
0.1271394534,0.06864563642,NaN,NaN,0,-24.85238953,1.975455341,-29.08123861,0,11.90043987,-41.15351314,57.08105176
0.1271394534,0.07251299622,0.9393662254,1.611063442,1,119.4529114,1.864922068,-3.541005331,37.79875285,-13.0001674,-168.995054,59.75472946
0.1271394534,0.07638035602,1.485256397,2.298146935,1,216.4733104,2.736323427,-9.750126589,68.60725044,18.84095436,-277.802569,57.12604645
0.1271394534,0.08024771582,1.849411153,2.647718682,1,143.8171638,3.229664972,-84.42185183,24.35633623,87.78986015,-365.3517117,55.06599669
0.1271394534,0.08411507561,2.38096409,3.384603781,1,137.7614399,4.138179884,-107.8507757,0,157.1456359,-410.3930826,54.87479888
0.1271394534,0.08798243541,2.989922922,3.817758637,1,-92.02586106,4.849218503,-172.949506,0,89.01358294,-312.4737562,51.93330758
0.1271394534,0.09184979521,2.369314527,3.924194257,1,-195.7448627,4.583988645,-175.1834432,25.26169053,-36.53236815,-241.5551124,58.87764009
0.1271394534,0.09571715501,2.091623297,4.074441762,1,-190.3860209,4.579952368,-125.4654581,44.49016815,31.44180229,-173.2669472,62.82620716
0.1271394534,0.09958451481,1.754620046,4.109059814,1,-72.67179457,4.468004483,-82.34587935,0,-8.161277207,-87.06035321,66.87691041
0.1271394534,0.1034518746,1.779012725,4.092674329,1,151.7833268,4.462607919,-296.0921831,0,-219.5563696,228.7903515,66.50627235
0.1271394534,0.1073192344,1.492517304,2.079150201,2,-332.1111418,2.559389275,-498.7059763,0,74.55193349,579.0171817,54.3273364
0.1271394534,0.1111865942,0.7829385972,-0.07526888637,2,-549.5283962,0.7865483153,-535.2834394,0,225.055941,569.7383673,-5.491333266
0.1271394534,0.115053954,0.2376655754,-2.19436671,1,-476.4525201,2.207199625,-209.4684027,66.76720055,373.0622368,148.0831976,-83.81855338
0.1271394534,0.1189213138,NaN,NaN,0,-230.7900844,1.507536864,99.86488848,0,281.4308869,-164.9923817,-75.27871367
0.1271394534,0.1227886736,NaN,NaN,0,-154.9585268,1.247795019,39.81166886,0,181.0334771,-109.1174378,-69.67026949
0.1310068132,0.01450259924,NaN,NaN,0,-7.820035505,0.611432356,10.45045962,0,12.86658321,2.451605285,45.96151244
0.1310068132,0.01836995904,NaN,NaN,0,-6.676118418,0.6293458935,12.75095575,0,14.50514258,0.5527320586,46.3017182
0.1310068132,0.02223731884,NaN,NaN,0,-4.120228919,0.6664836185,17.20902661,0,17.78438675,-3.727157284,46.90955576
0.1310068132,0.02610467864,NaN,NaN,0,-1.27392888,0.7246095776,21.49023879,0,21.02636793,-8.845182124,47.70392707
0.1310068132,0.02997203844,NaN,NaN,0,1.854296174,0.8047127958,25.13507302,0,23.40755112,-14.92027179,48.64428604
0.1310068132,0.03383939824,NaN,NaN,0,5.06018756,0.9055029557,27.81343963,0,24.1400545,-21.36895295,49.728105
0.1310068132,0.03770675803,NaN,NaN,0,7.891801285,1.022918989,29.3872858,0,23.06431018,-27.24349261,50.93629666
0.1310068132,0.04157411783,NaN,NaN,0,9.707082798,1.151089906,29.91488602,0,20.56923499,-31.89210478,52.22906431
0.1310068132,0.04544147763,NaN,NaN,0,10.39982079,1.283690474,30.2621764,0,17.38612056,-34.44653809,53.60274584
0.1310068132,0.04930883743,NaN,NaN,0,10.88022134,1.416373895,30.70465778,0,14.58952507,-34.40105967,54.9946075
0.1310068132,0.05317619723,NaN,NaN,0,9.680270908,1.546398568,28.6289654,0,12.66834839,-34.11888709,56.20166824
0.1310068132,0.05704355703,NaN,NaN,0,3.574316467,1.666129314,28.85302713,0,14.07951247,-32.02622722,57.34788934
0.1310068132,0.06091091682,NaN,NaN,0,-0.1943316843,1.781576977,38.74149179,0,23.38819894,-25.186842,58.5897408
0.1310068132,0.06477827662,NaN,NaN,0,-4.219378111,1.923557431,36.1537016,0,34.83896385,-36.09239675,59.07184416
0.1310068132,0.06864563642,NaN,NaN,0,-19.16803282,2.082225518,39.62896368,0,43.91362296,-48.02563213,59.81569409
0.1310068132,0.07251299622,NaN,NaN,0,-41.13946801,2.26540958,97.44372378,0,96.36330463,-58.33958141,61.40276406
0.1310068132,0.07638035602,NaN,NaN,0,6.559519871,2.712968294,67.86798367,0,53.38190803,-152.9618116,62.3148664
0.1310068132,0.08024771582,NaN,NaN,0,-62.03700175,3.132939992,47.40011696,12.58053953,-6.424491154,-225.9211362,65.15901541
0.1310068132,0.08411507561,0.9957132111,3.459403596,1,-7.748657037,3.599849724,18.17413528,0,-34.22085262,-360.5469402,73.94270006
0.1310068132,0.08798243541,1.153841041,4.307722291,1,48.89843858,4.459576267,-133.5104949,0,2.538819298,-374.3194683,75.005084
0.1310068132,0.09184979521,1.194639594,4.390698538,1,4.133835042,4.550318386,-177.7578319,0,-82.77659076,-197.9686438,74.77918269
0.1310068132,0.09571715501,0.8497012088,4.385884773,1,142.587535,4.467435213,-250.4657721,0,-134.6361624,-138.7013824,79.03560871
0.1310068132,0.09958451481,1.225390413,3.958465431,1,349.2638571,4.143794183,-308.7755479,44.77367156,-82.92593419,8.769094028,72.79946278
0.1310068132,0.1034518746,1.879725785,3.15782539,1,259.2794545,3.674946288,-277.7818303,0,-95.35245239,-13.38658691,59.23637195
0.1310068132,0.1073192344,1.859355111,2.935953896,1,-216.0727582,3.475201679,-313.0277454,0,-71.54341585,140.2418847,57.6537036
0.1310068132,0.1111865942,0.767410556,1.404868645,2,-533.9604418,1.600804445,-438.4396101,86.39185196,138.9018436,260.7702211,61.35439323
0.1310068132,0.115053954,0.3315213708,0.2318579038,1,-544.9779508,0.4045547019,-243.1918446,76.00563136,425.322,183.0107706,34.96799651
0.1310068132,0.1189213138,NaN,NaN,0,-270.7003879,0.3899551187,-104.9829289,0,268.9383433,52.29094593,-38.62353692
0.1310068132,0.1227886736,NaN,NaN,0,-182.8532621,0.497085547,-59.92380807,0,193.2215595,8.839663045,-49.2150767
0.134874173,0.01450259924,NaN,NaN,0,-3.675723159,0.648629077,8.038930734,0,8.864691179,-0.2546236914,46.66849614
0.134874173,0.01836995904,NaN,NaN,0,-2.441785526,0.6671900528,10.19679252,0,10.2960202,-2.340847814,46.98678912
0.134874173,0.02223731884,NaN,NaN,0,0.1127904066,0.7048313523,14.45275417,0,13.09547809,-6.712309223,47.57721972
0.134874173,0.02610467864,NaN,NaN,0,2.709843718,0.7621107287,18.54876198,0,15.69849777,-11.45063514,48.37678662
0.134874173,0.02997203844,NaN,NaN,0,5.272133029,0.8388944642,22.2275816,0,17.67493601,-16.51398634,49.33365706
0.134874173,0.03383939824,NaN,NaN,0,7.621256085,0.9336477144,25.26485836,0,18.63474464,-21.56649216,50.41343753
0.134874173,0.03770675803,NaN,NaN,0,9.499623042,1.043248133,27.54248125,0,18.46346724,-26.11552652,51.58610996
0.134874173,0.04157411783,NaN,NaN,0,10.65802502,1.163513102,29.10805126,0,17.35950671,-29.74307932,52.82194043
0.134874173,0.04544147763,NaN,NaN,0,11.06376626,1.290144109,30.26337369,0,15.77549276,-32.12127693,54.09679364
0.134874173,0.04930883743,NaN,NaN,0,10.86597406,1.419869284,31.1986007,0,14.35345844,-33.28543958,55.36875509
0.134874173,0.05317619723,NaN,NaN,0,9.623207488,1.550799785,31.87259415,0,13.77384434,-34.02857107,56.5818302
0.134874173,0.05704355703,NaN,NaN,0,6.83197125,1.682472452,34.12181957,0,15.22672909,-34.59582258,57.76633809
0.134874173,0.06091091682,NaN,NaN,0,4.038656164,1.821154144,39.53819964,0,19.82962348,-36.03236455,58.94708971
0.134874173,0.06477827662,NaN,NaN,0,0.3206866123,1.980451141,44.35459576,0,25.97309705,-44.0956987,60.01778415
0.134874173,0.06864563642,NaN,NaN,0,-6.460895615,2.168496115,53.99966797,0,32.55178348,-56.51703723,61.30814458
0.134874173,0.07251299622,NaN,NaN,0,-12.50468983,2.404401459,74.13834055,0,42.26027431,-75.05644046,63.0261907
0.134874173,0.07638035602,NaN,NaN,0,-4.928602001,2.735559479,74.2197424,0,22.61770515,-111.942438,64.99836945
0.134874173,0.08024771582,NaN,NaN,0,-13.29799551,3.08850689,76.75355075,0,-12.37395747,-130.8817254,67.9593556
0.134874173,0.08411507561,NaN,NaN,0,20.44279187,3.448190221,106.8977102,0,-54.84466019,-93.67246679,72.15130847
0.134874173,0.08798243541,NaN,NaN,0,102.296376,3.780351359,16.66364664,0,-138.6623249,-62.42237337,74.25281147
0.134874173,0.09184979521,NaN,NaN,0,81.51233251,3.703218297,-125.7945932,0,-195.1267545,38.69781563,75.67518978
0.134874173,0.09571715501,0.5865738893,3.00231798,1,137.7488286,3.059081918,-170.6410631,0,-220.9730254,126.8368133,78.94516688
0.134874173,0.09958451481,0.5943871468,2.43762639,1,174.8311579,2.509047329,-117.6537685,0,-157.6654924,-44.96003282,76.29649714
0.134874173,0.1034518746,0.6529596937,2.721185149,1,104.2302019,2.798429019,-150.5450256,0,-44.78265157,-202.3816247,76.5067502
0.134874173,0.1073192344,0.824292213,2.638097169,1,3.616231111,2.763876685,-227.3616082,0,-147.6764112,-177.1326425,72.64821426
0.134874173,0.1111865942,0.09582714458,2.526931666,1,-194.0886804,2.528748008,-210.4801168,0,-17.7789882,68.77108137,87.82825103
0.134874173,0.115053954,0.004923708935,1.558132312,1,-155.8110615,1.558140092,-271.1826547,0,177.3981842,219.5924998,89.81894554
0.134874173,0.1189213138,NaN,NaN,0,-120.1107247,0.653989898,-181.8715393,0,179.8484563,147.4963197,74.08672215
0.134874173,0.1227886736,NaN,NaN,0,-111.6515518,0.3694953751,-104.7266979,0,140.942178,73.47201466,50.31425628
0.1387415328,0.01450259924,NaN,NaN,0,-1.601907046,0.6673327004,6.791730079,0,6.791730079,-1.601907046,46.99802014
0.1387415328,0.01836995904,NaN,NaN,0,-0.3542788838,0.6860571933,8.915587541,0,8.13944094,-3.724909495,47.30956665
0.1387415328,0.02223731884,NaN,NaN,0,2.15349472,0.7237069827,13.119355,0,10.75284525,-8.067677213,47.89442257
0.1387415328,0.02610467864,NaN,NaN,0,4.593965947,0.7803551452,17.17117861,0,13.13162342,-12.58435761,48.69512384
0.1387415328,0.02997203844,NaN,NaN,0,6.875228956,0.8554504835,20.88317643,0,14.98685769,-17.19700288,49.65613766
0.1387415328,0.03383939824,NaN,NaN,0,8.84936065,0.9473923085,24.08014501,0,16.06424088,-21.66328879,50.73328678
0.1387415328,0.03770675803,NaN,NaN,0,10.34346096,1.053459664,26.66007335,0,16.27925625,-25.6586982,51.8914721
0.1387415328,0.04157411783,NaN,NaN,0,11.22752601,1.170207822,28.64549159,0,15.76393381,-28.90938151,53.10138825
0.1387415328,0.04544147763,NaN,NaN,0,11.49542509,1.294200589,30.22197425,0,14.83870543,-31.27274292,54.33749272
0.1387415328,0.04930883743,NaN,NaN,0,11.20756592,1.422864,31.63524044,0,13.96410682,-32.90938736,55.57236727
0.1387415328,0.05317619723,NaN,NaN,0,10.24849989,1.555180493,33.25441887,0,13.71295528,-34.40070707,56.78592082
0.1387415328,0.05704355703,NaN,NaN,0,8.52558929,1.692582345,36.18712229,0,14.79005165,-36.33246253,57.99309797
0.1387415328,0.06091091682,NaN,NaN,0,6.42921329,1.840874606,41.27678969,0,17.49755404,-39.90919669,59.22019317
0.1387415328,0.06477827662,NaN,NaN,0,3.550537327,2.009798406,47.71972262,0,21.04584406,-47.7480875,60.50110619
0.1387415328,0.06864563642,NaN,NaN,0,-0.7673894399,2.209357647,57.36996899,0,24.33598262,-59.39718053,62.00170848
0.1387415328,0.07251299622,NaN,NaN,0,-4.988842544,2.451895723,69.62198949,0,25.00735283,-74.69494375,63.84530124
0.1387415328,0.07638035602,NaN,NaN,0,-4.308161666,2.745343342,72.74375463,0,11.03951486,-94.24511456,66.04660808
0.1387415328,0.08024771582,NaN,NaN,0,-4.5815634,3.054249094,71.74951988,0,-12.93199045,-98.73797405,68.75315887
0.1387415328,0.08411507561,NaN,NaN,0,12.67391305,3.336713965,65.8268874,0,-46.27397482,-71.01144907,71.71524632
0.1387415328,0.08798243541,NaN,NaN,0,43.46467251,3.514347397,7.036248699,0,-92.34943565,-32.42108975,73.86104315
0.1387415328,0.09184979521,NaN,NaN,0,30.75848613,3.42983657,-63.88726563,0,-107.4467649,33.66507549,75.51652035
0.1387415328,0.09571715501,NaN,NaN,0,-32.81583917,3.074780038,-59.57725374,0,-34.74981189,108.0446992,77.21755067
0.1387415328,0.09958451481,NaN,NaN,0,-82.14553679,2.738340368,-53.37037,0,39.36105916,54.46527136,77.41813982
0.1387415328,0.1034518746,NaN,NaN,0,-2.867831578,2.632374478,-77.31203805,0,-75.0856157,5.879197395,78.72157787
0.1387415328,0.1073192344,0.2950303074,2.350850813,1,36.07525696,2.369291545,-200.8270892,0,-112.4738161,-72.88000465,82.8468135
0.1387415328,0.1111865942,0.2193707293,2.08672166,1,92.74975962,2.098220867,-75.40877095,0,-134.9042621,139.2991722,83.99871152
0.1387415328,0.115053954,NaN,NaN,0,3.570214086,1.52621721,-118.416944,0,-15.89234903,184.1361825,85.03824539
0.1387415328,0.1189213138,NaN,NaN,0,-65.10830362,0.9325852391,-120.9087524,0,83.68173085,116.9806383,79.38960627
0.1387415328,0.1227886736,NaN,NaN,0,-73.44250168,0.6341461651,-90.05187183,0,90.05187183,73.44250168,71.25055331
