PIVlab, ASCII chart output - 19-Sep-2021
FRAME: 84, filenames: A: 72_12_75_80 084.jpg & B: 72_12_75_80 085.jpg, conversion factor xy (px -> m): 0.00024171, conversion factor uv (px/frame -> m/s): 1
x [m],y [m],u [m/s],v [m/s],Vector type [-],vorticity [1/s],magnitude [m/s],divergence [1/s],dcev [1],simple shear [1/s],simple strain [1/s],vector direction [degrees]
0.03819017801,0.01450259924,NaN,NaN,0,-1.055590331,0.3095138323,-1.373964013,0,1.373964013,1.055590331,-46.15119022
0.03819017801,0.01836995904,NaN,NaN,0,-0.9806103448,0.3133409662,-1.941171781,0,1.42418084,1.690778155,-46.66512524
0.03819017801,0.02223731884,NaN,NaN,0,-0.8575987919,0.3209442242,-3.068931716,0,1.490980284,2.93970335,-47.66762816
0.03819017801,0.02610467864,NaN,NaN,0,-0.7879116704,0.3322260546,-4.15013205,0,1.478079341,4.16578806,-49.10882804
0.03819017801,0.02997203844,NaN,NaN,0,-0.8023228111,0.3470751567,-5.20444938,0,1.411258677,5.351256979,-50.91897533
0.03819017801,0.03383939824,NaN,NaN,0,-0.960681878,0.365479945,-6.310620171,0,1.388332076,6.526383909,-53.02219464
0.03819017801,0.03770675803,NaN,NaN,0,-1.344975717,0.3878183525,-7.645862214,0,1.574885442,7.825579422,-55.35756996
0.03819017801,0.04157411783,NaN,NaN,0,-1.983666437,0.4153151616,-9.470273429,0,2.105910616,9.505887313,-57.8951966
0.03819017801,0.04544147763,NaN,NaN,0,-2.754400725,0.4503645546,-12.0441909,0,2.963163235,11.83554035,-60.62282454
0.03819017801,0.04930883743,NaN,NaN,0,-3.489597451,0.4963384196,-15.49617645,0,4.045764564,15.01001779,-63.49101896
0.03819017801,0.05317619723,NaN,NaN,0,-4.169728692,0.5570492522,-19.73943857,0,5.223235132,19.23091858,-66.39258065
0.03819017801,0.05704355703,NaN,NaN,0,-4.958486237,0.6362132874,-24.63368812,0,6.261519763,24.64315395,-69.23031765
0.03819017801,0.06091091682,NaN,NaN,0,-5.723613791,0.7371849956,-30.1198248,0,6.613930582,30.93579245,-71.97410561
0.03819017801,0.06477827662,NaN,NaN,0,-5.573635029,0.8619818143,-35.88408679,0,5.547561044,36.90090069,-74.58981924
0.03819017801,0.06864563642,NaN,NaN,0,-2.792405375,1.008599932,-41.01263132,0,2.719729326,40.08902154,-76.93393141
0.03819017801,0.07251299622,NaN,NaN,0,3.772121797,1.167278853,-45.68039576,0,1.049258514,36.81589282,-78.69762988
0.03819017801,0.07638035602,NaN,NaN,0,19.11104094,1.324697763,-50.26453203,0,3.69396371,23.16178629,-79.26863375
0.03819017801,0.08024771582,NaN,NaN,0,40.09212668,1.46334767,-54.21613239,0,22.11562004,2.513393994,-77.49037899
0.03819017801,0.08411507561,NaN,NaN,0,76.4254167,1.597064749,-62.52741334,0,55.51746416,-25.24011655,-72.23657371
0.03819017801,0.08798243541,NaN,NaN,0,170.3989744,1.777091527,-59.184358,0,75.03609021,-80.03247956,-62.25738538
0.03819017801,0.09184979521,NaN,NaN,0,164.339995,2.034154708,-8.12458933,0,187.3422866,-65.15300718,-45.07700493
0.03819017801,0.09571715501,NaN,NaN,0,30.91025315,2.571570357,-40.4311635,0,342.6665516,69.91971369,-31.72550847
0.03819017801,0.09958451481,NaN,NaN,0,183.800394,3.433242969,396.9911173,0,-247.298717,447.6705882,-32.94399956
0.03819017801,0.1034518746,NaN,NaN,0,-11.89013801,2.483442141,193.8623498,0,-470.6711039,-200.3982177,-38.56718424
0.03819017801,0.1073192344,1.014948112,-0.3423155128,2,-114.598973,1.071120712,314.3545907,0,-316.698515,-410.3462307,-18.63790834
0.03819017801,0.1111865942,0.2737653814,1.254421809,2,-573.9112667,1.283947647,-187.2911869,0,517.8386121,-467.1668399,77.68878618
0.03819017801,0.115053954,NaN,NaN,0,137.9640433,1.088416658,66.30025456,0,-25.29325714,250.6708907,42.83940786
0.03819017801,0.1189213138,NaN,NaN,0,9.491900375,0.8924704017,-33.57398197,0,-56.58457826,36.12976469,37.34581529
0.03819017801,0.1227886736,NaN,NaN,0,-5.852530956,0.7751033906,-42.5180383,0,-42.5180383,-5.852530956,37.37355949
0.04205753781,0.01450259924,NaN,NaN,0,-1.635179678,0.3057122238,-1.482934026,0,2.021533416,0.9713834755,-45.6244301
0.04205753781,0.01836995904,NaN,NaN,0,-1.54238405,0.3096394352,-2.037310306,0,2.080527203,1.635127264,-46.13978674
0.04205753781,0.02223731884,NaN,NaN,0,-1.384825141,0.3174317169,-3.141868631,0,2.151231451,2.936166523,-47.14894432
0.04205753781,0.02610467864,NaN,NaN,0,-1.277855796,0.3289462129,-4.176534247,0,2.106041449,4.206884656,-48.60522359
0.04205753781,0.02997203844,NaN,NaN,0,-1.258730754,0.3439438538,-5.131442882,0,1.967720483,5.382752006,-50.43274535
0.04205753781,0.03383939824,NaN,NaN,0,-1.430854279,0.362115226,-6.053858652,0,1.874959281,6.430005592,-52.53715152
0.04205753781,0.03770675803,NaN,NaN,0,-1.970261297,0.3833867179,-7.138777939,0,2.110096096,7.462382147,-54.83518216
0.04205753781,0.04157411783,NaN,NaN,0,-2.988584885,0.4086753463,-8.73690398,0,2.916645188,8.840405361,-57.29777631
0.04205753781,0.04544147763,NaN,NaN,0,-4.266782065,0.4405615819,-11.22659637,0,4.214658302,10.9302424,-59.96319006
0.04205753781,0.04930883743,NaN,NaN,0,-5.438454378,0.4829129763,-14.76265285,0,5.844686768,13.90584146,-62.81918824
0.04205753781,0.05317619723,NaN,NaN,0,-6.401703436,0.5400501258,-19.08049436,0,7.703022118,18.0475408,-65.71646679
0.04205753781,0.05704355703,NaN,NaN,0,-7.609741778,0.6159820826,-23.96730553,0,9.575019123,23.83724626,-68.51308126
0.04205753781,0.06091091682,NaN,NaN,0,-9.139634531,0.7150425341,-29.78912148,0,10.53362537,31.31590073,-71.26231534
0.04205753781,0.06477827662,NaN,NaN,0,-9.887006672,0.8418069873,-36.80091824,0,8.991143973,39.39677408,-74.0718588
0.04205753781,0.06864563642,NaN,NaN,0,-7.297252414,0.9978136455,-43.20443124,0,2.283917944,44.8192513,-76.89546293
0.04205753781,0.07251299622,NaN,NaN,0,-3.206750362,1.169218578,-50.55448706,0,-5.061437306,42.40640748,-79.57191454
0.04205753781,0.07638035602,NaN,NaN,0,14.78944751,1.345439225,-59.26319184,0,-13.40356059,21.78994816,-81.69852936
0.04205753781,0.08024771582,NaN,NaN,0,29.32705318,1.479368354,-65.64833611,0,2.548301461,-6.173372068,-81.56558012
0.04205753781,0.08411507561,NaN,NaN,0,41.89300862,1.593313621,-99.96976115,0,46.29282266,-23.98927559,-78.50460589
0.04205753781,0.08798243541,NaN,NaN,0,246.0672056,1.843691454,-112.3581435,54.7501323,6.612825656,-155.1613872,-72.38176409
0.04205753781,0.09184979521,NaN,NaN,0,243.3629768,1.903849819,66.12908079,33.31637909,192.6719987,-194.4589284,-47.15156066
0.04205753781,0.09571715501,2.244340226,-0.7494243768,1,346.2809103,2.366157211,-277.0797881,0,486.2655455,60.3217904,-18.46506449
0.04205753781,0.09958451481,4.514491421,-2.700670667,1,-361.7411893,5.260632551,-363.0751581,0,280.2306572,72.87294497,-30.88881608
0.04205753781,0.1034518746,1.929109671,-2.435392545,2,-61.26741321,3.106863526,59.04282476,0,-891.6205014,-449.7175272,-51.61674589
0.04205753781,0.1073192344,0.8293310074,-0.7331113347,2,33.23737194,1.106906567,795.2420456,0,-788.4959393,-704.7241981,-41.47601221
0.04205753781,0.1111865942,-0.9917469498,3.365516605,1,910.3964201,3.508598585,420.4176809,68.28898863,-759.987682,121.1209071,106.4191364
0.04205753781,0.115053954,1.411015714,0.4243769759,1,291.8591576,1.473452124,-488.3693214,0,149.3185332,274.9144935,16.73918112
0.04205753781,0.1189213138,NaN,NaN,0,-82.26687122,0.8255406331,-67.15934067,0,-147.4966639,-60.75149054,30.06839552
0.04205753781,0.1227886736,NaN,NaN,0,-29.50207293,0.657736626,-52.63678295,0,-69.79484829,-45.38224691,37.41120507
0.04592489761,0.01450259924,NaN,NaN,0,-2.79767108,0.2980621976,-1.735219897,0,3.334779778,0.7619381288,-44.5420083
0.04592489761,0.01836995904,NaN,NaN,0,-2.673530397,0.3022016297,-2.259444568,0,3.422949336,1.49316187,-45.05640197
0.04592489761,0.02223731884,NaN,NaN,0,-2.448606693,0.310418831,-3.317005344,0,3.514521637,2.930643729,-46.07615853
0.04592489761,0.02610467864,NaN,NaN,0,-2.246453373,0.3225260743,-4.278779425,0,3.393632275,4.346746039,-47.57099611
0.04592489761,0.02997203844,NaN,NaN,0,-2.077285502,0.3381117852,-5.054227348,0,3.032017898,5.579562696,-49.45796722
0.04592489761,0.03383939824,NaN,NaN,0,-2.120996677,0.3562515991,-5.580652683,0,2.620941958,6.402445242,-51.59834937
0.04592489761,0.03770675803,NaN,NaN,0,-2.846595596,0.3756802564,-6.073557609,0,2.803859762,6.798467515,-53.83227903
0.04592489761,0.04157411783,NaN,NaN,0,-4.756024005,0.3963790483,-7.103064709,0,4.258310001,7.472013058,-56.09143431
0.04592489761,0.04544147763,NaN,NaN,0,-7.315079264,0.421489696,-9.414800401,0,6.563529008,9.087019776,-58.57084604
0.04592489761,0.04930883743,NaN,NaN,0,-9.479575062,0.4561101112,-13.36888386,0,9.299142591,11.51402519,-61.41646011
0.04592489761,0.05317619723,NaN,NaN,0,-10.73712985,0.5057934774,-17.97971049,0,12.5173884,15.08902691,-64.33224304
0.04592489761,0.05704355703,NaN,NaN,0,-12.74414441,0.574358851,-22.36355171,0,16.60691074,21.34475602,-66.92561946
0.04592489761,0.06091091682,NaN,NaN,0,-16.42256198,0.6673003773,-28.06444545,0,20.03879388,31.29778206,-69.46969054
0.04592489761,0.06477827662,NaN,NaN,0,-20.31780373,0.7947977846,-38.07182997,0,20.37977056,44.80524705,-72.4931207
0.04592489761,0.06864563642,NaN,NaN,0,-14.68088092,0.9740246222,-44.68059079,0,3.864269457,57.15389967,-76.08328932
0.04592489761,0.07251299622,NaN,NaN,0,-23.41060252,1.168583292,-56.28605514,0,-10.85608091,63.9844119,-80.28180858
0.04592489761,0.07638035602,NaN,NaN,0,17.7807156,1.41422715,-77.36109858,0,-58.64933955,20.98928451,-85.87446891
0.04592489761,0.08024771582,NaN,NaN,0,25.02775656,1.532671878,-62.06994367,0,-49.30580292,-37.93323943,-88.53420791
0.04592489761,0.08411507561,0.00785024554,-1.503907959,1,27.13112672,1.503928447,-103.3598838,0,-90.88606837,146.6030413,-89.70092461
0.04592489761,0.08798243541,-0.2073573867,-2.498866918,1,151.2307732,2.507455475,81.86917557,22.51624738,89.83348052,116.1118462,-94.74356832
0.04592489761,0.09184979521,0.9401324493,-1.636336686,2,258.6195641,1.887179582,222.0321846,0,143.8242505,-214.4352483,-60.12113131
0.04592489761,0.09571715501,1.349037643,-0.8108903142,2,199.4624581,1.573990363,59.53387117,47.53394153,12.24198114,-522.7780763,-31.00957039
0.04592489761,0.09958451481,1.758869687,0.6156731291,1,-511.3504145,1.863511732,-1257.043784,0,273.9353866,-236.02659,19.29204102
0.04592489761,0.1034518746,0.4308683088,-4.759531165,1,122.099403,4.778994079,-249.9868325,0,-223.9405843,819.4577577,-84.82725795
0.04592489761,0.1073192344,1.365013196,-3.520253886,2,593.0310432,3.775638813,71.93656586,145.4716962,-92.1152407,187.2667584,-68.80570594
0.04592489761,0.1111865942,2.368089946,-5.205554515,1,622.8077653,5.718885188,726.5171001,0,-982.8530952,-232.5512398,-65.53845322
0.04592489761,0.115053954,-0.02741163807,0.1888084556,1,-245.2135596,0.190787921,499.8861812,0,-311.5650734,-920.897492,98.26061459
0.04592489761,0.1189213138,NaN,NaN,0,56.69532594,0.3602013225,-84.45162806,0,11.64779413,-116.9957305,53.38699034
0.04592489761,0.1227886736,NaN,NaN,0,24.36440656,0.3938726956,-64.37622318,0,-12.95137312,-77.58475058,53.02598923
0.0497922574,0.01450259924,NaN,NaN,0,-3.921903935,0.2864652552,-2.084135904,0,4.722255812,0.4421238476,-42.84403762
0.0497922574,0.01836995904,NaN,NaN,0,-3.771182592,0.2909327892,-2.572532233,0,4.896245899,1.269227865,-43.34216157
0.0497922574,0.02223731884,NaN,NaN,0,-3.489617862,0.2998636159,-3.587928752,0,5.090273484,2.946500486,-44.36035578
0.0497922574,0.02610467864,NaN,NaN,0,-3.182065502,0.313098645,-4.56735076,0,4.921948117,4.669893074,-45.92877924
0.0497922574,0.02997203844,NaN,NaN,0,-2.682961202,0.330309161,-5.226034404,0,4.145776877,6.186307497,-47.97706039
0.0497922574,0.03383939824,NaN,NaN,0,-2.129251331,0.3497594878,-5.140967121,0,2.772930891,6.801745165,-50.29605708
0.0497922574,0.03770675803,NaN,NaN,0,-2.539100407,0.3674383769,-4.471735104,0,2.226090995,5.857029612,-52.51468889
0.0497922574,0.04157411783,NaN,NaN,0,-5.873836274,0.3806381617,-4.186996848,0,4.749206046,5.16215958,-54.28052601
0.0497922574,0.04544147763,NaN,NaN,0,-10.75793592,0.3943045861,-5.960656661,0.71907876,8.482005138,6.43179846,-56.21603203
0.0497922574,0.04930883743,NaN,NaN,0,-14.42763676,0.4158959836,-11.31837171,0,12.27096618,7.974212613,-59.12544171
0.0497922574,0.05317619723,NaN,NaN,0,-14.3230965,0.4542671602,-17.10591205,0,16.46047817,9.449785616,-62.33487811
0.0497922574,0.05704355703,NaN,NaN,0,-16.20714403,0.5103268328,-19.44274535,0,24.29644158,15.15496884,-64.25271591
0.0497922574,0.06091091682,NaN,NaN,0,-23.48866524,0.5883052138,-22.03327863,0,32.63486884,27.72522445,-65.68869591
0.0497922574,0.06477827662,NaN,NaN,0,-40.28076535,0.7009331065,-42.7413654,0,48.62487492,51.37253239,-68.48540645
0.0497922574,0.06864563642,NaN,NaN,0,-7.697865024,0.9410253494,-41.1600468,0,3.649470236,75.00668842,-73.04186939
0.0497922574,0.07251299622,0.2414023447,-1.101353585,1,-36.18766721,1.127499362,35.78506316,0,-40.92564341,223.7211632,-77.63702221
0.0497922574,0.07638035602,-0.02375342005,-1.626924348,1,-88.30866017,1.627097741,205.324193,0,-18.00699277,373.2654141,-90.83647038
0.0497922574,0.08024771582,-0.1697585375,-1.750842712,1,48.37997797,1.759053201,269.7501548,0,83.11034822,370.8122587,-95.53798428
0.0497922574,0.08411507561,0.4847669813,-2.017767866,1,164.4629906,2.075183411,340.3903419,0,221.7070455,403.4345607,-76.49077061
0.0497922574,0.08798243541,1.323699936,-1.994657389,2,-4.821953858,2.393917212,527.3143246,0,221.8557639,481.2891994,-56.43084482
0.0497922574,0.09184979521,1.324114813,-1.839772147,2,-32.65887243,2.26672486,279.3728005,0,-192.5313789,144.6079755,-54.25680278
0.0497922574,0.09571715501,0.4528082105,-1.473473323,2,23.89082742,1.541479454,158.3607351,0,-692.0116823,-404.3188011,-72.91745659
0.0497922574,0.09958451481,-1.259748921,0.3363120705,1,1145.353737,1.303868534,-485.2648652,255,-194.1491389,109.5027484,165.0524897
0.0497922574,0.1034518746,4.131458634,-3.773653681,1,263.9528627,5.59548144,-309.8112724,0,535.4329213,651.8604606,-42.40842
0.0497922574,0.1073192344,1.831763523,-3.382818529,2,-431.806328,3.846923291,61.60201735,38.35226603,-398.9573044,-178.7433533,-61.56488338
0.0497922574,0.1111865942,0.91859676,-2.844151657,2,-555.7407875,2.988815594,113.025488,135.9906951,25.93489056,-805.0660558,-72.10071499
0.0497922574,0.115053954,-0.2171865036,0.167771799,1,-138.8434123,0.2744400734,403.112409,0,-115.3921156,-394.2171048,142.3147027
0.0497922574,0.1189213138,NaN,NaN,0,30.28992143,0.2479770213,-46.13921719,0,18.99688036,-68.76710115,105.1058317
0.0497922574,0.1227886736,NaN,NaN,0,23.14144007,0.2566616536,-59.10378234,0,-3.465591804,-67.31275056,95.94349617
0.0536596172,0.01450259924,NaN,NaN,0,-4.959037907,0.2707810939,-2.550035285,0,6.173561983,-0.09941474852,-40.43937677
0.0536596172,0.01836995904,NaN,NaN,0,-4.799590207,0.2756501285,-2.990184645,0,6.549592935,0.8266901951,-40.87240147
0.0536596172,0.02223731884,NaN,NaN,0,-4.556616659,0.2855888905,-3.894826671,0,7.028378284,2.916237276,-41.81271799
0.0536596172,0.02610467864,NaN,NaN,0,-4.30922957,0.3004261578,-5.176660459,0,7.058109831,5.200018272,-43.47900254
0.0536596172,0.02997203844,NaN,NaN,0,-3.343242473,0.3210793835,-6.141592386,0,5.856210601,7.694029055,-45.88880131
0.0536596172,0.03383939824,NaN,NaN,0,-1.173947038,0.3457927805,-5.285446293,0,2.098913734,8.761198309,-48.81195676
0.0536596172,0.03770675803,NaN,NaN,0,0.6932815747,0.3642818694,-2.485418839,0,-1.42163272,4.665746187,-51.44074891
0.0536596172,0.04157411783,NaN,NaN,0,-5.442284761,0.3653167626,0.7874690834,0.8935694172,4.030418049,0.8877971918,-52.00248657
0.0536596172,0.04544147763,NaN,NaN,0,-15.4151914,0.3612099815,1.077542313,2.846917768,10.34431931,3.503801871,-52.1563945
0.0536596172,0.04930883743,NaN,NaN,0,-23.14993954,0.3612624757,-8.838034258,3.856122186,14.84223884,4.501241187,-55.37158707
0.0536596172,0.05317619723,NaN,NaN,0,-15.92047536,0.386466681,-19.68282064,0,16.7571165,-0.4190658994,-60.64109062
0.0536596172,0.05704355703,NaN,NaN,0,-14.27266997,0.4262538765,-16.26823902,0,31.48350855,2.10010929,-60.71194455
0.0536596172,0.06091091682,0.2560369343,-0.4078680946,1,-17.48213579,0.4815716918,33.23204468,0,34.01731118,44.19221752,-57.88168073
0.0536596172,0.06477827662,0.2724711415,-0.4141533191,1,-14.1129703,0.495745393,56.53484426,0,42.32963293,184.1881201,-56.65911378
0.0536596172,0.06864563642,0.365160921,-0.9015492417,1,102.7589576,0.9726939567,68.77851709,0,137.2994903,264.256624,-67.95022475
0.0536596172,0.07251299622,1.200863532,-1.170137491,1,218.8806666,1.676691675,213.5994497,0,291.5956155,274.9155846,-44.25753979
0.0536596172,0.07638035602,2.339356372,-1.138680797,1,70.00827325,2.601765207,295.8384988,0,270.1792899,354.7205354,-25.95448483
0.0536596172,0.08024771582,2.516491238,-1.397855513,1,34.84209653,2.87866778,360.4292093,0,106.1151527,397.6235261,-29.05120828
0.0536596172,0.08411507561,2.884488771,-1.282524602,1,156.8183005,3.156761762,224.9081558,0,147.4678683,282.9237333,-23.97127272
0.0536596172,0.08798243541,3.693275335,-1.622222625,1,-109.0332739,4.03384295,269.661208,0,30.25340115,521.02044,-23.71285109
0.0536596172,0.09184979521,2.579818658,-2.254621191,1,-478.4886385,3.426190453,123.7438687,68.08275497,-373.6291368,629.8566632,-41.15169158
0.0536596172,0.09571715501,0.3978293068,-3.5795429,1,-181.9626579,3.601582364,-6.279008363,0,-406.0757957,591.0394137,-83.65819048
0.0536596172,0.09958451481,0.3056623826,-4.564666443,1,613.3627357,4.574888986,402.9250686,95.21672429,-262.7705095,436.5596947,-86.16903918
0.0536596172,0.1034518746,1.753695588,-3.7096201,2,-7.807028451,4.103258401,-167.3404231,0,164.586628,-470.2477324,-64.69790187
0.0536596172,0.1073192344,0.911985503,-3.393214893,2,-248.2802976,3.513634139,-91.45593065,0,-284.8936559,-286.3213576,-74.95627012
0.0536596172,0.1111865942,-0.3082799252,-2.956005382,2,273.7023047,2.972037067,-40.92850083,0,-507.7109944,-990.5991138,-95.95381762
0.0536596172,0.115053954,0.006989703743,0.2795030576,1,-31.92052163,0.2795904418,530.7827576,0,52.27613807,-297.0321964,88.56746801
0.0536596172,0.1189213138,NaN,NaN,0,-34.99990987,0.3360710296,-79.08545616,0,-31.96880715,-61.57123,133.0834037
0.0536596172,0.1227886736,NaN,NaN,0,9.80243959,0.3291677874,-69.90088042,0,-21.40983528,-52.4814262,139.9581173
0.057526977,0.01450259924,NaN,NaN,0,-5.816096869,0.2508846961,-3.117968422,0,7.588359915,-1.024875172,-37.21702848
0.057526977,0.01836995904,NaN,NaN,0,-5.607892648,0.2560643596,-3.555999524,0,8.403816593,-0.1666344779,-37.47442854
0.057526977,0.02223731884,NaN,NaN,0,-5.628028999,0.2674520446,-3.824532829,0,9.415536884,2.69174015,-38.05222228
0.057526977,0.02610467864,NaN,NaN,0,-6.154993644,0.2832385622,-6.102872018,0,10.42590232,5.519913684,-39.71801662
0.057526977,0.02997203844,NaN,NaN,0,-5.206832083,0.309194234,-8.878228389,0,10.12204196,10.62859214,-42.72985621
0.057526977,0.03383939824,NaN,NaN,0,0.08342407589,0.3490952151,-7.373806825,0,1.188146163,15.88327283,-47.27022089
0.057526977,0.03770675803,NaN,NaN,0,11.92845851,0.3790638979,-0.9719630422,0,-14.04195366,3.156959636,-52.25569416
0.057526977,0.04157411783,NaN,NaN,0,-1.173392949,0.3556773976,8.744749707,0,2.449779556,-9.780518871,-49.98381938
0.057526977,0.04544147763,NaN,NaN,0,-22.31060537,0.3289189583,18.32139109,0,14.02261523,2.194370644,-43.906781
0.057526977,0.04930883743,0.1966493207,-0.2100311278,1,-40.9790126,0.2877221402,25.06116098,7.300384915,14.13911131,37.43566415,-46.88463579
0.057526977,0.05317619723,0.1331763715,-0.275957711,1,-43.13865672,0.3064124739,117.6702404,0,35.44470173,136.4619379,-64.23818144
0.057526977,0.05704355703,0.1668940284,-0.2827053833,1,19.71976885,0.328292477,120.8305473,0,85.89567743,136.6064064,-59.44468654
0.057526977,0.06091091682,0.5416293025,-0.3369686342,1,125.4208062,0.6378951025,105.6316342,0,138.6164915,144.7037126,-31.88734825
0.057526977,0.06477827662,1.188021259,-0.4338111684,1,127.7670729,1.264747659,128.1022677,0,136.1879156,239.1750798,-20.05988729
0.057526977,0.06864563642,1.562438214,-0.7665271626,1,62.3952413,1.740338203,183.2941665,0,181.3484338,283.1885561,-26.13242044
0.057526977,0.07251299622,2.130665749,-0.8201387147,1,4.91970484,2.283060237,142.7068722,0,235.4908777,165.0124882,-21.05278039
0.057526977,0.07638035602,2.492192435,-0.8527910053,1,6.758609115,2.634060674,4.178115034,0,156.4634391,173.5612289,-18.89018
0.057526977,0.08024771582,2.761904136,-1.47520416,1,-55.36570343,3.131188556,43.5182746,0,44.12888456,354.1018274,-28.10782365
0.057526977,0.08411507561,2.448735614,-2.053929352,1,194.3711012,3.196080707,244.7006711,0,224.4278475,239.7312709,-39.9889616
0.057526977,0.08798243541,4.381550354,-1.455985701,1,168.1205798,4.617128747,266.4712271,0,294.681873,106.2361681,-18.38160624
0.057526977,0.09184979521,4.238559214,-1.434242726,1,-339.5914503,4.474643719,162.0131124,71.07805069,-91.52004368,390.6481003,-18.69477966
0.057526977,0.09571715501,2.714287094,-2.340199462,1,-527.5645863,3.583837043,259.6758994,114.0866489,-54.67203717,677.98911,-40.76719907
0.057526977,0.09958451481,1.986840704,-3.05201042,2,-441.7803736,3.64174458,283.0521744,73.34788618,170.636411,481.3129938,-56.936111
0.057526977,0.1034518746,1.665675833,-3.106945384,2,-411.6455006,3.525278089,42.05756706,102.4467279,-6.230767019,164.2094132,-61.80363342
0.057526977,0.1073192344,0.3707628258,-3.524415559,2,-827.2101386,3.543863726,-219.156816,173.0331888,-397.4929529,494.3047689,-83.9946646
0.057526977,0.1111865942,-3.070691668,-5.866158036,1,-233.8412651,6.621250442,955.0858135,0,315.5632176,-83.81574839,-117.6302017
0.057526977,0.115053954,0.6868110197,0.4933905759,1,335.7543726,0.8456616564,898.768469,0,300.8810279,-683.0054466,35.69267083
0.057526977,0.1189213138,-0.6085935135,0.2511308157,1,-129.4468872,0.6583712868,-70.97188631,0,-177.3991788,21.8091643,157.5769345
0.057526977,0.1227886736,NaN,NaN,0,63.1427514,0.517670739,-80.17574388,0,-6.918144058,-19.89795692,164.9324047
0.0613943368,0.01450259924,NaN,NaN,0,-6.50705898,0.2268309037,-3.646281185,0,8.56200224,-2.410165562,-33.07818277
0.0613943368,0.01836995904,NaN,NaN,0,-5.744788756,0.2314651091,-4.814585513,0,10.5048424,-2.636819772,-33.0371244
0.0613943368,0.02223731884,NaN,NaN,0,-6.192613045,0.2468709636,-1.744433103,0,11.80405034,2.497444117,-32.38421299
0.0613943368,0.02610467864,NaN,NaN,0,-9.475883926,0.2586085913,-6.532066396,0,15.10792062,3.559304174,-33.46278687
0.0613943368,0.02997203844,NaN,NaN,0,-11.41251629,0.2869581648,-15.89464233,0,23.01790876,13.41715299,-36.63930677
0.0613943368,0.03383939824,NaN,NaN,0,-5.21398308,0.3652919626,-14.35958958,0,6.573582617,40.98634123,-44.4820344
0.0613943368,0.03770675803,0.2355156614,-0.3852922282,1,-6.051981142,0.4515725057,38.74430439,0,-4.221605171,43.377019,-58.56401431
0.0613943368,0.04157411783,0.2208932714,-0.2738711863,1,-30.43153976,0.3518511959,50.49467902,0,47.35043819,-11.70862564,-51.11177544
0.0613943368,0.04544147763,0.300947129,-0.1447296685,1,8.191074434,0.3339398918,87.81799511,0,50.27064778,38.74930326,-25.68354974
0.0613943368,0.04930883743,0.4469857856,-0.08410490013,1,62.80032736,0.454829558,127.3900228,0,162.5083885,98.47916038,-10.6561886
0.0613943368,0.05317619723,1.172296999,-0.03292096147,1,66.93482678,1.172759158,108.1825849,0,128.841943,116.388555,-1.608582589
0.0613943368,0.05704355703,1.204124994,-0.1158403389,1,-43.40515646,1.209684251,96.86452554,0,56.81916355,180.6205471,-5.495110434
0.0613943368,0.06091091682,1.224173791,-0.356835632,1,31.49949272,1.275120833,85.00577686,0,94.87607648,153.7210155,-16.25092796
0.0613943368,0.06477827662,1.69286479,-0.3815868905,1,90.95245481,1.735338512,94.45950836,0,153.4115836,116.3552769,-12.70268411
0.0613943368,0.06864563642,2.169217449,-0.4415144472,1,15.28794006,2.213693598,140.6442616,0,165.2125208,113.9720385,-11.50462033
0.0613943368,0.07251299622,2.390925016,-0.2784358069,1,1.581298126,2.407083075,70.99583723,0,220.1516052,101.5603346,-6.642474995
0.0613943368,0.07638035602,3.026738365,-0.5597183558,1,115.0093621,3.078056168,-8.805457676,0,315.0789426,181.1531638,-10.47704048
0.0613943368,0.08024771582,4.054231236,-1.013074143,1,105.2752766,4.178888624,64.75952516,0,342.3745707,221.6019256,-14.02981003
0.0613943368,0.08411507561,4.757961389,-1.16628435,1,-54.01273213,4.898817792,272.0628731,0,333.3861941,303.0117455,-13.77293269
0.0613943368,0.08798243541,5.134668931,-1.132764568,1,-50.30525592,5.258134707,69.47324222,0,39.75465382,102.8178139,-12.44080709
0.0613943368,0.09184979521,4.717158414,-1.295239806,1,-146.7114541,4.891751185,12.61068485,10.13079942,-140.448707,172.3922234,-15.35390418
0.0613943368,0.09571715501,4.024117268,-1.750697266,1,-231.4434854,4.388446275,156.5023564,22.49060167,-144.8910127,389.4754005,-23.51150958
0.0613943368,0.09958451481,3.261737505,-2.196230391,2,-347.0384441,3.932220681,272.3704347,53.14214031,-33.76735873,373.4828763,-33.95362166
0.0613943368,0.1034518746,2.551404215,-2.141735458,2,-369.7844617,3.331170101,271.6753329,62.06921892,37.34684585,151.4676225,-40.01124064
0.0613943368,0.1073192344,1.976081635,-1.731343924,2,-334.4168767,2.627251493,369.8436153,0,466.246008,30.98843909,-41.22322222
0.0613943368,0.1111865942,3.061234898,-0.8312605722,1,-1250.902751,3.172089728,730.590173,84.54410734,957.5091305,245.5100905,-15.19200735
0.0613943368,0.115053954,0.8414229423,0.1446352862,1,-417.885177,0.8537633945,12.26463085,0,-482.1919938,-218.1935488,9.753464528
0.0613943368,0.1189213138,-0.4196873672,0.06000412702,1,-106.4586541,0.4239551644,-75.88365411,0,-276.3467861,-23.18187721,171.8633703
0.0613943368,0.1227886736,NaN,NaN,0,8.794383303,0.6417580421,-95.15636781,0,-122.2237366,-33.51970595,-174.7087977
0.0652616966,0.01450259924,NaN,NaN,0,-8.285374876,0.1996052144,-3.153522371,0,7.267720846,-3.421568991,-27.92122382
0.0652616966,0.01836995904,NaN,NaN,0,-4.157854536,0.1976243046,-10.62065714,0,13.76323624,-10.15889426,-28.05559274
0.0652616966,0.02223731884,NaN,NaN,0,-3.921750497,0.2338002566,8.193452327,0,12.18790145,6.375551917,-24.04218753
0.0652616966,0.02610467864,0.2063699805,-0.08591777782,1,-7.308504947,0.2235406751,33.02552703,0,8.348913279,28.21455106,-22.60337101
0.0652616966,0.02997203844,0.2175407182,-0.07664659732,1,-0.01277355227,0.2306483578,21.74311092,0,34.52749731,54.0461703,-19.40900146
0.0652616966,0.03383939824,0.3398508356,-0.210845331,1,18.66220999,0.399942926,31.64474105,0,67.20817297,87.50186979,-31.81569251
0.0652616966,0.03770675803,0.5496323851,-0.2926662114,1,-28.19865195,0.6226951663,79.08660557,0,38.24445853,17.221116,-28.03424267
0.0652616966,0.04157411783,0.3787015841,0.02841077628,1,-43.93639919,0.3797657989,49.97703542,0,89.65876079,-8.797430535,4.29038061
0.0652616966,0.04544147763,0.7264572082,-0.06536420464,1,57.32949526,0.7293919075,54.34321316,0,121.4656444,16.2901095,-5.141438909
0.0652616966,0.04930883743,1.070166719,0.1755758196,1,22.19370085,1.084473917,59.52012393,0,48.97023935,52.06708427,9.317169078
0.0652616966,0.05317619723,1.00167377,-0.03654061869,1,-2.115863895,1.002340041,-33.77189615,0,46.03779835,-15.49645747,-2.089198433
0.0652616966,0.05704355703,1.240028643,0.1048981227,1,22.16991087,1.244457573,14.35496436,0,97.60118795,28.66135586,4.835327437
0.0652616966,0.06091091682,1.464871702,-0.09186858202,1,29.31477349,1.467749618,44.03776996,0,168.0522369,120.8750396,-3.58857188
0.0652616966,0.06477827662,2.003317884,-0.1922592448,1,59.46342606,2.012522339,62.52124697,0,220.3810702,87.04606215,-5.481910713
0.0652616966,0.06864563642,2.547131057,-0.1867148663,1,21.15837878,2.55396536,102.2268071,0,184.3266829,46.01001829,-4.192510457
0.0652616966,0.07251299622,2.798002551,0.02515130417,1,-12.72863074,2.798115592,116.6700325,0,170.8706192,88.83064875,0.5150191037
0.0652616966,0.07638035602,3.158723025,-0.07904995287,1,35.62771221,3.15971202,-17.65578316,0,241.3996148,133.1983437,-1.433580419
0.0652616966,0.08024771582,3.869366899,-0.5582558815,1,80.16524178,3.909430883,-104.4415453,0,311.3248518,18.81266182,-8.209742102
0.0652616966,0.08411507561,4.672756075,-0.5557183183,1,67.85782722,4.705685092,-115.2964174,0,236.8707269,26.77356675,-6.782177702
0.0652616966,0.08798243541,5.047861858,-1.107691627,1,-1.51968778,5.167967694,-90.76977366,0,74.25043021,130.1313465,-12.37668949
0.0652616966,0.09184979521,4.954032024,-1.41002243,1,-31.11179261,5.150786013,-43.67796622,0,-26.31300063,188.4644587,-15.88747556
0.0652616966,0.09571715501,4.825779522,-2.005469909,1,-67.58914389,5.225902558,130.9142744,0,-53.79707678,242.2191468,-22.56651447
0.0652616966,0.09958451481,4.484587834,-1.840478418,2,-270.4812704,4.84756525,486.1226895,0,-123.4974936,363.804674,-22.31328562
0.0652616966,0.1034518746,3.302121888,-1.532422133,2,-386.0370254,3.640374508,402.4297146,0,-276.8604989,37.18976151,-24.894692
0.0652616966,0.1073192344,1.920924599,-0.4279641069,2,-414.5684739,1.968020475,508.3780172,0,-257.1773096,-579.4409716,-12.55984175
0.0652616966,0.1111865942,0.7042392506,2.674565292,1,-46.38874313,2.765728191,-694.1934082,0,-478.6502766,-868.1252687,75.24829767
0.0652616966,0.115053954,-0.1095901989,0.2446929778,2,-15.09797201,0.2681131572,-635.3408564,0,-423.4324223,161.1852412,114.1260891
0.0652616966,0.1189213138,-0.9917155667,-0.405887716,1,13.56910014,1.071561759,-248.8040622,0,-243.162322,-89.31170853,-157.7417768
0.0652616966,0.1227886736,NaN,NaN,0,75.05442732,1.064659609,-84.71337597,0,-78.05090486,-102.1756132,-159.5419541
0.0691290564,0.01450259924,0.1646394044,-0.06365101875,1,-17.58561348,0.1765151145,-107.1850989,0,-8.768363342,-110.6849734,-21.13693326
0.0691290564,0.01836995904,0.1136792491,-0.0568833818,1,7.255625012,0.1271168392,-30.75270489,0,18.64852424,-29.13149537,-26.58269182
0.0691290564,0.02223731884,0.2648200698,-0.06992081927,1,29.88897104,0.2738952178,10.92324917,0,57.74209575,17.42879894,-14.79036058
0.0691290564,0.02610467864,0.4525801139,-0.08204268345,1,22.50090646,0.4599562603,37.14351726,0,44.3514072,28.80426891,-10.27486741
0.0691290564,0.02997203844,0.5233620201,-0.03766994546,1,24.14044579,0.5247159506,44.718214,0,45.37147943,41.14146457,-4.116869693
0.0691290564,0.03383939824,0.721407739,-0.06821010648,1,-22.73455333,0.7246252442,30.71272686,0,44.61259322,54.15581805,-5.401338021
0.0691290564,0.03770675803,0.607972272,-0.1283328139,1,-90.98733926,0.6213691291,39.5359976,20.49283144,2.74674699,-40.88048479,-11.9192149
0.0691290564,0.04157411783,0.3801496198,0.2427893646,1,-31.68808572,0.4510658589,60.54861539,0,22.93258524,0.652272086,32.56506523
0.0691290564,0.04544147763,0.5741116014,0.1033078963,1,17.31061771,0.5833323687,-19.40898961,0,111.5587078,38.34094003,10.20086179
0.0691290564,0.04930883743,0.8785336686,0.01944960839,1,40.80979873,0.878748937,-12.0787481,0,64.59724087,-25.00712362,1.268247884
0.0691290564,0.05317619723,0.9817585489,0.153306576,1,41.97721501,0.9936562557,32.57725011,0,85.22866674,-7.871518406,8.875349675
0.0691290564,0.05704355703,1.370484582,0.1758795496,1,80.95456463,1.381724142,0.6666831258,0,146.6406056,-6.161096492,7.313014828
0.0691290564,0.06091091682,1.861950961,0.1797120564,1,33.41687702,1.870603593,32.91061858,0,199.5096811,16.13949024,5.513005523
0.0691290564,0.06477827662,2.271295389,0.2407395371,1,3.136019845,2.284018009,24.35237212,0,224.5520344,21.81730003,6.05031464
0.0691290564,0.06864563642,2.742502588,0.1895160923,1,18.76689556,2.749042887,32.98371574,0,217.6669374,-16.37011329,3.95304551
0.0691290564,0.07251299622,3.185670089,0.4316085514,1,25.7652133,3.214775242,57.16586176,0,163.2734252,45.12676062,7.71570246
0.0691290564,0.07638035602,3.473583019,0.2360756281,1,-0.491923449,3.481595998,22.43957294,0,139.4506635,164.8378343,3.88802251
0.0691290564,0.08024771582,3.723073534,-0.11909676,1,54.95448689,3.72497793,-53.05456328,0,188.6299492,140.5468401,-1.832200069
0.0691290564,0.08411507561,4.415611675,-0.5126506561,1,181.4208582,4.445271326,-92.76462261,0,222.9430601,93.57374183,-6.622367532
0.0691290564,0.08798243541,5.286894295,-0.8397342595,1,65.12077923,5.353167746,-86.30702763,0,157.6379619,111.2516518,-9.025080236
0.0691290564,0.09184979521,5.277099875,-1.276681151,1,-2.207788353,5.429336778,-69.73184762,0,48.81947558,152.0277418,-13.60016751
0.0691290564,0.09571715501,5.467158461,-1.69735838,1,94.40122045,5.724582702,-27.81960436,0,234.4051523,62.96845492,-17.24771126
0.0691290564,0.09958451481,6.548712422,-1.627791241,1,-157.9244426,6.747987753,20.76674869,1.758247566,-156.3953053,26.49473087,-13.95892121
0.0691290564,0.1034518746,4.251570904,-1.719510548,2,-489.3138955,4.586128179,343.542819,0,-764.1140381,212.9277211,-22.02043807
0.0691290564,0.1073192344,1.701255622,-1.122655663,2,-1011.047901,2.038290074,117.5162225,130.1141293,-859.0611211,320.0991064,-33.42075137
0.0691290564,0.1111865942,-2.980813545,-2.502971449,1,115.4572531,3.892314924,139.2780657,0,-811.9435341,219.9235977,-139.9800194
0.0691290564,0.115053954,-0.9923074218,-1.434540951,1,299.0530033,1.744299791,135.816708,66.36819261,25.07273213,-270.171583,-124.6725673
0.0691290564,0.1189213138,-1.727302706,-0.9328686539,1,24.90874817,1.963114506,4.989045301,0,-120.4475624,-197.5382959,-151.6277386
0.0691290564,0.1227886736,NaN,NaN,0,130.2953322,1.509522459,25.87019753,0,58.72887767,-119.7453205,-154.4399048
0.07299641619,0.01450259924,-0.6662123408,-0.05936709042,1,158.2092799,0.6688522516,-162.5896724,0,156.74481,-168.0090172,-174.9077454
0.07299641619,0.01836995904,-0.05719194801,-0.04888781232,1,124.9802001,0.0752391993,-41.8102777,0,130.847302,-60.38438939,-139.4760998
0.07299641619,0.02223731884,0.3231646559,0.01246568243,1,51.21938412,0.3234049908,4.146433642,0,82.87875325,-8.129068274,2.209019617
0.07299641619,0.02610467864,0.4614137975,-0.001414029709,1,5.496751711,0.4614159642,8.514783439,0,53.05128709,10.32589855,-0.1755857351
0.07299641619,0.02997203844,0.5495909874,0.005461448657,1,2.040692113,0.5496181228,10.84587805,0,51.3947904,-2.347708398,0.5693464151
0.07299641619,0.03383939824,0.6680680344,0.04961031613,1,-32.98924411,0.6699075175,-2.38283653,2.245538234,31.6554613,-19.02876041,4.246953801
0.07299641619,0.03770675803,0.5444327694,0.06983722548,1,-48.66992704,0.5488936859,26.96066985,5.088034059,35.04807618,-22.17834412,7.309709715
0.07299641619,0.04157411783,0.615387436,0.2396485633,1,32.07114362,0.6604037631,77.26865057,0,33.92765558,17.98018076,21.27728837
0.07299641619,0.04544147763,0.7996738722,0.2991270701,1,4.635794663,0.8537887947,55.8250852,0,75.8725858,48.60521035,20.50887935
0.07299641619,0.04930883743,0.92674231,0.267570417,1,-34.78725317,0.9645958932,2.678390266,0,111.7249747,46.22198899,16.10456518
0.07299641619,0.05317619723,1.097219723,0.1307283069,1,5.416867863,1.104980095,35.56404381,0,70.09652495,11.94088365,6.794479304
0.07299641619,0.05704355703,1.21877977,0.3589296769,1,-4.840187916,1.270533211,31.36792879,0,148.9556639,-77.16703206,16.4096595
0.07299641619,0.06091091682,1.654566121,0.5504720512,1,-24.13790786,1.743734076,115.6543893,0,273.1690037,36.76168536,18.40221864
0.07299641619,0.06477827662,2.181872618,0.6640361485,1,45.87221861,2.280682382,-33.00293794,0,201.5357712,-41.28536051,16.9272237
0.07299641619,0.06864563642,2.611381835,0.5825031594,1,48.14435791,2.675560692,-31.48883242,0,213.463654,-3.797818618,12.57471589
0.07299641619,0.07251299622,3.193604926,0.5569450349,1,134.9548122,3.241805083,-10.48082051,0,193.8509811,20.63725061,9.892543791
0.07299641619,0.07638035602,3.882992141,0.4621583821,1,120.7871137,3.910398744,-23.77172742,0,141.4398677,130.915149,6.787481991
0.07299641619,0.08024771582,4.207731013,-0.04128477242,1,86.65692047,4.207933544,-29.05533449,0,118.3648851,192.6192576,-0.562147939
0.07299641619,0.08411507561,4.67588523,-0.3951370238,1,81.80411639,4.692551113,-51.21454782,0,160.3767851,132.0137161,-4.830320109
0.07299641619,0.08798243541,5.144331695,-0.7498943941,1,33.76255785,5.198700818,-131.2951931,0,120.4549595,80.10086499,-8.293648078
0.07299641619,0.09184979521,5.272299857,-1.212681641,1,-66.1497573,5.409966963,-98.42294493,0,18.92919048,86.23273076,-12.95330817
0.07299641619,0.09571715501,4.961712773,-1.464024331,1,-138.4035485,5.17319639,-126.561385,13.2708732,-18.01708675,34.24161398,-16.4394486
0.07299641619,0.09958451481,4.66736498,-1.834564694,1,27.85122463,5.014969938,-284.9311009,0,99.49170084,7.554958075,-21.45791311
0.07299641619,0.1034518746,5.454193684,-2.595173157,1,-139.9190067,6.040128513,475.3444791,0,-132.6246682,-40.35311618,-25.44568586
0.07299641619,0.1073192344,3.613340529,0.1598234539,2,-1260.885772,3.616873417,670.5352053,248.5339559,391.8711116,235.3168612,2.53262722
0.07299641619,0.1111865942,2.093401323,-0.9120272293,1,-774.6081829,2.283445372,380.9196815,148.2320402,-322.4010407,632.9548718,-23.54119901
0.07299641619,0.115053954,-0.629188841,-0.8148873086,1,-624.1056489,1.029524125,61.98125122,125.4998005,-366.1756594,76.46287213,-127.6723625
0.07299641619,0.1189213138,-1.736372798,-0.9680328678,1,-185.479135,1.987983432,4.954207584,46.38315226,-3.634334894,-37.96725539,-150.8602066
0.07299641619,0.1227886736,NaN,NaN,0,55.29474931,1.507376549,131.42741,0,139.0570284,-33.61453919,-154.5020114
0.07686377599,0.01450259924,-1.113904678,-0.0693146511,1,220.130957,1.116059206,-19.28968285,0,210.3231114,-37.45270106,-176.4392619
0.07686377599,0.01836995904,-0.281544298,-0.03419318788,1,176.9899094,0.2836130565,11.11950834,4.946938832,175.5302949,-20.38312126,-173.0754148
0.07686377599,0.02223731884,0.2494177887,0.05251735214,1,105.7529597,0.2548868486,-3.105905852,6.040691157,102.9134562,-38.28778958,11.89049345
0.07686377599,0.02610467864,0.52544381,0.1018678149,1,25.49206941,0.5352272874,0.1669638236,0,53.84104854,-25.86701368,10.97182573
0.07686377599,0.02997203844,0.5562274998,0.1532001101,1,-13.10145258,0.5769396028,0.6237759809,0,42.36109887,-20.04314349,15.39899765
0.07686377599,0.03383939824,0.6386013898,0.1817942284,1,-20.84031266,0.6639735511,-4.055387404,0,39.00250863,-14.97620114,15.89035956
0.07686377599,0.03770675803,0.6264672463,0.1954348261,1,-15.21691228,0.6562438434,23.55242337,0,43.63674827,5.924134438,17.32600859
0.07686377599,0.04157411783,0.748511121,0.2499691644,1,30.08822748,0.7891473128,46.26155071,0,60.80424186,-1.153580522,18.46700899
0.07686377599,0.04544147763,0.9779811282,0.3788061985,1,-11.85523696,1.048780827,118.5541218,0,94.37611043,31.64833558,21.17312326
0.07686377599,0.04930883743,1.06764903,0.5860651082,1,-40.9821467,1.21792724,118.6710321,0,89.4638182,112.2997906,28.76372587
0.07686377599,0.05317619723,1.165477196,0.4034460816,1,-83.54003877,1.233331194,104.3026905,0,116.046438,56.57029807,19.09400422
0.07686377599,0.05704355703,1.193362971,0.7706634439,1,49.36828661,1.420576406,167.592184,0,283.1380308,-71.8628501,32.8540231
0.07686377599,0.06091091682,2.45139876,1.329504854,1,19.1356487,2.788716378,49.81034624,0,185.3017142,31.17151705,28.47298717
0.07686377599,0.06477827662,1.98399581,0.8427465026,1,-9.582433814,2.155565133,-89.68952322,0,49.56776235,39.76302024,23.01444178
0.07686377599,0.06864563642,2.606036412,0.8288652918,1,123.2482186,2.734674287,5.758533942,0,197.6303429,53.17208866,17.64357336
0.07686377599,0.07251299622,3.224948659,0.6593812272,1,146.3021465,3.291667883,-28.45194123,0,185.1665647,104.1754997,11.55557141
0.07686377599,0.07638035602,3.88794518,0.3159472587,1,148.5875931,3.900761515,-71.29892929,0,143.7786401,98.28753635,4.645835507
0.07686377599,0.08024771582,4.355634075,0.00352934767,1,75.9393714,4.355635505,-22.84413562,0,141.3008114,112.837353,0.04642646242
0.07686377599,0.08411507561,4.72809113,-0.2087818758,1,43.17204738,4.732698554,-34.97203749,0,146.4336196,96.3818899,-2.528410291
0.07686377599,0.08798243541,5.088907409,-0.5044635505,1,26.18000793,5.113850026,-84.74320614,0,103.5893507,106.3091942,-5.661236881
0.07686377599,0.09184979521,5.229955931,-0.9476502483,1,-37.59265354,5.315118063,-66.67344179,0,43.07889787,121.3920875,-10.2703685
0.07686377599,0.09571715501,5.11012469,-1.231780618,1,-2.258894987,5.256487214,64.82298905,0,65.87933911,169.0495199,-13.55244546
0.07686377599,0.09958451481,5.475999079,-1.350731744,1,-16.69955834,5.640127849,126.751737,0,229.6909445,245.5718425,-13.85620656
0.07686377599,0.1034518746,5.933839014,-1.691300717,1,-340.5985648,6.170165602,906.2263284,0,270.3988405,-805.5051767,-15.9089504
0.07686377599,0.1073192344,5.204511487,5.269149865,1,-814.7852065,7.406138003,310.6707532,145.9737483,-476.4406248,68.34083339,45.35359738
0.07686377599,0.1111865942,0.9402041431,-0.7541237272,1,-871.3989489,1.20527442,-587.2460601,63.01479995,-592.4952754,888.2263659,-38.73257993
0.07686377599,0.115053954,-0.4568941848,-0.437032879,1,-431.4525055,0.6322578853,78.11901677,77.19580044,-291.3093602,-57.50693221,-136.2727904
0.07686377599,0.1189213138,-1.85497604,-0.2296093845,1,-198.8978388,1.869132574,-23.81837645,46.8488368,62.72777207,-52.17800723,-172.9438057
0.07686377599,0.1227886736,NaN,NaN,0,154.8337777,1.036561344,184.8886296,0,295.8422694,235.4381536,-161.5903068
0.08073113579,0.01450259924,-0.8856555552,-0.09729755793,1,207.0911363,0.8909840499,152.1511049,0,202.8204956,130.0352981,-173.730663
0.08073113579,0.01836995904,-0.09301767223,-0.05453266691,1,138.0281006,0.1078243901,53.23058317,0,133.1480899,27.68812948,-149.6185517
0.08073113579,0.02223731884,0.1630803423,0.001484300646,1,54.15829251,0.1630870969,3.51404039,0,63.50340795,-38.5700552,0.5214718899
0.08073113579,0.02610467864,0.3620224579,0.1082216725,1,24.72067956,0.3778520748,2.705082074,0,55.80168716,-53.78585779,16.64331724
0.08073113579,0.02997203844,0.4744893062,0.2199550905,1,-1.056223497,0.5229917241,15.78884072,0,61.16016731,-28.89858787,24.87063487
0.08073113579,0.03383939824,0.5944660339,0.2810440374,1,-7.00749246,0.657552748,0.6192907413,0,54.56963497,-19.41774224,25.30324802
0.08073113579,0.03770675803,0.6584292241,0.2974455063,1,-5.702957495,0.7224976625,27.37886563,0,56.22066537,7.366658558,24.31108086
0.08073113579,0.04157411783,0.7898361865,0.3584384425,1,46.91902855,0.8673634293,174.4509149,0,139.8056702,67.7847583,24.40919556
0.08073113579,0.04544147763,1.380560817,0.7099619123,1,91.5100122,1.552415565,155.1127692,0,174.8612207,48.16294379,27.21477265
0.08073113579,0.04930883743,1.819989584,0.7720518975,1,15.42205018,1.976974006,153.6498647,0,72.18620254,103.838334,22.98698539
0.08073113579,0.05317619723,1.719373452,0.9026010235,1,-78.28950819,1.941889203,221.6640336,0,18.56141229,94.71709406,27.69764313
0.08073113579,0.05704355703,1.588999547,1.263001388,1,19.98670398,2.029800992,148.0440413,0,44.23764664,72.92949169,38.47910369
0.08073113579,0.06091091682,1.967752124,1.193096013,1,118.738764,2.301201103,-125.9492058,0,-15.36350508,-30.22236167,31.2294531
0.08073113579,0.06477827662,1.988788868,0.8927912392,1,109.2668203,2.17999022,11.14726321,0,116.0899289,94.64878186,24.17588527
0.08073113579,0.06864563642,2.839287756,0.8701655966,1,191.624983,2.969636868,15.54648071,0,195.6330903,63.52327249,17.03889831
0.08073113579,0.07251299622,3.486455172,0.7072477234,1,164.2060182,3.557466656,-24.91705214,23.39782443,132.6577595,85.39209624,11.46717884
0.08073113579,0.07638035602,3.987366795,0.4435604307,1,136.1969051,4.011962091,-38.50145976,0,140.2997353,89.68839493,6.347567965
0.08073113579,0.08024771582,4.555767164,0.2114914328,1,82.37322324,4.560673533,17.72339355,0,157.0698277,131.3274605,2.657921828
0.08073113579,0.08411507561,4.913379224,0.004212629128,1,32.08618308,4.91338103,-8.404313721,0,141.6674891,162.7760473,0.04912419732
0.08073113579,0.08798243541,5.22773513,-0.4505246137,1,48.15173122,5.247112255,-80.1083978,0,99.37457945,153.8776811,-4.925562849
0.08073113579,0.09184979521,5.483916548,-0.9006957258,1,56.43638655,5.557390889,-18.25519629,0,108.6495675,175.6715881,-9.32716494
0.08073113579,0.09571715501,5.866181912,-1.200509264,1,3.707606976,5.987763583,-632.6813542,0,157.4766916,-637.5973066,-11.56583453
0.08073113579,0.09958451481,6.107274224,-0.8816839691,1,-184.2339336,6.170588713,431.5372501,0,178.4255018,181.1641379,-8.21481772
0.08073113579,0.1034518746,5.843718617,-0.2322263548,2,-374.314257,5.848331074,345.3021324,23.88724759,108.4585891,-262.3495418,-2.275707189
0.08073113579,0.1073192344,5.079114702,1.468323687,2,260.2620648,5.287095668,155.8087172,0,-929.0175707,52.68410492,16.12407807
0.08073113579,0.1111865942,3.257400458,0.1665936251,2,-854.3025669,3.261657735,630.7049981,0,-601.1061587,1080.941625,2.927734139
0.08073113579,0.115053954,-0.5494744939,-0.2729033423,1,-725.2998796,0.6135132058,33.32463376,84.04919183,-641.9581182,65.08431727,-153.5881355
0.08073113579,0.1189213138,-2.030278157,0.04376750191,1,86.02121408,2.030749858,20.6647546,0,124.5800147,-23.12205466,178.7650437
0.08073113579,0.1227886736,0.2649962317,-0.1035639965,1,563.4154488,0.2845145061,108.3674559,0,623.5826626,184.5597453,-21.34620882
0.08459849559,0.01450259924,-0.02258832696,-0.08583075544,1,14.14066467,0.08875331596,153.0789111,0,13.77802304,136.1346328,-104.7443657
0.08459849559,0.01836995904,0.03139747828,-0.05306594512,1,12.97807509,0.06165870721,42.16708879,0,22.29971142,-2.951296991,-59.38850969
0.08459849559,0.02223731884,0.1138435664,0.08865827591,1,32.90765744,0.1442936155,24.52541794,0,43.75927005,-46.61748409,37.91048943
0.08459849559,0.02610467864,0.3278960715,0.2220692541,1,33.62830823,0.396018418,32.3814582,0,67.65107738,-46.52379466,34.10801771
0.08459849559,0.02997203844,0.5055273907,0.3938132787,1,5.775859141,0.6408173228,48.06682833,0,55.76611137,-3.09621098,37.91911563
0.08459849559,0.03383939824,0.5659010142,0.4199351355,1,2.047452456,0.70469105,28.64803212,0,63.97001486,18.01998633,36.57780371
0.08459849559,0.03770675803,0.7608406897,0.4349157558,1,109.9604891,0.8763733621,68.28757817,0,179.4934716,19.349775,29.75337592
0.08459849559,0.04157411783,1.685323625,0.6091952281,1,83.10778957,1.792047585,110.6498962,0,176.3148685,41.80717931,19.87344202
0.08459849559,0.04544147763,1.764121448,0.7011553115,1,30.62678086,1.898352774,48.73352733,0,67.14661808,-2.04976958,21.67549393
0.08459849559,0.04930883743,2.063448538,0.805592509,1,74.05882655,2.215129603,45.69117236,0,87.52825964,25.82021893,21.32620846
0.08459849559,0.05317619723,2.389036849,0.7780034379,1,3.989710431,2.512525904,130.8923054,0,-7.997976947,115.6731226,18.03813414
0.08459849559,0.05704355703,2.047947129,0.8644505646,1,-23.23414993,2.222917502,84.76741678,0,-116.8122277,76.26557222,22.88489499
0.08459849559,0.06091091682,1.847427119,0.8108831298,1,95.33918906,2.017552579,-3.420001768,23.79083095,-6.079314051,-4.630996965,23.6979021
0.08459849559,0.06477827662,2.393147181,0.8691339188,1,127.7578111,2.54608468,49.43498324,0,147.4688381,40.77715032,19.959813
0.08459849559,0.06864563642,2.911827597,0.8443660847,1,112.2696808,3.031780672,-63.64545164,0,163.2878797,22.13947041,16.17099886
0.08459849559,0.07251299622,3.458827413,0.5373727599,1,134.1720433,3.50032235,-105.4285488,0,169.4138498,27.10416924,8.831025403
0.08459849559,0.07638035602,4.085903476,0.331814379,1,185.9637732,4.099354583,-11.60310769,0,194.9782699,51.73849483,4.642775954
0.08459849559,0.08024771582,4.932067356,0.2924079928,1,135.1919215,4.940727764,63.43745864,0,185.2330597,93.64047138,3.392929249
0.08459849559,0.08411507561,5.325102166,0.2150084617,1,9.701962546,5.329441033,16.82052068,0,104.6221336,171.6482043,2.31214147
0.08459849559,0.08798243541,5.374199769,-0.3063663665,1,-6.936899165,5.382925182,-110.0488679,0,139.750916,138.3716575,-3.262722358
0.08459849559,0.09184979521,5.838741756,-0.7457230913,1,-800.0585327,5.88617093,-38.00629987,147.7429869,-538.5031671,47.51299307,-7.278401832
0.08459849559,0.09571715501,0.1975000641,-0.637100242,1,97.09833234,0.6670104899,35.13175638,0,421.807108,-171.0879673,-72.77664676
0.08459849559,0.09958451481,7.845535795,0.05180277753,1,687.8302023,7.845706816,-47.45246365,0,878.3924352,-257.6361198,0.3783090747
0.08459849559,0.1034518746,6.254646528,0.1757555798,2,-294.8526005,6.257115406,11.99263539,58.44089662,-179.5556897,-147.7997987,1.609587958
0.08459849559,0.1073192344,6.010828246,0.6697776134,2,253.8529435,6.048029287,15.51470252,59.84614476,83.61525736,2.761220641,6.358154754
0.08459849559,0.1111865942,7.559757481,0.2250778829,1,-802.1443967,7.563107379,-97.95742198,48.84707732,-771.8336987,104.8936071,1.705372731
0.08459849559,0.115053954,-0.07631136382,-0.1147203014,1,-1254.985356,0.1377830606,8.995990824,105.5830187,-1181.880432,88.00764947,-123.6316498
0.08459849559,0.1189213138,-1.864479303,-0.08048862929,1,44.37413949,1.866215822,19.73348126,9.309605785,13.97404394,14.54839811,-177.5281049
0.08459849559,0.1227886736,0.1493420551,-0.09466771927,1,504.4154448,0.1768191915,-44.40426666,0,537.0296048,-37.07156905,-32.370553
0.08846585539,0.01450259924,0.2328372776,-0.09870002357,1,-43.51586104,0.2528930456,25.37177199,0,-46.56801129,-16.11259071,-22.97215074
0.08846585539,0.01836995904,0.05864390444,-0.0184825453,1,-27.13065848,0.06148749474,7.262783367,5.674608091,-12.99876105,-29.49392457,-17.49306214
0.08846585539,0.02223731884,0.07764237379,0.04345139101,1,37.84937181,0.08897393769,41.00747021,0,26.45420039,-25.7777582,29.23290417
0.08846585539,0.02610467864,0.3073289544,0.2397999622,1,77.69433158,0.3898141969,75.65655903,0,69.89071864,-19.97302045,37.96389401
0.08846585539,0.02997203844,0.6484068639,0.4132853822,1,64.41785851,0.7689188958,84.77009369,0,56.49644021,12.18287185,32.51286139
0.08846585539,0.03383939824,0.7749480524,0.5205208658,1,38.28888255,0.9335343891,129.4818177,0,51.93999577,89.9020544,33.88865956
0.08846585539,0.03770675803,0.9973544005,0.5663545675,1,57.47626186,1.146940843,203.3286903,0,98.83050307,152.0319667,29.59037514
0.08846585539,0.04157411783,1.379442551,0.7189037526,1,59.54992812,1.555533464,93.17811345,0,86.22117523,19.52510211,27.52651025
0.08846585539,0.04544147763,1.561103705,0.8511972626,1,61.37027272,1.778083676,94.08671015,0,124.055276,66.87453065,28.60158127
0.08846585539,0.04930883743,2.096549864,0.8241430416,1,128.0977487,2.252716823,60.69082695,0,159.3921743,59.38682089,21.45953609
0.08846585539,0.05317619723,2.672930676,0.8562403232,1,-15.22516972,2.806725118,39.04353648,0,45.01867153,19.14410788,17.76221866
0.08846585539,0.05704355703,2.211772055,0.9011012918,1,-120.777726,2.388287914,41.90534102,22.35847981,-69.61435015,56.22160715,22.16654518
0.08846585539,0.06091091682,1.936616015,0.8008741711,1,-21.12588475,2.095681518,49.6676382,0,53.68028825,32.10537758,22.46720278
0.08846585539,0.06477827662,2.337671646,0.9690208725,1,68.45737046,2.53055531,-1.759453438,0,123.4443962,-70.69463672,22.51517759
0.08846585539,0.06864563642,2.678769192,1.067471328,1,88.31627341,2.883626089,-52.70259244,0,130.4052868,-20.25658021,21.72694597
0.08846585539,0.07251299622,3.183546615,0.8435404691,1,117.5194999,3.293406986,-30.65622159,0,260.9856463,121.6566289,14.84055575
0.08846585539,0.07638035602,4.142584778,0.4784227328,1,150.4372486,4.170119537,45.9684396,0,361.4617014,159.3589627,6.587843519
0.08846585539,0.08024771582,5.163244035,0.4050185186,1,130.1479326,5.179105036,2.664103848,0,257.6284562,30.36249646,4.485247921
0.08846585539,0.08411507561,5.642255595,0.3713030828,1,38.10874746,5.654459671,-90.65193625,0,6.889784321,-16.11825231,3.76506676
0.08846585539,0.08798243541,5.337269548,0.1167699457,1,-80.98245794,5.338546755,46.7194191,10.96526887,49.54673685,114.0703035,1.253329598
0.08846585539,0.09184979521,5.520682351,0.11083298,1,-127.7488681,5.521794778,143.7083977,0,128.5558217,159.6142217,1.150113092
0.08846585539,0.09571715501,5.340390328,0.05525640172,1,-192.1326205,5.340676186,744.2622264,0,38.72164238,810.3394067,0.5928116564
0.08846585539,0.09958451481,4.927386901,-0.1447112506,1,-32.91069329,4.929511438,-276.1319484,0,27.25130905,-317.0931958,-1.682222541
0.08846585539,0.1034518746,5.318503453,0.2136682833,1,-13.7772959,5.322793732,97.64463011,0,71.28613463,-149.2071251,2.300592828
0.08846585539,0.1073192344,5.149794272,0.8099533036,2,-444.3667198,5.213099405,5.810124063,109.2822452,-81.64543772,-12.32827532,8.938189454
0.08846585539,0.1111865942,3.284225181,0.2838159998,1,-921.8176819,3.296465769,-562.5975292,142.9331384,-454.8633266,-355.7035125,4.939112866
0.08846585539,0.115053954,-0.1743265151,0.009819700741,1,-815.2400019,0.1746028648,270.8644729,140.6452109,-524.6723016,363.3349499,176.7759726
0.08846585539,0.1189213138,-1.897697795,-0.07380060546,1,-160.0171968,1.899132288,483.3379746,0,192.1389496,480.0419291,-177.7729154
0.08846585539,0.1227886736,-0.05010013987,0.02256669455,1,437.9448896,0.05494797283,24.1670135,0,517.5377916,-25.66920813,155.7516855
0.09233321519,0.01450259924,0.01322025849,-0.09763451861,1,-22.66125709,0.09852550157,-50.55289663,0,-12.40070016,-101.8652703,-82.28873144
0.09233321519,0.01836995904,-0.05457834347,0.001587186883,1,14.54545194,0.054601417,-11.56856233,0,26.7028653,-48.34392695,178.3342571
0.09233321519,0.02223731884,0.1727423423,0.04458904807,1,67.86453604,0.1784043162,35.94814229,0,86.71707123,-13.25924938,14.47352167
0.09233321519,0.02610467864,0.5432443501,0.1918898752,1,86.82362866,0.5761390007,87.17527602,0,96.17901047,4.796270035,19.45471819
0.09233321519,0.02997203844,0.8804793919,0.3631783041,1,106.1952841,0.9524402554,95.91006243,0,119.0470199,23.29229696,22.41506611
0.09233321519,0.03383939824,1.414337381,0.472728902,1,153.9525179,1.491248753,108.8365193,0,170.4726409,48.932814,18.48171772
0.09233321519,0.03770675803,2.135148208,0.5948474857,1,74.29265626,2.21646146,148.4824832,0,108.480648,86.52454618,15.56771729
0.09233321519,0.04157411783,2.12118751,0.712342537,1,31.09907755,2.237603259,227.8812811,0,33.92416439,137.7078022,18.56321077
0.09233321519,0.04544147763,2.38661648,0.943580773,1,70.43312368,2.56637544,221.9599709,0,34.71470753,166.5534954,21.5720281
0.09233321519,0.04930883743,2.527832006,0.9266193128,1,25.00469519,2.692314618,105.37386,0,33.80879455,87.94406857,20.13125991
0.09233321519,0.05317619723,2.614069406,1.010988048,1,-33.78714688,2.802758586,-9.678359493,7.859205273,7.828180708,-44.76649241,21.1439155
0.09233321519,0.05704355703,2.427439344,1.062317747,1,-79.98670142,2.649713336,37.69268586,15.10974551,-36.47430482,14.62850954,23.63557908
0.09233321519,0.06091091682,2.163672792,1.100185516,1,-101.3513096,2.427321182,74.48019769,16.45225528,20.03014626,69.44555257,26.95245056
0.09233321519,0.06477827662,2.112941146,1.081788532,1,30.53855439,2.373770569,-4.309458198,0,89.95590642,19.74986851,27.11164429
0.09233321519,0.06864563642,2.629668226,1.007139443,1,213.3360952,2.815934097,15.98461705,0,225.6759628,13.29041844,20.95639356
0.09233321519,0.07251299622,3.81075873,1.092207967,1,197.436928,3.964189746,112.0371205,0,384.43554,75.63439914,15.99292108
0.09233321519,0.07638035602,4.879978417,1.147921864,1,3.131562151,5.01317404,93.90588645,0,319.8366739,173.2331118,13.23708944
0.09233321519,0.08024771582,5.059793102,0.7854210449,2,-136.6884412,5.120389873,-120.6412028,0,145.0158315,151.8052259,8.823483761
0.09233321519,0.08411507561,4.912183431,0.09427349875,1,68.49221216,4.913087986,-118.2987488,0,173.5950063,33.4802636,1.099472496
0.09233321519,0.08798243541,5.996031479,0.1984369939,1,185.0436253,5.999314189,0.8210532118,0,357.8631995,-38.28207431,1.895496067
0.09233321519,0.09184979521,7.01179946,0.2454993621,1,-50.02784071,7.016095895,-111.6734306,0,105.2780514,-126.4792057,2.005239017
0.09233321519,0.09571715501,6.209703922,0.2556962533,1,-256.5971675,6.21496608,102.3782997,50.48334169,-121.0451557,92.3012635,2.357929574
0.09233321519,0.09958451481,5.551320721,0.2844708868,1,-215.4434915,5.55860463,-7.354116983,31.21191799,175.502001,-71.74694078,2.933488768
0.09233321519,0.1034518746,6.055235808,0.5047264714,1,-54.29289001,6.076234812,206.4647424,0,166.5915928,-255.8869715,4.764802092
0.09233321519,0.1073192344,5.98562021,2.072551318,1,-436.4726501,6.334281195,233.2967183,89.33197569,-92.79769582,-161.3476883,19.09867073
0.09233321519,0.1111865942,4.008356949,2.030958384,1,-742.6844007,4.493519488,-95.56899885,178.0055563,-190.5761205,179.435612,26.87046744
0.09233321519,0.115053954,2.376365988,1.009009541,1,-525.8764579,2.581707878,213.9605677,119.9721965,-29.30838508,407.7704352,23.00617
0.09233321519,0.1189213138,1.861257407,1.281425894,1,-475.4428411,2.259719332,245.0140419,98.70697279,-101.910593,450.8037571,34.54637058
0.09233321519,0.1227886736,0.143532528,0.21314667,1,-467.8102986,0.2569690439,-276.7678859,0,-420.5088486,275.6913006,56.04375667
0.09620057498,0.01450259924,-0.3566186136,-0.05901875817,1,40.02641778,0.3614692924,-32.30309246,0,54.90106513,-77.58116802,-170.6029822
0.09620057498,0.01836995904,-0.173059248,0.02853454641,1,66.01378753,0.1753959055,15.48513817,0,68.96385274,-29.86354801,170.637135
0.09620057498,0.02223731884,0.1653884861,0.1163609277,1,96.67264749,0.2022207131,35.79868822,0,119.51496,-28.18450864,35.12873336
0.09620057498,0.02610467864,0.6630160142,0.2759805897,1,105.1166548,0.7181612083,67.42686014,0,138.9818619,-22.20192,22.59953304
0.09620057498,0.02997203844,1.109405276,0.4629876688,1,70.09370712,1.202138781,69.55116268,0,116.6183789,-10.20080035,22.65222216
0.09620057498,0.03383939824,1.385098829,0.5844101254,1,81.03030574,1.503340933,21.38670681,0,125.0032426,-39.52931234,22.87617793
0.09620057498,0.03770675803,1.906211138,0.6985718323,1,169.7877808,2.030183122,-7.544217583,0,194.3387341,-45.14590505,20.12643989
0.09620057498,0.04157411783,2.793307075,0.7298293798,1,137.953365,2.8870773,61.54276994,0,161.3241752,57.79616646,14.64277644
0.09620057498,0.04544147763,3.063625066,0.7130612959,1,15.47781789,3.145513465,21.10736872,0,-2.323423917,-12.08382329,13.10236684
0.09620057498,0.04930883743,2.844179849,0.8581916615,1,-89.89379825,2.970833543,18.96239353,14.63520711,-65.57459695,-59.67535627,16.79045719
0.09620057498,0.05317619723,2.462372845,1.017181768,1,-73.2165196,2.664195709,22.20133985,14.64263588,-37.98671173,-32.40638601,22.44503373
0.09620057498,0.05704355703,2.414116943,1.069379385,1,-16.66004474,2.640366051,54.33374901,0,24.63857078,-11.11611312,23.89186607
0.09620057498,0.06091091682,2.493228675,1.270299934,1,-43.40221119,2.798187118,92.07515018,0,39.07582961,58.60793415,26.99884098
0.09620057498,0.06477827662,2.397385269,1.198809151,1,-7.536302597,2.680410324,66.69891274,0,84.78735448,106.8053177,26.56727887
0.09620057498,0.06864563642,2.791986288,1.115194036,1,113.4704118,3.006467224,104.0118095,0,277.4822577,8.876561766,21.77308987
0.09620057498,0.07251299622,3.909339906,1.566731384,1,184.3915604,4.211601326,119.0679111,0,431.9775485,-32.98448255,21.83924541
0.09620057498,0.07638035602,5.1757074,1.70323535,1,14.55734554,5.44875745,57.86738374,0,340.8341078,76.55224613,18.21547687
0.09620057498,0.08024771582,5.283766525,1.494470298,1,-208.4336408,5.491050006,-22.65416247,0,244.2525461,216.6465478,15.79312328
0.09620057498,0.08411507561,5.314231995,0.7777734036,1,-305.5189668,5.370846596,-51.89953788,26.46184286,281.8924544,131.5188445,8.326504445
0.09620057498,0.08798243541,5.192394301,0.7851254195,1,-342.2681247,5.251417,-143.1528134,67.06780796,157.4982525,-126.0050269,8.598377639
0.09620057498,0.09184979521,4.599660419,0.7114567436,1,-67.32958239,4.654357815,-410.7652796,0,300.2771202,-357.5918933,8.792599766
0.09620057498,0.09571715501,6.093286244,0.5794848028,1,-166.4343622,6.120779353,-280.8912362,0,172.0749627,-450.4536563,5.432614539
0.09620057498,0.09958451481,4.621474651,1.367215631,1,-295.8791219,4.819471602,-277.5854112,22.88278082,46.11794535,-403.8791297,16.48030821
0.09620057498,0.1034518746,5.127369911,1.067908052,1,-31.19506722,5.237399146,-435.1231107,0,239.7539937,-634.7043277,11.76514012
0.09620057498,0.1073192344,5.428047058,2.139068005,1,-206.1989213,5.834321452,-163.2309044,0,-186.5243939,-512.5931012,21.50825455
0.09620057498,0.1111865942,3.608567549,2.419017367,1,-465.4707215,4.344353206,72.97164705,71.08224263,-361.4283142,126.9725452,33.83607807
0.09620057498,0.115053954,2.230130971,1.930227103,1,-613.5517414,2.949450934,-85.07087744,149.3142663,-114.4093763,185.9756316,40.87690425
0.09620057498,0.1189213138,0.7932799881,1.370782994,1,-508.7556933,1.583773708,-264.0180547,106.8643951,-81.93014203,181.9525227,59.94178709
0.09620057498,0.1227886736,-0.05426368252,0.2054984204,1,-429.9220867,0.2125421088,-178.2971374,0,-8.384000577,424.3282373,104.7918313
0.1000679348,0.01450259924,-0.411741713,-0.04010890545,1,65.80052385,0.4136906604,-16.36847447,0,90.14922018,-43.83168384,-174.4362132
0.1000679348,0.01836995904,-0.1101848277,0.01299615048,1,80.64449223,0.1109486195,22.84256873,0,78.10226508,-21.90046109,173.2731204
0.1000679348,0.02223731884,0.2021891144,0.1329284893,1,112.8748464,0.2419719431,43.04630184,6.250270315,101.3101109,-37.07623167,33.32277241
0.1000679348,0.02610467864,0.7181454655,0.3228588155,1,121.0864411,0.7873821971,38.07873145,4.298017773,113.6523807,-67.98263372,24.20739698
0.1000679348,0.02997203844,1.110008597,0.5431059492,1,89.67081562,1.235752062,-12.46760525,12.93368344,72.20394271,-95.19310054,26.07161797
0.1000679348,0.03383939824,1.344173398,0.6427880703,1,100.4605677,1.48995927,-49.1590178,0,111.924106,-87.08900465,25.55727771
0.1000679348,0.03770675803,1.931376546,0.6897948554,1,148.2409738,2.050861357,-55.23080667,0,172.0138724,-96.58661712,19.65428494
0.1000679348,0.04157411783,2.582714115,0.8027258691,1,40.64127473,2.704585185,-82.6531295,0,86.09563527,-130.4744134,17.2656153
0.1000679348,0.04544147763,2.421513777,0.8747369661,1,-59.55446282,2.57466381,-87.29916315,0,4.650394884,-143.6540296,19.86152366
0.1000679348,0.04930883743,2.37038033,1.020670414,1,-27.27742741,2.580788834,-38.05186523,0,66.86232557,-108.5127063,23.29639834
0.1000679348,0.05317619723,2.574602821,1.14723439,1,-4.014301464,2.81863911,5.36917188,0,61.98593392,-46.69837525,24.01759256
0.1000679348,0.05704355703,2.594577491,1.222034353,1,-13.26600381,2.867961003,29.57320378,0,57.69312806,-40.73920547,25.22022511
0.1000679348,0.06091091682,2.746418495,1.419157775,1,0.3451453254,3.091411221,26.65274625,0,48.62028588,-29.40694044,27.32677097
0.1000679348,0.06477827662,2.783944431,1.438837331,1,-5.545154377,3.13378357,37.88207452,0,88.24490215,-19.59240391,27.33146137
0.1000679348,0.06864563642,3.066248175,1.641432262,1,83.40718619,3.477955972,75.29655824,0,268.18407,-82.65997141,28.16115433
0.1000679348,0.07251299622,4.143674321,2.049712064,1,214.7815925,4.622916441,69.6348927,0,388.6221341,-129.0327451,26.31978476
0.1000679348,0.07638035602,5.39982749,2.409751498,1,55.64421102,5.913124318,-1.732214125,0,375.2329818,-127.5051877,24.04951218
0.1000679348,0.08024771582,5.810031454,2.536121406,1,-314.7216562,6.33943036,-74.11371374,36.77269662,268.2487233,-62.80194395,23.58162269
0.1000679348,0.08411507561,5.220099937,2.366004814,2,-529.5690154,5.731267062,-118.6991936,103.5207601,308.5060082,-14.00037133,24.38236038
0.1000679348,0.08798243541,4.955101268,2.13121339,1,-396.5480279,5.393987308,-184.0946924,84.8468857,91.47837314,-3.393101382,23.27277758
0.1000679348,0.09184979521,4.040285819,1.667166745,1,-565.8724362,4.370738433,-156.4257345,130.1286341,158.9355948,-9.974457349,22.42279861
0.1000679348,0.09571715501,3.381330086,1.564833608,1,-343.3993642,3.725868674,-419.7151909,0,52.64967298,-404.1825917,24.83405822
0.1000679348,0.09958451481,2.915852151,1.607096596,1,-286.5871134,3.32940734,-301.4973991,0,-91.83692311,-298.3299588,28.86172862
0.1000679348,0.1034518746,1.917828181,1.552583977,2,17.75501405,2.467505205,-1076.923548,0,100.1842241,-1216.952722,38.99201197
0.1000679348,0.1073192344,3.37196562,2.148639794,2,327.5197615,3.998350298,-412.0290373,0,412.9815233,-639.7667904,32.50556881
0.1000679348,0.1111865942,4.78161308,2.433327808,1,-752.008722,5.365156836,-25.24155091,114.738723,595.4769605,-229.7047777,26.97120921
0.1000679348,0.115053954,2.766600978,2.939372658,1,-730.2689215,4.036581796,55.48905565,180.2168825,-106.9256457,-73.48422079,46.73433407
0.1000679348,0.1189213138,1.543880468,2.932113872,1,-527.6517927,3.313737868,149.8618481,124.3145373,95.42470436,433.2558422,62.23132062
0.1000679348,0.1227886736,NaN,NaN,0,-398.8201397,2.144096181,-42.37240519,0,166.6942562,520.6617117,59.28849444
0.1039352946,0.01450259924,-0.5894342857,0.03514641116,1,85.03124989,0.5904811998,-67.53423404,0,132.1807649,-59.03046265,176.5876441
0.1039352946,0.01836995904,-0.1694157788,0.01870283936,1,96.3187172,0.1704450126,-9.39760191,0,104.8291515,-18.83285623,173.7002796
0.1039352946,0.02223731884,0.1884768954,0.07163593439,1,110.0385583,0.2016314638,10.06719796,19.91734109,75.30303934,-49.02416563,20.81069951
0.1039352946,0.02610467864,0.5473668648,0.2472304033,1,99.40660438,0.6006108199,-25.78577982,22.72911388,31.06113637,-109.5124226,24.30737175
0.1039352946,0.02997203844,0.693042591,0.3954369867,1,94.89632202,0.7979213266,-65.06712303,16.89702503,-14.52835621,-163.7166848,29.7082627
0.1039352946,0.03383939824,0.8581787048,0.6287437525,1,105.379431,1.063855909,-67.11954778,14.60638957,56.49739934,-169.2753384,36.22833121
0.1039352946,0.03770675803,1.319078537,0.7905101844,1,110.6164888,1.537814858,-106.0327648,0,176.6305056,-177.6252746,30.93382287
0.1039352946,0.04157411783,1.969066184,0.9056177464,1,91.52808312,2.167340568,-144.8659658,0,128.6136881,-189.0445285,24.6987629
0.1039352946,0.04544147763,2.170445973,0.9613645815,1,21.82778434,2.373827622,-33.48137698,0,57.88958095,-115.3579614,23.89018722
0.1039352946,0.04930883743,2.277361917,1.222263958,1,-20.30313375,2.584628887,-2.703497653,0,54.45872797,-83.13662513,28.22252988
0.1039352946,0.05317619723,2.302537945,1.272428425,1,-15.17057165,2.630732804,-56.01458569,0,39.36591016,-87.44169043,28.92591583
0.1039352946,0.05704355703,2.370933997,1.343803879,1,5.379612138,2.725277395,-40.53008188,0,41.17392308,-88.25484918,29.54380528
0.1039352946,0.06091091682,2.482577215,1.456997272,1,9.658981878,2.878546626,-39.94906136,0,15.47030884,-96.24720205,30.40820399
0.1039352946,0.06477827662,2.468118005,1.561529045,1,13.37545579,2.920612855,-26.17257485,0,59.26637711,-122.5679131,32.32072119
0.1039352946,0.06864563642,2.76350932,1.829792728,1,117.6160712,3.314381569,-1.378870456,0,195.6490754,-176.5646033,33.50959793
0.1039352946,0.07251299622,3.67962704,2.239035306,1,206.4089284,4.30731172,19.11696068,0,288.0861918,-267.74732,31.32031101
0.1039352946,0.07638035602,4.675899868,2.939200114,1,69.54661456,5.522946396,10.35516155,0,208.3270335,-380.0898139,32.15284896
0.1039352946,0.08024771582,4.754264415,3.749026507,1,-187.9406772,6.054604023,-75.31142745,0,220.2974193,-354.4969701,38.2579269
0.1039352946,0.08411507561,4.801035032,4.018911058,1,-319.1410542,6.261116791,-274.8510073,0,244.9424057,3.51135358,39.93245291
0.1039352946,0.08798243541,4.467311545,2.672499103,1,-378.3621194,5.205681886,-177.7972729,73.36756283,159.8916203,-47.38249377,30.88931199
0.1039352946,0.09184979521,3.956131007,3.514550184,1,-783.0968467,5.291789446,-98.30880819,169.599487,379.6343957,46.84194201,41.61726782
0.1039352946,0.09571715501,2.906977082,2.111148927,1,-305.7788152,3.592696139,-148.3613044,59.52865826,-122.0077504,212.1341163,35.98847134
0.1039352946,0.09958451481,2.301726441,2.120384687,1,-1029.889424,3.129532845,463.2624122,152.2307405,-689.8502399,650.5885209,42.65173273
0.1039352946,0.1034518746,-3.743874957,1.386691465,1,767.5634505,3.992431955,143.5557065,0,-1010.972994,53.26291816,159.6759062
0.1039352946,0.1073192344,1.360374158,2.469579387,2,1267.318877,2.819475164,783.7879276,230.4396921,378.8877487,-830.6307416,61.15171588
0.1039352946,0.1111865942,2.622598367,7.630229324,1,125.6954872,8.068359296,101.191644,0,81.20613966,-382.6889719,71.03155961
0.1039352946,0.115053954,2.160537192,4.340919828,1,-32.79764977,4.848866456,-209.6320461,0,142.900551,785.8236484,63.53982056
0.1039352946,0.1189213138,3.048405901,3.78044399,1,197.5663206,4.856391181,-322.9845675,0,-291.9676843,180.8148897,51.11861917
0.1039352946,0.1227886736,NaN,NaN,0,-286.5427019,2.991308857,-339.7523198,0,-361.4201529,377.9972572,53.11411087
0.1078026544,0.01450259924,-0.9012129328,0.1422352335,1,157.4291714,0.912368134,-5.237880188,0,195.1890497,44.57707181,171.0311911
0.1078026544,0.01836995904,-0.2193621665,0.04590906213,1,107.1694873,0.2241147074,-22.60785475,0,139.1849991,14.53414939,168.1794999
0.1078026544,0.02223731884,0.05152850374,-0.001406260148,1,50.44957692,0.05154768923,-26.81175394,0,56.66763607,-30.0783851,-1.563266369
0.1078026544,0.02610467864,0.1948986367,0.05854230014,1,53.72869575,0.2035010553,-50.21876162,4.239659917,-8.816714,-81.5909675,16.71885216
0.1078026544,0.02997203844,0.2252192964,0.1199213476,1,82.18955549,0.2551565424,-30.73550984,18.30466026,-21.41148092,-132.9244415,28.03372992
0.1078026544,0.03383939824,0.4299493189,0.4537436661,1,124.3062258,0.6250917784,17.71682396,29.64282619,33.20421639,-195.6518579,46.54237542
0.1078026544,0.03770675803,0.8343688483,0.9450948102,1,101.4739523,1.260704396,-51.4418296,0,121.2652857,-178.7652767,48.56060173
0.1078026544,0.04157411783,1.291362094,0.9461492469,1,125.0342182,1.600879275,-146.1161357,0,136.5213928,-163.9851994,36.22931647
0.1078026544,0.04544147763,1.845898503,1.014200909,1,75.91671428,2.106168267,-61.87577032,0,117.2495893,-155.9068936,28.78592598
0.1078026544,0.04930883743,2.03840569,1.309801433,1,-1.977825031,2.422948112,-40.62103234,0,46.94578548,-129.5565586,32.72324713
0.1078026544,0.05317619723,2.019805786,1.358146588,1,-22.99207591,2.433963345,-48.11845355,0,38.01890008,-61.21844989,33.91745628
0.1078026544,0.05704355703,2.096519826,1.360463832,1,14.1198047,2.499251332,-20.96021202,0,37.56733226,-42.54746642,32.98015687
0.1078026544,0.06091091682,2.219698541,1.441632267,1,6.549182865,2.646765046,5.751411536,0,22.46069143,-60.40488554,33.00259945
0.1078026544,0.06477827662,2.208711448,1.616314036,1,1.367243307,2.736946715,18.08850238,0,39.58529409,-111.6076533,36.19631097
0.1078026544,0.06864563642,2.378076738,1.943213966,1,111.0448237,3.07104697,28.48181917,0,140.656561,-165.2610526,39.25352197
0.1078026544,0.07251299622,3.182131264,2.365587429,1,195.8244324,3.965093097,37.95422792,0,215.7881157,-221.4608245,36.62700876
0.1078026544,0.07638035602,3.969930559,2.946465311,1,152.3558477,4.943885766,67.37763727,23.99511924,97.34330696,-384.9561693,36.58264503
0.1078026544,0.08024771582,4.147807737,4.114925008,1,76.75435169,5.842680622,42.45246397,14.74405761,-24.83228593,-371.5388071,44.77198444
0.1078026544,0.08411507561,4.170731869,4.54751851,1,-95.1435679,6.170488548,-134.1876619,0,78.70919155,-159.5044828,47.47467754
0.1078026544,0.08798243541,4.084250091,4.212834264,1,-328.5491966,5.867629107,116.7904176,46.86617555,243.3523294,-301.1557739,45.88787101
0.1078026544,0.09184979521,3.841244929,6.163866808,1,-27.07175869,7.262810519,-307.0640655,0,-90.91250424,193.8698866,58.06935405
0.1078026544,0.09571715501,3.627962495,2.275542436,1,349.5887118,4.282546584,-354.7028927,0,524.9793962,483.5217649,32.09689294
0.1078026544,0.09958451481,7.223514471,2.922150466,1,-563.1936209,7.792183562,-1606.011625,0,317.8153972,359.4633242,22.02496031
0.1078026544,0.1034518746,2.678996618,-5.325656368,1,-864.3647584,5.961513115,120.2304903,209.4669897,-178.3897506,1208.671629,-63.29596012
0.1078026544,0.1073192344,3.190807604,-1.287243036,2,1039.172908,3.440675486,1455.444062,0,-776.987576,-506.3407875,-21.97024856
0.1078026544,0.1111865942,3.692961631,2.261271494,2,1338.267527,4.330278787,807.6575682,153.9703417,-871.7648723,-460.9349879,31.47993779
0.1078026544,0.115053954,4.994941217,3.618860816,1,79.92748541,6.168110843,-44.88555432,0,-777.7944024,271.1858265,35.92352447
0.1078026544,0.1189213138,0.9940591716,1.038909742,1,-99.6146873,1.437875895,-553.8796354,0,-870.5590659,-19.90998947,46.26383221
0.1078026544,0.1227886736,NaN,NaN,0,214.6580454,1.989772632,22.44708713,0,-85.95469857,-243.8319037,51.34280482
0.1116700142,0.01450259924,NaN,NaN,0,46.1255273,0.4733419502,79.36434148,0,76.26069355,99.35684595,157.4951097
0.1116700142,0.01836995904,NaN,NaN,0,26.42155805,0.2461051973,2.521707724,0,78.49698003,24.62827262,144.6130698
0.1116700142,0.02223731884,NaN,NaN,0,0.07342434113,0.1007469274,-26.29093757,0,61.53214951,9.178620424,108.2424848
0.1116700142,0.02610467864,0.03761121735,0.005344800064,1,-11.09211251,0.03798908472,-30.88719112,0,34.79004101,-4.794738328,8.087951836
0.1116700142,0.02997203844,0.06011067476,-0.00522549661,1,-6.070978082,0.06033737677,20.59290703,0,40.31363905,-49.50005508,-4.968304114
0.1116700142,0.03383939824,0.1700399078,0.2764195039,1,44.01500347,0.324532452,81.30148382,0,51.31467186,-144.2466766,58.40218123
0.1116700142,0.03770675803,0.4287848287,0.8670503914,1,105.7851651,0.9672811435,11.3667081,23.24558445,49.2955283,-162.8149856,63.68609598
0.1116700142,0.04157411783,0.7697927469,0.9500427836,1,126.6564983,1.222768238,-99.50340118,0,105.9097153,-165.2235055,50.98313
0.1116700142,0.04544147763,1.328202054,1.121213681,1,100.2377173,1.738171687,-120.8484105,0,119.4033921,-240.1614309,40.16968469
0.1116700142,0.04930883743,1.619223943,1.411469162,1,43.22932932,2.148052926,-75.46617564,0,99.37202534,-175.5774041,41.07849466
0.1116700142,0.05317619723,1.8796928,1.508379821,1,36.85075368,2.410073589,-36.31486599,0,94.01449734,-42.26588779,38.74567734
0.1116700142,0.05704355703,2.125326954,1.434483905,1,35.87004927,2.564129235,-12.75988164,0,65.36691539,-15.38518152,34.01727957
0.1116700142,0.06091091682,2.271212567,1.5185328,1,-25.45547255,2.73209597,28.92393404,0,20.57329078,-42.14472986,33.76668866
0.1116700142,0.06477827662,2.106445801,1.709331998,1,-33.30156004,2.712734744,30.44846525,0,23.81763351,-79.64710176,39.05852988
0.1116700142,0.06864563642,2.234534811,1.94431197,1,100.1149762,2.962008585,62.65489317,0,123.1627248,-94.27647222,41.02716091
0.1116700142,0.07251299622,2.969941005,2.316242052,1,168.4756601,3.766367855,35.94826153,19.38578005,145.2201615,-166.2917411,37.95048923
0.1116700142,0.07638035602,3.44770942,2.726446826,1,108.7730102,4.395476373,-5.389779784,26.53787202,23.52089133,-274.2844343,38.33692913
0.1116700142,0.08024771582,3.481569121,3.356154429,1,168.9145546,4.835813902,106.8081514,16.65217441,-112.671425,-401.2426915,43.94922237
0.1116700142,0.08411507561,3.665221838,4.691262231,1,173.9488888,5.95330097,52.14863987,32.47105345,-103.4265505,-342.9771629,51.99995383
0.1116700142,0.08798243541,3.754304377,4.884248074,1,22.72122464,6.160412373,-309.4268142,0,-60.69375795,58.68146994,52.45211954
0.1116700142,0.09184979521,3.51836839,3.267655052,1,262.3267714,4.801716949,-318.2611404,0,-352.6049938,223.4004513,42.88413852
0.1116700142,0.09571715501,3.405166009,2.789447809,1,-948.0245353,4.401837643,277.320337,167.0852841,-613.1161523,-307.034006,39.32368789
0.1116700142,0.09958451481,-2.519124345,5.527563546,1,-434.072936,6.074532592,-408.2493093,30.05355822,-85.58348085,-731.5075239,114.500588
0.1116700142,0.1034518746,1.395467674,4.039603633,1,-363.2295659,4.273842246,-1376.758515,0,2315.471598,1230.118198,70.94269797
0.1116700142,0.1073192344,5.030898008,-4.554166656,1,-447.5846526,6.786042197,-795.0946739,0,1111.61174,486.494064,-42.1526322
0.1116700142,0.1111865942,3.963499336,-0.9167611303,2,344.4268741,4.068141831,773.0624968,0,-860.3282498,-669.2567153,-13.02353788
0.1116700142,0.115053954,3.035721767,1.023800681,2,-14.15201793,3.203712609,-119.4825279,0,-796.257286,-563.1148542,18.63673814
0.1116700142,0.1189213138,0.8293549735,0.7989246937,1,-297.7026345,1.151568642,-46.64405148,40.90578635,-244.3838179,-99.95373805,43.92934629
0.1116700142,0.1227886736,NaN,NaN,0,56.4315821,1.547600159,47.151965,0,0.4151796343,-175.7617273,52.63245367
0.115537374,0.01450259924,NaN,NaN,0,3.188584091,0.3332876307,43.4278665,0,46.28722286,49.36230704,129.0639791
0.115537374,0.01836995904,NaN,NaN,0,-1.776252674,0.2724664968,18.87702154,0,52.29723442,24.69546677,114.8177883
0.115537374,0.02223731884,NaN,NaN,0,-12.82327101,0.2367305441,6.543590186,0,57.10857421,9.470227486,93.54823807
0.115537374,0.02610467864,NaN,NaN,0,-34.85462521,0.2427488527,15.08125933,0,67.97177605,-1.216838517,76.44290582
0.115537374,0.02997203844,NaN,NaN,0,-46.55726087,0.3200782884,43.44644804,0,80.07207214,-20.15999845,69.2453895
0.115537374,0.03383939824,NaN,NaN,0,-27.6522122,0.5168054393,60.92315416,0,62.62152495,-49.5712738,68.8442211
0.115537374,0.03770675803,0.2486638685,0.7266290599,1,18.66001811,0.7679996811,30.07555016,0,2.297506032,-69.20144559,71.10824849
0.115537374,0.04157411783,0.2675678973,0.8659139725,1,22.05756282,0.9063109772,-8.580956536,0,29.93648419,-102.1053318,72.828822
0.115537374,0.04544147763,0.4497435556,1.088321469,1,92.92502106,1.17758774,-28.69363407,0,113.9246094,-199.6142363,67.54737701
0.115537374,0.04930883743,1.067529843,1.526925438,1,152.2565944,1.863094538,-77.98601355,0,175.1404537,-204.9196087,55.0411844
0.115537374,0.05317619723,1.715905738,1.579219352,1,90.92524361,2.332009061,-134.3404393,0,147.0000971,-120.7946057,42.62465293
0.115537374,0.05704355703,1.98767274,1.474538826,1,26.3777268,2.474895487,-119.2613127,0,90.66936812,-129.7135868,36.56957075
0.115537374,0.06091091682,2.168568967,1.619642056,1,-40.56110454,2.70664585,-49.2471024,0,48.51740549,-143.0257269,36.75500026
0.115537374,0.06477827662,2.018442619,1.837214508,1,-34.01312561,2.729371311,-0.6975864147,0,56.56487978,-107.4127274,42.30889734
0.115537374,0.06864563642,2.255784714,2.032347902,1,77.73332206,3.03628106,18.02939596,0,92.82321964,-95.33878362,42.01725193
0.115537374,0.07251299622,2.678046131,2.275650049,1,77.47849848,3.51432984,-9.269438688,0,86.08141456,-160.3846237,40.35597561
0.115537374,0.07638035602,2.888329747,2.616764694,1,61.98883373,3.897423019,8.742626558,14.17235282,23.61926048,-185.2606991,42.17590153
0.115537374,0.08024771582,3.009123433,3.025930711,1,81.3168332,4.267444259,69.53887109,2.880617442,-40.54907636,-152.3290795,45.15956503
0.115537374,0.08411507561,3.045993331,3.474807886,1,215.2460797,4.620861956,49.0721094,23.17929001,-187.9912602,-174.4157085,48.76241176
0.115537374,0.08798243541,3.114527627,3.890238513,1,221.2137738,4.983396234,-40.57245907,46.87123729,-110.4428072,-120.9623248,51.31921202
0.115537374,0.09184979521,3.474384514,3.785704421,1,-42.0116878,5.138375786,-75.32177641,0,145.0591,7.288810135,47.45539635
0.115537374,0.09571715501,3.513049046,3.570753652,1,-253.5231778,5.009171113,47.92945314,58.70881807,83.19514169,-77.26710964,45.46672069
0.115537374,0.09958451481,2.815664715,4.269884575,1,-31.46597929,5.114673212,923.2509013,0,-330.8388925,544.9330692,56.5981802
0.115537374,0.1034518746,2.11188575,5.033844827,1,-201.1026729,5.458906041,238.8567467,0,-10.49561274,116.5909479,67.24013268
0.115537374,0.1073192344,1.997338011,4.74273041,1,-243.6198029,5.14614913,-1132.754648,0,756.2512336,788.9167906,67.16225271
0.115537374,0.1111865942,4.094415937,-2.39795004,1,-787.1597238,4.7449348,-719.4624243,0,879.6656065,353.2466801,-30.35594961
0.115537374,0.115053954,2.355091543,0.5941783444,2,-665.7322692,2.428889475,319.3983603,127.9145967,-282.5382187,-622.6041993,14.15994734
0.115537374,0.1189213138,0.4271127738,1.245112789,1,-330.2597335,1.316332473,123.8404818,73.52567478,-85.92639995,-68.27873791,71.06642246
0.115537374,0.1227886736,NaN,NaN,0,42.71734065,1.530971948,14.88093608,0,121.9620607,-32.72761678,60.85783731
0.1194047338,0.01450259924,NaN,NaN,0,-10.56820627,0.3565902361,29.01701853,0,34.51905667,27.05982634,102.7078205
0.1194047338,0.01836995904,NaN,NaN,0,-11.52293009,0.3531047392,21.53131162,0,39.66511231,16.80467006,95.22059824
0.1194047338,0.02223731884,NaN,NaN,0,-14.73563052,0.3673943521,18.50701744,0,46.63313687,5.223661269,85.2546656
0.1194047338,0.02610467864,NaN,NaN,0,-21.93625237,0.4132083735,24.42384652,0,52.90681278,-6.181188466,77.2448972
0.1194047338,0.02997203844,NaN,NaN,0,-24.31946847,0.5072341007,37.64564491,0,56.04958899,-19.89465309,72.77935948
0.1194047338,0.03383939824,NaN,NaN,0,-15.8563418,0.6611142157,48.40097108,0,48.77367211,-34.15534422,71.11875002
0.1194047338,0.03770675803,NaN,NaN,0,-3.617881058,0.8503160577,53.24796014,0,36.66040575,-38.53891776,70.954735
0.1194047338,0.04157411783,NaN,NaN,0,-2.100387648,1.038357011,65.64065652,0,45.48462635,-37.4415482,70.78550557
0.1194047338,0.04544147763,NaN,NaN,0,3.984128335,1.282216987,69.05578065,0,43.43764719,-65.26217771,69.68062723
0.1194047338,0.04930883743,0.5251261134,1.49996928,1,67.97433212,1.589234179,2.526099058,12.07582005,47.79984797,-132.6603946,70.70529647
0.1194047338,0.05317619723,0.8929937841,1.725241455,1,77.03044982,1.94265179,-105.9166593,0,87.76552395,-153.2754631,62.6336854
0.1194047338,0.05704355703,1.162451437,1.683122814,1,50.59317577,2.045530677,-140.9796106,0,113.5060045,-176.608567,55.3690405
0.1194047338,0.06091091682,1.527624357,1.863031449,1,39.06549343,2.409257636,-168.6847185,0,96.91691051,-266.0397464,50.64937706
0.1194047338,0.06477827662,1.68834432,2.059629735,1,18.70091445,2.663190039,-156.1364748,0,86.77860066,-192.2434294,50.65743153
0.1194047338,0.06864563642,1.935551593,2.002670033,1,71.60716117,2.785147614,-116.2643524,0,90.1267911,-191.2206285,45.97638768
0.1194047338,0.07251299622,2.313827705,2.349512624,1,106.6718627,3.297576112,-71.80519175,0,107.8152741,-220.5857236,45.43843151
0.1194047338,0.07638035602,2.765050523,2.578057881,1,121.764677,3.780461193,-15.54748377,17.86765032,97.39307852,-153.9733127,42.99563896
0.1194047338,0.08024771582,3.161389598,2.884855109,1,71.77262681,4.279809948,18.54381674,14.8803561,35.64497608,-124.6392594,42.38131256
0.1194047338,0.08411507561,3.180473042,3.131798353,1,36.90428234,4.463582608,56.79393714,0,-45.12651948,-128.5411942,44.55819406
0.1194047338,0.08798243541,3.129591248,3.601612745,1,57.98284069,4.771368331,111.4660353,0,-38.64474112,-110.7338084,49.0112645
0.1194047338,0.09184979521,3.255260431,3.991125096,1,7.672374047,5.150320379,17.72273612,0,34.24653088,-108.9905726,50.79846347
0.1194047338,0.09571715501,3.291706736,4.091658702,1,-85.55685883,5.251381167,-16.21093796,14.5483541,60.63310798,-114.12158,51.18360035
0.1194047338,0.09958451481,3.158871319,4.369780776,1,-77.12000214,5.391980345,129.5894218,0,-57.75106372,-47.55753352,54.1372057
0.1194047338,0.1034518746,2.770111798,4.776749715,1,112.1096234,5.521852697,-620.2847158,0,28.11058142,687.3480483,59.8898844
0.1194047338,0.1073192344,3.701153302,-0.6873056064,1,221.0970426,3.764428876,167.4793248,0,-278.7333941,-27.15020723,-10.52001461
0.1194047338,0.1111865942,2.547211289,5.529452143,1,-983.6743458,6.087949273,144.8853244,207.5603978,508.404988,-680.7569017,65.2662481
0.1194047338,0.115053954,1.863115695,2.505749947,2,-396.1773109,3.122496259,-599.2158222,0,7.545495091,379.6438482,53.36786314
0.1194047338,0.1189213138,1.044232228,1.743849605,2,-185.6361344,2.03259253,-49.12717076,41.10853074,-71.09115963,201.512473,59.08646052
0.1194047338,0.1227886736,NaN,NaN,0,-69.69365835,1.765782237,-43.87777916,0,-20.27642911,63.38575543,60.47218065
0.1232720936,0.01450259924,NaN,NaN,0,-13.49051354,0.4332013649,21.68574888,0,27.48459412,15.41863051,89.09588527
0.1232720936,0.01836995904,NaN,NaN,0,-13.02391829,0.4465543108,20.21348703,0,31.19873388,9.750427812,85.64678895
0.1232720936,0.02223731884,NaN,NaN,0,-12.6600686,0.4798502959,21.52932145,0,36.85204817,0.8009359986,80.7510015
0.1232720936,0.02610467864,NaN,NaN,0,-13.83528527,0.5406676899,26.46146439,0,40.97274922,-8.836923525,76.36500374
0.1232720936,0.02997203844,NaN,NaN,0,-12.92801885,0.6367116113,34.31131401,0,42.44579893,-19.08208124,73.38372394
0.1232720936,0.03383939824,NaN,NaN,0,-7.835805465,0.7707690571,41.78712511,0,39.76316876,-28.6165322,71.73171416
0.1232720936,0.03770675803,NaN,NaN,0,-0.6697098742,0.9338037352,47.45361775,0,35.58071547,-34.77837809,70.9005369
0.1232720936,0.04157411783,NaN,NaN,0,5.614335204,1.115448142,53.21160118,0,35.46427238,-39.48800614,70.26662191
0.1232720936,0.04544147763,NaN,NaN,0,16.51244069,1.324960343,54.9775322,0,32.00378597,-48.18357188,69.4813524
0.1232720936,0.04930883743,NaN,NaN,0,40.73382186,1.554896602,52.83508533,0,23.67750089,-45.38006506,68.72232063
0.1232720936,0.05317619723,NaN,NaN,0,42.59754124,1.770844492,1.72234261,10.46577046,7.873917401,-67.81913675,66.23887226
0.1232720936,0.05704355703,NaN,NaN,0,-34.54673456,1.878230393,-34.3042754,0,-23.93851305,-91.87289243,66.15018146
0.1232720936,0.06091091682,0.4873330479,1.843374301,1,-10.95399809,1.906704569,-64.4096587,0,-11.88142754,-163.3531407,75.19150066
0.1232720936,0.06477827662,0.6711321828,2.100495415,1,82.55522946,2.20510757,-89.18432476,0,67.23600877,-156.5676786,72.2807275
0.1232720936,0.06864563642,1.066629661,2.103969975,1,109.237467,2.358895608,-113.0914476,0,117.3080636,-159.5253523,63.1167923
0.1232720936,0.07251299622,1.54726526,2.280072032,1,207.7855504,2.755496009,-130.3422271,33.00377095,93.73854706,-238.5661838,55.8390404
0.1232720936,0.07638035602,2.232731834,2.522510954,1,189.3288405,3.368701968,-124.1686407,29.18880397,82.57472635,-280.9009042,48.48722764
0.1232720936,0.08024771582,2.598814184,2.886212087,1,18.70240326,3.883819688,-135.282206,0,119.838893,-299.4909532,47.99937348
0.1232720936,0.08411507561,2.768520873,3.157565261,1,3.308468022,4.199395933,-85.27047652,0,130.7740211,-248.2583634,48.75604749
0.1232720936,0.08798243541,3.117359412,3.516544888,1,15.89350966,4.699363537,-29.6352492,0,75.35687753,-218.6300736,48.44353745
0.1232720936,0.09184979521,3.121418952,3.888476247,1,-34.1068497,4.986331698,-51.01592975,0,6.089517063,-211.2228918,51.24474132
0.1232720936,0.09571715501,3.009006306,4.136122853,1,-18.28976291,5.114844201,-41.49951971,0,21.26145157,-159.4908641,53.96431957
0.1232720936,0.09958451481,3.132911541,4.344791229,1,-116.6198331,5.356523644,29.4793542,25.51560269,-48.28918834,-118.6494691,54.20564533
0.1232720936,0.1034518746,2.371243786,4.708990309,1,-90.46555958,5.272322716,-214.9609752,0,-62.83549675,181.972601,63.27215214
0.1232720936,0.1073192344,2.540041199,2.809706273,2,-631.0796905,3.787645527,-384.2319059,0,540.7762116,-38.63884334,47.88566976
0.1232720936,0.1111865942,2.022007742,3.372457592,2,193.9548533,3.932173129,-220.6346443,0,-461.3500621,-51.47878265,59.05457064
0.1232720936,0.115053954,1.505927718,2.155519694,2,57.45676321,2.629464479,-313.5637905,0,-317.4703716,121.9680088,55.06039151
0.1232720936,0.1189213138,NaN,NaN,0,-34.36781499,1.970490576,-126.294597,0,-142.7383682,35.89176005,58.9469347
0.1232720936,0.1227886736,NaN,NaN,0,-27.7686217,1.734846393,-79.3308155,0,-73.30662888,3.316122751,61.7553437
0.1271394534,0.01450259924,NaN,NaN,0,-11.97274328,0.5104828933,16.86232983,0,21.64266459,8.410048614,82.6785921
0.1271394534,0.01836995904,NaN,NaN,0,-10.92364079,0.5293325787,17.67434576,0,24.29170107,4.410695092,80.89629376
0.1271394534,0.02223731884,NaN,NaN,0,-9.045440328,0.5697077986,20.93531693,0,28.6035727,-2.933421563,78.1743547
0.1271394534,0.02610467864,NaN,NaN,0,-7.816801259,0.635293759,25.58137559,0,31.686337,-10.8853604,75.46967522
0.1271394534,0.02997203844,NaN,NaN,0,-5.721516187,0.7292561363,31.35102161,0,32.99768875,-18.98021613,73.3405783
0.1271394534,0.03383939824,NaN,NaN,0,-1.889151341,0.8518504052,36.9825976,0,32.25248854,-26.45032527,71.88391559
0.1271394534,0.03770675803,NaN,NaN,0,3.160511822,0.9988315,41.56778457,0,30.435015,-32.47005627,70.92093686
0.1271394534,0.04157411783,NaN,NaN,0,8.714997649,1.164896716,44.77459826,0,28.78796172,-37.54852638,70.18910357
0.1271394534,0.04544147763,NaN,NaN,0,15.71747736,1.347528867,44.80766162,0,25.4357234,-42.6040386,69.51754337
0.1271394534,0.04930883743,NaN,NaN,0,23.39025897,1.537284283,39.69578055,0,19.49316666,-45.27574395,68.87842888
0.1271394534,0.05317619723,NaN,NaN,0,20.21239444,1.713877403,23.81051994,0,10.95139122,-51.21282631,68.16778026
0.1271394534,0.05704355703,NaN,NaN,0,-0.1417418019,1.851380648,21.12040601,0,2.574916875,-48.30474477,68.63479358
0.1271394534,0.06091091682,NaN,NaN,0,4.778067306,1.968721379,61.5785604,0,11.62950114,-9.849025368,70.8204347
0.1271394534,0.06477827662,NaN,NaN,0,42.30780403,2.132154849,33.08153865,4.747544955,18.3177105,-12.02344193,69.75121044
0.1271394534,0.06864563642,NaN,NaN,0,16.86448767,2.216589116,-42.05375152,0,21.71305701,-18.28224496,66.57378561
0.1271394534,0.07251299622,0.8871261469,1.908451828,1,45.24002037,2.104561992,-68.02142484,0,36.79437139,-101.9772459,65.06907578
0.1271394534,0.07638035602,1.198500849,2.165201311,1,72.57187957,2.47477292,15.30327537,0,80.72112765,-338.3060466,61.03421772
0.1271394534,0.08024771582,1.47996536,3.275986304,1,61.51472313,3.594771722,-23.26706323,0,117.4435848,-400.6698066,65.68836677
0.1271394534,0.08411507561,1.890597015,3.624753509,1,46.15171361,4.088177476,-219.0669714,0,132.1338857,-362.7289809,62.4543794
0.1271394534,0.08798243541,2.16945992,3.831578984,1,4.832649199,4.403130006,-250.0481794,0,85.79546871,-384.9788368,60.48123551
0.1271394534,0.09184979521,2.241088555,4.146578909,1,25.10593182,4.713448266,-217.8486295,0,64.08791209,-324.6497848,61.61024692
0.1271394534,0.09571715501,2.514404606,4.244617478,1,32.39109908,4.933458023,-135.5492696,0,115.7538568,-261.5941896,59.35856659
0.1271394534,0.09958451481,2.814018402,4.634039965,1,-46.76232622,5.421533543,-72.5977213,0,79.89326994,-237.8235249,58.73180449
0.1271394534,0.1034518746,2.642533886,4.883605109,1,-131.8432425,5.552709627,-125.4504763,0,-61.63718705,78.65703041,61.58204221
0.1271394534,0.1073192344,2.065759967,3.844682799,2,-391.5131466,4.364510289,-367.5479111,24.01643293,94.7517423,120.7575351,61.75072413
0.1271394534,0.1111865942,1.494850761,2.995152257,2,-165.339326,3.347464091,-522.5049477,0,-78.65506426,198.6358632,63.47667195
0.1271394534,0.115053954,1.122145871,1.055771818,1,14.81810032,1.540735372,-475.5785234,0,-221.7393262,-43.65321514,43.2543985
0.1271394534,0.1189213138,NaN,NaN,0,-6.792079708,1.495802883,-83.8183459,0,-134.3541254,-162.5678298,62.33028568
0.1271394534,0.1227886736,NaN,NaN,0,8.233449284,1.477357186,-69.37383001,0,-69.42724827,-87.77538752,67.04072397
0.1310068132,0.01450259924,NaN,NaN,0,-8.518184343,0.5727772394,13.04735072,0,16.13758974,3.580364366,79.48040955
0.1310068132,0.01836995904,NaN,NaN,0,-7.234980939,0.5935702147,14.79931957,0,18.13931345,0.3026551988,78.40467621
0.1310068132,0.02223731884,NaN,NaN,0,-4.781250659,0.6363646006,18.9562249,0,21.58420457,-6.059956944,76.667766
0.1310068132,0.02610467864,NaN,NaN,0,-2.664963252,0.702795795,23.57769945,0,24.17133733,-12.79088037,74.79797027
0.1310068132,0.02997203844,NaN,NaN,0,-0.252093301,0.7938865157,28.52879926,0,25.60613052,-19.50309761,73.16544342
0.1310068132,0.03383939824,NaN,NaN,0,2.840204465,0.9089244341,33.2244591,0,25.81408164,-25.73449646,71.90256888
0.1310068132,0.03770675803,NaN,NaN,0,6.485910855,1.044990922,37.06032468,0,25.11889428,-31.10299535,70.96999125
0.1310068132,0.04157411783,NaN,NaN,0,10.36766621,1.197954386,39.51134565,0,23.8168361,-35.63200452,70.26214485
0.1310068132,0.04544147763,NaN,NaN,0,14.25221214,1.363156926,39.78273549,0,21.45797924,-39.4083122,69.69958547
0.1310068132,0.04930883743,NaN,NaN,0,16.89734222,1.533091393,37.3298553,0,17.90805114,-41.90604583,69.26944444
0.1310068132,0.05317619723,NaN,NaN,0,15.00351935,1.697374151,32.70355057,0,13.86356393,-43.45167977,69.02684526
0.1310068132,0.05704355703,NaN,NaN,0,8.989305604,1.848059922,33.39681911,0,11.65728819,-40.28423498,69.26451058
0.1310068132,0.06091091682,NaN,NaN,0,9.532505288,1.992215659,42.46726624,0,15.87450456,-29.76946352,69.8158948
0.1310068132,0.06477827662,NaN,NaN,0,14.01376002,2.144129582,34.4668377,0,23.7119467,-30.91365161,69.45202372
0.1310068132,0.06864563642,NaN,NaN,0,-3.975076595,2.280419918,21.71608845,0,39.46383969,-40.26226083,68.56717192
0.1310068132,0.07251299622,NaN,NaN,0,-44.69607477,2.417152972,51.64737751,0,83.5533975,-59.87725787,68.39985013
0.1310068132,0.07638035602,NaN,NaN,0,-60.28766221,2.736869016,70.23348914,0,78.25303001,-150.873285,68.93814653
0.1310068132,0.08024771582,NaN,NaN,0,-36.07175165,3.24743207,40.24090486,0,-84.18013322,-201.8007663,72.8183582
0.1310068132,0.08411507561,0.5185065962,3.490089257,1,-16.9512301,3.528395118,-54.88370906,0,-60.05642717,-242.9055538,81.54963762
0.1310068132,0.08798243541,0.6614814584,3.829657242,1,68.95600367,3.886364922,-108.313358,0,61.59192159,-250.3079906,80.20022095
0.1310068132,0.09184979521,1.023382394,4.03923359,1,106.5989724,4.166859671,-91.33478899,0,103.2672519,-253.9416892,75.78268184
0.1310068132,0.09571715501,1.473109657,4.458516631,1,75.24571579,4.69557479,-102.3487623,0,159.8031409,-308.0137226,71.71626228
0.1310068132,0.09958451481,1.932400893,4.834613989,1,70.99918459,5.206502246,-139.1173241,0,114.4418073,-274.089445,68.21335186
0.1310068132,0.1034518746,2.190276694,4.980502385,1,-51.66760422,5.440837804,-195.5977948,0,-38.00258183,-158.2735114,66.26153583
0.1310068132,0.1073192344,1.58561402,4.690267556,1,-259.8864585,4.951038433,-294.4454274,0,-107.492659,34.66942897,71.32141847
0.1310068132,0.1111865942,0.7694894646,3.707696821,2,-646.0855355,3.786704339,-574.6594867,68.93446132,106.2489642,317.3186904,78.27536973
0.1310068132,0.115053954,-0.5021282334,1.240667013,1,-6.879318731,1.338427211,-540.4006972,0,-175.6513809,109.3774095,112.0343814
0.1310068132,0.1189213138,NaN,NaN,0,136.3179216,1.19646148,-111.025269,15.60216408,48.65841622,-107.7356408,86.95398202
0.1310068132,0.1227886736,NaN,NaN,0,68.64035281,1.24632283,-65.94551309,0,8.758312983,-83.10127104,80.14840591
0.134874173,0.01450259924,NaN,NaN,0,-4.179589661,0.6154225064,9.69905693,0,10.79803034,-0.1902648846,77.86620882
0.134874173,0.01836995904,NaN,NaN,0,-2.811996611,0.636864768,11.8861035,0,12.44860976,-3.087228307,77.10215381
0.134874173,0.02223731884,NaN,NaN,0,-0.1796181162,0.6803025316,16.51256364,0,15.42259479,-8.818181038,75.82225067
0.134874173,0.02610467864,NaN,NaN,0,2.190292211,0.7463639909,21.24439804,0,17.80867723,-14.71510654,74.36853087
0.134874173,0.02997203844,NaN,NaN,0,4.53790177,0.8350820925,25.96201687,0,19.44141436,-20.50679747,73.0132053
0.134874173,0.03383939824,NaN,NaN,0,7.016151647,0.9453012168,30.32611486,0,20.27881323,-25.88156761,71.88975187
0.134874173,0.03770675803,NaN,NaN,0,9.575260928,1.074465894,33.93770939,0,20.4096444,-30.57542416,71.0159099
0.134874173,0.04157411783,NaN,NaN,0,12.01754418,1.218920955,36.42772419,0,19.90250915,-34.46818412,70.35423918
0.134874173,0.04544147763,NaN,NaN,0,14.02636277,1.374166711,37.48207939,0,18.67130632,-37.49115987,69.86756841
0.134874173,0.04930883743,NaN,NaN,0,14.94337842,1.534657697,37.13735459,0,16.81749473,-39.48844739,69.54737951
0.134874173,0.05317619723,NaN,NaN,0,13.91503513,1.694729452,36.27700795,0,14.93752518,-40.40361195,69.41695941
0.134874173,0.05704355703,NaN,NaN,0,11.56293958,1.85150613,37.29605362,0,14.3161674,-39.61105185,69.51877409
0.134874173,0.06091091682,NaN,NaN,0,10.34888822,2.008385554,40.42684774,0,16.49928218,-38.03094213,69.72706669
0.134874173,0.06477827662,NaN,NaN,0,8.189807345,2.172099161,40.60245745,0,21.19173208,-41.59944014,69.75354871
0.134874173,0.06864563642,NaN,NaN,0,-2.08247929,2.345970862,42.80389012,0,28.87695753,-51.97588891,69.81404941
0.134874173,0.07251299622,NaN,NaN,0,-18.4820397,2.552030652,57.46934669,0,38.42280797,-71.58825031,70.41869387
0.134874173,0.07638035602,NaN,NaN,0,-26.07314041,2.842791365,71.68519629,0,26.03616652,-105.5662718,71.82684199
0.134874173,0.08024771582,NaN,NaN,0,-18.5369399,3.206085136,81.90485507,0,-19.65421916,-113.851999,74.53029617
0.134874173,0.08411507561,NaN,NaN,0,-4.085745825,3.536119588,128.5386143,0,-14.69014199,-55.86769465,77.93806979
0.134874173,0.08798243541,NaN,NaN,0,26.56881179,3.882774453,108.3595049,0,16.57209074,-66.34462905,78.37285444
0.134874173,0.09184979521,NaN,NaN,0,8.179402242,4.231768352,82.09226101,0,29.27330535,-116.6304015,77.64061462
0.134874173,0.09571715501,0.9273852291,4.571631465,1,42.79301388,4.664746254,17.44462249,2.814685724,37.42165111,-155.3746407,78.5327829
0.134874173,0.09958451481,1.215999154,4.802048218,1,72.45599914,4.953616964,-73.14058913,0,17.16612329,-167.4739901,75.78997385
0.134874173,0.1034518746,1.273986222,4.936452667,1,26.25090137,5.098196331,-220.8730406,0,-66.30056019,-125.7167107,75.52902084
0.134874173,0.1073192344,1.061112714,4.434044453,1,-51.01339322,4.559244499,-44.41556291,0,-149.2175013,-294.7795941,76.54163474
0.134874173,0.1111865942,0.4996213106,5.904700456,1,-97.10187036,5.925800278,-595.9321403,0,-318.1398092,446.3745323,85.16348582
0.134874173,0.115053954,-0.5447762643,0.4030695294,1,-116.5043471,0.6776770792,-591.6409861,0,-51.83699214,680.2783272,143.5029701
0.134874173,0.1189213138,NaN,NaN,0,67.62608614,0.9972922599,69.52605735,0,73.20421241,-118.1134489,98.73277954
0.134874173,0.1227886736,NaN,NaN,0,46.28018446,1.128739021,1.363131757,0,31.95426789,-72.59335681,90.00684406
0.1387415328,0.01450259924,NaN,NaN,0,-1.916693695,0.6369552844,8.1162654,0,8.1162654,-1.916693695,77.17875028
0.1387415328,0.01836995904,NaN,NaN,0,-0.5433366526,0.658573756,10.45098001,0,9.633259722,-4.670277277,76.53633754
0.1387415328,0.02223731884,NaN,NaN,0,2.102280085,0.702100778,15.24007602,0,12.43109012,-10.13388447,75.44024254
0.1387415328,0.02610467864,NaN,NaN,0,4.502091444,0.7677528839,20.01568464,0,14.76511943,-15.65419485,74.16147686
0.1387415328,0.02997203844,NaN,NaN,0,6.759866557,0.8551708526,24.65942392,0,16.50942642,-21.0167495,72.93088525
0.1387415328,0.03383939824,NaN,NaN,0,8.941802885,0.9630179765,28.91563497,0,17.61954905,-25.97419147,71.87844531
0.1387415328,0.03770675803,NaN,NaN,0,11.00297508,1.088842152,32.48053598,0,18.11682287,-30.30508744,71.0420653
0.1387415328,0.04157411783,NaN,NaN,0,12.79520536,1.229220168,35.0825695,0,18.01793124,-33.87134075,70.40968626
0.1387415328,0.04544147763,NaN,NaN,0,14.08485341,1.380006845,36.57090706,0,17.3147051,-36.60929199,69.95971185
0.1387415328,0.04930883743,NaN,NaN,0,14.52561219,1.53669137,37.1142276,0,16.16225765,-38.49922002,69.68217193
0.1387415328,0.05317619723,NaN,NaN,0,13.84901744,1.695432792,37.42497514,0,15.05416042,-39.6093667,69.57827778
0.1387415328,0.05704355703,NaN,NaN,0,12.41250704,1.854887861,38.76260032,0,14.75659637,-40.04635767,69.6395955
0.1387415328,0.06091091682,NaN,NaN,0,10.85808867,2.017737852,41.44051399,0,15.86693671,-41.04491269,69.80198622
0.1387415328,0.06477827662,NaN,NaN,0,7.879219695,2.189963497,44.32974238,0,18.27858263,-45.85978978,70.00823824
0.1387415328,0.06864563642,NaN,NaN,0,0.6913624979,2.380148144,49.91469966,0,21.67547968,-55.96657256,70.41551493
0.1387415328,0.07251299622,NaN,NaN,0,-9.227051683,2.605004755,61.14459298,0,23.37529765,-71.5299125,71.29958227
0.1387415328,0.07638035602,NaN,NaN,0,-14.04040334,2.884420726,72.72386487,0,14.17753081,-90.36078236,72.80858424
0.1387415328,0.08024771582,NaN,NaN,0,-8.984298624,3.208931693,84.64542563,0,-4.715591065,-94.68254245,74.90359694
0.1387415328,0.08411507561,NaN,NaN,0,0.7971001844,3.540539905,105.2440121,0,-3.842737652,-73.89839084,76.94845853
0.1387415328,0.08798243541,NaN,NaN,0,14.79898476,3.879507258,97.55815785,0,8.539880345,-76.13477397,77.73755751
0.1387415328,0.09184979521,NaN,NaN,0,18.29178618,4.215785736,79.48690248,0,11.62954406,-87.74535608,77.81514307
0.1387415328,0.09571715501,NaN,NaN,0,49.1061652,4.536141074,67.82090525,0,-20.13374717,-61.46027607,78.04431567
0.1387415328,0.09958451481,NaN,NaN,0,35.25983238,4.728149959,-31.47546267,0,-58.47857352,-79.26748485,77.7667413
0.1387415328,0.1034518746,NaN,NaN,0,-12.964047,4.700052055,-149.7798068,0,-175.2867169,-69.54129112,79.58215148
0.1387415328,0.1073192344,0.2738243065,4.310476936,1,-53.22209839,4.319165564,-432.3732456,0,-117.1248759,25.22808799,86.36515305
0.1387415328,0.1111865942,0.1910963838,2.852863582,1,733.1246631,2.859256625,-444.3299857,0,-845.1287363,284.7767283,86.16782075
0.1387415328,0.115053954,NaN,NaN,0,-322.0288115,1.499249846,-111.9159933,0,240.4683283,311.2460483,96.10074373
0.1387415328,0.1189213138,NaN,NaN,0,-47.07618621,1.222681202,-34.13722256,0,72.18495779,48.14567716,95.83616201
0.1387415328,0.1227886736,NaN,NaN,0,4.730335581,1.174191619,-27.3826633,0,27.3826633,-4.730335581,93.03804769
