PIVlab, ASCII chart output - 20-Sep-2021
FRAME: 417, filenames: A: 72_12_75_220 417.jpg & B: 72_12_75_220 418.jpg, conversion factor xy (px -> m): 0.00024171, conversion factor uv (px/frame -> m/s): 1
x [m],y [m],u [m/s],v [m/s],Vector type [-],vorticity [1/s],magnitude [m/s],divergence [1/s],dcev [1],simple shear [1/s],simple strain [1/s],vector direction [degrees]
0.03408110822,0.01546943919,NaN,NaN,0,-2.359077,0.6892960997,-3.740065094,0,3.740065094,2.359077,-78.14725548
0.03408110822,0.01933679899,NaN,NaN,0,-1.994628072,0.7013869456,-5.147766003,0,3.980123282,3.938751768,-78.13164931
0.03408110822,0.02320415879,NaN,NaN,0,-1.341620393,0.7252649136,-7.937348829,0,4.397295782,7.006002707,-78.12378608
0.03408110822,0.02707151859,NaN,NaN,0,-0.7859281418,0.7603733189,-10.5822521,0,4.629313478,9.938178331,-78.15582229
0.03408110822,0.03093887839,NaN,NaN,0,-0.3291085139,0.8059869736,-13.08604922,0,4.707421766,12.66026716,-78.25078539
0.03408110822,0.03480623819,NaN,NaN,0,0.05079551335,0.8613077613,-15.44426675,0,4.69206691,15.14095047,-78.4129209
0.03408110822,0.03867359798,NaN,NaN,0,0.3791341822,0.9255480667,-17.64108106,0,4.638659619,17.39453458,-78.63013587
0.03408110822,0.04254095778,NaN,NaN,0,0.6726113495,0.9979732591,-19.65215057,0,4.564855932,19.45935008,-78.88399559
0.03408110822,0.04640831758,NaN,NaN,0,0.9405056689,1.077877041,-21.45339422,0,4.442456819,21.35520429,-79.15966612
0.03408110822,0.05027567738,NaN,NaN,0,1.181586665,1.164493786,-23.04220583,0,4.246628992,23.04988942,-79.44940361
0.03408110822,0.05414303718,NaN,NaN,0,1.378705885,1.25696527,-24.45696685,0,4.028002477,24.49229786,-79.7479936
0.03408110822,0.05801039698,NaN,NaN,0,1.51799791,1.354499845,-25.76921246,0,3.906240312,25.69882174,-80.04610986
0.03408110822,0.06187775677,NaN,NaN,0,1.668805939,1.456641358,-27.0078557,0,3.907685698,26.77373959,-80.32948613
0.03408110822,0.06574511657,NaN,NaN,0,2.029553443,1.563158827,-27.97519666,0,3.756850951,27.78948726,-80.58533421
0.03408110822,0.06961247637,NaN,NaN,0,2.790237002,1.673058012,-28.21314873,0,2.94845099,28.49429094,-80.81466566
0.03408110822,0.07347983617,NaN,NaN,0,3.441762321,1.783198078,-27.33763988,0,1.568929354,28.5124903,-81.03451133
0.03408110822,0.07734719597,NaN,NaN,0,2.570115264,1.889436571,-25.80087097,0,0.6717553118,28.16366275,-81.28011505
0.03408110822,0.08121455577,NaN,NaN,0,-0.4451046767,1.991404202,-25.64934838,0,1.228779764,28.20294758,-81.61396425
0.03408110822,0.08508191556,NaN,NaN,0,-3.439991839,2.095949811,-28.54013448,0,2.625907802,29.18205352,-82.06136629
0.03408110822,0.08894927536,NaN,NaN,0,4.001489212,2.212078318,-28.78622047,0,-4.582007127,27.67716919,-82.53793971
0.03408110822,0.09281663516,NaN,NaN,0,15.66555814,2.312138076,-18.98753422,0,-15.09875792,17.80194924,-82.86384153
0.03408110822,0.09668399496,NaN,NaN,0,26.80468066,2.353492697,3.406759709,0,-26.44347217,-1.809991275,-82.93486767
0.03408110822,0.1005513548,NaN,NaN,0,35.17334455,2.292296146,33.45823777,0,-35.48400658,-33.71126519,-82.76655115
0.03408110822,0.1044187146,NaN,NaN,0,46.15266862,2.095774443,73.38214076,0,-45.54536102,-74.96505258,-82.09393716
0.03408110822,0.1082860744,NaN,NaN,0,11.80781917,1.725058247,112.1194413,0,-17.98275044,-96.9720517,-80.28910958
0.03408110822,0.1121534342,NaN,NaN,0,-149.452798,1.294509297,43.47391229,0,133.4883592,-39.04228685,-78.21493418
0.03408110822,0.116020794,NaN,NaN,0,-3.917936358,1.400114445,-30.78675716,0,-11.14578545,24.55369778,-80.57669117
0.03408110822,0.1198881537,NaN,NaN,0,19.88966914,1.495517785,-31.83686125,0,-31.83686125,19.88966914,-82.07740511
0.03794846802,0.01546943919,NaN,NaN,0,-3.828973279,0.6772053067,-4.190500952,0,5.381935232,2.033031882,-78.16341892
0.03794846802,0.01933679899,NaN,NaN,0,-3.403766527,0.6895998616,-5.566499604,0,5.614082723,3.700131126,-78.12431992
0.03794846802,0.02320415879,NaN,NaN,0,-2.657074166,0.714034792,-8.312463853,0,5.995219786,6.91064255,-78.08194688
0.03794846802,0.02707151859,NaN,NaN,0,-2.027106727,0.7498698672,-10.90162186,0,6.123274094,9.970001522,-78.08473761
0.03794846802,0.03093887839,NaN,NaN,0,-1.507188597,0.7962852034,-13.36203081,0,6.055880594,12.77127068,-78.1660908
0.03794846802,0.03480623819,NaN,NaN,0,-1.061335208,0.8523990068,-15.69792304,0,5.893815424,15.2757966,-78.33037329
0.03794846802,0.03867359798,NaN,NaN,0,-0.6545019516,0.9173798935,-17.88921842,0,5.727553651,17.52091062,-78.55791289
0.03794846802,0.04254095778,NaN,NaN,0,-0.2691138037,0.9905168245,-19.8999604,0,5.580759359,19.59032739,-78.82122108
0.03794846802,0.04640831758,NaN,NaN,0,0.1034850522,1.071191071,-21.687558,0,5.379719472,21.53464164,-79.10152027
0.03794846802,0.05027567738,NaN,NaN,0,0.4539970879,1.158670419,-23.23389205,0,5.040979033,23.28453048,-79.39501758
0.03794846802,0.05414303718,NaN,NaN,0,0.7355360458,1.25193671,-24.5839918,0,4.632135162,24.70367287,-79.70318941
0.03794846802,0.05801039698,NaN,NaN,0,0.8814984183,1.349927899,-25.87491344,0,4.408016248,25.79832919,-80.01791885
0.03794846802,0.06187775677,NaN,NaN,0,0.9897014275,1.452297581,-27.28465397,0,4.529130869,26.82741376,-80.31840143
0.03794846802,0.06574511657,NaN,NaN,0,1.462168328,1.559805046,-28.64640168,0,4.581865225,28.15861512,-80.57827812
0.03794846802,0.06961247637,NaN,NaN,0,2.975332603,1.672842883,-29.14960995,0,3.443635304,29.35789496,-80.79461182
0.03794846802,0.07347983617,NaN,NaN,0,4.931762946,1.787130115,-27.63162904,0,1.119753511,29.24678811,-80.98066098
0.03794846802,0.07734719597,NaN,NaN,0,4.288835291,1.893761762,-24.0742102,0,-0.3575903259,28.11696482,-81.16031837
0.03794846802,0.08121455577,NaN,NaN,0,-1.088851267,1.988929412,-22.49426178,0,1.012089989,27.37590439,-81.45964016
0.03794846802,0.08508191556,NaN,NaN,0,-10.63248217,2.084506093,-30.98417738,0,7.987072886,31.86670102,-81.9830473
0.03794846802,0.08894927536,NaN,NaN,0,3.807631358,2.22826109,-38.68964637,0,-5.301901283,36.18885113,-82.64804202
0.03794846802,0.09281663516,NaN,NaN,0,23.95733782,2.370900505,-31.16481636,0,-22.03762774,27.95699534,-83.09740617
0.03794846802,0.09668399496,NaN,NaN,0,41.61851787,2.456074299,-5.009269634,2.984991394,-40.7910306,9.720496918,-83.1588244
0.03794846802,0.1005513548,NaN,NaN,0,51.13489222,2.4278403,23.65253385,0,-53.03539437,-24.2920307,-83.18399734
0.03794846802,0.1044187146,NaN,NaN,0,93.6643149,2.271148217,78.68806174,0,-85.35679882,-90.09252236,-82.78572863
0.03794846802,0.1082860744,0.3202673919,-1.757946048,1,148.8715793,1.786881504,199.8976799,0,-152.0392419,-196.5134066,-79.67493672
0.03794846802,0.1121534342,0.2729610923,-0.7201042641,1,137.8953994,0.7701025315,80.31144395,0,-164.5500627,-13.48611546,-69.24039932
0.03794846802,0.116020794,NaN,NaN,0,55.21190279,1.412000013,-117.2495819,0,-78.46503337,105.4247168,-81.15202865
0.03794846802,0.1198881537,NaN,NaN,0,41.08890569,1.591823754,-58.50153312,0,-58.75023055,37.72367857,-83.39734827
0.04181582782,0.01546943919,NaN,NaN,0,-6.801057979,0.6527204857,-5.200402649,0,8.764247256,1.284857965,-78.22179623
0.04181582782,0.01933679899,NaN,NaN,0,-6.239837943,0.6657727611,-6.473404376,0,8.98098092,3.171727954,-78.12227271
0.04181582782,0.02320415879,NaN,NaN,0,-5.290532058,0.6914057459,-9.077221651,0,9.280955588,6.733598314,-77.99276965
0.04181582782,0.02707151859,NaN,NaN,0,-4.512046409,0.7287903962,-11.51075911,0,9.166492922,10.09889608,-77.92441899
0.04181582782,0.03093887839,NaN,NaN,0,-3.870336509,0.7768943596,-13.86897464,0,8.758143662,13.07257193,-77.9764991
0.04181582782,0.03480623819,NaN,NaN,0,-3.294763647,0.8346386228,-16.17200524,0,8.260078392,15.59422557,-78.15182501
0.04181582782,0.03867359798,NaN,NaN,0,-2.731574336,0.9010766143,-18.37954582,0,7.861861559,17.76134729,-78.40953236
0.04181582782,0.04254095778,NaN,NaN,0,-2.171110811,0.9755484779,-20.41911474,0,7.623969528,19.79820709,-78.69683222
0.04181582782,0.04640831758,NaN,NaN,0,-1.586936532,1.057729863,-22.18753283,0,7.330170465,21.8839569,-78.98324872
0.04181582782,0.05027567738,NaN,NaN,0,-0.9708799931,1.147095206,-23.61989166,0,6.671693089,23.85183889,-79.27754543
0.04181582782,0.05414303718,NaN,NaN,0,-0.434381356,1.242222652,-24.76136211,0,5.713867036,25.24836672,-79.60328025
0.04181582782,0.05801039698,NaN,NaN,0,-0.3143023106,1.341017221,-25.87939319,0,5.161619249,25.94581069,-79.9578499
0.04181582782,0.06187775677,NaN,NaN,0,-0.613386916,1.442850682,-27.6679741,0,5.778676246,26.52044212,-80.30739954
0.04181582782,0.06574511657,NaN,NaN,0,-0.5777385367,1.55094777,-30.2225735,0,7.029668152,28.61323716,-80.58117684
0.04181582782,0.06961247637,NaN,NaN,0,2.677608639,1.671399075,-32.03697479,0,5.164024986,31.60217121,-80.77749617
0.04181582782,0.07347983617,NaN,NaN,0,9.489329811,1.798737978,-29.67134352,0,-0.6441685286,31.29351498,-80.91115495
0.04181582782,0.07734719597,NaN,NaN,0,11.21690421,1.909610993,-19.77938106,0,-4.708550103,28.27220197,-80.8981674
0.04181582782,0.08121455577,NaN,NaN,0,2.014875373,1.986218653,-8.630911374,0,-4.391431258,21.95540392,-81.04099677
0.04181582782,0.08508191556,NaN,NaN,0,-43.32519183,2.025146606,-34.0521871,0,35.12866994,34.8804748,-81.68435358
0.04181582782,0.08894927536,NaN,NaN,0,0.05005464896,2.24579844,-64.10063411,0,-4.72091723,56.97727616,-82.89932201
0.04181582782,0.09281663516,NaN,NaN,0,42.42872293,2.487336103,-62.26921146,0,-34.64990019,47.82028782,-83.65643674
0.04181582782,0.09668399496,0.3076938811,-2.654329937,1,42.78654951,2.67210459,-38.24387655,0,-39.85701685,14.71469349,-83.38770071
0.04181582782,0.1005513548,0.2861553477,-2.676916573,1,60.62958838,2.692167755,-39.15518388,0,-77.05593831,-9.713121584,-83.8984024
0.04181582782,0.1044187146,0.2441672757,-2.768192985,1,119.8407712,2.778940456,-53.17929203,0,-115.2096935,-4.785950814,-84.95929562
0.04181582782,0.1082860744,0.3040653916,-2.864071035,1,240.0534187,2.880166428,27.77643319,76.93417454,-167.9985609,-57.89071142,-83.93986785
0.04181582782,0.1121534342,0.5228293362,-2.436887314,1,324.6986385,2.492342331,116.884741,0,-355.8722157,-132.8653431,-77.89087476
0.04181582782,0.116020794,NaN,NaN,0,13.07115847,1.907047079,28.51773311,0,-115.7380633,-118.7481378,-84.47815934
0.04181582782,0.1198881537,NaN,NaN,0,55.06201818,1.871588472,-14.29301651,0,-84.91518917,-30.24208597,-86.14655196
0.04568318762,0.01546943919,NaN,NaN,0,-9.741744927,0.6151875161,-6.599997069,0,12.5224434,0.3125085087,-78.3937659
0.04568318762,0.01933679899,NaN,NaN,0,-8.973197889,0.6293678325,-7.670808754,0,12.75543543,2.589639565,-78.15908159
0.04568318762,0.02320415879,NaN,NaN,0,-7.753169714,0.6570304405,-10.01225926,0,12.98112872,6.753126672,-77.84044491
0.04568318762,0.02707151859,NaN,NaN,0,-6.860210342,0.6970048087,-12.1952183,0,12.50359834,10.61941255,-77.62608869
0.04568318762,0.03093887839,NaN,NaN,0,-6.167347385,0.7478854823,-14.43110338,0,11.55012274,13.82589541,-77.62972351
0.04568318762,0.03480623819,NaN,NaN,0,-5.515808533,0.8082130102,-16.74157747,0,10.52649292,16.26718645,-77.84472885
0.04568318762,0.03867359798,NaN,NaN,0,-4.805920935,0.8767702859,-19.03784487,0,9.835844664,18.13204588,-78.17993553
0.04568318762,0.04254095778,NaN,NaN,0,-4.096818571,0.9529019611,-21.2094199,0,9.72308673,19.95719679,-78.52128283
0.04568318762,0.04640831758,NaN,NaN,0,-3.309240376,1.037119317,-23.0235669,0,9.645299769,22.35113999,-78.80500068
0.04568318762,0.05027567738,NaN,NaN,0,-2.316199172,1.129801454,-24.29677967,0,8.601755824,24.99050146,-79.07444796
0.04568318762,0.05414303718,NaN,NaN,0,-1.187879166,1.228893971,-24.96217178,0,6.390020644,26.49214441,-79.41863094
0.04568318762,0.05801039698,NaN,NaN,0,-1.090939389,1.329121439,-25.21332312,0,4.745917466,26.21610473,-79.84876885
0.04568318762,0.06187775677,NaN,NaN,0,-2.551208244,1.427182932,-27.28527574,0,6.394286712,24.69530686,-80.32712966
0.04568318762,0.06574511657,NaN,NaN,0,-5.837344198,1.529763069,-32.53894341,0,12.59410615,28.17172021,-80.62785884
0.04568318762,0.06961247637,NaN,NaN,0,-1.176489323,1.663081858,-39.10437219,0,10.82696502,37.14403774,-80.79880103
0.04568318762,0.07347983617,NaN,NaN,0,19.13104345,1.826818922,-39.23738919,0,-4.151902508,36.05289861,-80.97902259
0.04568318762,0.07734719597,NaN,NaN,0,29.07457636,1.959801795,-16.74105915,8.914558427,-13.4410103,31.72292416,-80.48817293
0.04568318762,0.08121455577,NaN,NaN,0,41.25664038,2.02163573,41.80218445,0,-48.99793486,-2.706965463,-80.1195443
0.04568318762,0.08508191556,0.2939212131,-1.760724585,1,77.64309602,1.785088441,-50.6247418,0,-100.7363558,10.59080184,-80.52288883
0.04568318762,0.08894927536,0.2575887113,-2.228393192,1,66.2355188,2.243231634,-138.1217445,0,-83.00700006,92.28923791,-83.40622074
0.04568318762,0.09281663516,0.2290598607,-2.651806755,1,34.11499783,2.661681327,-71.53894169,0,-48.60111287,65.45546448,-85.06311404
0.04568318762,0.09668399496,0.2015656924,-2.758199851,1,18.15629984,2.765555124,-36.33542388,0,-51.7481944,39.00124624,-85.82032818
0.04568318762,0.1005513548,0.09914791814,-2.943160764,1,51.54084868,2.944830317,-33.35608306,0,-87.8774106,71.10625076,-88.07057438
0.04568318762,0.1044187146,0.06103913362,-3.162193281,1,111.441436,3.162782339,-27.24398198,30.69327759,-84.37989265,74.3418868,-88.89416928
0.04568318762,0.1082860744,0.2038046428,-3.33602987,1,114.9694962,3.342249485,-26.92871353,37.19929708,-76.15251803,22.1805896,-86.50403278
0.04568318762,0.1121534342,0.2111583543,-3.352116626,1,101.3284774,3.358760742,143.4759065,0,-188.0992671,-229.5644107,-86.3955556
0.04568318762,0.116020794,-0.1317692209,-1.893348744,1,71.62910998,1.8979285,123.076881,0,-123.436741,-194.8424672,-93.98112929
0.04568318762,0.1198881537,NaN,NaN,0,132.5062718,2.122635593,-70.5791155,0,-58.77699223,47.98206732,-89.70848767
0.04955054742,0.01546943919,NaN,NaN,0,-12.56139921,0.5635007146,-8.711061221,0,16.93722723,-1.154690587,-78.85508406
0.04955054742,0.01933679899,NaN,NaN,0,-11.46286435,0.579498175,-9.325700701,0,17.2323633,1.849321521,-78.31349953
0.04955054742,0.02320415879,NaN,NaN,0,-9.888738568,0.6103665363,-11.10578834,0,17.38452553,7.069856256,-77.5841231
0.04955054742,0.02707151859,NaN,NaN,0,-9.008277859,0.6543577248,-12.82675146,0,16.31664899,11.79973205,-77.07443092
0.04955054742,0.03093887839,NaN,NaN,0,-8.423034155,0.7094913553,-14.91864311,0,14.41225603,15.34441069,-77.00864305
0.04955054742,0.03480623819,NaN,NaN,0,-7.795202166,0.7736197644,-17.32535641,0,12.4599259,17.51657893,-77.34135924
0.04955054742,0.03867359798,NaN,NaN,0,-6.879482299,0.844939837,-19.82083627,0,11.23193744,18.54245299,-77.87075757
0.04955054742,0.04254095778,NaN,NaN,0,-6.101002163,0.9222071811,-22.35715309,0,11.78723296,19.5473942,-78.34103742
0.04955054742,0.04640831758,NaN,NaN,0,-5.237007228,1.008080771,-24.40053521,0,12.92618606,22.57290482,-78.58417993
0.04955054742,0.05027567738,NaN,NaN,0,-3.796797155,1.106157684,-25.58148834,0,11.70000979,27.26688255,-78.73409166
0.04955054742,0.05414303718,NaN,NaN,0,-0.909996748,1.21451594,-25.57722222,0,6.498542251,29.51360475,-79.07921867
0.04955054742,0.05801039698,NaN,NaN,0,-0.3103678333,1.319488849,-22.72645177,0,1.037743259,27.73115697,-79.62111112
0.04955054742,0.06187775677,NaN,NaN,0,-2.663162474,1.40706853,-23.72086233,0,2.458446984,17.87296039,-80.47226672
0.04955054742,0.06574511657,NaN,NaN,0,-19.04394069,1.477872158,-33.54355222,0,26.12550473,22.23429906,-80.77489775
0.04955054742,0.06961247637,NaN,NaN,0,-20.67726518,1.624362424,-52.60418138,0,29.70163143,52.74936093,-80.77902586
0.04955054742,0.07347983617,0.271823556,-1.866197596,1,63.06258645,1.885890112,-60.25694521,0,-37.27522572,55.22695428,-81.71278374
0.04955054742,0.07734719597,0.3600209562,-2.04998967,1,88.56018588,2.081363191,-20.29312609,34.77403386,-39.7721222,94.73008622,-80.03924232
0.04955054742,0.08121455577,0.4605045521,-2.311033743,1,3.665261255,2.356467994,12.77229094,0,-61.0576221,179.2224714,-78.73065146
0.04955054742,0.08508191556,0.1380640471,-2.693712406,1,28.41566461,2.697248266,73.11867607,0,-121.5399121,201.0392816,-87.06591871
0.04955054742,0.08894927536,0.1003595813,-2.805748751,1,66.22307726,2.807543071,88.09988765,0,-36.9434771,113.5144568,-87.95144523
0.04955054742,0.09281663516,0.2512987957,-2.791999689,1,39.85859473,2.80328617,33.86581996,5.967290138,16.41855697,64.61729461,-84.85685226
0.04955054742,0.09668399496,0.3180035753,-2.924675768,1,67.85145645,2.941913428,-3.106386209,29.28866826,-21.08827888,106.5543324,-83.7945378
0.04955054742,0.1005513548,0.4321488287,-3.216097144,1,63.9098333,3.245001302,-3.319135943,23.99195683,-35.90410077,152.0397607,-82.34697298
0.04955054742,0.1044187146,0.4263118194,-3.525504519,1,33.19240769,3.551186264,47.19635172,0,-71.05962158,147.2934478,-83.10514327
0.04955054742,0.1082860744,0.285702688,-3.603208629,1,11.0350239,3.614517734,66.98565084,0,-72.16657511,74.92492218,-85.46643476
0.04955054742,0.1121534342,0.1898941158,-3.556208538,1,-12.62847963,3.561274904,162.4980564,0,-85.5625598,-83.30819093,-86.94342782
0.04955054742,0.116020794,-0.09403739042,-2.65258743,1,173.1649171,2.654253775,147.6885379,0,-212.3403659,-97.72181358,-92.03035348
0.04955054742,0.1198881537,NaN,NaN,0,153.6453194,2.607401022,36.01189371,0,-85.1614144,12.49765039,-89.15640827
0.05341790721,0.01546943919,NaN,NaN,0,-14.9885098,0.4959719773,-12.17634542,0,22.54795353,-3.657042268,-80.06015364
0.05341790721,0.01933679899,NaN,NaN,0,-13.33416474,0.5148511737,-11.70423714,0,22.946222,0.7815735095,-78.77418479
0.05341790721,0.02320415879,NaN,NaN,0,-11.33064234,0.5506775725,-12.25844196,0,23.00796112,7.877244782,-77.11641236
0.05341790721,0.02707151859,NaN,NaN,0,-10.86112837,0.6007318986,-13.08735608,0,20.96621605,14.16524869,-75.99414924
0.05341790721,0.03093887839,NaN,NaN,0,-10.72130921,0.6622944382,-15.09136119,0,17.3223265,18.23543638,-75.85359345
0.05341790721,0.03480623819,NaN,NaN,0,-10.36248368,0.731993566,-17.82036877,0,13.6690172,19.9122656,-76.4969632
0.05341790721,0.03867359798,NaN,NaN,0,-8.815803932,0.8072554133,-20.56299074,0,10.84474624,18.97379295,-77.50504664
0.05341790721,0.04254095778,NaN,NaN,0,-8.190700554,0.8829484748,-23.99782096,0,13.26772161,17.11702218,-78.3189424
0.05341790721,0.04640831758,NaN,NaN,0,-7.740989218,0.9668632805,-26.63993252,0,18.57220171,21.12620255,-78.40771664
0.05341790721,0.05027567738,NaN,NaN,0,-6.72398547,1.072338477,-28.05141626,0,18.77355503,31.99051916,-78.1255321
0.05341790721,0.05414303718,NaN,NaN,0,1.655057162,1.203695142,-29.038777,0,6.86639531,36.56423505,-78.45583668
0.05341790721,0.05801039698,NaN,NaN,0,3.422627278,1.327550905,-16.39439939,0,-9.551933664,37.321958,-78.98681216
0.05341790721,0.06187775677,0.2171830863,-1.387085763,1,7.520876118,1.403985544,18.01503004,0,-19.99175602,26.17427832,-81.10115905
0.05341790721,0.06574511657,0.2053792182,-1.334656466,1,12.35485987,1.350366064,43.34737401,0,0.3949835852,58.80075048,-81.25184768
0.05341790721,0.06961247637,0.2664913183,-1.44684953,1,4.644472874,1.471186999,3.828045931,0,11.28526505,225.5837135,-79.56381137
0.05341790721,0.07347983617,0.2669852462,-2.19226542,1,40.02484097,2.208462993,-37.02413103,0,49.24608054,216.9773615,-83.05642163
0.05341790721,0.07734719597,0.6117340913,-2.429164691,1,129.9953391,2.505006925,75.80282538,29.88294711,82.66298022,88.65187987,-75.86516995
0.05341790721,0.08121455577,1.089411481,-2.241957336,1,93.67018345,2.492627143,125.8356434,0,98.3095196,102.9497621,-64.08396493
0.05341790721,0.08508191556,1.354188677,-2.340656753,1,-68.10922912,2.704163643,158.8411973,0,54.63555145,258.5004119,-59.94844075
0.05341790721,0.08894927536,1.037303922,-2.627375377,1,-146.6372022,2.824730217,171.7772277,0,-45.80912219,275.6726712,-68.45558912
0.05341790721,0.09281663516,0.6099294988,-2.742457815,1,-60.1456806,2.809464159,78.3162119,0,-52.50683267,201.0837991,-77.4613491
0.05341790721,0.09668399496,0.6016361208,-3.102161808,1,44.58180759,3.159964225,10.49821617,15.05866481,-27.93619193,162.2087826,-79.02426046
0.05341790721,0.1005513548,0.6743040836,-3.32917716,1,47.44899544,3.396778851,1.101063522,21.31437431,7.256295984,120.8756913,-78.54999486
0.05341790721,0.1044187146,0.8132011657,-3.565373388,1,5.640561838,3.656936359,47.04995621,0,14.6109297,132.0234899,-77.15159504
0.05341790721,0.1082860744,0.7526238879,-3.657800389,1,-42.75468135,3.734427185,92.02249149,0,-33.72827458,109.8138455,-78.37316835
0.05341790721,0.1121534342,0.5174140566,-3.634178955,1,-94.86049756,3.670827425,115.6652634,0,-83.85414086,44.92863005,-81.89700529
0.05341790721,0.116020794,0.06147007989,-3.384236377,1,86.42840508,3.384794591,156.5432513,0,-168.9163575,4.496556785,-88.95941403
0.05341790721,0.1198881537,NaN,NaN,0,105.2232868,3.052614083,146.4974358,0,-34.40836761,-28.33847963,-86.27345626
0.05728526701,0.01546943919,NaN,NaN,0,-16.31655034,0.410486168,-18.3901357,0,30.51382646,-8.321611907,-83.32886842
0.05728526701,0.01933679899,NaN,NaN,0,-13.66478154,0.4337342675,-15.18628629,0,30.886471,-0.8134042104,-80.02385808
0.05728526701,0.02320415879,NaN,NaN,0,-11.2385377,0.4771806793,-13.13638626,0,30.73488091,9.492300671,-76.14247298
0.05728526701,0.02707151859,NaN,NaN,0,-12.38428408,0.5362528694,-12.1728697,0,27.21792757,18.74858156,-73.69662248
0.05728526701,0.03093887839,NaN,NaN,0,-13.23859063,0.6076270141,-14.5390768,0,20.24181672,23.51982054,-73.5904145
0.05728526701,0.03480623819,NaN,NaN,0,-14.1176194,0.6852961882,-18.30176674,0,14.04907015,24.92325413,-74.9779305
0.05728526701,0.03867359798,NaN,NaN,0,-9.830549196,0.7693759831,-20.61293695,0,5.210308728,20.32343103,-77.12846215
0.05728526701,0.04254095778,NaN,NaN,0,-10.1050069,0.8356059968,-26.43120751,0,11.86670553,8.82069902,-78.97810845
0.05728526701,0.04640831758,NaN,NaN,0,-10.81226362,0.9041111944,-30.10995765,0,29.32134414,12.82436405,-78.63234689
0.05728526701,0.05027567738,0.2313358053,-0.9862350517,1,12.03346621,1.013003372,-29.4373073,0,8.908934443,44.51291637,-76.79909349
0.05728526701,0.05414303718,0.2591956293,-1.172367013,1,23.25159035,1.200677636,-6.115563143,10.19515049,-0.6745891381,87.44736527,-77.53316535
0.05728526701,0.05801039698,0.3186491921,-1.34807656,1,-3.79853737,1.38522479,50.59078237,0,41.1897631,133.7723614,-76.70090983
0.05728526701,0.06187775677,0.4038009525,-1.494060107,1,40.9953644,1.547666247,135.4183267,0,40.02048599,175.9974648,-74.87595969
0.05728526701,0.06574511657,0.6319666349,-1.505010687,1,141.5748536,1.632310937,231.1878248,0,50.72916151,252.8122517,-67.22205556
0.05728526701,0.06961247637,1.147509769,-1.577689547,1,65.75978098,1.950867237,134.4464415,0,21.06969122,218.6188679,-53.97027065
0.05728526701,0.07347983617,0.967767445,-1.830535745,1,-59.00132621,2.070612214,47.58009835,13.05169542,19.83163282,217.0371489,-62.135492
0.05728526701,0.07734719597,0.9960264719,-2.233040932,1,3.740441256,2.445105424,48.29693339,0,93.87979741,167.9020491,-65.96119786
0.05728526701,0.08121455577,1.345300032,-2.293091761,1,70.83610955,2.658590228,93.69055073,0,124.6584336,90.06359173,-59.60090922
0.05728526701,0.08508191556,1.752074209,-2.219014176,1,75.02062802,2.827328765,70.94147652,0,50.51961801,102.6733382,-51.70632306
0.05728526701,0.08894927536,1.830809332,-2.415810288,1,-73.84747613,3.031171746,57.62310089,13.79839254,-34.81452199,198.1436027,-52.84351954
0.05728526701,0.09281663516,1.331839166,-2.762457516,1,-139.7843937,3.066751879,49.40933486,47.48642427,-78.68135479,253.506889,-64.26030127
0.05728526701,0.09668399496,0.9859236792,-3.205128963,1,-87.96385515,3.353341196,58.79197933,27.90266348,-22.69622344,216.2842453,-72.90167781
0.05728526701,0.1005513548,0.9038768265,-3.371536774,1,-11.53238694,3.490595012,99.25233193,0,45.90456684,173.1228612,-74.99244872
0.05728526701,0.1044187146,1.118853266,-3.490812879,1,-23.95516685,3.665734195,128.4618185,0,65.94753517,179.3398084,-72.22863476
0.05728526701,0.1082860744,1.066276424,-3.568300267,1,-69.73814366,3.724206252,142.1428431,0,-9.872960308,148.0461256,-73.36284765
0.05728526701,0.1121534342,0.810968483,-3.513642996,1,-99.5217045,3.606016776,107.9947456,0,-39.46586381,126.5596675,-77.00340473
0.05728526701,0.116020794,0.5287614895,-3.640097499,1,-47.77985014,3.678301037,200.8704501,0,-33.83053587,106.0981097,-81.73500888
0.05728526701,0.1198881537,NaN,NaN,0,-46.26716602,3.185869497,199.933988,0,28.98936712,-55.00647166,-81.05513182
0.06115262681,0.01546943919,NaN,NaN,0,-14.70992829,0.3079259625,-30.68985815,0,43.69348624,-17.61230649,-93.29379315
0.06115262681,0.01933679899,NaN,NaN,0,-10.22055436,0.3349083551,-20.03151701,0,42.90027365,-2.688748166,-83.42422127
0.06115262681,0.02320415879,NaN,NaN,0,-7.574442819,0.3899426077,-12.92794708,0,41.82716396,12.15678055,-73.8150621
0.06115262681,0.02707151859,NaN,NaN,0,-14.1988796,0.4624241357,-7.928659683,0,36.92879661,27.81695634,-68.32126305
0.06115262681,0.03093887839,NaN,NaN,0,-15.73114984,0.5491279626,-12.59030956,0,22.37794266,32.1720101,-69.0215707
0.06115262681,0.03480623819,NaN,NaN,0,-23.03885411,0.6340543558,-20.23468446,0,17.07513796,35.93749934,-71.94371087
0.06115262681,0.03867359798,0.1735330078,-0.729967214,1,-16.0489163,0.7503104946,-14.66133896,0.9898468774,-6.154137263,31.07042186,-76.62746367
0.06115262681,0.04254095778,0.1106587067,-0.779689918,1,-4.858194588,0.7875034714,10.50336898,0,-7.060872029,26.52546229,-81.92215663
0.06115262681,0.04640831758,0.1274376887,-0.7919304135,1,11.70004394,0.8021185351,-10.76867353,0,31.8172861,62.09370574,-80.85831671
0.06115262681,0.05027567738,0.2789558795,-1.061474954,1,62.55055678,1.097517864,-7.779210558,17.82470192,48.11640851,116.3225121,-75.27560341
0.06115262681,0.05414303718,0.5554266612,-1.271876427,1,80.93513182,1.387864698,48.48212766,0,96.87385535,65.97230747,-66.4091734
0.06115262681,0.05801039698,0.9666072082,-1.129115773,1,77.8202311,1.48634852,62.90439505,0,146.1344518,93.66945137,-49.43401147
0.06115262681,0.06187775677,1.421539999,-1.390855969,1,109.0337823,1.988782616,88.32530525,0,178.1322705,232.318546,-44.37491175
0.06115262681,0.06574511657,2.077181656,-1.685989443,1,22.40129459,2.675302607,160.5494371,0,31.99806687,219.7180249,-39.06525873
0.06115262681,0.06961247637,1.631921902,-1.619682187,1,-97.39128865,2.29924759,87.62959668,0,-106.0618026,139.7066131,-44.78432776
0.06115262681,0.07347983617,1.29035535,-1.887390003,1,-31.41910151,2.28631974,83.29846584,0,-16.1763039,202.4705124,-55.64068427
0.06115262681,0.07734719597,1.447853345,-2.080563369,1,35.13249317,2.534762955,121.6832437,0,96.66272136,159.5429331,-55.16614178
0.06115262681,0.08121455577,1.800054865,-2.033807044,1,53.91589951,2.715983912,67.98292773,0,95.47963578,159.7374126,-48.48902879
0.06115262681,0.08508191556,2.025619632,-2.435410975,1,18.92522603,3.167706033,40.18353057,0,39.61365741,154.6321151,-50.2484744
0.06115262681,0.08894927536,2.026445789,-2.476420899,1,-41.74957708,3.199866092,67.78113865,0,-21.39533817,86.07253325,-50.706668
0.06115262681,0.09281663516,1.781415525,-2.506150379,1,-106.0725701,3.074773324,78.80254041,31.76084838,12.72957793,175.33545,-54.59411942
0.06115262681,0.09668399496,1.665454854,-2.849748393,1,-110.729591,3.300728067,112.8097044,0,96.83417599,268.1863559,-59.69705729
0.06115262681,0.1005513548,1.727676956,-3.107047794,1,-41.2897148,3.555082792,171.7902379,0,128.7204084,266.9297954,-60.9237097
0.06115262681,0.1044187146,2.003580803,-3.217687293,1,-22.90296709,3.790494367,172.0409721,0,60.96823412,254.5862763,-58.09041575
0.06115262681,0.1082860744,1.874889039,-3.426280185,1,-104.2805331,3.90571438,191.5371542,0,-45.44963658,239.1753696,-61.31215425
0.06115262681,0.1121534342,1.424520364,-3.401921412,1,-115.9390063,3.688133343,227.8589073,0,-45.99604092,203.038143,-67.2789923
0.06115262681,0.116020794,1.248627948,-3.33028936,1,-152.5296008,3.556669646,338.1161919,0,-19.58524841,170.8688048,-69.44743251
0.06115262681,0.1198881537,0.758890316,-2.755115591,1,-184.8860203,2.857722245,302.4385364,0,-68.38114762,4.988183189,-74.59990243
0.06501998661,0.01546943919,NaN,NaN,0,-4.948981863,0.2289516856,-58.05408899,0,70.31005691,-37.42039215,-127.4175863
0.06501998661,0.01933679899,NaN,NaN,0,2.31282469,0.2221038469,-24.59136443,0,62.43986288,-1.216674599,-93.28525953
0.06501998661,0.02320415879,NaN,NaN,0,5.360200381,0.2941135116,-10.61522538,0,56.74470467,14.00661335,-67.76247597
0.06501998661,0.02707151859,0.2274538675,-0.3169603492,1,-0.08402313343,0.3901270624,-12.12277434,0,35.27053371,30.09119121,-54.3364058
0.06501998661,0.03093887839,0.2473852946,-0.4354948041,1,-9.830929584,0.5008544782,-1.891109726,0,12.64867389,47.18147175,-60.40101322
0.06501998661,0.03480623819,0.2383510986,-0.5067416779,1,-28.62551633,0.5599985485,-8.599559766,4.571778418,25.38434944,62.83977457,-64.80957565
0.06501998661,0.03867359798,0.234850536,-0.7117764137,1,-17.79670552,0.7495201381,-3.990756818,0,34.50248144,79.26228067,-71.7397002
0.06501998661,0.04254095778,0.3029583448,-0.8287111282,1,7.543161679,0.8823524764,75.81206048,0,29.13448626,100.8415039,-69.91871259
0.06501998661,0.04640831758,0.3766961972,-0.8085742769,1,30.79720485,0.8920159115,81.32311562,0,59.22634595,136.4889082,-65.02026889
0.06501998661,0.05027567738,0.6511118061,-1.042057096,1,-10.10804589,1.228751226,82.17259179,0,94.17984946,160.3013341,-58.00149225
0.06501998661,0.05414303718,0.7018321105,-1.110726234,1,-29.42364787,1.313880161,92.00478546,0,100.0311939,102.8193449,-57.71252757
0.06501998661,0.05801039698,0.9241765912,-1.083880889,1,84.58022042,1.424394662,55.42972722,0,159.0004215,85.45154159,-49.54726134
0.06501998661,0.06187775677,1.643846093,-1.226831392,1,104.4514081,2.051181426,31.31287497,0,200.2580578,130.6094615,-36.73463049
0.06501998661,0.06574511657,2.10259773,-1.467896516,1,-7.618465984,2.564300567,-24.94492143,0,106.6148396,74.44850772,-34.9202314
0.06501998661,0.06961247637,2.026700688,-1.611221544,1,-22.09538003,2.589121577,61.74668039,0,14.42636848,140.2730815,-38.48460412
0.06501998661,0.07347983617,2.072938903,-1.771586362,1,-23.34388969,2.726828549,112.8322407,0,38.0641633,212.088549,-40.51804318
0.06501998661,0.07734719597,2.083629282,-1.995081401,1,-32.9840567,2.884763557,97.57983745,0,72.5556574,190.8640145,-43.75631702
0.06501998661,0.08121455577,2.225976521,-2.132349839,1,19.27897561,3.082513148,82.64423864,0,89.8050364,119.8590764,-43.76934669
0.06501998661,0.08508191556,2.505496405,-2.139004568,1,-50.06409278,3.294366825,73.35577833,0,101.7376704,126.2971374,-40.48820965
0.06501998661,0.08894927536,2.425816838,-2.337093122,1,-89.97734241,3.368470215,100.4202942,0,40.63768901,142.8270794,-43.9328149
0.06501998661,0.09281663516,2.314682213,-2.303006864,1,-48.10928308,3.265209697,125.2724309,0,56.78592304,142.1604569,-44.85513386
0.06501998661,0.09668399496,2.459372526,-2.402405195,1,-44.71767923,3.438031987,81.71522518,0,118.6396436,187.999516,-44.3286739
0.06501998661,0.1005513548,2.600565046,-2.714046458,1,-29.66562486,3.758854445,42.23396724,0,109.6689928,239.7970624,-46.22323486
0.06501998661,0.1044187146,2.768774335,-3.166452767,1,-15.93835703,4.206249451,54.70894839,0,49.92321583,216.766165,-48.83326356
0.06501998661,0.1082860744,2.731996723,-3.340780023,1,-102.1061978,4.315624781,133.1603161,0,26.76489571,152.9918344,-50.7246575
0.06501998661,0.1121534342,2.477402413,-3.243148384,1,-110.8811074,4.081119228,205.7221474,0,50.16601198,150.1736135,-52.62422154
0.06501998661,0.116020794,2.497189604,-3.125953856,1,-168.3209127,4.000942817,288.8059555,0,-36.75980408,147.4717079,-51.38015215
0.06501998661,0.1198881537,1.684281493,-2.696557996,1,-544.4921541,3.179344142,230.1948795,0,124.0978009,8.133379376,-58.01092657
0.06888734641,0.01546943919,-0.3869263261,-0.01636350215,1,45.09495863,0.387272186,-14.04380439,0,123.2214835,29.29774845,-177.5783471
0.06888734641,0.01933679899,-0.06145620521,-0.1001721917,1,38.17230971,0.1175216284,-8.32454111,0,93.37327869,32.89276222,-121.5293508
0.06888734641,0.02320415879,0.1218077941,-0.175765644,1,26.60233115,0.2138473762,-10.52872796,0,51.42684589,39.32848102,-55.27755564
0.06888734641,0.02707151859,0.2403106972,-0.2929879573,1,14.63018643,0.3789342612,-22.10902341,0,49.99870463,42.54149343,-50.64116528
0.06888734641,0.03093887839,0.3717509692,-0.4257924538,1,3.602661882,0.5652415384,32.051067,0,39.31592886,58.15807773,-48.87643236
0.06888734641,0.03480623819,0.4062923296,-0.3939531611,1,-29.80670068,0.5659262764,80.45287679,0,53.82414637,106.8054771,-44.11661326
0.06888734641,0.03867359798,0.4646350731,-0.5277074408,1,-11.83784884,0.7031080246,131.3840249,0,112.0481448,209.5343268,-48.63677453
0.06888734641,0.04254095778,0.7938415998,-0.6961884973,1,-29.64919959,1.055870688,160.1545094,0,160.2706329,200.0466486,-41.25033042
0.06888734641,0.04640831758,0.969795153,-0.6819846961,1,-15.85177739,1.185582458,170.7950514,0,125.1894689,160.9608599,-35.11586483
0.06888734641,0.05027567738,1.216689792,-0.6581561405,1,-45.16551204,1.383294458,134.2767418,0,132.8445839,157.3527637,-28.41072729
0.06888734641,0.05414303718,1.308881671,-0.7712279757,1,-38.42315847,1.519198413,128.096933,0,114.6394886,175.4548071,-30.50772592
0.06888734641,0.05801039698,1.511445764,-0.8413060788,1,46.25664518,1.729816237,88.80547434,0,144.7962439,153.2187228,-29.10133591
0.06888734641,0.06187775677,2.047751933,-1.020337183,1,68.28418523,2.287875859,-16.24999586,0,127.5041851,87.93014044,-26.48578475
0.06888734641,0.06574511657,2.268629836,-1.24420815,1,5.04342622,2.587418646,-50.06681018,0,89.4533607,68.38667882,-28.74214116
0.06888734641,0.06961247637,2.413205008,-1.478439445,1,-9.00891533,2.83007802,-4.880789253,0,80.97302744,100.0214798,-31.49353564
0.06888734641,0.07347983617,2.54694095,-1.649902968,1,-40.60411742,3.034647921,22.67959344,0,79.43280205,72.83367444,-32.93508111
0.06888734641,0.07734719597,2.563369502,-1.672403321,1,-81.39797795,3.060685556,58.8773237,0,90.77571788,87.61900539,-33.12138661
0.06888734641,0.08121455577,2.583208044,-1.761057392,1,-59.89907919,3.126385603,54.47309501,0,120.5036783,99.96553078,-34.28353335
0.06888734641,0.08508191556,2.797749292,-1.848338938,1,-28.13703781,3.353171324,19.09852796,0,127.4199798,73.45814188,-33.45082904
0.06888734641,0.08894927536,2.967170903,-1.971285578,1,-103.5108042,3.56231245,75.31712763,0,108.145861,140.5150793,-33.59868637
0.06888734641,0.09281663516,2.815674724,-2.100482876,1,-123.3452407,3.512841081,78.98166832,34.58880831,56.46961614,142.7722865,-36.72280175
0.06888734641,0.09668399496,2.708538801,-2.21798685,1,-84.55395266,3.500806779,-2.093064233,0,85.25667941,118.8441757,-39.31359626
0.06888734641,0.1005513548,2.818392421,-2.568190695,1,-55.38694846,3.812996104,-43.89107684,0,144.5780142,148.7442306,-42.34057634
0.06888734641,0.1044187146,3.053472743,-2.962976893,1,-101.4868626,4.254753561,17.95478867,0,143.6732505,110.963617,-44.13825602
0.06888734641,0.1082860744,2.981542362,-2.927889299,1,-199.213182,4.178771423,150.6935361,0,133.9036599,103.1462049,-44.47981299
0.06888734641,0.1121534342,2.800897323,-2.779094256,1,-192.8150434,3.945680005,231.6395372,0,181.0055091,204.1287579,-44.77612559
0.06888734641,0.116020794,2.935870644,-2.821495217,1,-331.2504802,4.071875698,605.9275472,0,41.56812897,-68.86267551,-43.86191576
0.06888734641,0.1198881537,1.680591443,-0.1694376767,1,-639.7638189,1.689111224,883.5975011,0,-9.402157783,-487.9105451,-5.757121815
0.07275470621,0.01546943919,-0.08012305256,0.1203035065,1,26.45850701,0.144542856,56.13450891,0,57.53112214,122.6193176,123.6639178
0.07275470621,0.01933679899,0.08228600508,-0.008256831587,1,23.17421924,0.0826992255,19.15789656,0,55.12427733,95.83459656,-5.730055161
0.07275470621,0.02320415879,0.2226854053,-0.1762328805,1,15.51592489,0.2839838339,5.627975886,0,42.45322907,50.08226541,-38.35803656
0.07275470621,0.02707151859,0.3064735806,-0.1801775637,1,19.91566935,0.355513727,-8.306093769,0,76.6802329,23.01911952,-30.45151297
0.07275470621,0.03093887839,0.5962565144,-0.2973787511,1,49.50285548,0.666300197,31.89576761,0,120.1407727,32.70602023,-26.50740468
0.07275470621,0.03480623819,0.9625465284,-0.1833111022,1,98.23318311,0.979846304,95.72545826,0,149.234857,78.9920659,-10.7825118
0.07275470621,0.03867359798,1.553304464,-0.2326647022,1,31.34497734,1.570632873,183.1692281,0,158.3036027,160.1332801,-8.518825687
0.07275470621,0.04254095778,1.695985823,-0.09422280312,1,-85.44440024,1.698601144,151.7201317,0,112.9596078,159.5943225,-3.179876211
0.07275470621,0.04640831758,1.659715671,-0.263117031,1,-87.98818672,1.680442407,129.4900016,0,109.440085,196.5655307,-9.008213321
0.07275470621,0.05027567738,1.778948032,-0.3536280078,1,-47.39384569,1.813755459,144.3779923,0,103.261478,210.4853339,-11.24297449
0.07275470621,0.05414303718,1.875775907,-0.5187779061,1,-52.80998639,1.946192634,102.8550077,0,73.81222412,193.1400644,-15.45969324
0.07275470621,0.05801039698,1.860171241,-0.7027928062,1,-17.80066611,1.988505664,-21.73427451,0,29.50971254,102.1301871,-20.69710703
0.07275470621,0.06187775677,1.921059002,-0.9978063453,1,18.61204993,2.164736749,-122.5194588,0,62.39308757,-9.093208039,-27.44755958
0.07275470621,0.06574511657,2.173447254,-1.141452928,1,28.32668087,2.45495168,-73.7734393,0,94.13023864,-5.141953087,-27.70759632
0.07275470621,0.06961247637,2.39464397,-1.263228996,1,-28.84309657,2.707409692,-37.27848692,0,98.36748425,5.62092922,-27.8126633
0.07275470621,0.07347983617,2.442323076,-1.307360406,1,-57.04587467,2.770222597,-4.031977263,0,123.1217869,13.03257805,-28.15986724
0.07275470621,0.07734719597,2.650183296,-1.329223771,1,-32.13135696,2.964845247,38.85013916,0,130.6283156,71.76847823,-26.63647432
0.07275470621,0.08121455577,2.823246254,-1.434667467,1,-58.40960617,3.166858088,60.65808215,0,113.5539589,114.4895982,-26.93796318
0.07275470621,0.08508191556,2.863446349,-1.537409612,1,-37.30869468,3.250069739,65.60460659,0,150.3758534,87.29205792,-28.23174358
0.07275470621,0.08894927536,3.260517638,-1.518540644,1,-62.66252708,3.596795929,61.63693971,0,142.5201587,79.7858856,-24.97309342
0.07275470621,0.09281663516,3.172284543,-1.607598116,1,-165.4376985,3.556369065,59.92325848,61.25317749,75.03324304,118.6573176,-26.87422913
0.07275470621,0.09668399496,2.910891081,-1.745686383,1,-156.3532841,3.394216822,37.50983028,45.88781039,113.3744473,123.6440153,-30.95147803
0.07275470621,0.1005513548,3.006069918,-1.94071,1,-124.5013729,3.578101683,9.917764183,0,216.6720352,132.1313783,-32.84616933
0.07275470621,0.1044187146,3.267348195,-2.218330401,1,-86.06280375,3.94924727,53.71106268,0,269.0342499,82.61640009,-34.17411583
0.07275470621,0.1082860744,3.713686333,-2.05249734,1,-62.08041341,4.243136989,158.0399457,0,293.5890007,49.21102461,-28.92875407
0.07275470621,0.1121534342,4.162675198,-1.797449807,1,-85.47784012,4.534169231,214.0997661,0,307.9878754,118.8494649,-23.35476406
0.07275470621,0.116020794,4.574212698,-1.684130154,1,-338.2820468,4.87439393,311.7478687,42.10790344,93.11999092,-86.1274875,-20.21265945
0.07275470621,0.1198881537,3.214545319,-0.2587226497,1,-297.1656937,3.224940157,611.6345825,0,-405.9844912,-125.5130215,-4.601531395
0.07662206601,0.01546943919,0.3043790362,0.1038054804,1,23.48221776,0.3215931831,118.0120864,0,17.31155767,159.5987533,18.83143844
0.07662206601,0.01933679899,0.3832611398,0.0233901785,1,1.576663148,0.3839742201,20.33007345,0,6.925340064,65.68268773,3.492392618
0.07662206601,0.02320415879,0.3372593416,-0.07158939675,1,-31.97426967,0.3447737015,-12.3566931,12.65860489,9.723979354,12.68601041,-11.98418541
0.07662206601,0.02707151859,0.2972112615,-0.0734589663,1,19.54614916,0.3061547871,0.5413373081,0,53.97428844,21.49124109,-13.88303513
0.07662206601,0.03093887839,0.6215893263,-0.1526102124,1,67.4254214,0.6400493478,27.78894682,0,135.4976678,59.65884724,-13.79419545
0.07662206601,0.03480623819,1.081987859,-0.1967113379,1,119.6523263,1.099724091,129.0899931,0,183.0658397,99.12188536,-10.30414281
0.07662206601,0.03867359798,1.792309392,-0.03671275711,1,73.1096185,1.792685355,183.8423457,0,163.6976075,114.5903135,-1.173453608
0.07662206601,0.04254095778,1.997806605,0.07111118713,1,20.45865877,1.999071792,189.2172951,0,92.91579869,158.6397879,2.038561432
0.07662206601,0.04640831758,2.230769211,0.0815414649,1,10.91943569,2.232259009,292.625573,0,141.9671278,330.5400658,2.093404666
0.07662206601,0.05027567738,2.589073954,-0.07551779816,1,-28.59818379,2.590175067,226.2769684,0,86.21679542,320.1590515,-1.670722726
0.07662206601,0.05414303718,2.453601113,-0.2815343292,1,-144.6434598,2.469700387,-13.26957167,60.78397718,-53.60762373,137.4332475,-6.54568106
0.07662206601,0.05801039698,1.822365684,-0.6583398224,1,-167.186834,1.937634642,-47.16870601,65.75505996,-69.36801584,100.0857153,-19.86253802
0.07662206601,0.06187775677,1.538758397,-0.8510201583,1,-11.51205836,1.758411986,-60.49388066,0,47.98912372,25.19307653,-28.94506784
0.07662206601,0.06574511657,1.96343562,-0.9897221159,1,73.8635181,2.198779048,-2.206096604,0,120.5883779,32.81784923,-26.75160772
0.07662206601,0.06961247637,2.290773842,-0.9864703584,1,16.03582126,2.494146861,20.1255864,0,143.844284,10.66375164,-23.29804371
0.07662206601,0.07347983617,2.581749512,-0.9531297965,1,8.166424589,2.752069576,44.09233872,0,172.9384351,58.69732799,-20.26312802
0.07662206601,0.07734719597,2.991171496,-1.042953107,1,12.09172176,3.167784415,48.33612906,0,163.4330977,85.28190718,-19.22249536
0.07662206601,0.08121455577,3.260567142,-1.096012414,1,-47.59728951,3.439846115,71.71397204,0,150.4799357,92.28153225,-18.57964075
0.07662206601,0.08508191556,3.389055706,-1.122495262,1,-73.51705373,3.570111229,127.8126619,0,139.0751407,148.9531552,-18.3254802
0.07662206601,0.08894927536,3.514103852,-1.177770307,1,-74.49113881,3.706220282,91.33903076,0,104.8101072,103.750589,-18.52884604
0.07662206601,0.09281663516,3.506310065,-1.170495223,1,-126.7439529,3.696521248,109.0970306,0,79.59934857,108.3426031,-18.46031708
0.07662206601,0.09668399496,3.331778704,-1.174852665,1,-140.9304212,3.532849858,124.2601889,0,105.1017143,144.4949623,-19.42368263
0.07662206601,0.1005513548,3.367747564,-1.248750373,1,-125.2681971,3.591810289,9.128812386,0,189.6328801,116.3947976,-20.3446245
0.07662206601,0.1044187146,3.580700092,-1.589688824,1,-111.8011504,3.917719197,-5.784189885,0,219.1893662,72.7286325,-23.93932278
0.07662206601,0.1082860744,3.783056433,-1.552387706,1,-75.96295497,4.089183728,75.37855574,0,207.2752011,-10.53743732,-22.31093078
0.07662206601,0.1121534342,4.088531793,-1.257420766,1,-134.6486067,4.277522555,23.758455,0,141.2084832,-79.48494794,-17.09518821
0.07662206601,0.116020794,3.808425836,-1.15310832,1,-205.7340292,3.979166514,-51.17990463,84.95931836,69.22400801,-223.6856143,-16.84516824
0.07662206601,0.1198881537,3.560598426,-0.5902791196,1,-52.17135183,3.609195282,163.1886921,0,-75.99226526,-127.8776836,-9.412934636
0.0804894258,0.01546943919,0.9934979483,0.09643934376,1,-142.9992402,0.9981676814,305.7421072,0,-156.2072876,349.1882418,5.54435933
0.0804894258,0.01933679899,0.4149282998,0.01242842649,1,-97.36784135,0.4151143936,52.0272158,0,-101.6151844,80.83500669,1.715678434
0.0804894258,0.02320415879,0.2239589939,-0.01497074858,1,-16.99964873,0.224458803,-12.02456557,2.211069203,10.98861991,3.350261583,-3.824300644
0.0804894258,0.02707151859,0.3916814886,-0.04703156194,1,81.89399845,0.394495065,24.32511024,0,101.8203805,29.2763262,-6.847068276
0.0804894258,0.03093887839,0.9344485976,-0.03411888217,1,155.0831975,0.9350712698,80.72297806,0,220.7397308,52.54785666,-2.091072681
0.0804894258,0.03480623819,1.845123973,0.06193176987,1,181.9892399,1.846163053,207.3784757,0,276.4636653,168.1293406,1.922416819
0.0804894258,0.03867359798,2.707450933,0.1176716448,1,124.7096242,2.710006858,240.693012,0,184.5841604,208.6134374,2.48863171
0.0804894258,0.04254095778,3.041274321,0.1859950269,1,154.9755069,3.046956456,338.1159213,0,197.2726802,305.530409,3.499675684
0.0804894258,0.04640831758,4.06972141,0.2436915451,1,89.81109419,4.077010906,389.7562178,0,130.2197409,414.4739076,3.426732167
0.0804894258,0.05027567738,3.892212727,0.09040282705,1,-253.3987385,3.89326246,238.7238316,0,-189.7355921,344.8430293,1.330546317
0.0804894258,0.05414303718,2.355961515,-0.1667095737,1,-327.1153904,2.361852396,-238.8699675,77.16687501,-145.4013824,-131.5887498,-4.047545132
0.0804894258,0.05801039698,2.064820356,-0.3244922413,1,-170.130171,2.09016227,-131.4760915,48.02762553,22.37473755,23.92302398,-8.931144454
0.0804894258,0.06187775677,1.784538091,-0.7676938658,1,-63.8297091,1.942660565,-25.65614686,0,122.5295899,138.8640622,-23.27698439
0.0804894258,0.06574511657,2.291833915,-0.9607510839,1,8.488246825,2.485064454,66.94897408,0,180.0588149,67.27317961,-22.74373534
0.0804894258,0.06961247637,2.513717418,-0.7689476852,1,-16.49879437,2.628698499,103.8249139,0,158.2010961,28.67717938,-17.00890337
0.0804894258,0.07347983617,2.8398477,-0.6701277564,1,-14.53187943,2.917842726,39.49486539,0,183.4364898,33.02650755,-13.27737809
0.0804894258,0.07734719597,3.166932318,-0.7439322181,1,-20.43556083,3.253136248,-5.540569413,0,180.138357,-5.927445033,-13.21946112
0.0804894258,0.08121455577,3.457475874,-0.6686315691,1,-27.04022459,3.521534835,9.923527646,0,225.3323582,2.504225168,-10.94516036
0.0804894258,0.08508191556,3.933799344,-0.715239106,1,-70.84721216,3.998292668,10.08206141,0,215.0084863,50.54549194,-10.30488681
0.0804894258,0.08894927536,4.01499939,-0.8251182137,1,-119.8956849,4.098907192,88.75641788,0,140.4271331,113.1542567,-11.61310675
0.0804894258,0.09281663516,4.013201841,-0.8095943271,1,-128.4148827,4.094048362,128.3283121,0,111.6759587,120.3314817,-11.40536256
0.0804894258,0.09668399496,3.950263948,-0.7941915935,1,-185.6387788,4.029308321,128.4765477,56.38850233,50.74391839,106.0529569,-11.36764238
0.0804894258,0.1005513548,3.491514881,-0.7228742336,1,-179.6100467,3.56556073,67.4006781,68.6866823,69.97000039,104.6559112,-11.69710882
0.0804894258,0.1044187146,3.526246441,-0.9382709841,1,-135.9845404,3.648940449,14.58767005,0,258.2734949,75.15592868,-14.90014192
0.0804894258,0.1082860744,3.964450267,-0.9571134821,1,-180.4563,4.078349193,73.85932503,0,289.2939517,20.16383056,-13.57285447
0.0804894258,0.1121534342,3.9471608,-0.7306111875,1,-218.7591959,4.01420865,83.07393661,79.58731321,101.5625938,-3.896245741,-10.48664186
0.0804894258,0.116020794,3.51120884,-0.6207684952,1,-214.4647376,3.565661375,5.954345867,93.53419597,60.34018313,-92.243007,-10.02607335
0.0804894258,0.1198881537,3.351105694,-0.3508466927,1,-126.6760196,3.369421727,-346.6040139,0,43.87888951,-486.1937167,-5.976853112
0.0843567856,0.01546943919,2.837230338,0.05272520915,1,-487.2657867,2.837720201,133.142102,0,-516.0766907,156.8073605,1.064624271
0.0843567856,0.01933679899,0.8970871577,0.006964174631,1,-325.4176467,0.8971141891,75.88449987,0,-329.685003,80.04079816,0.4447837597
0.0843567856,0.02320415879,0.3037126871,0.03665130822,1,-62.65858673,0.305916189,33.91157369,16.18161002,-38.85248963,34.78055203,6.881040985
0.0843567856,0.02707151859,0.5045073019,0.003603522727,1,86.88274224,0.5045201711,23.70298962,0,128.5828341,6.984628743,0.4092371544
0.0843567856,0.03093887839,1.136995595,0.101307225,1,227.5075617,1.14149995,46.56706819,0,297.3219073,3.888925337,5.091654458
0.0843567856,0.03480623819,2.534211691,0.1686552567,1,287.4447468,2.53981761,66.57082903,0,331.3090339,42.38471827,3.807497929
0.0843567856,0.03867359798,3.529939091,0.1948436174,1,239.1993162,3.535312436,98.68948462,0,265.7464237,81.61470445,3.159374601
0.0843567856,0.04254095778,4.487018547,0.2346895751,1,233.8563355,4.493151971,174.7490428,0,234.441798,163.6374252,2.994077233
0.0843567856,0.04640831758,5.341016466,0.2378162407,1,54.50228703,5.346308395,161.9928427,0,38.30480709,178.5413626,2.549490868
0.0843567856,0.05027567738,4.845936971,0.1706904946,1,-582.6227928,4.848942191,243.2955574,0,-534.4474383,195.8722793,2.017319545
0.0843567856,0.05414303718,1.020903963,0.4212191201,1,-509.9335927,1.104386911,7.314314943,154.8618164,-379.4374192,29.17537182,22.42076293
0.0843567856,0.05801039698,1.406419274,0.08614592207,1,43.45919467,1.409055107,-164.6921714,0,203.6525881,-22.08304118,3.505099081
0.0843567856,0.06187775677,1.976574137,-0.1303016972,1,-3.76274491,1.98086442,-84.47822589,0,282.0150315,22.14307186,-3.771652333
0.0843567856,0.06574511657,2.482520981,-0.3261969985,1,-88.60143539,2.503860001,40.53143009,0,302.3475094,87.21478443,-7.485636975
0.0843567856,0.06961247637,2.803207111,-0.3108430251,1,-104.3489515,2.82038889,60.42125174,0,202.528276,24.56161578,-6.327584095
0.0843567856,0.07347983617,2.862215754,-0.187514884,1,-123.4364101,2.868351592,-11.83019894,0,160.5711621,-23.09923701,-3.748312766
0.0843567856,0.07734719597,2.946820558,-0.2672616003,1,-98.05656508,2.958915369,-29.44561017,0,213.4877644,-46.90404564,-5.182257116
0.0843567856,0.08121455577,3.308629734,-0.1199968325,1,-64.12849819,3.310805031,2.6051079,0,239.1067122,-62.10911253,-2.077083413
0.0843567856,0.08508191556,3.623524268,-0.01698842578,1,-24.74162971,3.623564092,-45.78696468,0,279.7826385,-32.59670654,-0.2686218979
0.0843567856,0.08894927536,4.294965078,-0.1710083065,1,-60.64107629,4.298368163,-15.43664866,0,278.9922851,42.73976666,-2.280084077
0.0843567856,0.09281663516,4.467966955,-0.2419775556,1,-186.9496212,4.474514705,53.99738331,21.82673269,172.4238468,77.18307653,-3.100014255
0.0843567856,0.09668399496,4.238788682,-0.2606757244,1,-217.7243346,4.246796596,72.92001547,80.05443236,105.2924232,83.66558311,-3.519126309
0.0843567856,0.1005513548,4.033152301,-0.2835345319,1,-159.8710483,4.043106394,148.2075969,0,79.44982546,97.59824408,-4.02133299
0.0843567856,0.1044187146,3.927770878,-0.06495114804,1,-154.9398291,3.92830787,201.1584089,0,184.2946111,59.50102675,-0.9473789633
0.0843567856,0.1082860744,4.146677805,0.2643055328,1,-164.8745127,4.155092566,64.46494206,0,285.620851,52.48519453,3.647048135
0.0843567856,0.1121534342,4.394740412,-0.01862115404,1,-270.5685384,4.394779862,-20.33813735,114.503309,96.81659819,71.36379056,-0.2427690948
0.0843567856,0.116020794,3.474716537,-0.09033881661,1,-674.4094318,3.475890693,18.91847089,255,-374.0760108,-3.820358174,-1.48929189
0.0843567856,0.1198881537,0.3398699623,0.06931807935,1,-924.3369976,0.346866815,71.46345572,0,-696.8447583,-11.10289666,11.52763908
0.0882241454,0.01546943919,2.114836843,-0.01498278812,1,-266.2058025,2.114889916,1.983687832,0,-301.0490542,-3.657272806,-0.4059112955
0.0882241454,0.01933679899,1.017947529,-0.004074975922,1,-210.7777586,1.017955685,62.44519023,0,-209.462604,38.63598002,-0.2293612079
0.0882241454,0.02320415879,0.4896161593,0.0770959943,1,-66.29983084,0.4956488432,29.23665852,0,-64.94887766,-1.355962508,8.948440343
0.0882241454,0.02707151859,0.5103615501,0.1142376968,1,57.29947402,0.5229905957,15.26220815,0,108.1787728,-25.79482438,12.61693272
0.0882241454,0.03093887839,1.129580079,0.2358783113,1,194.7011245,1.15394529,8.483438665,0,259.3897328,-21.855878,11.79498119
0.0882241454,0.03480623819,2.266494276,0.2315707504,1,273.6973061,2.27829351,-55.77288847,0,314.6037946,-51.75478543,5.833743149
0.0882241454,0.03867359798,3.404752105,0.2203388612,1,250.5599148,3.411874281,-65.50024412,0,288.1647905,-54.30099416,3.702738586
0.0882241454,0.04254095778,4.349936544,0.1882592213,1,240.1353802,4.354008437,-94.78639736,0,272.3428231,-84.62732223,2.47813544
0.0882241454,0.04640831758,5.386689706,0.1810500624,1,145.4300275,5.389731451,-34.36670343,0,175.3821763,-57.23890558,1.925022876
0.0882241454,0.05027567738,5.590632764,0.2767142564,1,-406.3982948,5.597476706,3.769761922,100.6616547,-340.7805544,-36.80469378,2.833602482
0.0882241454,0.05414303718,2.497080262,0.3379660812,1,-528.375852,2.519847398,236.0631738,0,-570.0839702,231.3263526,7.707832023
0.0882241454,0.05801039698,1.342493407,0.2950332485,1,-153.8892323,1.374530162,64.04677009,47.66163215,-92.691042,64.1642826,12.39458251
0.0882241454,0.06187775677,1.543465623,0.3375116181,1,115.9321091,1.579936777,16.94180513,0,257.2891989,-49.2935371,12.33478338
0.0882241454,0.06574511657,2.78587449,0.5511891483,1,15.89272505,2.83987784,-13.12949708,0,319.9723582,-33.90474265,11.19151245
0.0882241454,0.06961247637,2.842376743,0.4178569676,1,-168.2690212,2.872927078,-57.56409962,26.1383509,147.2956725,-25.77046165,8.363131415
0.0882241454,0.07347983617,2.704763004,0.428231711,1,-132.5567119,2.738453086,-6.092104028,0,140.1287989,-17.22756384,8.996679872
0.0882241454,0.07734719597,2.871660728,0.4609217972,1,-85.56940319,2.908416105,5.578850167,0,220.6976307,-14.03566359,9.11860144
0.0882241454,0.08121455577,3.227352479,0.5040880929,1,-43.1451076,3.266482638,-9.79366833,0,239.4032259,-10.19290948,8.877440373
0.0882241454,0.08508191556,3.630661485,0.4624658064,1,-23.71290359,3.659996918,24.96483536,0,254.6813004,29.03011485,7.259120874
0.0882241454,0.08894927536,4.120590371,0.4883661944,1,-55.22776698,4.149429665,38.4867472,0,285.3233462,8.035386268,6.759080142
0.0882241454,0.09281663516,4.520523878,0.5802321755,1,-130.206535,4.557609626,-18.98826087,0,242.7500915,-10.3684876,7.31421169
0.0882241454,0.09668399496,4.555836797,0.4550304298,1,-183.6600012,4.578504299,-0.9918145272,38.13215732,163.3905218,96.63718886,5.703704081
0.0882241454,0.1005513548,4.442134508,0.2026656926,1,-169.2935552,4.446755263,96.37659649,0,163.7273459,117.4141471,2.612222151
0.0882241454,0.1044187146,4.534310263,0.3736706522,1,-129.2118367,4.549681233,212.5350362,0,122.6450869,61.92880496,4.711076135
0.0882241454,0.1082860744,4.416738524,0.7851141768,1,-148.7001932,4.485976311,112.4930071,38.47950604,47.90406245,30.64681629,10.07954441
0.0882241454,0.1121534342,4.14449536,0.6901993202,1,-285.1231699,4.201573144,-70.08752369,122.0174536,66.07454399,-6.895763373,9.454925306
0.0882241454,0.116020794,3.569598674,0.5407289034,1,-286.2740714,3.610321653,-42.61289489,111.4834723,141.4844227,-0.9173505028,8.613774995
0.0882241454,0.1198881537,3.584541693,0.528947648,1,-117.2524465,3.623358216,416.0981819,0,124.980209,422.1908425,8.394189825
0.0920915052,0.01546943919,2.830757983,-0.08202618155,1,-392.7915631,2.83194616,33.77789744,0,-405.0414039,-14.87365661,-1.659781343
0.0920915052,0.01933679899,1.288004412,0.01205035057,1,-324.6077118,1.288060781,-12.87690565,55.01243677,-300.9406569,-44.9148122,0.5360339446
0.0920915052,0.02320415879,0.41153737,0.04187593024,1,-107.3154185,0.4136624233,6.67013847,7.560106878,-105.8094443,-42.02502739,5.810126691
0.0920915052,0.02707151859,0.4637738853,0.2003720774,1,65.8415949,0.5052080622,54.95809702,0,108.3708461,-25.097919,23.36660981
0.0920915052,0.03093887839,1.085279561,0.3514813482,1,190.8955003,1.14077643,48.09902382,0,236.938911,15.39369117,17.94519414
0.0920915052,0.03480623819,2.118363488,0.3268553661,1,242.6565951,2.143431431,-16.38775963,0,269.6683866,-13.49013777,8.771348241
0.0920915052,0.03867359798,3.066624598,0.3402752019,1,201.342938,3.085445453,-21.2264871,0,231.7167563,-29.60222154,6.331685976
0.0920915052,0.04254095778,3.79316114,0.3592473447,1,216.6089854,3.81013518,-54.78834971,0,279.8847774,-58.24724041,5.410300772
0.0920915052,0.04640831758,4.986744617,0.3536519768,1,82.63607146,4.999269106,-136.7160692,0,156.5498104,-153.5778469,4.05653375
0.0920915052,0.05027567738,4.718179004,0.4244579059,1,-309.7824298,4.737233119,-271.1981609,0,-248.2926658,-246.961172,5.140617891
0.0920915052,0.05414303718,2.828467427,0.2599188203,1,-401.1179485,2.840384794,-7.222597764,105.5693891,-327.0070788,19.05800923,5.250385163
0.0920915052,0.05801039698,1.902257545,0.322821343,1,-162.834263,1.929455205,109.5331054,36.52827819,-89.79521257,69.07702755,9.631579726
0.0920915052,0.06187775677,1.85145835,0.4163770293,1,-0.6253597971,1.897700675,121.3275578,0,103.632354,-14.93258725,12.67445995
0.0920915052,0.06574511657,2.300622653,0.8497883502,1,26.89904482,2.452550679,-33.84126079,0,135.8641999,-161.3655104,20.27287872
0.0920915052,0.06961247637,2.480922379,0.9095591854,1,-20.72409903,2.642399243,-55.90365843,0,142.6179954,-60.36917207,20.13401615
0.0920915052,0.07347983617,2.772030208,0.8670580981,1,-43.84340206,2.90446918,19.07975391,0,155.8559019,17.10837573,17.36906241
0.0920915052,0.07734719597,2.914115017,0.9171832141,1,-37.76040696,3.055043598,43.4625953,0,156.5246964,16.14133718,17.47077848
0.0920915052,0.08121455577,3.231334446,0.9727192334,1,8.626519845,3.374567381,13.27567941,0,228.8034578,-23.56571112,16.75321834
0.0920915052,0.08508191556,3.832342168,1.059662127,1,30.64005703,3.976145158,-4.184493834,0,290.909663,-48.99701541,15.45639278
0.0920915052,0.08894927536,4.474882907,1.146025378,1,-76.74609676,4.619302025,-0.2383485986,0,211.7456069,-36.62435577,14.3648081
0.0920915052,0.09281663516,4.354433846,1.200379908,1,-114.2584327,4.516857984,-58.32711806,0,148.8558992,-41.64083468,15.4118503
0.0920915052,0.09668399496,4.608683758,1.081493516,1,-86.65672318,4.733877291,-64.73114899,0,217.3723039,-14.04985591,13.20632188
0.0920915052,0.1005513548,4.859958028,1.004377113,1,-147.3022124,4.962657092,-32.92541742,0,245.6994563,11.65882916,11.67657713
0.0920915052,0.1044187146,4.989221303,0.9090701934,1,-183.7685021,5.071364494,-29.52636213,51.03887792,142.4723639,-34.76709879,10.32640027
0.0920915052,0.1082860744,4.700251003,1.024644927,1,-232.5739848,4.810639949,15.34160309,105.5125565,1.873194776,-95.97893471,12.29795745
0.0920915052,0.1121534342,4.097018343,1.339586766,1,-339.4277405,4.310458445,43.15437851,152.7800702,-20.99426849,-96.2979321,18.10599833
0.0920915052,0.116020794,3.306369416,1.563957187,1,-266.9836037,3.657600415,-36.60829387,103.7279625,133.7704727,49.61793549,25.31477873
0.0920915052,0.1198881537,3.581835235,1.006118913,1,-23.82117369,3.720459503,-220.4952654,0,166.2779574,67.99005946,15.68977676
0.095958865,0.01546943919,2.187946344,-0.06235733001,1,-366.3721686,2.188834768,-213.5873141,0,-354.2746055,-291.0620662,-1.632510297
0.095958865,0.01933679899,0.7944461627,0.08745404093,1,-231.9034296,0.7992452156,-100.3037891,0,-242.5960627,-137.8688142,6.281927596
0.095958865,0.02320415879,0.3528860832,0.0829201382,1,-31.73726436,0.3624973615,15.0157926,11.51270817,-11.85954826,-34.43902464,13.2233062
0.095958865,0.02707151859,0.6258416022,0.2787136129,1,117.5542763,0.6850977953,83.70752688,0,146.7715745,-1.886942172,24.0054229
0.095958865,0.03093887839,1.375129252,0.4139447468,1,186.0316922,1.436081722,37.93227769,0,208.3210896,23.11042067,16.75297298
0.095958865,0.03480623819,2.150945697,0.336035067,1,230.8765202,2.177036278,-27.4948235,0,243.1031569,-7.807128089,8.879353859
0.095958865,0.03867359798,3.2081792,0.337805345,1,218.2692081,3.22591479,-38.57246075,0,237.2978044,-63.63721125,6.010812427
0.095958865,0.04254095778,3.912787247,0.4329694754,1,114.5594482,3.936669481,-63.6892517,0,158.4535478,-97.07009718,6.314375949
0.095958865,0.04640831758,4.264018685,0.4669010848,1,-69.97015508,4.289504863,-189.752987,0,-14.34138396,-210.8391612,6.248872574
0.095958865,0.05027567738,3.58672419,0.5145172977,1,-264.469504,3.623440143,-172.1266217,39.91701883,-180.5800176,-212.8982081,8.163415243
0.095958865,0.05414303718,2.542852057,0.6245794793,1,-271.2585068,2.618433904,-29.3769069,107.313397,-130.4318495,-45.66301455,13.79989605
0.095958865,0.05801039698,2.033243055,0.5775015358,1,-146.9460346,2.113666328,24.68959565,65.82290266,-5.074680576,-5.339735952,15.85612425
0.095958865,0.06187775677,1.954933255,0.7407137091,1,-93.53741574,2.090555148,43.48490811,0,92.94181963,-58.67653875,20.75142894
0.095958865,0.06574511657,2.03093967,0.9725966083,1,16.12141664,2.251812627,28.81078398,0,97.07586551,-51.04884224,25.58929223
0.095958865,0.06961247637,2.392707873,1.049559617,1,55.31861295,2.612781345,28.07489885,0,155.1029391,-30.86561206,23.68462492
0.095958865,0.07347983617,2.844715522,1.200540771,1,2.033663213,3.087669759,15.57548403,0,181.4151868,-26.50298465,22.88095558
0.095958865,0.07734719597,3.102170581,1.212292195,1,-43.59667603,3.330632774,15.3217781,0,132.2467422,-24.77036966,21.34498022
0.095958865,0.08121455577,3.187557224,1.355591531,1,-63.41243609,3.463834502,-3.179656604,0,146.8851126,-69.56340041,23.03888414
0.095958865,0.08508191556,3.424989454,1.469022017,1,-22.31368538,3.726738312,-74.09336441,0,226.7094095,-138.3428507,23.21511541
0.095958865,0.08894927536,3.97802903,1.604067411,1,-21.56396794,4.289259519,-141.0270698,0,204.8731037,-174.3231566,21.96085451
0.095958865,0.09281663516,4.133911836,1.597789965,1,-69.09413065,4.431947635,-110.1727536,0,139.7193867,-117.0903037,21.13191549
0.095958865,0.09668399496,4.251162306,1.630820066,1,-108.7008552,4.553235667,-133.5416927,0,167.1327403,-165.8000262,20.98768543
0.095958865,0.1005513548,4.35988896,1.722544547,1,-158.6275074,4.68783441,-171.6945515,0,167.5488421,-172.8688398,21.55843516
0.095958865,0.1044187146,4.285664317,1.635361462,1,-199.8503339,4.587082488,-217.0454471,0,133.9128407,-209.0971892,20.88629373
0.095958865,0.1082860744,4.104884949,1.691805774,1,-206.6397998,4.439852162,-186.8649806,0,116.9935765,-260.9037774,22.39873875
0.095958865,0.1121534342,3.938970117,1.921696128,1,-205.3594793,4.382739051,-130.0411857,62.45588672,79.95782655,-233.1563222,26.00625142
0.095958865,0.116020794,3.619911639,2.090589107,1,-248.1746001,4.180230028,-204.9300498,63.6194027,4.023299103,-34.90016451,30.00750364
0.095958865,0.1198881537,2.994749191,1.264129385,1,-237.9722421,3.250622374,-338.3025894,0,-85.32969047,89.09996176,22.88535105
0.0998262248,0.01546943919,0.8790972575,-0.03524055257,1,-120.35105,0.8798033216,-77.97133407,0,-144.528363,-81.04249588,-2.295598561
0.0998262248,0.01933679899,0.3669052609,-0.02930190873,1,-55.90128072,0.3680734605,-34.53925003,0,-84.42093973,-74.35730963,-4.56608338
0.0998262248,0.02320415879,0.3364207433,0.1187502104,1,42.64638215,0.3567639682,22.74648848,0,64.22194301,-65.85860865,19.44207589
0.0998262248,0.02707151859,0.7802035253,0.3133658818,1,118.1493667,0.8407828,22.76330661,0,136.5290047,-59.70439067,21.88268028
0.0998262248,0.03093887839,1.321353638,0.4376824675,1,155.0938582,1.391955955,-47.38374614,0,155.6180168,-63.09841733,18.32682992
0.0998262248,0.03480623819,1.98183814,0.3741401695,1,160.9444295,2.016844882,-81.57345876,0,188.1281818,-75.41503584,10.69073136
0.0998262248,0.03867359798,2.671343022,0.4138656303,1,135.8878757,2.703212589,-117.9566064,0,171.7144213,-157.9998037,8.806700212
0.0998262248,0.04254095778,3.171446897,0.5290016209,1,81.60421221,3.215263307,-166.3133314,0,116.5070744,-206.372397,9.469830217
0.0998262248,0.04640831758,3.437510647,0.5687884499,1,-21.57028913,3.484250242,-197.856005,0,36.49069009,-254.7131695,9.395331754
0.0998262248,0.05027567738,3.229149456,0.7488887332,1,-174.7445332,3.314851511,-121.4453552,50.72941365,-57.77833571,-182.4062526,13.05693864
0.0998262248,0.05414303718,2.538261052,0.8045461734,1,-204.799339,2.662717355,-23.50373609,75.04394322,-118.9509989,-55.20499669,17.58692122
0.0998262248,0.05801039698,1.977090414,0.871488914,1,-165.6423221,2.160643292,29.04201342,73.11335461,-27.13886268,-57.06664246,23.78758086
0.0998262248,0.06187775677,1.792706848,1.137559327,1,-51.61016485,2.123167225,31.77167601,0,113.0292411,-43.57156392,32.39710555
0.0998262248,0.06574511657,2.214620081,1.162868331,1,31.36766457,2.501360601,33.02878714,0,143.7964975,-7.800553233,27.70338272
0.0998262248,0.06961247637,2.470129687,1.295461077,1,-32.50690337,2.789222127,60.65704048,0,165.7113574,-42.23554791,27.67479193
0.0998262248,0.07347983617,2.729769631,1.560790991,1,-45.134303,3.144473049,2.145039357,0,150.4889244,-75.88543087,29.75947763
0.0998262248,0.07734719597,2.877573914,1.597232981,1,-58.44416706,3.291137315,-44.81467686,0,115.3929001,-103.0519601,29.03300638
0.0998262248,0.08121455577,2.950010872,1.786015519,1,-73.33108739,3.44853818,-1.6786921,0,107.7734415,-111.6997593,31.19183452
0.0998262248,0.08508191556,3.01077489,2.022724033,1,-86.55392541,3.6271446,-59.45648839,0,165.4964761,-120.4085329,33.89432637
0.0998262248,0.08894927536,3.255310119,2.021739005,1,-53.47029868,3.832032434,-165.8275936,0,173.6429666,-162.0040232,31.84271243
0.0998262248,0.09281663516,3.475525835,2.007936911,1,-98.28978916,4.013862288,-172.2974723,0,148.8957631,-205.0077128,30.01657918
0.0998262248,0.09668399496,3.451021628,2.148241274,1,-138.7272759,4.0650327,-172.8378369,0,152.1425226,-239.519376,31.90202821
0.0998262248,0.1005513548,3.527407421,2.265818414,1,-162.6506866,4.192437978,-200.6955227,0,134.2470132,-214.0408553,32.71452622
0.0998262248,0.1044187146,3.341174403,2.199852477,1,-211.5820728,4.000349649,-225.7297521,0,67.08056778,-228.4275155,33.36118524
0.0998262248,0.1082860744,2.968568109,2.276251636,1,-219.5009211,3.740817842,-236.7680056,0,51.74525945,-299.6426746,37.48042681
0.0998262248,0.1121534342,2.692402901,2.443011444,1,-210.8844524,3.635565747,-274.8489786,0,58.4009872,-342.8658121,42.21972564
0.0998262248,0.116020794,2.378859686,2.539297204,1,-97.94138226,3.479511991,-488.2509819,0,78.72313143,-269.3499983,46.86841009
0.0998262248,0.1198881537,2.618079011,1.596442581,1,-43.91942744,3.066425708,-571.5295353,0,167.6313844,-83.93351514,31.37384969
0.1036935846,0.01546943919,1.572982651,-0.1558596981,1,-289.7277301,1.580685505,94.54624527,0,-330.6845034,25.75618528,-5.658707563
0.1036935846,0.01933679899,0.3733039857,-0.0228417418,1,-181.5426271,0.3740021536,13.51189718,17.17351397,-177.0551554,-69.80600179,-3.501451416
0.1036935846,0.02320415879,0.1861560029,0.1663605949,1,4.452792117,0.2496595781,23.29097595,0,23.90587086,-73.06313826,41.78595725
0.1036935846,0.02707151859,0.4829771388,0.3497942859,1,93.59946144,0.5963413109,-37.62241335,0,103.356346,-102.1654801,35.91378674
0.1036935846,0.03093887839,0.9478549745,0.4159718565,1,133.3737293,1.035114312,-89.42863901,0,140.931642,-113.0546104,23.69455719
0.1036935846,0.03480623819,1.543814704,0.4411644176,1,138.6655667,1.605611997,-131.9093247,0,169.8398637,-147.5240163,15.9479522
0.1036935846,0.03867359798,2.140956474,0.4763594871,1,98.41184158,2.193310964,-155.4298243,0,141.4579372,-188.2136848,12.54388848
0.1036935846,0.04254095778,2.471477443,0.5679514015,1,30.37195148,2.535896202,-180.9898354,0,66.02828012,-236.6051145,12.9420102
0.1036935846,0.04640831758,2.513770854,0.6914437817,1,-37.74211597,2.607132219,-190.5081065,0,22.26469756,-293.657616,15.37957376
0.1036935846,0.05027567738,2.411620698,0.9668676678,1,-67.8677604,2.598220059,-172.4550952,0,-3.321319523,-241.0140425,21.84685083
0.1036935846,0.05414303718,2.238457068,0.9565858981,1,-95.30867793,2.43428565,-89.00846744,6.860175059,-30.55469962,-126.8318369,23.13903568
0.1036935846,0.05801039698,1.924861731,1.113144246,1,-85.60507996,2.223551843,65.27396268,25.18152094,0.4932096611,-43.54643488,30.04072144
0.1036935846,0.06187775677,1.909298843,1.377433529,1,-8.462122049,2.354303548,94.35931232,0,61.11938888,18.27249185,35.80796991
0.1036935846,0.06574511657,2.128506328,1.407399357,1,6.493592624,2.551727285,41.1411275,0,136.92507,-72.29735354,33.4732577
0.1036935846,0.06961247637,2.463950413,1.81614095,1,-47.816984,3.060950765,-23.81642307,0,159.2699107,-165.9513285,36.39337139
0.1036935846,0.07347983617,2.559534896,1.957086176,1,-64.79337819,3.222018806,-71.11579623,0,81.95409872,-88.81307125,37.40245782
0.1036935846,0.07734719597,2.530317093,1.88458268,1,-44.76165582,3.155020835,-78.48243797,0,93.77366209,-104.0558872,36.67877741
0.1036935846,0.08121455577,2.749081959,2.055987906,1,-40.55306492,3.432861472,12.1544993,0,92.02735713,-132.4425789,36.79213961
0.1036935846,0.08508191556,2.729386702,2.443791607,1,-64.3250302,3.663559633,4.63669097,15.56062127,54.26758889,-105.6215317,41.84008577
0.1036935846,0.08894927536,2.710186215,2.482396123,1,-102.3278662,3.675241466,-118.8055508,0,88.19683798,-147.2367883,42.48813838
0.1036935846,0.09281663516,2.674736931,2.553745432,1,-137.1417604,3.698085097,-156.2820131,0,123.2414205,-226.9560964,43.67436385
0.1036935846,0.09668399496,2.656428599,2.755718232,1,-112.9377785,3.827609681,-136.7764762,0,133.9384708,-218.7469572,46.0510134
0.1036935846,0.1005513548,2.755954165,2.870754775,1,-130.1994517,3.979512073,-222.7390404,0,97.32073164,-211.7061708,46.16883209
0.1036935846,0.1044187146,2.529274758,2.713050155,1,-205.6745995,3.709160545,-217.3620377,0,18.06280412,-183.7622606,47.00774363
0.1036935846,0.1082860744,2.030391849,2.740812348,1,-232.5579294,3.410944647,-151.2645263,79.76457729,-20.64581706,-215.9261221,53.46897849
0.1036935846,0.1121534342,1.550044769,2.963119811,1,-258.5653391,3.344057087,-201.9645447,61.53741399,-88.0266135,-210.4980144,62.3853754
0.1036935846,0.116020794,0.6899960652,2.773814345,1,-192.5382677,2.858345779,-339.1499422,0,-89.36129304,-111.3854292,76.03099354
0.1036935846,0.1198881537,0.4598377403,2.08227249,1,-161.0016736,2.132442138,-449.603515,0,41.97560053,-91.97356003,77.5469799
0.1075609444,0.01546943919,1.344350041,-0.1936351312,1,-331.6154228,1.358223692,-65.18817719,0,-286.4570605,-159.147829,-8.196297794
0.1075609444,0.01933679899,0.1491957038,-0.01194724112,1,-168.198713,0.1496732929,40.34261787,36.49618799,-142.1981003,-59.88529379,-4.578341868
0.1075609444,0.02320415879,0.1439338837,0.193982265,1,20.57458915,0.2415493366,23.91258256,0,2.79994718,-69.96192743,53.42476726
0.1075609444,0.02707151859,0.2395934459,0.3510992649,1,63.33269865,0.4250596583,-10.33769512,22.32803845,38.63458564,-80.91022636,55.69000423
0.1075609444,0.03093887839,0.5382780597,0.4669116352,1,70.2355117,0.7125656073,-64.58333425,0,100.8309158,-101.7154178,40.93893056
0.1075609444,0.03480623819,0.9011688704,0.4947023921,1,88.81415444,1.028025189,-119.8746052,0,119.0981971,-149.2043652,28.7648652
0.1075609444,0.03867359798,1.34234993,0.5803403699,1,62.64164378,1.462428897,-163.0738539,0,106.7990443,-207.5990829,23.38035652
0.1075609444,0.04254095778,1.556456976,0.6668974729,1,2.099564686,1.693313484,-173.3750051,0,55.48950858,-230.3947885,23.19375385
0.1075609444,0.04640831758,1.565067597,0.8008563882,1,-21.5629268,1.758069264,-144.2438313,0,40.60914002,-229.9911081,27.0991539
0.1075609444,0.05027567738,1.630115535,0.9985130438,1,8.216503406,1.911623644,-114.2153337,0,27.58604571,-179.9233958,31.48918894
0.1075609444,0.05414303718,1.703528936,1.054973106,1,22.92706241,2.003741273,-57.32009163,0,88.51926519,-110.573201,31.76938937
0.1075609444,0.05801039698,2.061118582,1.204461978,1,33.22356044,2.387244953,59.27398032,0,102.4673634,-31.66220817,30.30086048
0.1075609444,0.06187775677,2.228294559,1.406656066,1,-21.45323175,2.635142867,108.1338303,0,29.98855415,-11.54259742,32.26299897
0.1075609444,0.06574511657,2.094127745,1.667293783,1,-113.9443688,2.676796513,95.89114063,27.32444383,-13.29102483,-82.44358347,38.525954
0.1075609444,0.06961247637,1.736229513,2.096340608,1,-37.08854425,2.721972974,3.370613731,0,41.52035684,-115.8379742,50.36779368
0.1075609444,0.07347983617,2.111267159,2.128316284,1,19.27586305,2.997862442,-83.58280292,0,93.30818479,-93.0616964,45.23040888
0.1075609444,0.07734719597,2.171632534,2.1329989,1,-14.78136743,3.043956663,-48.59429284,0,111.3708883,-92.66452119,44.48578995
0.1075609444,0.08121455577,2.484813588,2.298751713,1,-0.9748366088,3.385049188,-20.15916962,0,116.9706751,-110.237538,42.77254239
0.1075609444,0.08508191556,2.620230177,2.48136436,1,-48.59928747,3.608708255,-2.838826794,20.44606105,-18.21242136,-121.7351533,43.44078926
0.1075609444,0.08894927536,2.226428672,2.758566587,1,-118.2146927,3.544950528,-8.612693597,49.75832359,-43.86590807,-146.579685,51.09313167
0.1075609444,0.09281663516,1.993406177,3.014932357,1,-67.28347993,3.614344381,-60.38223258,3.911758914,28.40835958,-149.4440182,56.52820965
0.1075609444,0.09668399496,2.076084594,3.103000556,1,-80.90895354,3.733462159,-133.5122262,0,43.11709847,-167.3307678,56.21521687
0.1075609444,0.1005513548,1.847251476,3.145720825,1,-105.6184455,3.647999112,-184.3667481,0,31.61390734,-174.5732351,59.57740367
0.1075609444,0.1044187146,1.789882418,3.065125518,1,-111.9817518,3.549461017,-161.6491402,0,34.73480959,-148.7388326,59.71717485
0.1075609444,0.1082860744,1.548509757,3.09579202,1,-173.6614557,3.46147522,-120.7855848,56.6792977,-5.432466754,-130.4615757,63.42586233
0.1075609444,0.1121534342,1.097261782,3.102546056,1,-167.1258997,3.290862417,-129.8707777,36.21660131,-68.70228834,-89.1524735,70.52309811
0.1075609444,0.116020794,0.6364773035,2.938319687,1,-144.387361,3.006464027,-149.5405252,0,-3.945405825,36.9219099,77.77783184
0.1075609444,0.1198881537,0.5236056032,2.38142873,1,-105.6406747,2.438312044,-229.5203488,0,47.26922435,58.47507235,77.59966633
0.1114283042,0.01546943919,NaN,NaN,0,-152.720266,0.7056446532,-97.27380668,0,-58.10530692,-127.7483678,1.525367511
0.1114283042,0.01933679899,NaN,NaN,0,-118.3839682,0.3077004742,33.34119625,43.29757705,-61.92715296,12.95630145,14.62888828
0.1114283042,0.02320415879,0.008066617776,0.09761965915,1,-29.9125874,0.09795237707,31.03959786,0,-13.43399518,-14.61579056,85.27620275
0.1114283042,0.02707151859,0.1300885956,0.2542777965,1,37.16971759,0.285622549,52.95241926,0,39.53668264,-59.96069352,62.90570138
0.1114283042,0.03093887839,0.3047178663,0.5342952922,1,45.55688784,0.615080838,1.232245531,0,50.91743458,-77.37588151,60.3031385
0.1114283042,0.03480623819,0.5031895117,0.5582837069,1,47.75962654,0.751585246,-78.21724062,0,56.37161908,-107.3939287,47.97118638
0.1114283042,0.03867359798,0.7074308594,0.6471320426,1,51.30208876,0.9587691596,-113.5956928,0,53.87686673,-169.4854545,42.4511421
0.1114283042,0.04254095778,0.9099543758,0.7744295241,1,39.43114754,1.194888302,-106.7791055,0,53.40708147,-180.409051,40.39991413
0.1114283042,0.04640831758,1.066469694,0.9318855335,1,23.9828322,1.41625148,-78.37468844,0,70.17081358,-147.5037964,41.1470926
0.1114283042,0.05027567738,1.2740804,1.041776657,1,65.68068241,1.645776251,-47.15465855,0,69.47188448,-119.1337418,39.27181858
0.1114283042,0.05414303718,1.589153298,1.210254546,1,63.73349259,1.997529542,2.69272728,0,132.1536314,-85.00490286,37.29188067
0.1114283042,0.05801039698,2.031646389,1.380934946,1,33.54369546,2.456535848,7.60625652,0,145.8289597,-87.06372415,34.20442694
0.1114283042,0.06187775677,2.282851893,1.576377424,1,-34.86263026,2.774234768,24.1891423,0,73.3556821,-83.30721915,34.62623775
0.1114283042,0.06574511657,2.18051287,1.796662053,1,-50.36012354,2.825355006,55.23162207,0,-15.27980715,-85.37397417,39.48726191
0.1114283042,0.06961247637,2.028998664,2.120149854,1,-31.34658196,2.934598947,78.56854547,0,-47.29254785,-36.94533773,46.25850847
0.1114283042,0.07347983617,1.876387061,2.243395801,1,-25.84904012,2.924662907,-14.39091292,7.316141006,14.21830709,-79.63154256,50.09072672
0.1114283042,0.07734719597,1.984018435,2.372458842,1,8.312822343,3.092715653,-32.64539684,0,86.94697563,-102.1320361,50.09523967
0.1114283042,0.08121455577,2.244790974,2.512125636,1,0.1572703297,3.368955584,-71.6619531,0,68.00185577,-120.4936417,48.21659049
0.1114283042,0.08508191556,2.247614299,2.561308552,1,-39.39443628,3.407648975,-80.41298414,0,4.541323944,-147.0744797,48.73221383
0.1114283042,0.08894927536,2.110001448,2.769929624,1,-53.86977765,3.482041963,-29.8921701,0,-45.51352118,-123.628381,52.7015636
0.1114283042,0.09281663516,1.863263324,2.923820205,1,-71.61275951,3.46705564,-7.331724182,0,-87.9381958,-127.6830748,57.49185448
0.1114283042,0.09668399496,1.492960498,3.235371599,1,-74.76550597,3.563223321,-45.19894666,12.03804285,-53.34753423,-168.709941,65.22906318
0.1114283042,0.1005513548,1.367804103,3.40148166,1,-55.70705636,3.666192241,-90.0097875,0,13.2833575,-101.6674272,68.09394982
0.1114283042,0.1044187146,1.328892791,3.280455886,1,-92.25945785,3.539399225,-106.9742538,0,12.34048518,-104.3711127,67.9474289
0.1114283042,0.1082860744,1.058728681,3.391414377,1,-119.2947836,3.552829562,-112.7714767,0,-42.5442412,-129.1401225,72.66272743
0.1114283042,0.1121534342,0.7030030521,3.343759329,1,-141.7654238,3.416861095,-99.22639183,34.83376468,-66.19798363,-79.97282773,78.12686934
0.1114283042,0.116020794,0.2544593597,3.316953917,1,-159.5338667,3.326699994,-138.2316147,12.93671247,-74.38771937,35.04661059,85.61315969
0.1114283042,0.1198881537,-0.2016558857,2.673630087,1,-160.713017,2.681224149,-253.6222119,0,-75.16637833,79.0718552,94.3133103
0.115295664,0.01546943919,NaN,NaN,0,-72.99456769,0.5044376764,-32.12472718,0,-2.438571258,-49.76809136,19.96943557
0.115295664,0.01933679899,NaN,NaN,0,-65.52456624,0.3877397605,15.69614166,28.8831976,-3.426265279,-6.395403138,32.16058757
0.115295664,0.02320415879,NaN,NaN,0,-49.7386399,0.3308333233,55.17928132,0,19.80740427,15.39462154,51.16682905
0.115295664,0.02707151859,NaN,NaN,0,-19.49014584,0.4182514987,47.63721872,0,28.88998685,-11.81726703,59.46640846
0.115295664,0.03093887839,NaN,NaN,0,-2.95622917,0.5451930944,17.80264034,0,-4.580238388,-25.57447071,63.43665733
0.115295664,0.03480623819,0.1833436961,0.5280080658,1,-4.7733417,0.5589341898,-16.21276788,0,5.748181963,-42.75675908,70.85113024
0.115295664,0.03867359798,0.2475732811,0.5902979626,1,29.90773301,0.6401126574,-25.43475904,0,37.95596787,-75.32392946,67.246632
0.115295664,0.04254095778,0.4457970447,0.7209474379,1,57.32784659,0.8476439189,-16.8312578,0,57.46388916,-117.4642447,58.26947193
0.115295664,0.04640831758,0.6915142251,0.9794819305,1,80.47340693,1.198989898,-49.23330781,10.31894009,59.47256244,-124.7958527,54.777909
0.115295664,0.05027567738,0.9870184606,1.013174986,1,96.21320771,1.414471277,-49.21041442,0,83.15565064,-137.150634,45.74921409
0.115295664,0.05414303718,1.385198137,1.3195784,1,75.26952442,1.913128598,-17.10467522,0,123.0077359,-178.8518467,43.61023765
0.115295664,0.05801039698,1.753827966,1.638709495,1,19.43950836,2.400266932,-47.38174996,0,139.4455142,-178.116112,43.0565365
0.115295664,0.06187775677,1.999663686,1.825175216,1,-3.21682302,2.707382394,-117.8117016,0,61.06726094,-160.2831814,42.38798775
0.115295664,0.06574511657,1.977556424,1.802961989,1,-8.086694986,2.676079472,-78.96758654,0,-18.407414,-133.1380324,42.35580672
0.115295664,0.06961247637,1.897201434,2.034671821,1,-12.4309784,2.781953037,-0.3867098842,0,-47.01731238,-124.5823286,47.00242108
0.115295664,0.07347983617,1.747648494,2.283271132,1,-26.54946598,2.875343861,0.1526715564,0,-37.26712683,-103.9063411,52.56903819
0.115295664,0.07734719597,1.650399708,2.437105463,1,-1.494705114,2.943348813,-48.62097138,0,-0.04891336257,-120.468438,55.89427347
0.115295664,0.08121455577,1.741678766,2.561131136,1,10.72516561,3.097230637,-102.3063096,0,12.56064204,-157.6862849,55.78262137
0.115295664,0.08508191556,1.740454305,2.651279753,1,-23.76071746,3.171508398,-105.5594801,0,-4.415947686,-164.9674777,56.71677519
0.115295664,0.08894927536,1.632709464,2.790883237,1,-31.31262474,3.233383589,-95.29719514,0,-38.29531123,-173.0029901,59.6717117
0.115295664,0.09281663516,1.471255371,2.951796021,1,-59.21647876,3.298134642,-53.76478018,0,-40.04697814,-155.8882811,63.50708685
0.115295664,0.09668399496,1.248821961,3.185831559,1,-33.98756207,3.421853155,-15.39927571,0,-60.46670871,-134.5336674,68.59519486
0.115295664,0.1005513548,1.105966722,3.412531578,1,-6.9804,3.587273917,-49.25047397,0,-64.46061704,-122.6389323,72.04301877
0.115295664,0.1044187146,0.9725338441,3.469651132,1,-64.92224986,3.603373566,-109.7618634,0,-62.55907681,-104.6116843,74.34195911
0.115295664,0.1082860744,0.6129505639,3.392613982,1,-76.31552794,3.447540866,-136.1134629,0,-70.63224755,-116.756951,79.75873279
0.115295664,0.1121534342,0.4042339247,3.394792536,1,-28.71214595,3.418774843,-72.62095727,0,-68.38944705,-40.29825799,83.20949512
0.115295664,0.116020794,0.2374237668,3.267610474,1,-34.43704167,3.276224696,-122.88384,0,-109.2468623,53.59939663,85.84420602
0.115295664,0.1198881537,-0.1514434291,2.712268362,1,-115.149756,2.716493103,-137.9843568,0,-85.95239958,149.2100816,93.19587425
0.1191630238,0.01546943919,NaN,NaN,0,-41.69659402,0.4859381123,-8.198924751,0,13.25813524,-21.75809493,36.88264647
0.1191630238,0.01933679899,NaN,NaN,0,-39.83937388,0.4608606372,10.79965731,16.56092232,11.99497409,-8.575285223,43.60857639
0.1191630238,0.02320415879,NaN,NaN,0,-33.19098699,0.4618896638,29.77543159,0,16.36361758,-2.161788561,52.52803259
0.1191630238,0.02707151859,NaN,NaN,0,-20.26762004,0.5166938775,33.00207894,0,18.62828703,-8.74098045,58.67600214
0.1191630238,0.03093887839,NaN,NaN,0,-11.62314435,0.5951792767,29.07433632,0,13.30798812,-11.6751817,62.517559
0.1191630238,0.03480623819,NaN,NaN,0,-11.70168902,0.6591421417,37.70864316,0,22.84607652,-1.140288957,65.3287638
0.1191630238,0.03867359798,NaN,NaN,0,-5.566050017,0.7490027269,36.99674046,0,35.41902995,-8.507540071,64.89710814
0.1191630238,0.04254095778,NaN,NaN,0,-6.894495813,0.8678209339,17.06079689,0,26.46225282,-27.5200692,63.25144181
0.1191630238,0.04640831758,0.3934363149,0.8506677118,1,22.87589395,0.9372447332,-3.002057446,5.47854767,19.21220595,-58.93756574,65.17932005
0.1191630238,0.05027567738,0.5533551738,0.9912783858,1,41.94187396,1.135268597,13.0132503,0,71.28333149,-127.7048889,60.8287061
0.1191630238,0.05414303718,0.8313189227,1.394875386,1,72.39928291,1.623812949,14.76298386,0,84.35102757,-205.9982092,59.20587041
0.1191630238,0.05801039698,1.159565023,1.845041349,1,56.14403185,2.179166956,-89.55257915,0,41.09026229,-200.7684323,57.85160604
0.1191630238,0.06187775677,1.207358923,1.824987106,1,49.70578707,2.188216969,-174.348417,0,2.179507762,-151.5180536,56.51252614
0.1191630238,0.06574511657,1.360224126,1.756748119,1,48.12054823,2.221795136,-138.4359355,0,39.36536551,-180.1711138,52.24991027
0.1191630238,0.06961247637,1.545698429,1.986392056,1,22.81441967,2.516930081,-80.76784493,0,6.898399907,-195.8847863,52.111956
0.1191630238,0.07347983617,1.47513429,2.20194675,1,-19.43510887,2.650394436,-46.68531158,0,-36.31599496,-147.9580669,56.18096847
0.1191630238,0.07734719597,1.330088851,2.378050239,1,-18.8507775,2.7247494,-54.28992278,0,-42.1283494,-136.3296993,60.78088261
0.1191630238,0.08121455577,1.239306066,2.519224084,1,-11.45242132,2.807555789,-87.67079543,0,-21.82600108,-154.4014621,63.80560063
0.1191630238,0.08508191556,1.201389218,2.636121737,1,-25.23495,2.896976676,-90.95527386,0,-17.92575314,-148.7986065,65.49929218
0.1191630238,0.08894927536,1.072388098,2.742925063,1,-12.73069254,2.945106812,-81.58471847,0,-25.77870972,-175.1456602,68.6462338
0.1191630238,0.09281663516,1.052459504,2.997955561,1,-18.41286233,3.177327266,-59.49697327,0,-22.77085092,-160.3518638,70.65591331
0.1191630238,0.09668399496,0.9131158612,3.132967212,1,-24.40820603,3.263321027,-68.88183525,0,-65.94117915,-115.7431119,73.75102494
0.1191630238,0.1005513548,0.7030459237,3.179184979,1,10.7005582,3.255993044,-85.52012066,0,-117.5648616,-126.0200801,77.53027816
0.1191630238,0.1044187146,0.4998331505,3.289595127,1,-17.65313323,3.327351691,-67.01477692,0,-143.2468472,-127.5751333,81.36035213
0.1191630238,0.1082860744,0.08078780804,3.413393667,1,4.37691832,3.414349571,-79.43328873,0,-64.76161076,-53.76146038,88.64418322
0.1191630238,0.1121534342,0.2663038186,3.19031293,1,43.09565028,3.201408177,-110.8729462,0,-67.47308716,-11.12628116,85.22843219
0.1191630238,0.116020794,-0.01348851135,3.027637424,1,25.881076,3.027667471,-121.7810897,0,-135.6577219,-17.37752189,90.25525833
0.1191630238,0.1198881537,NaN,NaN,0,-25.46609114,2.791036262,-82.81254916,0,-49.39296769,41.86716399,93.25021266
0.1230303836,0.01546943919,NaN,NaN,0,-26.77209939,0.5257569654,0.5999945192,0,15.70174397,-10.80260709,47.04641821
0.1230303836,0.01933679899,NaN,NaN,0,-26.05496296,0.5282006726,9.315773303,8.825066282,14.67479415,-7.375646812,50.37754854
0.1230303836,0.02320415879,NaN,NaN,0,-22.91831414,0.5483334294,20.12070877,0,15.02380492,-6.725510109,55.03425353
0.1230303836,0.02707151859,NaN,NaN,0,-16.76620298,0.5955009156,25.52132915,0,15.95155557,-9.309684509,59.04369003
0.1230303836,0.03093887839,NaN,NaN,0,-11.56703918,0.661743802,27.78398283,0,16.33782732,-11.24498669,61.95859866
0.1230303836,0.03480623819,NaN,NaN,0,-8.920381101,0.7370278561,31.63640487,0,20.98526714,-10.96153382,63.85504127
0.1230303836,0.03867359798,NaN,NaN,0,-6.017779834,0.8298737409,32.80052815,0,26.8538542,-15.89762537,64.46316942
0.1230303836,0.04254095778,NaN,NaN,0,-5.37231572,0.9416588519,31.93481468,0,29.73522789,-24.04940425,64.50318923
0.1230303836,0.04640831758,NaN,NaN,0,-5.843883564,1.065883484,45.10830687,0,41.55748668,-26.43894692,64.91043156
0.1230303836,0.05027567738,NaN,NaN,0,0.09379258469,1.250876365,47.84155348,0,49.97946363,-55.71409874,64.24861044
0.1230303836,0.05414303718,NaN,NaN,0,15.6796924,1.510707978,25.7512139,0,6.968194991,-91.60073052,64.69958969
0.1230303836,0.05801039698,0.6310521576,1.580491152,1,53.18337615,1.701816414,-36.93230805,11.39015923,-28.92959886,-108.1886461,68.23436077
0.1230303836,0.06187775677,0.7394207977,1.641373994,1,37.37747954,1.800236569,-50.61524294,0,-7.813079485,-99.38530962,65.74896327
0.1230303836,0.06574511657,0.7453883298,1.769102547,1,9.082487064,1.919720705,-54.54647037,0,13.6372433,-140.3271758,67.15250849
0.1230303836,0.06961247637,0.8272861696,1.973118846,1,46.05460667,2.139532749,-75.91000786,0,18.46077337,-191.9799232,67.25274696
0.1230303836,0.07347983617,0.9948925169,2.217986671,1,10.94816372,2.430900244,-68.67915232,0,11.26825264,-165.3766128,65.84106674
0.1230303836,0.07734719597,0.913205045,2.347082717,1,-23.90515662,2.518479846,-69.56478465,0,-25.06734082,-147.9195576,68.73993915
0.1230303836,0.08121455577,0.8054982491,2.52101277,1,-13.92476586,2.64657001,-72.50332076,0,-11.92368475,-158.4700648,72.28060404
0.1230303836,0.08508191556,0.8132397863,2.679547047,1,-22.7708595,2.800237727,-81.89281628,0,-20.06392686,-138.6263764,73.11700987
0.1230303836,0.08894927536,0.6398407184,2.74042186,1,-21.84360087,2.814126528,-83.79929005,0,-27.85929184,-149.8378995,76.85786923
0.1230303836,0.09281663516,0.6210208172,2.934942111,1,9.327885669,2.99992534,-66.0132782,0,-36.48591104,-139.6518231,78.05268965
0.1230303836,0.09668399496,0.5348108628,3.025208608,1,-14.58475455,3.072118126,-94.92752998,0,-71.56087991,-90.15449055,79.97456251
0.1230303836,0.1005513548,0.2878646537,2.91648305,1,8.218709835,2.930655121,-102.6479543,0,-89.62468994,-91.97567177,84.36301206
0.1230303836,0.1044187146,0.2199846481,2.983935052,1,32.64148484,2.992033028,-45.44659555,0,-81.77735988,-99.42330713,85.78361093
0.1230303836,0.1082860744,0.09783854587,3.125230414,1,8.785069345,3.126761507,-23.56288826,0,-83.142162,-19.23135283,88.20688245
0.1230303836,0.1121534342,-0.06758098281,2.967183446,1,-10.8761845,2.967952963,-136.4695319,0,-92.18927098,-11.74656374,91.30475106
0.1230303836,0.116020794,-0.3007526533,2.642881821,1,41.02426419,2.659939187,-122.9888555,0,-103.6543259,-33.14747969,96.49217348
0.1230303836,0.1198881537,NaN,NaN,0,43.78816412,2.637988109,-46.34168081,0,-48.46386684,-34.37108514,96.74413221
0.1268977434,0.01546943919,NaN,NaN,0,-17.94501219,0.5742955097,3.740026562,0,13.79203153,-6.330971105,52.54783696
0.1268977434,0.01933679899,NaN,NaN,0,-17.45765329,0.585155517,8.593383012,3.414363423,13.21106475,-6.249835224,54.33188081
0.1268977434,0.02320415879,NaN,NaN,0,-15.66110364,0.6117611863,15.87030104,0,13.10525238,-8.054920554,57.04283607
0.1268977434,0.02707151859,NaN,NaN,0,-12.31183855,0.6574901264,21.17854605,0,13.81630302,-10.52726079,59.74121466
0.1268977434,0.03093887839,NaN,NaN,0,-8.958428283,0.720469661,24.90386098,0,15.10649846,-13.03354672,61.96544128
0.1268977434,0.03480623819,NaN,NaN,0,-6.395016373,0.7979883068,28.25246536,0,17.90331051,-15.56323429,63.57782359
0.1268977434,0.03867359798,NaN,NaN,0,-4.2123725,0.891870002,30.63415257,0,21.27589182,-20.07202333,64.55903073
0.1268977434,0.04254095778,NaN,NaN,0,-2.733103667,1.003362773,32.7696268,0,24.06731784,-26.3409755,65.18625683
0.1268977434,0.04640831758,NaN,NaN,0,-1.106139925,1.133995151,37.2465669,0,27.43628413,-33.46706882,65.75641362
0.1268977434,0.05027567738,NaN,NaN,0,2.930872929,1.294516777,37.44337517,0,25.77545596,-47.16189634,66.17517918
0.1268977434,0.05414303718,NaN,NaN,0,9.562939341,1.478294784,30.6944012,0,9.938962259,-58.0681458,67.04044186
0.1268977434,0.05801039698,NaN,NaN,0,14.61721954,1.64048678,27.97025746,0,-1.533961339,-46.7665341,68.60920757
0.1268977434,0.06187775677,NaN,NaN,0,-1.038997697,1.765408931,9.327298512,0,3.171600529,-54.51006933,69.18806324
0.1268977434,0.06574511657,NaN,NaN,0,-18.99646317,1.875180116,3.628722616,6.706746387,-11.40700163,-55.70318141,71.12667054
0.1268977434,0.06961247637,0.5096716786,1.879676775,1,-1.833569777,1.947549742,12.64061526,0,-7.635729668,-98.2416588,74.8291056
0.1268977434,0.07347983617,0.5699564335,2.203184649,1,5.064083612,2.27571372,-5.02519848,0,-10.40959854,-132.7296029,75.49575528
0.1268977434,0.07734719597,0.4889986491,2.373555655,1,-28.4560019,2.42340383,-29.06027864,0,-29.44074545,-112.7810473,78.35883011
0.1268977434,0.08121455577,0.3460488803,2.526962985,1,-21.61892024,2.550547344,-46.97606537,0,-14.69435269,-117.5758489,82.20226993
0.1268977434,0.08508191556,0.3485621572,2.646590419,1,-8.684195796,2.669444965,-56.69600563,0,-37.14031132,-106.5225661,82.49719278
0.1268977434,0.08894927536,0.1688290237,2.719660222,1,6.48084363,2.724895403,-45.23044068,0,-30.1361545,-90.27065309,86.44779388
0.1268977434,0.09281663516,0.2570785589,2.820777126,1,32.38348068,2.832467648,-43.53042363,0,-25.01202486,-93.42487977,84.79259208
0.1268977434,0.09668399496,0.1973370956,2.912620035,1,-7.106407938,2.919297415,-74.52089894,0,-72.20150192,-69.35257256,86.12399505
0.1268977434,0.1005513548,-0.04963366336,2.800789348,1,-6.64511429,2.8012291,-65.34897228,0,-60.00707121,-48.40621233,91.01525015
0.1268977434,0.1044187146,-0.06043088707,2.847096287,1,20.91100812,2.847737551,-11.13166304,0,-29.98160356,-77.60818786,91.21594587
0.1268977434,0.1082860744,-0.08471291955,3.057877988,1,-6.263558914,3.059051171,-48.74031088,0,-57.46732646,-56.17424078,91.58686896
0.1268977434,0.1121534342,-0.3069011511,2.875845968,1,-70.1344543,2.892175366,-159.9423813,0,-67.58507664,-7.444357453,96.09136967
0.1268977434,0.116020794,-0.617323897,2.468113261,1,64.77575302,2.544144623,-78.93066112,0,-107.0490693,36.41185119,104.0427014
0.1268977434,0.1198881537,NaN,NaN,0,92.0693529,2.474887999,-32.44158621,0,-16.08127334,-12.61499132,100.956523
0.1307651032,0.01546943919,NaN,NaN,0,-11.63497026,0.6155215715,4.676090705,0,10.43359951,-4.589859544,55.5453501
0.1307651032,0.01933679899,NaN,NaN,0,-11.20777955,0.6290969609,7.965180564,0,10.23393576,-5.755551843,56.64310139
0.1307651032,0.02320415879,NaN,NaN,0,-9.956608564,0.6579796171,13.58856632,0,10.36983682,-8.717076096,58.4311372
0.1307651032,0.02707151859,NaN,NaN,0,-7.861619305,0.7035404896,18.41869303,0,11.10190568,-11.71089136,60.39994619
0.1307651032,0.03093887839,NaN,NaN,0,-5.559819031,0.7654741792,22.4004497,0,12.36855299,-14.79870514,62.20068881
0.1307651032,0.03480623819,NaN,NaN,0,-3.488883606,0.843011597,25.83544301,0,14.24558463,-18.18583327,63.67525577
0.1307651032,0.03867359798,NaN,NaN,0,-1.703590125,0.9364423259,28.71398998,0,16.27908473,-22.48625816,64.80804157
0.1307651032,0.04254095778,NaN,NaN,0,-0.2415865237,1.046148609,31.26297307,0,17.82186753,-27.77540559,65.7177855
0.1307651032,0.04640831758,NaN,NaN,0,1.221554603,1.172530762,33.66495878,0,18.34487603,-33.92645653,66.55100757
0.1307651032,0.05027567738,NaN,NaN,0,3.172899715,1.316104985,33.99097909,0,15.74711381,-41.398272,67.39497218
0.1307651032,0.05414303718,NaN,NaN,0,5.0239725,1.469940032,31.61275826,0,8.546159429,-46.74342225,68.45710451
0.1307651032,0.05801039698,NaN,NaN,0,4.225536676,1.617460142,28.79779018,0,2.219214393,-46.29312317,69.80550617
0.1307651032,0.06187775677,NaN,NaN,0,-3.629574856,1.751198537,23.56809159,0,-0.0842072572,-48.94261751,71.18854052
0.1307651032,0.06574511657,NaN,NaN,0,-13.60073008,1.878927688,25.20303573,0,-4.09781228,-50.56491154,73.17044364
0.1307651032,0.06961247637,NaN,NaN,0,-21.80041522,2.012809481,41.26187532,0,0.6354526319,-51.74489637,75.72719501
0.1307651032,0.07347983617,NaN,NaN,0,-8.253249208,2.207071651,31.07707901,0,-25.77061688,-70.43779784,77.91322292
0.1307651032,0.07734719597,NaN,NaN,0,-27.54819115,2.371477804,30.90006995,0,-48.22141909,-69.85295265,81.15474152
0.1307651032,0.08121455577,0.1691167913,2.547792564,1,-10.94829108,2.553399193,15.39367887,0,-36.27740531,-43.10169325,86.20240475
0.1307651032,0.08508191556,0.1820148435,2.56949701,1,13.1342756,2.575935614,-13.7290414,0,-26.9182415,-26.92103589,85.9481208
0.1307651032,0.08894927536,0.1158092357,2.598810753,1,14.7179435,2.601389842,15.50811764,0,-38.15756785,-21.59110182,87.44845081
0.1307651032,0.09281663516,0.09136538262,2.71297304,1,25.57933162,2.71451107,5.44449271,0,-61.10973473,-39.71595639,88.07116656
0.1307651032,0.09668399496,-0.02159961688,2.773462459,1,14.65617398,2.773546566,-23.21511097,0,-77.60168964,-22.47562017,90.44620826
0.1307651032,0.1005513548,-0.1520675741,2.710113163,1,11.89318136,2.714376154,1.805746969,0,-38.16554087,-1.724452844,93.21156458
0.1307651032,0.1044187146,-0.1232042838,2.787115012,1,13.68686625,2.789836802,3.811348154,0,-53.98210834,-52.3235528,92.53110935
0.1307651032,0.1082860744,-0.3079037735,2.927207022,1,-18.14536003,2.943356194,-20.26467122,0,-134.8586205,-69.37512512,96.00468341
0.1307651032,0.1121534342,-0.7149257269,2.977042807,1,18.52621259,3.06168298,-201.8677892,0,-59.19592635,43.47623366,103.5036573
0.1307651032,0.116020794,-0.4651881895,1.978373411,1,61.74725812,2.03232906,-96.21869426,0,-2.047158636,104.3226854,103.2319732
0.1307651032,0.1198881537,NaN,NaN,0,25.31189378,2.25406303,51.71981986,0,-35.0631317,-63.65797657,102.4004424
0.134632463,0.01546943919,NaN,NaN,0,-6.466567895,0.6443243433,4.728649035,0,6.560382362,-4.088639731,57.14432296
0.134632463,0.01933679899,NaN,NaN,0,-6.08222878,0.6588081012,7.319169785,0,6.620899289,-5.781924069,57.93555216
0.134632463,0.02320415879,NaN,NaN,0,-5.095931763,0.6884977906,12.10009063,0,7.038253451,-9.346940629,59.28669347
0.134632463,0.02707151859,NaN,NaN,0,-3.618211074,0.7340533669,16.50721006,0,7.852929886,-12.80052342,60.8768736
0.134632463,0.03093887839,NaN,NaN,0,-1.930344929,0.795514799,20.44380177,0,9.020223179,-16.2645492,62.4435954
0.134632463,0.03480623819,NaN,NaN,0,-0.2971088962,0.8725829378,23.97486699,0,10.4313903,-19.89513548,63.84217258
0.134632463,0.03867359798,NaN,NaN,0,1.128482128,0.965052155,27.12339127,0,11.77299493,-23.91177044,65.04148723
0.134632463,0.04254095778,NaN,NaN,0,2.248793094,1.072567441,29.9033167,0,12.59619151,-28.34793217,66.09841825
0.134632463,0.04640831758,NaN,NaN,0,3.061045147,1.194292635,32.15931606,0,12.37423867,-33.06507971,67.10529773
0.134632463,0.05027567738,NaN,NaN,0,3.515198826,1.328221836,33.24282413,0,10.32196383,-37.76131287,68.15336199
0.134632463,0.05414303718,NaN,NaN,0,3.13451427,1.469204294,32.9678626,0,6.279347251,-41.21414802,69.34949068
0.134632463,0.05801039698,NaN,NaN,0,0.8905295227,1.609709343,32.0400534,0,1.948866738,-42.71991883,70.75138668
0.134632463,0.06187775677,NaN,NaN,0,-4.10410832,1.746033216,30.94424194,0,-1.62983167,-44.40236599,72.35962989
0.134632463,0.06574511657,NaN,NaN,0,-9.97646708,1.881143516,32.3534534,0,-5.535492864,-45.86895088,74.31721532
0.134632463,0.06961247637,NaN,NaN,0,-14.0437726,2.021629638,36.47759597,0,-9.424369868,-47.38439261,76.58188829
0.134632463,0.07347983617,NaN,NaN,0,-12.43652439,2.17591369,34.43225151,0,-21.37885218,-50.16305716,78.93157662
0.134632463,0.07734719597,NaN,NaN,0,-13.22195793,2.318427592,33.75031837,0,-33.02208496,-42.15870377,81.60822092
0.134632463,0.08121455577,NaN,NaN,0,2.30880996,2.440725394,36.93929085,0,-40.31927748,-14.28120347,84.38304135
0.134632463,0.08508191556,NaN,NaN,0,2.949301301,2.499029784,13.36241024,0,-27.14877821,-8.917753153,85.60849554
0.134632463,0.08894927536,NaN,NaN,0,6.119441535,2.519365274,3.559469737,0,-23.39613879,5.15580658,86.69364154
0.134632463,0.09281663516,0.1245384781,2.485519316,1,13.262543,2.488637398,6.894092601,0,-45.49883416,-3.618011259,87.13155851
0.134632463,0.09668399496,0.02063459883,2.555825682,1,14.56063835,2.555908978,23.44328555,0,-59.51579041,-8.018732189,89.53742943
0.134632463,0.1005513548,-0.04931926973,2.607194258,1,2.848725512,2.607660693,22.12441959,0,-72.32238452,14.4782905,91.0837125
0.134632463,0.1044187146,-0.2480450371,2.585396015,1,31.16211604,2.597267582,13.21925843,0,-129.953802,13.39727179,95.48023114
0.134632463,0.1082860744,-0.4313822642,2.606505817,1,-1.455963355,2.641962004,28.13433767,0,-172.1542729,30.75357213,99.39739026
0.134632463,0.1121534342,-0.9194582854,2.575266493,1,103.7937275,2.734483689,8.695471893,0,-143.7694709,108.274652,109.648304
0.134632463,0.116020794,NaN,NaN,0,31.75409379,2.297385874,-46.09394874,0,72.42598879,51.9014501,104.7774398
0.134632463,0.1198881537,NaN,NaN,0,22.54190862,2.256211353,-5.924848045,0,13.3618752,7.062964286,103.2351791
0.1384998228,0.01546943919,NaN,NaN,0,-4.012601901,0.6589953589,4.605703972,0,4.605703972,-4.012601901,57.84665644
0.1384998228,0.01933679899,NaN,NaN,0,-3.640013037,0.673761074,6.960178519,0,4.779309944,-5.867788845,58.51830341
0.1384998228,0.02320415879,NaN,NaN,0,-2.744691859,0.7037069859,11.43400508,0,5.327361036,-9.639650218,59.69290397
0.1384998228,0.02707151859,NaN,NaN,0,-1.503091064,0.7492541893,15.65952597,0,6.169480002,-13.28644131,61.12249695
0.1384998228,0.03093887839,NaN,NaN,0,-0.08337084397,0.8104924639,19.55710409,0,7.265149668,-16.89940898,62.58622348
0.1384998228,0.03480623819,NaN,NaN,0,1.310087003,0.8872067524,23.13605338,0,8.478982282,-20.57916758,63.95023573
0.1384998228,0.03867359798,NaN,NaN,0,2.506095068,0.9790000168,26.39320911,0,9.545052557,-24.42593824,65.17577475
0.1384998228,0.04254095778,NaN,NaN,0,3.363014986,1.085154581,29.28164315,0,10.09988155,-28.42541622,66.29717776
0.1384998228,0.04640831758,NaN,NaN,0,3.770989442,1.204307621,31.62693832,0,9.721567924,-32.42384358,67.38580734
0.1384998228,0.05027567738,NaN,NaN,0,3.594926472,1.33394836,33.09583229,0,7.984565281,-36.12505825,68.52255973
0.1384998228,0.05414303718,NaN,NaN,0,2.51233484,1.469938452,33.64775283,0,4.896420399,-38.9599999,69.78753372
0.1384998228,0.05801039698,NaN,NaN,0,-0.004105290779,1.607545557,33.69045925,0,1.237017735,-40.72989777,71.23762651
0.1384998228,0.06187775677,NaN,NaN,0,-4.127134653,1.744259226,33.6840657,0,-2.422279514,-42.2092804,72.90849517
0.1384998228,0.06574511657,NaN,NaN,0,-8.740907163,1.881037984,34.62134324,0,-6.406307793,-43.29173012,74.84606037
0.1384998228,0.06961247637,NaN,NaN,0,-12.23323202,2.020231359,35.91387248,0,-11.14703874,-43.7095972,77.0115711
0.1384998228,0.07347983617,NaN,NaN,0,-12.69150821,2.161147968,34.30035182,0,-18.83394664,-42.79499528,79.29850467
0.1384998228,0.07734719597,NaN,NaN,0,-11.73349368,2.290904502,31.92569084,0,-25.64722353,-35.14157211,81.66387854
0.1384998228,0.08121455577,NaN,NaN,0,-5.273348553,2.396725637,28.71471376,0,-29.09930535,-19.48270587,83.85052067
0.1384998228,0.08508191556,NaN,NaN,0,-3.883448866,2.461171803,15.18212379,0,-23.8433281,-11.12237782,85.35747841
0.1384998228,0.08894927536,NaN,NaN,0,-4.415459865,2.489157824,5.306664796,0,-20.19274023,-3.129257016,86.55638525
0.1384998228,0.09281663516,NaN,NaN,0,-14.46288206,2.487897797,-5.001829519,0,-14.35824399,-5.601430186,87.60339247
0.1384998228,0.09668399496,NaN,NaN,0,2.991699915,2.487273356,-4.070742846,0,-32.61058683,13.07848083,89.12340031
0.1384998228,0.1005513548,NaN,NaN,0,41.01873105,2.419422269,-31.72000943,0,-56.0991137,51.78928,90.24893519
0.1384998228,0.1044187146,-0.02026858489,2.164021788,1,99.9515407,2.164116705,39.20099606,0,-117.9615831,78.59329464,90.53662603
0.1384998228,0.1082860744,-0.08016303852,2.267055242,1,56.44801421,2.268472081,72.14786554,0,-119.098401,109.4846921,92.02513414
0.1384998228,0.1121534342,-0.262560172,2.019626846,1,96.79909288,2.036622311,152.8700857,0,-190.5492151,186.843904,97.40715434
0.1384998228,0.116020794,NaN,NaN,0,-5.89810835,2.181072879,55.96279273,0,-50.23379986,18.12100739,101.7116598
0.1384998228,0.1198881537,NaN,NaN,0,-1.70803428,2.218446089,17.38197387,0,-17.38197387,1.70803428,102.4863194
