PIVlab, ASCII chart output - 20-Sep-2021
FRAME: 520, filenames: A: 72_12_75_220 520.jpg & B: 72_12_75_220 521.jpg, conversion factor xy (px -> m): 0.00024171, conversion factor uv (px/frame -> m/s): 1
x [m],y [m],u [m/s],v [m/s],Vector type [-],vorticity [1/s],magnitude [m/s],divergence [1/s],dcev [1],simple shear [1/s],simple strain [1/s],vector direction [degrees]
0.03408110822,0.01546943919,NaN,NaN,0,-1.503060456,0.8902261184,-5.727215889,0,5.727215889,1.503060456,-83.65184973
0.03408110822,0.01933679899,NaN,NaN,0,-0.4215739595,0.9050484456,-7.211787079,0,6.509587847,3.48407017,-83.23578052
0.03408110822,0.02320415879,NaN,NaN,0,1.513090681,0.9341302582,-10.11007657,0,7.877129462,7.233380969,-82.49703041
0.03408110822,0.02707151859,NaN,NaN,0,3.104033922,0.9763385742,-12.58478184,0,8.658068702,10.71771248,-81.58285862
0.03408110822,0.03093887839,NaN,NaN,0,4.315482616,1.029957018,-14.58864944,0,8.806335139,13.73628853,-80.64251118
0.03408110822,0.03480623819,NaN,NaN,0,5.187014666,1.092663907,-16.0161924,0,8.310997989,16.1161635,-79.79104175
0.03408110822,0.03867359798,NaN,NaN,0,5.791809185,1.161480327,-16.69696516,0,7.163169276,17.68306244,-79.09820235
0.03408110822,0.04254095778,NaN,NaN,0,6.215961409,1.232667573,-16.41065046,0,5.342204318,18.21817864,-78.59440432
0.03408110822,0.04640831758,NaN,NaN,0,6.574393989,1.301571814,-14.90622632,0,2.827085746,17.41207012,-78.28094861
0.03408110822,0.05027567738,NaN,NaN,0,7.09235793,1.362419688,-11.87411059,0,-0.4151369416,14.81678429,-78.13497903
0.03408110822,0.05414303718,NaN,NaN,0,8.121127515,1.407895105,-6.842124184,0,-4.409128827,9.829895089,-78.10518375
0.03408110822,0.05801039698,NaN,NaN,0,9.827372929,1.428470656,0.8344771483,0,-8.952271328,1.851546121,-78.10320894
0.03408110822,0.06187775677,NaN,NaN,0,11.7434905,1.412443796,11.67985084,0,-13.41520173,-9.272248435,-78.00373333
0.03408110822,0.06574511657,NaN,NaN,0,12.68146696,1.34788899,25.52226797,0,-16.91452635,-22.80717407,-77.66206302
0.03408110822,0.06961247637,NaN,NaN,0,10.60856889,1.22642827,40.35927616,0,-17.87407186,-37.00948291,-76.93687242
0.03408110822,0.07347983617,NaN,NaN,0,1.994209237,1.050216683,50.47240567,0,-12.08273798,-48.17614738,-75.67114768
0.03408110822,0.07734719597,NaN,NaN,0,-17.35306299,0.8473464819,44.17794261,0,8.354968061,-48.65506851,-73.6742932
0.03408110822,0.08121455577,NaN,NaN,0,-49.41531201,0.6959419128,5.013900097,0,52.22203978,-24.1464196,-71.12711829
0.03408110822,0.08508191556,NaN,NaN,0,-83.47896874,0.7433654379,-78.02105607,0,113.7392736,42.24642132,-70.42631475
0.03408110822,0.08894927536,NaN,NaN,0,-47.75466561,1.174580595,-165.9917114,0,112.4136269,132.9690334,-73.06480007
0.03408110822,0.09281663516,NaN,NaN,0,55.72232613,1.922511654,-189.1122179,0,31.17466241,177.6588413,-74.95314991
0.03408110822,0.09668399496,NaN,NaN,0,92.5743087,2.63099507,-155.9806638,0,1.539996391,152.9994074,-75.0619048
0.03408110822,0.1005513548,NaN,NaN,0,92.12754646,3.17123847,-102.516871,0,-2.164250433,113.8001456,-74.20733781
0.03408110822,0.1044187146,NaN,NaN,0,87.60820012,3.531041087,-16.55773339,0,-39.52985365,89.04435787,-73.1060287
0.03408110822,0.1082860744,NaN,NaN,0,13.27927583,3.615462812,267.4374686,0,-229.2627387,188.1995257,-73.13331977
0.03408110822,0.1121534342,NaN,NaN,0,-190.2768835,3.078136038,-99.79964484,0,-80.83214197,-245.5862243,-86.44546215
0.03408110822,0.116020794,NaN,NaN,0,-53.43107227,2.896125451,-7.391049689,0,-4.335706195,-73.90757529,-89.98941751
0.03408110822,0.1198881537,NaN,NaN,0,-29.54315427,2.81515945,12.42568829,0,12.42568829,-29.54315427,-90.66279248
0.03794846802,0.01546943919,NaN,NaN,0,-3.137188916,0.875452324,-7.056921648,0,7.857782873,0.4724692371,-84.0819851
0.03794846802,0.01933679899,NaN,NaN,0,-1.884501575,0.89090755,-8.448921393,0,8.646245377,2.680054639,-83.59460493
0.03794846802,0.02320415879,NaN,NaN,0,0.3265226306,0.9212115451,-11.21318346,0,9.994021288,6.81883759,-82.74009931
0.03794846802,0.02707151859,NaN,NaN,0,2.158314337,0.9651881275,-13.5211163,0,10.61595564,10.71797115,-81.70154507
0.03794846802,0.03093887839,NaN,NaN,0,3.608607864,1.021120739,-15.39365842,0,10.49673012,14.14630528,-80.6545366
0.03794846802,0.03480623819,NaN,NaN,0,4.769194874,1.086753755,-16.75452127,0,9.648046875,16.93758084,-79.724564
0.03794846802,0.03867359798,NaN,NaN,0,5.752734946,1.159239468,-17.43370212,0,8.056022055,18.94519569,-78.98087132
0.03794846802,0.04254095778,NaN,NaN,0,6.657228818,1.235018827,-17.20765668,0,5.660810167,19.9805066,-78.45095625
0.03794846802,0.04640831758,NaN,NaN,0,7.573348559,1.309655139,-15.87282839,0,2.395703933,19.76233694,-78.13777097
0.03794846802,0.05027567738,NaN,NaN,0,8.774069714,1.377798982,-13.23624602,0,-1.855885172,17.84612291,-78.02753146
0.03794846802,0.05414303718,NaN,NaN,0,10.88287238,1.432795308,-8.826507594,0,-7.299198909,13.48158637,-78.07882081
0.03794846802,0.05801039698,NaN,NaN,0,14.34482685,1.465077168,-1.656957699,1.170919127,-13.7598095,5.674329218,-78.1972131
0.03794846802,0.06187775677,NaN,NaN,0,18.52586794,1.461008432,9.431186086,0,-20.18304386,-6.112738662,-78.22168813
0.03794846802,0.06574511657,NaN,NaN,0,21.70367641,1.40493619,25.28825235,0,-25.46564037,-21.37921543,-77.95160283
0.03794846802,0.06961247637,NaN,NaN,0,20.94760542,1.281558055,45.49854458,0,-28.42252619,-39.62973753,-77.21132596
0.03794846802,0.07347983617,NaN,NaN,0,9.901537433,1.077691851,66.0241005,0,-23.90352575,-59.71978845,-75.80058252
0.03794846802,0.07734719597,NaN,NaN,0,-20.10117959,0.7972263457,73.95773824,0,0.388695756,-76.73242239,-73.26712379
0.03794846802,0.08121455577,NaN,NaN,0,-77.73613471,0.4988252159,43.60500346,0,64.89410806,-71.3104219,-67.84423585
0.03794846802,0.08508191556,NaN,NaN,0,-169.4137791,0.3662574528,-77.18049759,0,192.7290047,13.82150946,-60.58786161
0.03794846802,0.08894927536,NaN,NaN,0,-118.6329258,0.860190193,-234.3931935,0,195.4525161,175.4505043,-71.12410031
0.03794846802,0.09281663516,NaN,NaN,0,98.92692434,1.962891405,-251.501918,0,2.990774945,240.8704436,-75.93719778
0.03794846802,0.09668399496,NaN,NaN,0,136.8243406,2.800054795,-175.610114,0,-31.34170988,168.2420238,-76.10444822
0.03794846802,0.1005513548,NaN,NaN,0,127.1702728,3.35274639,-120.4566924,12.89931919,0.5269636606,113.9121949,-74.69656958
0.03794846802,0.1044187146,NaN,NaN,0,209.8417175,3.807524065,-115.9853867,51.92235964,60.41348881,63.74181342,-72.16286177
0.03794846802,0.1082860744,1.930067156,-3.928933177,1,-110.6994812,4.377405068,0.2637518466,0,-314.2202285,-197.2655887,-63.83767118
0.03794846802,0.1121534342,-0.4770255834,-2.860583335,1,-209.0743522,2.900084554,85.89755739,0,-330.5024829,-205.7077124,-99.46742205
0.03794846802,0.116020794,NaN,NaN,0,29.66789999,2.805568552,5.391840595,0,76.69952311,-27.3867355,-93.20121795
0.03794846802,0.1198881537,NaN,NaN,0,-6.16315453,2.734605283,20.6283498,0,53.22684756,-14.21396926,-91.3759425
0.04181582782,0.01546943919,NaN,NaN,0,-6.491851746,0.8454009216,-10.01556939,0,12.34717849,-1.856843373,-85.04857779
0.04181582782,0.01933679899,NaN,NaN,0,-4.858408018,0.8621527085,-11.12807033,0,13.13652844,0.8952600528,-84.38941962
0.04181582782,0.02320415879,NaN,NaN,0,-2.071822616,0.8949235853,-13.4917935,0,14.42776437,5.924769697,-83.2632187
0.04181582782,0.02707151859,NaN,NaN,0,0.2055842356,0.9424139863,-15.3596088,0,14.70351113,10.72226192,-81.94375875
0.04181582782,0.03093887839,NaN,NaN,0,2.0687265,1.002888396,-16.92343689,0,14.03929597,14.98029038,-80.66698924
0.04181582782,0.03480623819,NaN,NaN,0,3.74742619,1.074227433,-18.14953937,0,12.50943316,18.56765168,-79.57551092
0.04181582782,0.03867359798,NaN,NaN,0,5.449866882,1.153862868,-18.82914107,0,10.09490193,21.42615719,-78.72952353
0.04181582782,0.04254095778,NaN,NaN,0,7.305309631,1.238603983,-18.66156369,0,6.630871088,23.44819715,-78.14339027
0.04181582782,0.04640831758,NaN,NaN,0,9.224528776,1.324276407,-17.51472358,0,2.01397793,24.43710909,-77.8196667
0.04181582782,0.05027567738,NaN,NaN,0,11.4245737,1.406345556,-15.63586909,0,-3.98178249,24.05945246,-77.76852499
0.04181582782,0.05414303718,NaN,NaN,0,15.42402954,1.480415819,-12.82375975,0,-12.30453622,21.322941,-77.98431788
0.04181582782,0.05801039698,NaN,NaN,0,22.83810522,1.538046512,-7.395480621,0,-23.29963498,14.14842886,-78.37156161
0.04181582782,0.06187775677,NaN,NaN,0,32.60115106,1.56165354,3.015499454,0,-34.38119689,1.1280806,-78.6847646
0.04181582782,0.06574511657,NaN,NaN,0,42.05876363,1.529518501,21.37978425,0,-43.7414634,-16.28843799,-78.56903251
0.04181582782,0.06961247637,NaN,NaN,0,48.69729913,1.417705573,51.15999762,0,-53.56752697,-39.57301504,-77.78746134
0.04181582782,0.07347983617,NaN,NaN,0,40.28475147,1.182952203,94.74177807,0,-59.0167714,-73.76678192,-76.09412865
0.04181582782,0.07734719597,NaN,NaN,0,-1.644065836,0.7683768189,140.9046249,0,-41.36375958,-128.3636922,-72.7811942
0.04181582782,0.08121455577,NaN,NaN,0,-97.42360613,0.1592156113,167.8457432,0,39.64602991,-202.967485,-42.18844213
0.04181582782,0.08508191556,NaN,NaN,0,-447.1116477,0.7001405195,-48.85640291,0,446.1346818,-100.0441246,89.67188667
0.04181582782,0.08894927536,NaN,NaN,0,-396.3322559,0.1460385524,-451.1543167,0,513.7187309,305.8853613,38.56298841
0.04181582782,0.09281663516,NaN,NaN,0,327.9308723,2.274208098,-409.7554906,0,-189.4592848,439.267061,-78.38219823
0.04181582782,0.09668399496,0.6497104006,-3.192438956,1,237.9166287,3.257881227,-90.04638105,53.85712498,-139.7153467,249.6408499,-78.49652991
0.04181582782,0.1005513548,0.8377648679,-3.541308519,1,193.4238208,3.639054272,-145.6459938,0,-148.3360078,51.93320103,-76.69027016
0.04181582782,0.1044187146,0.8240811958,-3.956548791,1,68.10789246,4.041458666,-209.471477,0,-210.4868854,-26.99194764,-78.23448413
0.04181582782,0.1082860744,0.2871340744,-4.247022514,1,-24.16709227,4.256717775,-181.6678912,0,-259.3829524,-288.9059322,-86.13221428
0.04181582782,0.1121534342,-0.2725088476,-3.541820702,1,154.2594407,3.552288693,277.0081179,0,-250.3615242,-119.3308319,-94.39968797
0.04181582782,0.116020794,NaN,NaN,0,-78.57959048,2.715553056,156.7000828,0,147.0373475,-90.63457553,-91.78373892
0.04181582782,0.1198881537,NaN,NaN,0,-35.22643847,2.585300228,58.24118501,0,74.9275234,-8.444415494,-90.17193568
0.04568318762,0.01546943919,NaN,NaN,0,-9.763691768,0.7991607508,-14.00877703,0,17.7634907,-4.79119858,-86.81877632
0.04568318762,0.01933679899,NaN,NaN,0,-7.521624449,0.817943331,-14.59567853,0,18.58875721,-1.127259248,-85.80609478
0.04568318762,0.02320415879,NaN,NaN,0,-3.960989311,0.8544723678,-16.2663114,0,19.87699662,5.262719225,-84.14610241
0.04568318762,0.02707151859,NaN,NaN,0,-1.332881279,0.9071694092,-17.50208851,0,19.73102854,11.26601645,-82.31130117
0.04568318762,0.03093887839,NaN,NaN,0,0.7132877102,0.9742203915,-18.79094099,0,18.44750946,16.48494263,-80.6485076
0.04568318762,0.03480623819,NaN,NaN,0,2.701916502,1.053727501,-20.09105825,0,16.25548789,20.92657829,-79.309378
0.04568318762,0.03867359798,NaN,NaN,0,4.993996763,1.14360359,-21.07175909,0,13.1832814,24.74358424,-78.3149122
0.04568318762,0.04254095778,NaN,NaN,0,7.889614049,1.241405443,-21.09473343,0,8.753794328,27.94901573,-77.6379434
0.04568318762,0.04640831758,NaN,NaN,0,10.59488321,1.342604538,-19.88863315,0,3.01111919,30.47844982,-77.26428598
0.04568318762,0.05027567738,NaN,NaN,0,12.27566678,1.442974556,-18.968747,0,-3.780686499,32.63163684,-77.25288465
0.04568318762,0.05414303718,NaN,NaN,0,16.55056684,1.544540975,-19.43718168,0,-14.6375285,33.6022963,-77.70752324
0.04568318762,0.05801039698,NaN,NaN,0,28.98241345,1.645114125,-18.11670449,0,-32.7529973,28.46836462,-78.57799083
0.04568318762,0.06187775677,NaN,NaN,0,46.98186744,1.718272586,-11.3534919,0,-50.30064534,12.76507019,-79.46189673
0.04568318762,0.06574511657,NaN,NaN,0,65.23292794,1.734278257,6.055387563,6.561487258,-61.55148937,-5.329602074,-79.60393003
0.04568318762,0.06961247637,NaN,NaN,0,91.49807601,1.677734146,43.01988359,0,-83.08934689,-28.6071027,-78.70885562
0.04568318762,0.07347983617,NaN,NaN,0,104.1842351,1.469973879,120.8783893,0,-117.2322733,-67.41063205,-76.40720854
0.04568318762,0.07734719597,NaN,NaN,0,70.6637709,0.9582987363,227.0732401,0,-146.4729926,-159.9880794,-73.13434967
0.04568318762,0.08121455577,NaN,NaN,0,136.7974237,0.08586406757,535.7297474,0,-311.0809106,-512.1517011,52.48255638
0.04568318762,0.08508191556,-0.3959871593,3.135454491,1,349.5959313,3.160360849,515.1495415,0,-436.4279193,-166.8298023,97.19797008
0.04568318762,0.08894927536,-0.2835190703,2.705564125,1,551.5371188,2.720378705,-786.8168356,0,-296.3054306,1033.663349,95.98225474
0.04568318762,0.09281663516,0.5910856109,-3.904997388,1,524.950094,3.949479307,-853.1683049,0,-118.1689705,926.8870189,-81.39268049
0.04568318762,0.09668399496,1.289649894,-4.178550273,1,162.7576072,4.373040044,-50.70381594,0,-180.4993396,117.5179933,-72.84790522
0.04568318762,0.1005513548,0.5224719483,-4.55557165,1,38.82425354,4.585434548,-91.15694596,0,-307.1849106,44.17474393,-83.45741556
0.04568318762,0.1044187146,0.2518026772,-4.70192661,1,79.25725604,4.708664188,-62.40573626,0,-185.8630804,10.77749532,-86.93456248
0.04568318762,0.1082860744,0.1101888689,-4.838597538,1,104.28317,4.839852035,41.27150715,0,-135.062169,-30.23164641,-88.69543477
0.04568318762,0.1121534342,0.1327692138,-4.425398188,1,182.9566634,4.427389387,420.9608098,0,-185.8941678,-331.4772581,-88.28154798
0.04568318762,0.116020794,0.09882848229,-1.928648803,1,-29.94066056,1.931179245,342.0161137,0,28.42756713,-205.5373892,-87.06659574
0.04568318762,0.1198881537,NaN,NaN,0,-15.464364,2.311299048,-59.58660623,0,29.99058152,136.497027,-86.85220367
0.04955054742,0.01546943919,NaN,NaN,0,-12.81136656,0.735788611,-19.89845195,0,24.82076895,-8.906124318,-89.97965962
0.04955054742,0.01933679899,NaN,NaN,0,-9.503458965,0.7574083505,-19.28394999,0,25.57796282,-3.571423078,-88.22325175
0.04955054742,0.02320415879,NaN,NaN,0,-4.917628899,0.7989970645,-19.47568505,0,26.76043638,4.987349996,-85.5188089
0.04955054742,0.02707151859,NaN,NaN,0,-2.28940775,0.8584667852,-19.59149286,0,25.89609693,12.59414204,-82.77557088
0.04955054742,0.03093887839,NaN,NaN,0,-0.5846108824,0.9337682875,-20.64718031,0,23.76422546,18.76688539,-80.52448364
0.04955054742,0.03480623819,NaN,NaN,0,1.352955345,1.023339073,-22.35199354,0,20.88172753,23.91013463,-78.86655138
0.04955054742,0.03867359798,NaN,NaN,0,3.934589617,1.125757771,-24.2721036,0,17.62894144,28.67258576,-77.70564836
0.04955054742,0.04254095778,NaN,NaN,0,8.664266591,1.241065321,-24.75697779,0,12.18990564,33.1258317,-76.91392054
0.04955054742,0.04640831758,NaN,NaN,0,12.98972325,1.362006859,-21.97632861,0,5.057391001,36.89603762,-76.39577596
0.04955054742,0.05027567738,NaN,NaN,0,10.53264335,1.478727147,-20.91330407,0,0.4854458037,42.38634879,-76.27722361
0.04955054742,0.05414303718,NaN,NaN,0,9.520157585,1.61004496,-27.83951549,0,-9.71189398,51.98624272,-76.97105896
0.04955054742,0.05801039698,NaN,NaN,0,29.55911429,1.779990875,-34.28066377,0,-42.77418037,53.35766315,-78.65843348
0.04955054742,0.06187775677,NaN,NaN,0,61.11097732,1.932851199,-36.36815011,0,-72.5168978,26.7934376,-80.71471449
0.04955054742,0.06574511657,NaN,NaN,0,80.39300467,2.012885767,-28.82462569,9.283263215,-69.07450183,10.8120622,-81.25775391
0.04955054742,0.06961247637,NaN,NaN,0,147.8778418,2.091276284,-6.014240093,34.41342609,-100.006098,-2.115161634,-80.20878848
0.04955054742,0.07347983617,0.4910750179,-2.004579377,1,229.3424363,2.063853956,59.78308091,32.94435392,-195.4020764,-66.17613848,-76.23496472
0.04955054742,0.07734719597,0.4868985726,-1.573685122,1,195.503457,1.647287189,160.6655787,0,-268.4009933,117.8590875,-72.80791942
0.04955054742,0.08121455577,0.2091540166,-1.839031274,1,487.4097992,1.85088666,150.0648304,120.6357457,-263.952797,348.1386894,-83.51159935
0.04955054742,0.08508191556,1.3510872,-2.339708001,1,914.514639,2.701790176,205.5621113,177.5493552,-692.223138,554.3386048,-59.99529559
0.04955054742,0.08894927536,1.068835231,-3.187875463,1,736.3481752,3.362284747,-52.03719502,0,-893.5627253,562.0976969,-71.46465745
0.04955054742,0.09281663516,0.7430819688,-4.714788593,1,34.12925527,4.772986726,-3.839938951,0,-75.69000349,340.5970099,-81.04347955
0.04955054742,0.09668399496,0.9081048641,-4.519937072,1,28.21447619,4.610258733,-11.08834711,0,-50.71411024,31.48898344,-78.63989003
0.04955054742,0.1005513548,0.6560677886,-4.87945045,1,-3.087596631,4.923358776,38.75126801,0,-70.26700873,158.1938525,-82.34220699
0.04955054742,0.1044187146,0.6244162123,-4.981864522,1,10.05393249,5.020843527,117.744376,0,-94.41086271,193.5600802,-82.8559246
0.04955054742,0.1082860744,0.3298291879,-5.172657056,1,-31.86972477,5.183162,85.55781297,0,-110.5685272,82.05026672,-86.35153256
0.04955054742,0.1121534342,0.07355624292,-4.968299578,1,125.9464929,4.968844053,362.0851151,0,-96.60971265,-331.9674014,-89.15179141
0.04955054742,0.116020794,0.4432850724,-2.488506256,1,185.0394194,2.527679774,345.7760543,0,-129.1547933,-315.8643808,-79.89967431
0.04955054742,0.1198881537,NaN,NaN,0,-23.63908479,2.426849025,42.65740221,0,-55.79643777,1.798366018,-83.14451118
0.05341790721,0.01546943919,NaN,NaN,0,-15.19479847,0.6558286163,-29.53869302,0,35.0930038,-15.21968712,-95.86789964
0.05341790721,0.01933679899,NaN,NaN,0,-9.760865354,0.6806805426,-25.91406635,0,35.14423934,-6.491576832,-92.4057363
0.05341790721,0.02320415879,NaN,NaN,0,-3.916659571,0.7281711971,-22.76098594,0,35.69068914,5.663961792,-87.550762
0.05341790721,0.02707151859,NaN,NaN,0,-2.322509939,0.7956194282,-20.74101757,0,33.32869733,15.35631633,-83.19237936
0.05341790721,0.03093887839,NaN,NaN,0,-2.115278835,0.8801620507,-21.85429384,0,29.83156791,22.07832227,-80.11952876
0.05341790721,0.03480623819,NaN,NaN,0,-0.6400738552,0.9808339577,-24.397632,0,25.87825532,27.27448906,-78.14498682
0.05341790721,0.03867359798,NaN,NaN,0,0.7271397691,1.095529435,-28.90768399,0,24.26085121,32.91079248,-76.88217828
0.05341790721,0.04254095778,NaN,NaN,0,9.843139447,1.235498451,-31.68474554,0,17.31949578,38.9856877,-76.0362319
0.05341790721,0.04640831758,NaN,NaN,0,22.16709984,1.386131911,-22.3463994,0,4.543093371,41.59352017,-75.21704822
0.05341790721,0.05027567738,NaN,NaN,0,7.345025803,1.500944847,-14.86862519,0,10.37697269,48.03147797,-74.48717057
0.05341790721,0.05414303718,NaN,NaN,0,-18.56169414,1.638830504,-36.72691244,0,18.07868714,78.59866265,-75.07022273
0.05341790721,0.05801039698,NaN,NaN,0,18.62290881,1.933997294,-54.798285,0,-56.1149324,106.1826077,-78.07675845
0.05341790721,0.06187775677,0.277224944,-2.206078411,1,43.27374208,2.223428799,-31.13950401,0,-83.68208284,70.11326991,-82.83751978
0.05341790721,0.06574511657,0.2432923608,-2.283852712,1,83.18020826,2.296774778,-47.96322591,0,-78.05345891,54.90784912,-83.91937475
0.05341790721,0.06961247637,0.2970519283,-2.603917871,1,124.5497856,2.62080677,-39.29432865,17.45575514,-104.5215505,164.3556912,-83.49189877
0.05341790721,0.07347983617,0.3207487518,-3.071440612,1,253.7430803,3.088143001,133.6669011,67.95028707,19.86294957,161.3983904,-84.03824447
0.05341790721,0.07734719597,1.355184889,-2.711165518,1,378.5628909,3.030997286,225.9916631,94.76759325,50.22446478,165.5484271,-63.44167585
0.05341790721,0.08121455577,1.979023733,-2.837684871,1,286.0316729,3.459622864,279.980001,17.27678931,21.06088998,374.931879,-55.1077782
0.05341790721,0.08508191556,2.542822321,-3.078378594,1,131.1543342,3.992788515,53.25870687,0,-206.12934,249.8276674,-50.4423907
0.05341790721,0.08894927536,1.689068409,-3.597887766,1,87.63836071,3.974638156,6.700979409,0,-255.5503177,330.2626456,-64.85177004
0.05341790721,0.09281663516,1.893446369,-4.329707974,1,-65.31170993,4.725622741,66.21616126,0,-17.56703209,295.2891709,-66.37951829
0.05341790721,0.09668399496,1.368546494,-4.483795515,1,-104.30867,4.687999757,151.9576065,0,-53.2450128,277.5395691,-73.02673417
0.05341790721,0.1005513548,1.28412959,-4.815378608,1,-32.711898,4.983659292,133.4098193,0,55.25506091,294.277718,-75.06826481
0.05341790721,0.1044187146,1.455729016,-5.105929559,1,-123.6271705,5.309393904,130.814643,0,-12.3156947,215.5172649,-74.08685329
0.05341790721,0.1082860744,0.7583896182,-5.142954122,1,-251.0662053,5.19857018,139.1863913,63.24114258,-60.89953626,185.774648,-81.61151132
0.05341790721,0.1121534342,0.2492452489,-5.28610311,1,-48.35207866,5.291975934,368.6169604,0,-92.28183197,-148.3256972,-87.3004439
0.05341790721,0.116020794,0.2145076859,-3.143750871,1,136.3042954,3.151060628,310.5019816,0,-123.4793343,-427.4503739,-86.09658493
0.05341790721,0.1198881537,NaN,NaN,0,-64.32640065,2.450466697,197.2676483,0,107.9408076,-170.7224379,-82.99511845
0.05728526701,0.01546943919,NaN,NaN,0,-15.80564517,0.5682305694,-47.41132188,0,52.52052146,-25.65359907,-107.7079035
0.05728526701,0.01933679899,NaN,NaN,0,-5.453993075,0.5922024754,-35.65238793,0,49.18985292,-9.259407451,-99.90234662
0.05728526701,0.02320415879,NaN,NaN,0,1.334365907,0.6433892916,-24.91317479,0,47.52938351,8.803757674,-90.32889646
0.05728526701,0.02707151859,NaN,NaN,0,-0.968693601,0.7190741598,-18.75729765,0,41.89643536,21.08883921,-83.04014767
0.05728526701,0.03093887839,NaN,NaN,0,-4.913920663,0.8123232117,-21.63134549,0,36.35509354,26.91559831,-79.02942371
0.05728526701,0.03480623819,NaN,NaN,0,-2.5251117,0.9253716231,-24.47655662,0,28.53887463,30.19870685,-76.96415959
0.05728526701,0.03867359798,NaN,NaN,0,-10.22909613,1.040700435,-35.27625481,0,36.21671229,36.71040739,-75.8055576
0.05728526701,0.04254095778,NaN,NaN,0,7.814051588,1.219770632,-50.72792097,0,28.28413291,48.31260644,-75.31436082
0.05728526701,0.04640831758,NaN,NaN,0,58.49051086,1.446857607,-20.85589829,16.66269039,-14.58148599,42.46087739,-74.16511556
0.05728526701,0.05027567738,0.4790427558,-1.424791095,1,57.17640135,1.503167198,52.07582049,0.5847341722,-23.53368274,61.1110856,-71.41634416
0.05728526701,0.05414303718,0.524906805,-1.42689493,1,-9.424071237,1.520380313,29.55254357,0,27.45380474,187.1480899,-69.80312318
0.05728526701,0.05801039698,0.5487702223,-2.034269775,1,-25.909951,2.106988912,-0.996561719,7.582571357,9.796900598,250.2379714,-74.90309508
0.05728526701,0.06187775677,0.4625918416,-2.398509264,1,-60.28992782,2.442711178,72.34854941,0,4.44430789,222.0059631,-79.08360632
0.05728526701,0.06574511657,0.3327951168,-2.61304884,1,50.78539897,2.63415581,82.5611038,0,46.62070055,224.3133029,-82.74194485
0.05728526701,0.06961247637,0.839296275,-2.94671602,1,166.0489095,3.063911477,132.8160667,0,169.9435027,209.3616087,-74.10176006
0.05728526701,0.07347983617,1.632198664,-2.909077992,1,93.78468435,3.335686923,189.1865702,0,206.6344033,162.4944408,-60.70449028
0.05728526701,0.07734719597,2.001124977,-2.843487952,1,164.0622696,3.477056931,84.40033531,21.67200408,122.8867826,72.68449628,-54.86375894
0.05728526701,0.08121455577,2.741933893,-2.863768628,1,106.6615252,3.964766352,-15.96482421,32.13929395,28.34176106,191.0542828,-46.2450745
0.05728526701,0.08508191556,2.523231259,-3.644105324,1,2.396641661,4.432403366,-207.2476465,0,-98.05339571,219.7467424,-55.30071094
0.05728526701,0.08894927536,2.371994808,-4.515109561,1,-3.807544982,5.100252319,-40.88345868,0,-94.98804721,188.2230812,-62.28498792
0.05728526701,0.09281663516,2.141153157,-4.530142746,1,-3.744429016,5.010661647,100.5932887,0,54.71723142,50.7779019,-64.70243468
0.05728526701,0.09668399496,2.569124975,-4.322455537,1,-49.75167877,5.028322286,215.8174666,0,93.43424978,218.1725161,-59.27414696
0.05728526701,0.1005513548,2.310089376,-4.539250569,1,-173.8061198,5.093261102,213.845275,0,17.28624664,273.0400409,-63.02780754
0.05728526701,0.1044187146,1.96380631,-4.551382995,1,-222.3473198,4.956977143,197.2784591,30.47244654,35.26389162,170.8944531,-66.66102754
0.05728526701,0.1082860744,1.586570447,-4.437214125,1,-294.2245691,4.712332223,218.8339695,61.6901235,25.74567251,370.5676523,-70.32498001
0.05728526701,0.1121534342,0.9255018182,-5.13819174,1,-268.3245091,5.220878085,275.9794774,0,-144.2481422,31.87725967,-79.7892509
0.05728526701,0.116020794,-0.008996438223,-3.493183022,1,0.3828761984,3.493194607,678.7714079,0,-138.2443029,-199.0659887,-90.14756078
0.05728526701,0.1198881537,NaN,NaN,0,-300.5954623,1.786883565,528.5444836,0,508.1471451,-376.4162284,-77.31635139
0.06115262681,0.01546943919,NaN,NaN,0,-11.92119758,0.5223914676,-85.60411725,0,88.12565404,-43.92047007,-132.0101857
0.06115262681,0.01933679899,NaN,NaN,0,11.59489139,0.5105286676,-49.81041942,0,70.74398642,-8.256780876,-113.3396925
0.06115262681,0.02320415879,NaN,NaN,0,15.67680987,0.5497383584,-22.48202762,0,63.34055664,17.72163714,-93.2517603
0.06115262681,0.02707151859,NaN,NaN,0,2.027290292,0.6327290043,-7.743652766,0,50.37256704,33.27968454,-80.60133911
0.06115262681,0.03093887839,NaN,NaN,0,-14.04659852,0.7279864528,-21.43723384,0,45.15349626,34.2965249,-76.37685895
0.06115262681,0.03480623819,NaN,NaN,0,5.682643851,0.8690432372,-16.6009942,0,15.70543738,29.89433264,-75.08850163
0.06115262681,0.03867359798,0.2541814448,-0.8873194036,1,20.30052716,0.9230080882,-25.68948159,0,-3.450000939,46.72289988,-74.0151145
0.06115262681,0.04254095778,0.2887950975,-1.119822468,1,24.33944503,1.156462264,-71.32994137,0,22.99401672,118.8582971,-75.5388852
0.06115262681,0.04640831758,0.4372369719,-1.622845751,1,48.90734201,1.680715473,2.191722393,0,93.40507183,167.3118074,-74.9210781
0.06115262681,0.05027567738,0.8391684055,-1.758401246,1,96.57464754,1.948378443,198.7380415,0,116.2430053,151.6882719,-64.48794891
0.06115262681,0.05414303718,1.260279407,-1.440887364,1,54.09549041,1.914278083,152.0881697,0,81.47600619,150.9968091,-48.82527067
0.06115262681,0.05801039698,1.363472161,-1.754180562,1,-35.50759054,2.221757363,110.3548507,0,75.66944598,243.4793836,-52.14314351
0.06115262681,0.06187775677,1.415599752,-1.95572783,1,-65.45541529,2.414289544,194.6430167,0,82.68007151,335.7673406,-54.10213568
0.06115262681,0.06574511657,1.430086104,-2.299959099,1,-72.02328271,2.708312782,221.2482223,0,124.973195,384.9589397,-58.12716249
0.06115262681,0.06961247637,1.620376114,-2.588856078,1,-85.89762899,3.054143831,148.3881069,0,150.7324684,235.0237095,-57.95737404
0.06115262681,0.07347983617,1.680825756,-2.635010146,1,-63.37700658,3.125452557,77.34160683,0,151.8901926,150.1431764,-57.46692642
0.06115262681,0.07734719597,1.962688451,-2.870405941,1,61.42467137,3.477265625,20.75652335,0,190.7711318,151.4827704,-55.63697346
0.06115262681,0.08121455577,2.656157666,-3.140575578,1,69.78093029,4.113196872,-69.94415759,0,92.72589693,84.28227082,-49.77695983
0.06115262681,0.08508191556,2.591160822,-3.46685503,1,-155.0259949,4.32818648,-50.60303992,43.30886511,52.30115296,158.8266587,-53.22520771
0.06115262681,0.08894927536,2.258883742,-3.950515575,1,-198.5090221,4.550728411,-31.03644216,31.19766675,169.4691598,133.6135262,-60.23930867
0.06115262681,0.09281663516,2.478853226,-4.103615699,1,-56.48168154,4.79420224,169.6885409,0,260.2532996,164.3951198,-58.86526847
0.06115262681,0.09668399496,3.046941906,-3.930044011,1,-32.29909941,4.972836304,158.1180876,0,210.2595419,151.0693441,-52.21377167
0.06115262681,0.1005513548,3.167090287,-4.076355672,1,-116.964262,5.162086443,134.7463201,0,73.69035445,181.1889359,-52.15487982
0.06115262681,0.1044187146,2.879586136,-4.109654316,1,-124.9984026,5.018094749,193.2930797,0,91.57184326,149.1178265,-54.98152603
0.06115262681,0.1082860744,3.037817755,-3.905514073,1,-315.5821236,4.947865893,180.0189541,80.02330498,-56.69979317,360.1420554,-52.12322755
0.06115262681,0.1121534342,1.439838017,-4.806255157,1,-307.4540178,5.017292313,343.4048748,0,57.12390465,285.059638,-73.32305331
0.06115262681,0.116020794,2.069701139,-3.67987205,1,-18.0720891,4.221980709,996.5745489,0,-124.8314316,-426.044047,-60.6449301
0.06115262681,0.1198881537,0.8871786866,0.6955228093,1,-254.6668873,1.127314508,1355.871974,0,-356.8730337,-906.8576852,38.09543489
0.06501998661,0.01546943919,NaN,NaN,0,3.482178567,0.6912166644,-180.4974383,0,176.1474718,-76.94420236,-167.0935228
0.06501998661,0.01933679899,NaN,NaN,0,67.12906046,0.4819789441,-65.92405667,0,101.3709962,12.85202867,-132.62706
0.06501998661,0.02320415879,NaN,NaN,0,47.75069191,0.4595776722,-7.460863517,0,84.71628958,37.05988723,-92.75670382
0.06501998661,0.02707151859,0.1858899909,-0.5268069404,1,-6.643022827,0.5586417825,7.74160577,0,65.19044613,36.05139462,-70.56401469
0.06501998661,0.03093887839,0.2043205643,-0.5685299726,1,-33.94514288,0.6041301373,-34.99935341,0,53.14362242,51.87007361,-70.23237566
0.06501998661,0.03480623819,0.2601374189,-0.8627622701,1,8.604927944,0.9011271894,-48.23688842,0,25.58296222,89.38899794,-73.22105251
0.06501998661,0.03867359798,0.3365374363,-1.100778793,1,45.76863077,1.151074019,-21.54914457,11.92883261,14.45400272,61.80573947,-73.00021012
0.06501998661,0.04254095778,0.4930400106,-1.185125598,1,50.16881925,1.283593056,22.79688378,0,134.3994767,53.58915326,-67.41154531
0.06501998661,0.04640831758,1.050329444,-1.219863578,1,94.19807345,1.609738827,103.1132966,0,252.6089091,145.4162862,-49.27082339
0.06501998661,0.05027567738,1.834267393,-1.348726479,1,1.113190394,2.276752069,84.36208794,0,166.1109772,110.5145671,-36.32683518
0.06501998661,0.05414303718,1.697045467,-1.321004624,1,6.098529808,2.150585161,20.48493,0,15.33912453,86.57179755,-37.89770374
0.06501998661,0.05801039698,1.917174515,-1.604308174,1,93.14135113,2.499872564,23.41186345,0,118.070977,153.8914256,-39.92288366
0.06501998661,0.06187775677,2.513879534,-1.825616037,1,50.89527544,3.10684152,123.6045119,0,145.6320324,187.4424844,-35.98770085
0.06501998661,0.06574511657,2.677216325,-1.851192582,1,-148.4493623,3.25490418,180.0888526,0,98.85692093,233.3464411,-34.66237407
0.06501998661,0.06961247637,2.32208772,-2.031582294,1,-188.9131164,3.085355408,132.7677797,0,146.1831499,191.0426003,-41.18250869
0.06501998661,0.07347983617,2.51196417,-2.076562281,1,-111.8367182,3.259152481,142.1185007,0,201.0832831,222.7100083,-39.57947563
0.06501998661,0.07734719597,2.667236297,-2.34325865,1,-100.6941749,3.550353583,84.75352519,0,174.496557,265.3599187,-41.30041595
0.06501998661,0.08121455577,2.797384536,-2.775032186,1,-89.2843411,3.940325351,-16.59972353,0,160.2719524,112.4386961,-44.77017361
0.06501998661,0.08508191556,2.941770932,-2.842296647,1,-151.2862656,4.090558207,10.83743267,14.40177436,143.8684824,92.79860637,-44.0147254
0.06501998661,0.08894927536,2.768697299,-3.092005534,1,-176.1908771,4.150443706,108.1793618,0,303.2553269,227.8780684,-48.15754629
0.06501998661,0.09281663516,3.433174876,-3.305214613,1,-68.33085335,4.765619935,186.0572469,0,325.9140034,261.6614006,-43.91209881
0.06501998661,0.09668399496,3.764864018,-3.384393999,1,-125.7043941,5.062442475,112.8425846,0,151.2385603,241.2779988,-41.95370045
0.06501998661,0.1005513548,3.531924684,-3.80192057,1,-164.9882466,5.189324811,21.40322812,50.05096081,41.69184791,106.5863896,-47.10839484
0.06501998661,0.1044187146,3.288032483,-3.713827933,1,-106.1692424,4.960209222,106.5073239,0,143.3115676,11.8956039,-48.47997165
0.06501998661,0.1082860744,3.67556742,-3.436023008,1,-65.66683927,5.031505736,51.5647268,0,83.24154936,55.29073304,-43.0707977
0.06501998661,0.1121534342,3.35600021,-3.72823774,1,-345.6649992,5.016223086,138.4089897,99.54684461,-36.53815964,259.9484448,-48.00781031
0.06501998661,0.116020794,2.197450289,-3.906059811,1,-159.3796859,4.481750887,234.6098778,0,-157.9319649,-176.4434499,-60.63899682
0.06501998661,0.1198881537,2.128841888,-2.138546625,1,510.636872,3.017507159,687.173578,0,-546.1176156,-226.893526,-45.13029972
0.06888734641,0.01546943919,-1.34523658,0.2796084444,1,223.8962596,1.37398775,-204.2677405,0,261.0474223,114.2626216,168.2582129
0.06888734641,0.01933679899,-0.4075107301,-0.336327314,1,180.7313866,0.5283758675,-207.9516386,0,188.6481556,-30.69830454,-140.4664143
0.06888734641,0.02320415879,0.083287012,-0.4058939739,1,57.34330772,0.4143508712,-9.632757885,0,118.5390872,-7.020626317,-78.40420656
0.06888734641,0.02707151859,0.2726897732,-0.3464293666,1,-23.48872088,0.4408775549,26.20595696,0,63.16027468,17.10612663,-51.7921623
0.06888734641,0.03093887839,0.2367111843,-0.3707016559,1,-27.25852049,0.4398316752,-30.23311072,0,55.72452736,80.3560827,-57.43977296
0.06888734641,0.03480623819,0.3827780638,-0.7741175674,1,-50.306568,0.8635838432,-70.04524245,0,95.08052394,94.85347775,-63.68897669
0.06888734641,0.03867359798,0.4098681815,-1.008424337,1,-62.0931514,1.088536435,23.06579107,0,114.1776052,28.22554934,-67.88100371
0.06888734641,0.04254095778,0.5842073863,-0.7940722091,1,65.78133043,0.9858239921,95.97758945,0,189.8251191,96.44036432,-53.65768639
0.06888734641,0.04640831758,1.398390289,-1.010214054,1,82.3192107,1.72511676,23.46083551,0,178.4838211,107.8137911,-35.84480183
0.06888734641,0.05027567738,1.592826547,-1.120295439,1,-20.51787126,1.947346471,-46.53287544,0,91.86266894,55.58759576,-35.12017696
0.06888734641,0.05414303718,1.674306291,-1.405150659,1,34.14777779,2.185806472,-14.30320895,0,83.8503528,124.6735914,-40.00483664
0.06888734641,0.05801039698,2.049167773,-1.657768729,1,52.31576736,2.635770423,14.89661311,0,191.8363569,62.52498384,-38.97272363
0.06888734641,0.06187775677,2.618530401,-1.589346705,1,22.26920281,3.06312331,27.68146989,0,231.0874581,-53.57086354,-31.25613183
0.06888734641,0.06574511657,3.028989138,-1.343536721,1,-53.08803274,3.313588104,37.24721541,0,118.8013288,-39.40157651,-23.92013202
0.06888734641,0.06961247637,2.87266736,-1.292918249,1,-134.5796052,3.150215129,51.48849121,0,150.80766,72.51037574,-24.23136
0.06888734641,0.07347983617,3.091748865,-1.424835913,1,-95.1386856,3.404272084,-12.58813461,0,209.9549354,120.1189694,-24.74266591
0.06888734641,0.07734719597,3.316703109,-1.806144368,1,-134.6532278,3.776595953,6.812724213,20.49049746,117.8594945,200.9026789,-28.57095054
0.06888734641,0.08121455577,3.026801456,-2.175451601,1,-180.8243245,3.727481284,126.5451804,27.03838703,96.85374692,260.8075927,-35.70591822
0.06888734641,0.08508191556,2.991958673,-2.325385424,1,-73.28235159,3.789358002,151.3435388,0,210.7759673,130.8833271,-37.85477095
0.06888734641,0.08894927536,3.558538738,-2.0963246,1,-11.59503336,4.130105904,160.3426215,0,326.6377795,225.9024811,-30.50221242
0.06888734641,0.09281663516,4.210342324,-2.578928989,1,-61.97102252,4.937393768,92.14525928,0,283.8057937,289.3550878,-31.48840269
0.06888734641,0.09668399496,4.416453614,-2.859005963,1,-233.4990197,5.261081412,85.41951931,62.33090579,91.73043238,265.9355381,-32.9171355
0.06888734641,0.1005513548,3.662072189,-3.277049383,1,-324.4138714,4.914247183,151.6374459,89.59415561,45.42230833,225.5422061,-41.82415352
0.06888734641,0.1044187146,3.337492859,-3.144822261,1,-228.5422246,4.585713209,330.3855965,0,173.9815074,343.9820492,-43.29752753
0.06888734641,0.1082860744,3.451066265,-3.329631758,1,-177.290105,4.795446382,113.2092086,33.77679211,84.9626949,233.6862804,-43.97400813
0.06888734641,0.1121534342,2.980429545,-3.610750445,1,-211.4351368,4.681931124,-414.6178088,0,-87.58400834,-325.5023781,-50.46263862
0.06888734641,0.116020794,2.294651644,-3.674273192,1,-150.4332156,4.331940634,-318.0801194,0,69.4523124,-374.8173883,-58.01445889
0.06888734641,0.1198881537,2.667247255,-3.391327013,1,-0.9104703358,4.314545958,-14.88617719,0,193.5977975,-161.2114192,-51.81527767
0.07275470621,0.01546943919,-1.021835911,-0.01071345459,2,-24.26571206,1.021892072,32.02710185,0,-93.39428608,194.0491253,-179.3993035
0.07275470621,0.01933679899,-1.249352684,-0.3240121845,1,87.70034872,1.290684324,-69.14734818,0,154.1514427,-14.41587957,-165.4609929
0.07275470621,0.02320415879,-0.08650801543,-0.222379736,1,166.9530335,0.2386134609,19.41003511,0,247.4759747,-14.80144068,-111.2565495
0.07275470621,0.02707151859,0.3533934017,-0.1917040984,1,27.50030342,0.4020414876,26.08773254,0,97.82347606,32.610253,-28.47835024
0.07275470621,0.03093887839,0.3981641311,-0.2476046694,1,-27.16492384,0.4688739144,62.42802951,0,27.8595551,90.55936014,-31.87606906
0.07275470621,0.03480623819,0.3560797907,-0.3004980756,1,-68.37321151,0.4659312297,61.00352215,0,103.7294701,105.3416998,-40.1612395
0.07275470621,0.03867359798,0.5348995042,-0.4190763552,1,15.72490431,0.6795163509,106.0958924,0,212.1074476,210.7940797,-38.07754406
0.07275470621,0.04254095778,1.237189469,-0.705403636,1,63.89417556,1.424160129,236.8761445,0,200.6574067,347.7745601,-29.69032766
0.07275470621,0.04640831758,1.558015658,-0.8479604295,1,28.69116168,1.773823464,155.7172501,0,134.7525874,209.6834882,-28.55753782
0.07275470621,0.05027567738,1.869285254,-0.9141104956,1,22.04374606,2.080823241,75.70755554,0,124.2761774,148.3220701,-26.05937545
0.07275470621,0.05414303718,2.123887448,-1.128786884,1,-62.73850828,2.405214693,72.74607337,0,152.5430392,111.6928916,-27.98939712
0.07275470621,0.05801039698,2.216591687,-1.064731855,1,-104.3977341,2.459051164,71.33753951,0,179.3502861,42.70142137,-25.65713476
0.07275470621,0.06187775677,2.413755934,-1.018040712,1,-69.83460197,2.619661161,-10.84613547,0,186.7859517,20.62306496,-22.86837394
0.07275470621,0.06574511657,2.668884635,-1.186434576,1,-31.99923405,2.92071433,-27.02356151,0,132.2950533,-50.33498291,-23.96721482
0.07275470621,0.06961247637,2.801635953,-0.9278870578,1,-55.7068749,2.951294361,48.67132256,0,122.6621043,-26.25811633,-18.32459841
0.07275470621,0.07347983617,2.927824598,-0.8966554758,1,-27.51535999,3.062049627,-32.98921324,0,200.4784611,80.47683725,-17.02737181
0.07275470621,0.07734719597,3.470546497,-1.3667011,1,36.65300032,3.729955078,-56.38517822,0,316.9713201,151.6367648,-21.49451866
0.07275470621,0.08121455577,4.295417078,-1.701151176,1,-56.82331379,4.620013333,94.62702009,0,202.3223879,192.119843,-21.60547994
0.07275470621,0.08508191556,4.033243767,-1.743740924,1,-117.2758299,4.394051398,141.6642385,0,108.7503762,163.0706708,-23.38085875
0.07275470621,0.08894927536,4.262446081,-1.783937551,1,33.81815725,4.620701222,30.73001925,0,192.5197736,88.7102285,-22.7104982
0.07275470621,0.09281663516,4.908573981,-1.967971254,1,-55.09043405,5.288384384,-8.10021321,0,277.7835389,80.50730134,-21.84709573
0.07275470621,0.09668399496,5.123680442,-2.126614691,1,-194.439573,5.547485135,173.5775685,0,215.6530442,277.9536193,-22.54119078
0.07275470621,0.1005513548,4.990614107,-2.371630997,1,-143.9196338,5.525473984,285.2815977,0,343.6358234,293.1704792,-25.41792093
0.07275470621,0.1044187146,5.896054805,-2.157123834,1,-222.8178455,6.278267715,303.4654593,0,229.6760078,316.4371191,-20.09549356
0.07275470621,0.1082860744,5.017137089,-2.421797073,1,-948.9223612,5.571065035,-224.0252562,255,-447.9907612,58.37335351,-25.76683521
0.07275470621,0.1121534342,0.4936891534,-3.249260865,1,-957.9344291,3.286552167,-286.6155023,249.1556227,-464.0617265,-122.7087752,-81.36061862
0.07275470621,0.116020794,-0.4822336771,-3.055683359,1,-91.91216968,3.093501271,-268.859643,0,338.6231093,-750.57011,-98.96818754
0.07275470621,0.1198881537,1.447809123,-1.38631317,1,153.1100742,2.004498806,125.6683485,0,845.0090049,-737.6442351,-43.75696763
0.07662206601,0.01546943919,-0.4709184678,0.01226337635,2,-84.95158935,0.4710781185,152.351407,0,-49.38363857,199.7224332,178.5082748
0.07662206601,0.01933679899,-0.7306797978,-0.07933702474,1,28.92497305,0.734974374,164.8235565,0,118.9869365,192.4253754,-173.8031157
0.07662206601,0.02320415879,0.1011101048,-0.09448278851,1,132.2010669,0.1383844306,36.70071229,0,185.9425413,35.44076515,-43.05937714
0.07662206601,0.02707151859,0.4996960027,-0.07446435582,1,73.37775695,0.5052138511,12.52080642,0,114.6725921,28.91943829,-8.475805021
0.07662206601,0.03093887839,0.8283684647,-0.1579021982,1,44.43312247,0.8432837112,93.84212326,0,91.68012082,102.6518077,-10.79215551
0.07662206601,0.03480623819,1.026094888,-0.1085345753,1,71.96496011,1.031819012,234.1680392,0,136.7115783,257.708695,-6.037975653
0.07662206601,0.03867359798,1.63539572,-0.248942384,1,187.5948778,1.654234407,312.1288128,0,282.7950587,352.6280216,-8.655206403
0.07662206601,0.04254095778,2.845262018,-0.2651595872,1,60.6408887,2.857590866,301.9518908,0,243.476327,392.7357833,-5.324209349
0.07662206601,0.04640831758,2.811526414,-0.6000363602,1,-127.4698395,2.874843371,188.9912776,0,27.65179223,307.875033,-12.0473322
0.07662206601,0.05027567738,2.459229715,-0.7249258435,1,-154.1151455,2.563850282,163.9523958,0,44.49816996,156.8527452,-16.4243363
0.07662206601,0.05414303718,2.38759813,-0.5725794568,1,-88.87589268,2.4552947,115.1260308,0,96.88335853,72.58724234,-13.48565623
0.07662206601,0.05801039698,2.490197466,-0.560413043,1,-36.32989955,2.552478442,15.40844055,0,105.8199882,21.69780512,-12.68298108
0.07662206601,0.06187775677,2.656341305,-0.5969026925,1,-66.3894718,2.722580018,-25.57685421,0,128.3486274,12.62454522,-12.66449013
0.07662206601,0.06574511657,2.729815814,-0.7081515994,1,-73.06831996,2.820172524,-15.41126122,0,151.4178927,-13.80847866,-14.54274584
0.07662206601,0.06961247637,2.959347293,-0.6031012293,1,-12.05164866,3.020176732,52.3139869,0,153.1258719,9.636337712,-11.51887306
0.07662206601,0.07347983617,3.275400593,-0.5431017746,1,14.64312232,3.320121772,52.22140067,0,173.0115079,82.97916415,-9.414688204
0.07662206601,0.07734719597,3.685075266,-0.7220525673,1,-3.371946643,3.755148416,-61.52229768,0,225.8374524,101.4157765,-11.08606876
0.07662206601,0.08121455577,4.135754747,-1.173241932,1,-88.24679004,4.298949169,-176.6841975,0,213.7595352,11.87032853,-15.83772016
0.07662206601,0.08508191556,4.170478211,-1.451260761,1,-156.7830089,4.415772447,-89.78930107,6.307342514,126.9700093,-9.805427578,-19.18709202
0.07662206601,0.08894927536,4.02045715,-1.482568349,1,-103.393704,4.285100303,-39.24710962,0,186.1086289,-80.53501697,-20.24176328
0.07662206601,0.09281663516,4.490366586,-1.291585568,1,72.91767727,4.672428208,-78.28558587,0,481.008034,-132.4667582,-16.04707537
0.07662206601,0.09668399496,6.162687177,-1.273030261,1,-57.72237323,6.292799003,-96.72137971,0,421.9987746,-70.88684514,-11.67146142
0.07662206601,0.1005513548,5.899154496,-1.391497008,1,-296.793458,6.061046749,-115.7719093,63.2965951,186.1732856,-84.26838519,-13.27236427
0.07662206601,0.1044187146,5.734879169,-1.394865724,1,-585.1232671,5.902075014,-209.1954464,159.1449597,-213.5414296,-208.9751365,-13.67031779
0.07662206601,0.1082860744,2.810430756,-1.392349026,1,-809.6378103,3.136424213,-115.3090271,233.5584033,-311.9164556,-36.21080452,-26.35482382
0.07662206601,0.1121534342,1.39742529,-1.70076701,1,-886.4707489,2.201228262,353.141554,243.0656387,-266.3262464,512.6533057,-50.59196431
0.07662206601,0.116020794,-1.64785,-2.009238362,1,-468.4835947,2.598547367,322.1539662,90.33772419,184.8510823,67.39046914,-129.3564336
0.07662206601,0.1198881537,0.3005163141,-0.7155049033,1,383.8606294,0.7760523962,175.6355348,0,623.7344305,-493.4170106,-67.21730466
0.0804894258,0.01546943919,0.3397603049,0.1268406084,1,-83.74544704,0.3626645898,447.0732326,0,-23.56436749,500.1072307,20.47180015
0.0804894258,0.01933679899,0.1322574735,0.02428983226,1,-41.51762479,0.1344694585,214.8803646,0,3.437053458,251.4383095,10.40672365
0.0804894258,0.02320415879,0.1924890342,-0.01454211802,1,26.90553686,0.193037565,16.29136053,0,71.71478411,30.84701305,-4.320361626
0.0804894258,0.02707151859,0.5136577382,-0.03200211314,1,114.8168071,0.514653677,2.705415347,0,134.8594259,15.72241195,-3.565057007
0.0804894258,0.03093887839,1.15807686,-0.0648835274,1,193.6020847,1.15989305,75.6768559,0,257.529036,80.35640349,-3.206755866
0.0804894258,0.03480623819,2.258344098,-0.05009960737,1,223.2057248,2.25889974,186.8253177,0,280.4134373,183.2103128,-1.270853854
0.0804894258,0.03867359798,3.105753361,-0.05090300291,1,169.5564841,3.106170481,287.6666657,0,261.0868077,274.2760329,-0.938988316
0.0804894258,0.04254095778,3.923796652,0.001686787742,1,3.622338242,3.923797015,300.4458835,0,93.03872019,351.4228484,0.02463068837
0.0804894258,0.04640831758,3.479576453,-0.2480492673,1,-200.8456298,3.488406618,458.8112198,0,-9.59315409,496.9995807,-4.077557908
0.0804894258,0.05027567738,3.10995416,-0.1460013441,1,-298.1782654,3.113379397,227.8671376,43.22969016,135.3451515,269.8440326,-2.687860627
0.0804894258,0.05414303718,2.849842214,-0.4103890235,1,-130.5046184,2.879239447,224.870615,0,-63.38974598,320.2808609,-8.194494663
0.0804894258,0.05801039698,2.360094889,-0.5149870935,1,-79.94115301,2.415628199,114.2916637,0,-45.77187719,76.67669763,-12.30934365
0.0804894258,0.06187775677,2.363664695,-0.2649184158,1,-71.42298883,2.378464327,-63.15985109,0,122.048353,-114.0269756,-6.394995263
0.0804894258,0.06574511657,2.555881388,-0.3182656213,1,-25.89185343,2.575620833,-74.06697589,0,201.0903063,-67.81781866,-7.098096388
0.0804894258,0.06961247637,3.041220148,-0.2890861552,1,27.59048651,3.054928934,39.30204069,0,203.7850476,30.4904289,-5.429991093
0.0804894258,0.07347983617,3.450693827,-0.2841879481,1,-20.95526956,3.462376449,-12.02225791,0,171.8615249,37.41191404,-4.708069321
0.0804894258,0.07734719597,3.624828933,-0.4802658845,1,-81.89890602,3.656506545,-73.5447137,0,135.5087926,-9.16071028,-7.547353753
0.0804894258,0.08121455577,3.658022547,-0.5331840545,1,-187.563253,3.6966761,-111.4775817,0,193.5741196,-68.52837783,-8.292887916
0.0804894258,0.08508191556,3.648075117,-0.6463659089,1,-195.8582999,3.704894188,-108.0096503,0,232.3645886,-74.09922556,-10.04739312
0.0804894258,0.08894927536,3.7992055,-0.6643278678,1,-155.359713,3.856850263,12.43999608,0,270.5400284,-53.9171332,-9.918444621
0.0804894258,0.09281663516,4.093518838,-0.3897390148,1,-114.0509997,4.112030275,-33.296238,0,288.9180063,-134.9075385,-5.438668598
0.0804894258,0.09668399496,4.475479132,-0.2713604092,1,-177.7559593,4.483698242,-409.1260029,0,209.6814801,-379.6263391,-3.469750323
0.0804894258,0.1005513548,4.216986314,-0.5038248289,1,-244.5444262,4.246976929,-318.7749226,0,193.6982578,-202.7467307,-6.813123507
0.0804894258,0.1044187146,4.278838704,-0.7200831739,1,-157.0709466,4.339006848,-138.1438666,0,212.4495719,-139.9268178,-9.552760931
0.0804894258,0.1082860744,4.431155383,-0.4969295148,1,-243.4884547,4.458932268,293.8325365,0,130.5407748,327.6684813,-6.398669429
0.0804894258,0.1121534342,3.842029387,-0.8509389465,1,-659.7106757,3.935134928,341.0000838,164.4021552,-221.221213,349.2934885,-12.48836562
0.0804894258,0.116020794,1.024274812,-0.5290030948,1,-756.2896978,1.152815321,500.832145,169.9516008,-180.575698,399.3923793,-27.3148148
0.0804894258,0.1198881537,0.2188338193,-0.4586348746,2,-283.7840771,0.5081674809,-107.0587668,0,-132.7486659,-143.4495987,-64.49224483
0.0843567856,0.01546943919,3.192169178,0.245005264,1,-530.7022309,3.201557689,203.9362744,0,-565.3565754,281.7601032,4.388959033
0.0843567856,0.01933679899,1.072742296,0.09451889069,1,-379.06685,1.076898256,152.6913511,0,-373.0633301,195.6650023,5.035304678
0.0843567856,0.02320415879,0.2834111558,0.07881069287,1,-77.86932175,0.2941649342,31.23051088,15.49023954,-51.87791683,54.88262328,15.5401326
0.0843567856,0.02707151859,0.5709630411,0.003047662048,1,138.6158051,0.5709711749,-0.7508971892,0,158.3294297,-3.469969403,0.3058280515
0.0843567856,0.03093887839,1.431805219,0.08932632344,1,224.1226291,1.434588923,20.39365744,0,263.5984175,-7.961751848,3.569896707
0.0843567856,0.03480623819,2.457155809,0.112708232,1,275.6544689,2.45973938,39.45859603,0,338.9315087,35.39587953,2.626281447
0.0843567856,0.03867359798,3.808630322,0.1050383099,1,361.4021475,3.810078473,109.3501994,0,390.8208903,117.6407387,1.579761279
0.0843567856,0.04254095778,5.366272945,0.08064573362,1,341.2892218,5.366878893,177.6769175,0,356.6960958,168.7386579,0.8609909354
0.0843567856,0.04640831758,6.507990679,0.1396057758,1,-191.970051,6.509487879,452.4512146,0,-62.00555801,227.227935,1.22888854
0.0843567856,0.05027567738,4.384057885,0.9516651907,1,-415.2583246,4.486159847,130.0818437,120.2665944,-105.0179755,247.1197963,12.2474154
0.0843567856,0.05414303718,4.495895032,-0.3130220972,1,-207.3789884,4.50677878,122.6702898,44.30866022,-91.35635453,479.4856424,-3.982732965
0.0843567856,0.05801039698,3.22874083,-0.4282681594,1,-359.5687098,3.257020258,262.5219663,0,-293.2795041,142.4548615,-7.55574773
0.0843567856,0.06187775677,1.971096095,0.151320597,1,-211.2586577,1.976895986,76.0978628,59.43051768,-59.6353426,-78.51362167,4.389973174
0.0843567856,0.06574511657,2.181096263,0.16967008,1,55.51513644,2.187685728,-88.53244288,0,269.8137326,-69.6528796,4.448148855
0.0843567856,0.06961247637,3.229259884,0.07830653296,1,46.18421341,3.230209175,-10.26609532,0,262.1644605,-18.77837921,1.389096856
0.0843567856,0.07347983617,3.373591528,0.2025901446,1,-131.9795844,3.379669003,14.45026375,0,167.1363211,3.994889672,3.43658595
0.0843567856,0.07734719597,3.365223634,0.1187412263,1,-179.7587968,3.367317862,7.140454463,0,196.828687,-18.24204956,2.020831461
0.0843567856,0.08121455577,3.439606935,0.3007534202,1,-189.2781866,3.452730584,-10.89969312,0,215.3874799,-33.160357,4.997136903
0.0843567856,0.08508191556,3.466197665,0.2048312229,1,-118.369161,3.472244531,-60.72770353,0,227.0849838,-25.50619875,3.38189949
0.0843567856,0.08894927536,3.860050138,0.1645391886,1,-129.1455211,3.863555385,-0.0914829655,0,225.7655453,-16.12550776,2.440822559
0.0843567856,0.09281663516,3.839862063,0.2668405658,1,-226.8758006,3.849122569,-23.36427006,70.60794256,33.52630695,-39.08314052,3.975220527
0.0843567856,0.09668399496,3.112298079,0.2253297163,1,-118.5498204,3.120444329,-92.53809904,0,129.508345,-101.9772425,4.140976995
0.0843567856,0.1005513548,3.88224262,0.3033451297,1,-22.34082116,3.894075761,-9.858062325,0,422.4023063,39.56238272,4.46781806
0.0843567856,0.1044187146,4.659479783,0.03420307395,1,-38.17178898,4.659605316,67.09206849,0,382.5297634,131.5258328,0.420574115
0.0843567856,0.1082860744,5.213998807,0.0541565798,1,-228.8927877,5.214280055,70.14625624,64.64066598,75.70277845,80.27553458,0.5950963916
0.0843567856,0.1121534342,4.0670389,-0.004970489912,1,-637.3912721,4.067041937,60.79175146,186.2568086,-236.6822169,18.61873291,-0.07002341489
0.0843567856,0.116020794,1.833642135,0.2172548163,1,-738.1484296,1.846467745,152.6381311,168.9345404,-486.2860205,185.3286854,6.757055612
0.0843567856,0.1198881537,-0.668289668,-0.1313966257,1,-683.3943548,0.6810845422,-231.4383366,0,-610.4763649,-51.1337049,-168.8766047
0.0882241454,0.01546943919,2.21812295,-0.007180210513,1,-134.8699083,2.218134571,196.9483808,0,-247.1199548,168.66665,-0.1854695753
0.0882241454,0.01933679899,1.47947683,0.04750760395,1,-210.2159785,1.480239394,38.2001005,0,-227.4478363,14.11229594,1.839197585
0.0882241454,0.02320415879,0.5255195074,0.08597599648,1,-121.6651667,0.5325059855,42.53158078,0,-132.2917323,43.37712871,9.291386162
0.0882241454,0.02707151859,0.4973341284,0.04423756589,1,79.28771779,0.4992977043,11.4336175,0,96.70728666,10.96623064,5.083046959
0.0882241454,0.03093887839,1.206155512,0.08778354964,1,257.948251,1.20934572,-2.346183165,0,272.2582118,-41.23005081,4.162626243
0.0882241454,0.03480623819,2.547833288,0.1946154724,1,346.640193,2.555255299,-18.34846566,0,371.5380015,-11.90642495,4.368038622
0.0882241454,0.03867359798,3.98360899,0.0628698604,1,351.1625476,3.984105069,-31.98615527,0,351.0418441,2.493377718,0.9041747425
0.0882241454,0.04254095778,5.263510322,0.06127071268,1,259.1920477,5.263866926,-129.2911133,0,290.1572223,-178.8598986,0.6669303329
0.0882241454,0.04640831758,6.108140272,0.254570188,1,-127.5686424,6.113442857,-209.1528495,0,-52.08407694,-465.7979637,2.38654654
0.0882241454,0.05027567738,4.568728618,1.05380971,1,-87.78376584,4.688688099,-235.1305265,0,-152.5725657,-179.2117724,12.98851705
0.0882241454,0.05414303718,5.178595858,0.03831224646,1,-203.4957672,5.178737577,-271.4103549,0,37.37659053,67.95103438,0.4238774445
0.0882241454,0.05801039698,3.926285992,-0.2586228844,1,-461.9768643,3.934794466,-6.237228154,118.9716351,-268.3078569,-79.4528755,-3.768605907
0.0882241454,0.06187775677,2.354322086,0.3214634976,1,-312.5227775,2.376167348,161.1201052,56.33680425,-200.0140086,-37.75640966,7.77519037
0.0882241454,0.06574511657,1.944121831,0.5105041542,1,18.78103277,2.010030891,51.45501409,0,129.7887044,-6.652760631,14.71305087
0.0882241454,0.06961247637,2.928894715,0.5461871695,1,106.9513054,2.979386627,-1.038521893,0,301.0547046,-94.66744304,10.5633181
0.0882241454,0.07347983617,3.522027871,0.8726008798,1,-45.36536489,3.628513831,42.07154901,0,214.2144996,-69.10151577,13.9151303
0.0882241454,0.07734719597,3.581895071,0.9761334109,1,-159.6306439,3.712520536,38.28648866,11.38552964,150.735327,-2.879269009,15.24399545
0.0882241454,0.08121455577,3.48762648,1.031803676,1,-180.2743017,3.637053381,-2.840663485,44.8963875,111.1528612,71.24187934,16.48069096
0.0882241454,0.08508191556,3.31457759,0.689629563,1,-124.0389212,3.38555956,-4.839292897,0,188.3882692,78.82573193,11.75325469
0.0882241454,0.08894927536,3.736488562,0.7082409225,1,-97.27004666,3.803018798,-16.22993407,0,236.2368538,2.464973898,10.73292508
0.0882241454,0.09281663516,3.852012233,0.6173296275,1,-174.3855425,3.901165738,-13.72708933,9.98793681,170.9541983,-8.485488781,9.104890535
0.0882241454,0.09668399496,3.72321832,0.6879697673,1,-110.7306721,3.786245773,202.9138133,0,234.807924,48.07245727,10.46893279
0.0882241454,0.1005513548,4.331863609,1.216156863,1,23.62429812,4.499342156,158.2862917,0,318.6627763,101.6710966,15.68191672
0.0882241454,0.1044187146,5.046965591,0.9069210967,1,-99.97591075,5.127803384,-71.35444307,0,276.0720064,67.01016698,10.18711878
0.0882241454,0.1082860744,5.01289057,0.6810511325,1,-325.9356993,5.058942825,-108.4054364,92.61596038,93.7806024,-54.57699441,7.736832636
0.0882241454,0.1121534342,4.149138302,0.6987471443,1,-577.2616236,4.207564167,14.46445146,178.8493489,-116.1252394,75.49101317,9.55935664
0.0882241454,0.116020794,2.331314091,0.4450394611,1,-800.6668283,2.373412209,90.41631014,196.2422553,-498.1810933,316.7676096,10.80752923
0.0882241454,0.1198881537,-0.873973934,-0.1766347717,1,-900.6620615,0.8916447049,9.974564557,0,-756.9483975,331.472571,-168.5741288
0.0920915052,0.01546943919,4.606134049,-0.1891060533,1,-844.194813,4.610014315,330.654509,0,-878.469262,218.4419601,-2.350973113
0.0920915052,0.01933679899,1.275053155,0.02787709685,1,-511.5166262,1.275357863,22.71049766,0,-520.3198753,-35.93933202,1.252485484
0.0920915052,0.02320415879,0.6156510452,0.03771394018,1,-73.12712037,0.6168051157,-7.460785498,0,-86.53266651,-18.4600997,3.50548048
0.0920915052,0.02707151859,0.6575913133,0.07041540239,1,68.29639328,0.6613506364,18.54220955,0,99.16389809,-9.113389089,6.111988154
0.0920915052,0.03093887839,1.263280244,0.1446680906,1,208.8093234,1.271536799,42.41924007,0,226.2569844,6.585591132,6.532928225
0.0920915052,0.03480623819,2.340149262,0.2089970157,1,309.7985301,2.349463411,-43.04142561,0,318.8709039,-32.6734778,5.10350406
0.0920915052,0.03867359798,3.694571139,0.104571506,1,217.8640707,3.696050744,-133.7355272,0,256.4628459,-131.512354,1.621272542
0.0920915052,0.04254095778,4.17454211,0.200399205,1,-10.85921913,4.179349431,-159.2869395,0,63.38650108,-243.830468,2.748378259
0.0920915052,0.04640831758,3.897713038,0.4315317497,1,-198.3998688,3.921528602,-231.3296447,0,-161.7670272,-360.7989499,6.317720509
0.0920915052,0.05027567738,2.781647136,0.7011035908,1,43.71448088,2.868642019,-83.15829294,0,-92.49928833,-131.5081325,14.14653248
0.0920915052,0.05414303718,3.709044635,0.6185179754,1,-86.43871064,3.760262835,-308.6208799,0,116.3555629,-210.2633345,9.467490519
0.0920915052,0.05801039698,2.897346368,0.3207195741,1,-285.787366,2.915043228,-158.5785706,74.13878957,-40.23783175,-150.2820866,6.316597381
0.0920915052,0.06187775677,2.448187892,0.5864324866,1,-140.9562517,2.517444541,63.96825392,39.74030756,0.5546084783,-7.981894783,13.47066749
0.0920915052,0.06574511657,2.354362697,0.5989766867,1,3.854909024,2.429361394,110.8240286,0,102.4042995,48.10896158,14.27388159
0.0920915052,0.06961247637,2.859130483,0.8289742156,1,28.96654518,2.97688182,70.82503055,0,207.5499085,-86.25944623,16.16894952
0.0920915052,0.07347983617,3.269056922,1.206478877,1,5.738347596,3.484583826,-11.93699888,0,160.5315736,-138.6549446,20.25709777
0.0920915052,0.07734719597,3.502156092,1.319038105,1,-23.44752457,3.742319978,7.199863938,0,135.9485973,-50.02993845,20.63818102
0.0920915052,0.08121455577,3.704139048,1.427807114,1,-66.81063369,3.969795869,39.72047737,0,131.4991464,15.39859393,21.07978611
0.0920915052,0.08508191556,3.752329845,1.413099579,1,-140.3115994,4.00959221,63.73876277,0,166.8612462,56.88053,20.63600167
0.0920915052,0.08894927536,3.806816084,1.454330368,1,-172.7425818,4.07515957,-9.25233148,0,173.1635889,-58.19890671,20.90851998
0.0920915052,0.09281663516,3.753958031,1.602393596,1,-187.4187807,4.081649928,-15.39703674,0,258.8205178,-43.14760289,23.11542721
0.0920915052,0.09668399496,4.082952292,1.561651792,1,-74.1168561,4.371413471,60.21890302,0,367.2453471,101.0810223,20.93090428
0.0920915052,0.1005513548,4.887591373,1.444365079,1,-14.66656662,5.096541956,65.80054334,0,159.3975051,84.71166729,16.46329225
0.0920915052,0.1044187146,4.642678905,1.488515671,1,-171.6197888,4.875463703,-12.25289064,45.46290194,93.03794416,-72.49694982,17.77666525
0.0920915052,0.1082860744,4.583687106,1.677350532,1,-274.0490705,4.880951986,-7.574384022,53.64912282,215.1588019,-82.53357271,20.09955079
0.0920915052,0.1121534342,4.414929048,1.778409824,1,-485.2729691,4.75965755,-20.58089783,142.2617905,181.3658307,54.47665026,21.9404291
0.0920915052,0.116020794,3.408368857,1.387075988,1,-771.796553,3.679804079,88.70325796,234.0756962,-201.1462261,438.8165325,22.14444637
0.0920915052,0.1198881537,0.6522092575,0.4243958211,1,-946.7714138,0.7781315624,316.1607682,0,-478.5728743,814.0095419,33.05225432
0.095958865,0.01546943919,4.34167656,-0.1397318364,1,-775.6651844,4.343924532,-322.0033997,0,-730.9752856,-401.2275303,-1.843362092
0.095958865,0.01933679899,1.428316168,0.01346227236,1,-500.036572,1.428379609,-60.17808557,0,-512.6445971,-105.1347929,0.5400124755
0.095958865,0.02320415879,0.425274118,0.03413192624,1,-112.4669361,0.4266416105,-28.34401238,0,-118.832308,-67.16921835,4.588646221
0.095958865,0.02707151859,0.5337987696,0.1636133131,1,102.967457,0.5583103462,-7.333752827,0,147.9532639,-38.65434686,17.04069364
0.095958865,0.03093887839,1.395674826,0.1552599325,1,205.5291876,1.404284112,-2.054078564,0,239.5335515,-19.14281513,6.347691753
0.095958865,0.03480623819,2.255016514,0.2297016059,1,194.9444945,2.266685313,-58.20532593,0,208.9809876,-72.91439941,5.816230011
0.095958865,0.03867359798,2.957799997,0.2121452119,1,171.5946795,2.965398188,-104.8701968,0,203.2072081,-135.5640103,4.102456637
0.095958865,0.04254095778,3.704510266,0.3484056262,1,72.07709244,3.720857804,-61.45017715,0,150.3914642,-109.0530289,5.3728089
0.095958865,0.04640831758,3.81816595,0.3962425668,1,-23.26968348,3.838671566,-52.73621752,0,32.06794619,-98.92184228,5.924846222
0.095958865,0.05027567738,3.738536314,0.5270220547,1,-68.84425923,3.775500764,89.54216683,0,-98.26769205,-20.70051104,8.024120531
0.095958865,0.05414303718,3.171883907,0.8225906673,1,-167.3078396,3.276812922,-91.574429,33.1171561,-93.00556875,-133.9763431,14.53869317
0.095958865,0.05801039698,2.731810704,0.6910055128,1,-172.6680705,2.81784995,-28.45702175,53.60670407,17.25392283,-40.38925572,14.1950944
0.095958865,0.06187775677,2.570841481,0.8687369093,1,-106.7587206,2.713656157,51.20269313,22.21470756,62.01558189,-0.6736779876,18.67110258
0.095958865,0.06574511657,2.558772888,0.8916301049,1,-62.59900032,2.709672108,88.87198947,0,139.7479627,-6.308288386,19.21140435
0.095958865,0.06961247637,2.869204276,1.236833289,1,-62.98464213,3.124434311,38.02512802,0,161.4657185,-111.8476287,23.31951548
0.095958865,0.07347983617,2.939634643,1.471241979,1,-4.657891724,3.287248819,-17.82195806,0,146.1113676,-109.8077814,26.58726102
0.095958865,0.07734719597,3.416255762,1.592575565,1,12.08517759,3.769230739,-8.269218334,0,184.7305203,-92.95153007,24.99379139
0.095958865,0.08121455577,3.700791761,1.798738947,1,-50.88169374,4.1147687,4.374904283,0,145.2096204,-69.3192766,25.92168245
0.095958865,0.08508191556,3.781055794,1.877577477,1,-125.9641095,4.221573178,38.03328589,31.37128392,67.74314809,-25.89807984,26.40784207
0.095958865,0.08894927536,3.475630355,2.045984541,1,-153.0945093,4.033120269,-10.52291112,32.54603653,112.897384,-130.8944561,30.48386449
0.095958865,0.09281663516,3.625599047,2.343097551,1,-44.31911758,4.316836178,-18.20962026,0,269.6389369,-108.4240523,32.87316911
0.095958865,0.09668399496,4.347023166,2.394876209,1,-29.76047381,4.963067848,-80.6571309,0,362.8945759,36.67673986,28.85139162
0.095958865,0.1005513548,4.913948481,1.889325256,1,-148.2655687,5.264640501,-115.7266796,0,244.5028774,4.362595616,21.03085844
0.095958865,0.1044187146,4.719207465,1.930447774,1,-175.3438354,5.09877904,57.61297912,38.93716176,110.8197637,-119.1662115,22.24759776
0.095958865,0.1082860744,4.664410681,2.572993991,1,-231.859592,5.327009018,121.9076601,49.91661323,118.350088,-226.2449648,28.88211817
0.095958865,0.1121534342,4.280225372,3.276879239,1,-268.8848672,5.390572027,-52.8662026,56.78060034,193.1257514,-73.28209539,37.43715112
0.095958865,0.116020794,4.371422922,2.651949594,1,-349.4858374,5.112941914,-159.3376672,86.74514553,146.9124736,265.4538926,31.24334224
0.095958865,0.1198881537,3.496801289,1.634057438,1,-481.7654682,3.859762035,127.9832027,0,29.45604863,654.3847841,25.04671376
0.0998262248,0.01546943919,1.809139826,-0.01627413516,1,-313.6628521,1.809213021,-376.7165975,0,-293.1651198,-374.3332986,-0.5153908489
0.0998262248,0.01933679899,0.6357287742,-0.02088267244,1,-183.0660368,0.6360716629,-137.7374225,0,-221.0527654,-145.3319815,-1.881398135
0.0998262248,0.02320415879,0.2462670165,0.01309675665,1,-16.51555021,0.2466150207,-9.493593908,0,-23.81945788,-78.08674009,3.044186208
0.0998262248,0.02707151859,0.4797387854,0.2443917036,1,113.0774497,0.538401901,4.158573228,0,128.6991787,-63.86676124,26.99550398
0.0998262248,0.03093887839,1.181304229,0.2761752004,1,157.1205964,1.213158037,-71.8733942,0,192.8140857,-76.75772926,13.1587458
0.0998262248,0.03480623819,1.833062107,0.2632811846,1,194.0650304,1.851873017,-100.9204483,0,215.3670902,-88.16066523,8.173446745
0.0998262248,0.03867359798,2.764725552,0.2268285284,1,208.8780054,2.774014881,-43.03639291,0,226.0654305,-105.0910984,4.690257358
0.0998262248,0.04254095778,3.515144866,0.5032690579,1,61.85118872,3.550989041,-37.17082197,0,79.45224058,-145.4394516,8.147760591
0.0998262248,0.04640831758,3.311196754,0.645542274,1,-90.04831331,3.373536538,-86.26011035,0,-30.77372086,-107.9916109,11.03185699
0.0998262248,0.05027567738,3.047882588,0.5873125896,1,-84.08174269,3.10395302,-69.72441241,8.481529092,-38.5957771,-137.0388932,10.90694069
0.0998262248,0.05414303718,2.836758646,0.9058715907,1,-79.75475244,2.977885652,-31.29301576,21.4510156,-28.01632856,-152.2808966,17.71001574
0.0998262248,0.05801039698,2.631093042,1.055216256,1,-117.2728822,2.834807214,-40.18925044,27.59115522,67.32747169,-126.364798,21.85356075
0.0998262248,0.06187775677,2.643601774,1.239143439,1,-81.20431399,2.919607302,30.42698573,0,92.21264933,-53.94813267,25.11403719
0.0998262248,0.06574511657,2.673666235,1.381525197,1,-106.4086552,3.00950212,107.0038326,0,88.31634784,-11.38729257,27.32610663
0.0998262248,0.06961247637,2.573632311,1.697004517,1,-69.70978232,3.082759738,4.411925565,0,96.03279543,-101.0948476,33.40010362
0.0998262248,0.07347983617,2.775466798,1.78955785,1,-10.66156993,3.302382965,3.446215441,0,149.5332435,-71.46671241,32.81300216
0.0998262248,0.07734719597,3.110699039,1.986719762,1,-9.848812724,3.691003105,-30.62864818,0,185.0352526,-133.1805054,32.56527582
0.0998262248,0.08121455577,3.452975793,2.186162779,1,2.177199367,4.086850808,-87.45095863,0,175.8672678,-132.834757,32.33889346
0.0998262248,0.08508191556,3.799261053,2.16223524,1,-131.6065045,4.371458084,-69.18051853,24.22461795,81.68315636,-145.9393304,29.64506745
0.0998262248,0.08894927536,3.259904243,2.483016723,1,-192.7420465,4.097846718,53.79095976,55.97324085,54.39417497,-115.4064123,37.29594242
0.0998262248,0.09281663516,3.264220057,2.816582354,1,-27.2192174,4.311411456,25.10374225,0,196.0579306,-129.3099803,40.78977087
0.0998262248,0.09668399496,3.912864295,3.080190146,1,7.076628307,4.979766895,-153.9931844,0,301.3214513,-191.9414568,38.20967088
0.0998262248,0.1005513548,4.456906392,2.963341978,1,-173.4509431,5.352140718,-293.3048323,0,300.6090402,-167.9022578,33.61944219
0.0998262248,0.1044187146,4.404630408,2.59521327,1,-246.2755461,5.11232833,-197.3397839,0,174.7204806,-215.0250769,30.50664064
0.0998262248,0.1082860744,4.180177209,3.031737369,1,-196.9776641,5.163846722,-117.2546799,44.35196742,73.49232996,-368.0608881,35.95207315
0.0998262248,0.1121534342,3.927068191,3.565171117,1,-109.5393288,5.303989977,-205.0616341,0,16.08572044,-276.192717,42.23459564
0.0998262248,0.116020794,3.818758481,3.306826859,1,-169.9535613,5.051536421,-383.7452182,0,105.5270669,-82.84284173,40.8906939
0.0998262248,0.1198881537,3.677907757,2.401473363,1,-181.40952,4.392502679,-330.8725517,0,108.5687547,137.3298102,33.14234792
0.1036935846,0.01546943919,1.437096385,-0.06045973058,1,-279.8810962,1.438367616,-233.0484004,0,-290.7983895,-195.3036092,-2.409056097
0.1036935846,0.01933679899,0.3335849347,-0.1334460747,1,-169.4557105,0.3592864644,-54.52500126,0,-179.7558965,-71.68006863,-21.80320119
0.1036935846,0.02320415879,0.08656945519,0.005885087319,1,-8.100580877,0.08676926198,13.67587155,0,0.1625527137,-78.75779205,3.889046845
0.1036935846,0.02707151859,0.3028857237,0.22402816,1,104.8052235,0.3767338292,16.26605268,18.67401766,85.06470784,-58.05193838,36.48832639
0.1036935846,0.03093887839,0.8208647947,0.2932994982,1,155.6278676,0.8716900865,-53.42847217,0,160.0619459,-76.1975395,19.66208775
0.1036935846,0.03480623819,1.523771817,0.3120843357,1,184.2317661,1.555402579,-88.81284617,0,220.1973481,-85.01585538,11.57470141
0.1036935846,0.03867359798,2.384937692,0.2786151687,1,157.1205564,2.401156848,-125.9339314,0,224.1521711,-152.9267369,6.663252193
0.1036935846,0.04254095778,2.998290636,0.4164752266,1,75.81754705,3.027077526,-136.9307967,0,100.5267797,-226.6208157,7.908024569
0.1036935846,0.04640831758,3.066924652,0.6254787428,1,-21.27352524,3.130055987,-93.09575784,0,5.918755947,-167.1662963,11.52701163
0.1036935846,0.05027567738,2.938908218,0.7029326494,1,-120.4452556,3.021803406,-23.59030783,35.59296744,-35.98888677,-126.2968171,13.45138578
0.1036935846,0.05414303718,2.461937539,1.022681768,1,-136.1907089,2.665898431,20.19500337,33.33198664,-83.91344233,-161.321299,22.55785775
0.1036935846,0.05801039698,2.087686272,1.4049215,1,-53.63772479,2.516393926,-9.181364375,0,58.27634252,-142.7921378,33.93882792
0.1036935846,0.06187775677,2.479876743,1.539402702,1,48.95636287,2.918826705,-18.2829238,0,168.4710869,-80.28394413,31.83026288
0.1036935846,0.06574511657,2.928556451,1.644701753,1,-60.11845046,3.358792453,43.35707719,0,64.10563777,-44.14881509,29.31893019
0.1036935846,0.06961247637,2.49529663,1.877819471,1,-76.50849323,3.122933115,87.15784759,0,11.35253257,-28.18471953,36.9630553
0.1036935846,0.07347983617,2.676574908,2.090772961,1,-23.19092539,3.39637819,18.58258999,0,97.51816974,-102.544721,37.99472856
0.1036935846,0.07734719597,2.782746827,2.346262364,1,-54.66703759,3.639866342,-17.62216425,0,99.21751684,-115.799731,40.13578454
0.1036935846,0.08121455577,2.84886764,2.470460935,1,-50.03487643,3.770838642,-58.78665315,0,93.05210774,-150.8864295,40.93094426
0.1036935846,0.08508191556,2.949109938,2.702445337,1,-69.09731944,4.000057528,-71.71972112,0,169.546621,-209.0972399,42.50088672
0.1036935846,0.08894927536,3.237341231,3.001749229,1,-90.72727957,4.414847299,20.52145208,0,161.4437652,-109.8375801,42.83750254
0.1036935846,0.09281663516,3.222596032,3.206590617,1,-148.013534,4.546135564,-38.09521973,35.42082375,89.01416471,-175.4182533,44.85736286
0.1036935846,0.09668399496,3.009169442,3.532826808,1,-161.305542,4.640685939,-189.3966113,0,137.438792,-322.8455758,49.57651167
0.1036935846,0.1005513548,3.130294722,3.722685778,1,-142.6475749,4.863860036,-314.7215035,0,172.4546638,-321.3834319,49.94052818
0.1036935846,0.1044187146,3.12444418,3.558590882,1,-257.3664591,4.735580271,-343.2820991,0,168.7339097,-316.4713004,48.71685474
0.1036935846,0.1082860744,2.787520764,3.618998773,1,-296.8326226,4.568087579,-268.7114376,16.76797986,114.4336284,-321.4930851,52.39486716
0.1036935846,0.1121534342,2.419041642,3.762716504,1,-140.7864795,4.473231265,-300.6848051,0,83.75487173,-326.111332,57.26313106
0.1036935846,0.116020794,2.566959017,3.717332301,1,-58.62472246,4.517503517,-444.267935,0,143.7629682,-183.8296007,55.37344893
0.1036935846,0.1198881537,2.748301871,2.755507759,1,-75.18662195,3.891784448,-497.2360059,0,168.9678391,0.1702825361,45.07501472
0.1075609444,0.01546943919,0.1525484842,-0.05849523655,1,-18.96224991,0.1633791074,-171.2748092,0,16.42815745,-170.125725,-20.97949166
0.1075609444,0.01933679899,0.1476483605,-0.06071719752,1,-47.27691573,0.1596452832,-20.88606316,13.26422096,6.428202683,-47.661049,-22.35385618
0.1075609444,0.02320415879,-0.005428186486,0.04505326731,1,15.46266815,0.04537909325,4.930697762,0,28.62150796,-54.22211867,96.87009509
0.1075609444,0.02707151859,0.3181377309,0.1680480267,1,101.314313,0.3597940454,27.61408907,19.34524595,75.91822429,-36.58219019,27.84409521
0.1075609444,0.03093887839,0.679993803,0.2933233769,1,110.6087712,0.740560717,-20.39349364,5.559371613,107.283095,-80.98392639,23.33352388
0.1075609444,0.03480623819,1.160803975,0.4023730305,1,106.9474944,1.228564172,-97.39353735,0,153.2499695,-147.2312906,19.11800722
0.1075609444,0.03867359798,1.686271015,0.4860639004,1,69.16325215,1.754926793,-191.5425452,0,176.0572729,-242.3409014,16.07950982
0.1075609444,0.04254095778,2.109159975,0.5988285508,1,9.77070521,2.192521707,-232.2334027,0,150.1313382,-300.6626988,15.85020048
0.1075609444,0.04640831758,2.304669749,0.7507046091,1,-20.54020871,2.423852319,-180.1464788,0,113.382662,-261.6251156,18.04208545
0.1075609444,0.05027567738,2.468215147,0.913935755,1,-65.71527813,2.631988711,-109.4582185,0,62.17351686,-201.8576847,20.31868655
0.1075609444,0.05414303718,2.290972484,1.10804659,1,-83.31776189,2.544861915,35.96487845,22.24678059,-26.53969633,-112.4807009,25.81109216
0.1075609444,0.05801039698,2.043356829,1.488028221,1,-17.71728386,2.527752978,110.3188305,0,10.33130111,-43.09417454,36.06312921
0.1075609444,0.06187775677,2.262408231,1.701349878,1,66.2511602,2.830738846,40.57416794,0,95.93893941,-56.11097138,36.94347142
0.1075609444,0.06574511657,2.6706043,1.861944442,1,12.46969109,3.255605079,-24.43122498,0,126.9779975,-111.1686519,34.88419593
0.1075609444,0.06961247637,2.801702616,2.036794716,1,-84.60900622,3.46382307,60.9855866,16.34480197,27.76162625,-41.00619344,36.01657528
0.1075609444,0.07347983617,2.450755028,2.256383351,1,-79.3453665,3.331285943,75.6047608,0,25.82201674,-65.33169569,42.63543101
0.1075609444,0.07734719597,2.594708565,2.581846702,1,-23.07452981,3.660388631,16.67896089,0,72.55001803,-108.2507854,44.85764105
0.1075609444,0.08121455577,2.642094542,2.73953163,1,-49.60345358,3.806008029,18.86304199,0,80.25285497,-111.2801424,46.03725599
0.1075609444,0.08508191556,2.713240828,3.085157221,1,-36.16034476,4.108512002,20.00018938,0,106.5939513,-165.8426831,48.66999448
0.1075609444,0.08894927536,2.914486641,3.458252883,1,-110.9358913,4.522581717,-42.54855538,29.85694873,39.89150772,-210.1296857,49.87705924
0.1075609444,0.09281663516,2.438486635,3.733253747,1,-250.1597134,4.459080691,-78.31486617,75.16000228,-3.927632543,-279.3018779,56.84823425
0.1075609444,0.09668399496,1.931839454,4.235541973,1,-168.0311348,4.655300149,-147.2695889,19.10874666,53.83775205,-263.2924013,65.482173
0.1075609444,0.1005513548,1.996859737,4.181955708,1,-72.780305,4.634242371,-150.8954297,0,52.42718973,-152.84889,64.47579367
0.1075609444,0.1044187146,1.853126634,4.243096706,1,-119.1446621,4.630113172,-106.0874525,0,93.49000943,-219.9367578,66.40722034
0.1075609444,0.1082860744,1.897643965,4.622251934,1,-200.535871,4.996625417,-223.3553727,0,110.0077993,-272.6025634,67.6796271
0.1075609444,0.1121534342,1.503022009,4.433553312,1,-183.6580926,4.681396173,-291.3671543,0,52.31147126,-153.6196769,71.27279129
0.1075609444,0.116020794,1.389679322,4.089532878,1,-51.20183985,4.3191999,-325.9670396,0,116.5057593,-44.67777303,71.23153516
0.1075609444,0.1198881537,1.755575762,3.345706511,1,-69.1560891,3.778332742,-485.9000503,0,258.3789487,-101.2312291,62.31288162
0.1114283042,0.01546943919,NaN,NaN,0,-47.64760275,0.1395534498,-3.563935088,0,22.67496105,-2.448565964,33.19674762
0.1114283042,0.01933679899,NaN,NaN,0,-65.43110953,0.1010143013,-6.942009659,20.41574776,8.328615825,-1.865509478,47.31175832
0.1114283042,0.02320415879,-0.1040582044,0.05677505539,1,-0.9902705585,0.1185390941,20.13746523,0,52.63125343,6.805008695,151.3827363
0.1114283042,0.02707151859,0.2682028499,0.1258123477,1,48.13090676,0.2962457013,15.71613265,0,89.6530255,-42.1173424,25.1309919
0.1114283042,0.03093887839,0.428801836,0.2804379118,1,18.34901976,0.5123635789,-4.439686826,0,61.6840669,-98.90731798,33.18482752
0.1114283042,0.03480623819,0.5777195918,0.4911526666,1,4.341293728,0.7582815234,-67.68052597,0,67.58179391,-174.1032321,40.36977642
0.1114283042,0.03867359798,0.7069542938,0.6920128072,1,8.650396008,0.9892755424,-140.4969639,0,84.35105796,-261.5479272,44.38808313
0.1114283042,0.04254095778,0.937389676,0.9593002959,1,30.46668742,1.341251827,-183.0205057,0,137.9894914,-299.7393747,45.66185314
0.1114283042,0.04640831758,1.358434948,1.143406669,1,36.04409974,1.775591259,-174.784761,0,170.1813293,-236.3834615,40.08761474
0.1114283042,0.05027567738,1.73493761,1.197524634,1,49.59160637,2.108097189,-172.1076156,0,159.2300233,-197.6693198,34.61501929
0.1114283042,0.05414303718,2.166023323,1.242262976,1,54.07070139,2.496973035,-61.0616176,0,104.3657064,-142.73771,29.83523841
0.1114283042,0.05801039698,2.347668204,1.51339547,1,22.67302865,2.793190263,27.04519348,0,42.94460804,-79.4752936,32.80735479
0.1114283042,0.06187775677,2.419790333,1.654216025,1,-15.66394288,2.931179953,22.71336975,0,30.26685988,-125.747372,34.35727568
0.1114283042,0.06574511657,2.404142938,2.087546574,1,-13.1443034,3.183983977,12.22437812,0,52.64768732,-157.9643674,40.96817976
0.1114283042,0.06961247637,2.572564132,2.312397138,1,-5.099816099,3.459084668,5.126856838,0,85.8167974,-100.8747871,41.95137795
0.1114283042,0.07347983617,2.716304547,2.497493071,1,-67.14723542,3.689956914,70.97048621,0,29.92326214,-33.41074012,42.59683395
0.1114283042,0.07734719597,2.428605635,2.716076896,1,-57.75697799,3.643514654,57.1184815,2.706984931,-0.3827082627,-65.74801056,48.19821092
0.1114283042,0.08121455577,2.491457461,2.972662003,1,-52.06283279,3.878669832,35.58946335,0,40.80939487,-103.6400613,50.03284055
0.1114283042,0.08508191556,2.385084541,3.254527563,1,-61.63710447,4.034919816,33.10628601,16.43958208,1.825265398,-125.2423232,53.76412883
0.1114283042,0.08894927536,2.26014356,3.585053048,1,-81.78273391,4.238024807,25.93563864,15.82670536,-59.27503087,-207.9011782,57.77122632
0.1114283042,0.09281663516,1.839563412,4.158858668,1,-132.8420896,4.547537682,42.56433845,29.63372814,-84.04102884,-165.800183,66.1390386
0.1114283042,0.09668399496,1.421378507,4.390873622,1,15.55434974,4.61520184,-43.07757308,0,14.45132455,-55.50195152,72.06261018
0.1114283042,0.1005513548,1.955606151,4.206908209,1,-6.690945567,4.639231844,-158.0155621,0,121.0358143,-155.4432752,65.06836065
0.1114283042,0.1044187146,1.863591255,4.380925663,1,-204.3732473,4.760827872,-102.3527036,50.46865696,-76.47291832,-260.8780804,66.95570257
0.1114283042,0.1082860744,0.8694729802,4.819982879,1,-144.8991346,4.897776865,-159.6382416,0,-156.4624805,-235.7547813,79.77442662
0.1114283042,0.1121534342,0.6981174603,4.675295709,1,30.89391325,4.727129991,-173.9297265,0,37.38760234,-56.52018231,81.50731435
0.1114283042,0.116020794,1.133542169,4.365917928,1,-95.65516936,4.51067148,-202.6276365,0,38.64896699,-33.75477601,75.44541036
0.1114283042,0.1198881537,0.477653965,4.022203597,1,-309.9414361,4.050466033,-335.1717911,0,-29.25028013,-157.4203801,83.22759719
0.115295664,0.01546943919,NaN,NaN,0,-38.07087877,0.2495712113,8.130561514,0,29.94675014,2.405322597,58.79695336
0.115295664,0.01933679899,NaN,NaN,0,-40.63294368,0.2516332634,16.58294417,5.518193921,32.73920561,6.508998141,63.1666468
0.115295664,0.02320415879,NaN,NaN,0,-31.09904931,0.2710618298,48.82635393,0,57.5895348,21.91114412,68.63089854
0.115295664,0.02707151859,NaN,NaN,0,-21.72063427,0.3932785706,20.31620025,0,68.66369278,-33.59360216,56.67980507
0.115295664,0.03093887839,NaN,NaN,0,-38.46375088,0.5394617557,18.12543919,0,40.97306878,-64.18337501,58.69340453
0.115295664,0.03480623819,0.2257391889,0.6469467985,1,-50.04772854,0.6851994903,-1.362299889,15.40148483,11.54730613,-83.56566798,70.76458466
0.115295664,0.03867359798,0.1314187655,0.7788255971,1,-21.59781968,0.7898355542,-11.94055898,0,25.84222249,-107.0212189,80.42215319
0.115295664,0.04254095778,0.2421538217,1.01465792,1,63.73707237,1.043153473,-17.6611049,0,87.04163968,-144.5269686,76.57712072
0.115295664,0.04640831758,0.7145342949,1.269461538,1,94.1176928,1.456740147,-81.1774093,0,111.7077054,-164.771659,60.62640277
0.115295664,0.05027567738,1.038154692,1.337946961,1,68.55372424,1.693477852,-144.3225047,0,135.2734094,-152.8797463,52.19100024
0.115295664,0.05414303718,1.502807158,1.30255547,1,88.4001591,1.98873832,-171.9600412,0,119.089218,-231.038783,40.91705242
0.115295664,0.05801039698,1.840590768,1.566425712,1,32.30704102,2.416912056,-117.7006663,0,61.07230151,-266.7494691,40.39928121
0.115295664,0.06187775677,1.863938673,1.878980818,1,-1.591442231,2.646665126,-62.78577799,0,70.47165268,-204.9913286,45.23026058
0.115295664,0.06574511657,2.106975324,2.116385742,1,69.51688426,2.986374663,-23.94937162,0,77.2168764,-155.6726092,45.12766521
0.115295664,0.06961247637,2.43141092,2.388401972,1,53.85183712,3.408258065,10.00094546,0,72.60051829,-123.2693414,44.48874244
0.115295664,0.07347983617,2.59601208,2.631789891,1,14.31199222,3.696700793,8.402781436,0,19.28305921,-98.99133128,45.39211232
0.115295664,0.07734719597,2.561335071,2.803733646,1,-51.54192519,3.797546538,39.31920395,10.44325012,-4.592930634,-81.41227239,47.58691499
0.115295664,0.08121455577,2.378918396,3.098701949,1,-54.72354128,3.90655942,29.67843345,14.53471786,1.86643454,-106.5528511,52.48602822
0.115295664,0.08508191556,2.356917621,3.330589039,1,-28.59502709,4.080181861,43.76368224,0,-14.88630798,-71.71466561,54.71456487
0.115295664,0.08894927536,2.210760428,3.545298269,1,-28.65834067,4.178109799,56.72771057,0,-73.48585023,-96.1921106,58.05335414
0.115295664,0.09281663516,1.961889284,3.921985008,1,-30.72806871,4.385313668,64.82663231,0,-139.9732622,-112.5496512,63.42446903
0.115295664,0.09668399496,1.550596964,4.231276177,1,-113.3421463,4.506445277,66.88266781,0,-191.0742293,-128.0658438,69.87409336
0.115295664,0.1005513548,0.7846016312,4.675921044,1,-179.1687646,4.741290682,-82.15485325,37.63728261,-105.83561,-213.1116677,80.47472278
0.115295664,0.1044187146,0.4483825025,4.737733297,1,-105.8709488,4.75890362,-241.6647367,0,-1.717889488,-216.2239362,84.59358915
0.115295664,0.1082860744,0.3685168834,4.577532315,1,26.53976879,4.59234219,-212.7033487,0,15.71303469,-140.5438994,85.39729664
0.115295664,0.1121534342,0.6117892961,4.458666744,1,38.87008643,4.500443898,-39.01855587,0,-11.20609742,-47.13856077,82.18703442
0.115295664,0.116020794,0.4755034823,4.608935296,1,-105.3960145,4.633399197,-162.0872442,0,-91.44232851,-154.9954445,84.10963913
0.115295664,0.1198881537,-0.1494553984,4.431240203,1,-195.2323921,4.433759877,-146.0751514,0,-127.9642658,-54.18036933,91.93172077
0.1191630238,0.01546943919,NaN,NaN,0,-30.10934946,0.3742249898,12.06094136,0,30.24882416,2.467269711,65.10647892
0.1191630238,0.01933679899,NaN,NaN,0,-29.96176929,0.391239182,17.74818062,0,33.06088953,2.153725595,66.21429138
0.1191630238,0.02320415879,NaN,NaN,0,-26.08749645,0.4342188199,28.85771323,0,41.35913511,-1.48692105,67.02202454
0.1191630238,0.02707151859,NaN,NaN,0,-22.70305615,0.5224882306,26.2507909,0,43.69155454,-22.33091969,65.47806273
0.1191630238,0.03093887839,NaN,NaN,0,-24.77418767,0.6388826492,29.73142406,0,33.15670837,-35.94691471,66.89786962
0.1191630238,0.03480623819,NaN,NaN,0,-21.23172629,0.7707833384,43.42475147,0,20.25097183,-31.0011772,71.13123407
0.1191630238,0.03867359798,NaN,NaN,0,-13.52384573,0.9096257377,62.74948166,0,29.26519406,-20.01101435,74.25150021
0.1191630238,0.04254095778,NaN,NaN,0,10.2001472,1.094299322,56.64043366,0,31.26874132,-30.2284058,73.535369
0.1191630238,0.04640831758,0.4072614086,1.211433577,1,37.82905559,1.278058358,12.97944229,3.851694667,33.38219601,-92.03437608,71.41831405
0.1191630238,0.05027567738,0.5855495724,1.455553662,1,15.95999707,1.568918342,-53.40058735,0,35.81187663,-92.06133778,68.08574328
0.1191630238,0.05414303718,0.6074818716,1.360948609,1,8.509023311,1.490374228,-113.2465724,0,62.67950007,-156.9682401,65.94561588
0.1191630238,0.05801039698,0.8608612058,1.624641082,1,84.77679435,1.838624665,-127.6763991,0,116.06256,-275.5709222,62.08187768
0.1191630238,0.06187775677,1.384199916,1.932909942,1,101.7427653,2.37742513,-98.90829385,0,117.6883063,-226.3037673,54.39270425
0.1191630238,0.06574511657,1.709480111,2.117325214,1,99.12143228,2.721284313,-79.27520177,0,94.89066231,-196.1495336,51.08338432
0.1191630238,0.06961247637,2.134514491,2.384905034,1,88.54908401,3.200613087,-68.75050014,0,81.20132831,-172.0232189,48.17113059
0.1191630238,0.07347983617,2.365966031,2.516717975,1,22.69573455,3.454224171,-47.6693926,0,11.2556197,-180.2509323,46.76843457
0.1191630238,0.07734719597,2.265816594,2.897645551,1,-51.30079353,3.678352155,-46.7999623,6.282343452,6.875239508,-221.2853632,51.97633766
0.1191630238,0.08121455577,2.194156429,3.1915158,1,-13.50640586,3.87299568,-66.5638697,0,16.39505301,-172.5531189,55.49160725
0.1191630238,0.08508191556,2.276988032,3.307544112,1,5.608671148,4.015535151,-69.23151578,0,-28.01049263,-126.1626396,55.45559841
0.1191630238,0.08894927536,2.107520525,3.41168894,1,-58.82533381,4.010145158,-31.00048368,0,-102.0044665,-141.8833879,58.29491277
0.1191630238,0.09281663516,1.655001328,3.736368198,1,-95.97159813,4.086499322,-18.04630355,0,-142.6302962,-193.5062516,66.10934666
0.1191630238,0.09668399496,1.184761151,4.090255689,1,-73.10098132,4.258385913,9.421846216,0,-144.4368465,-185.5808804,73.84610031
0.1191630238,0.1005513548,0.8137042778,4.490513903,1,-64.95468339,4.56364216,57.64559377,0,-217.4059447,-121.6672617,79.72915696
0.1191630238,0.1044187146,0.09277100958,4.783723017,1,-137.0739228,4.784622489,-7.325574754,0,-201.75297,-81.69106292,88.88899899
0.1191630238,0.1082860744,-0.4966612259,4.778112003,1,50.68089239,4.803855398,-76.54984639,0,19.68904878,1.56285696,95.93430297
0.1191630238,0.1121534342,0.3649168911,4.481633088,1,51.49593371,4.49646522,-115.61154,0,52.95014125,-22.9824159,85.34496177
0.1191630238,0.116020794,-0.09273067444,4.419881852,1,-10.12264715,4.420854506,-152.555397,0,-160.9819593,-101.0268467,91.20190926
0.1191630238,0.1198881537,NaN,NaN,0,3.510185792,4.29262701,-100.0467424,0,-109.047566,-28.92421198,93.96477986
0.1230303836,0.01546943919,NaN,NaN,0,-23.70548575,0.4838573324,12.10052609,0,26.32874741,1.0463168,67.45928508
0.1230303836,0.01933679899,NaN,NaN,0,-22.98241887,0.5055564065,15.88954163,0,27.9312619,-1.272862333,67.85696641
0.1230303836,0.02320415879,NaN,NaN,0,-20.58611107,0.5525514112,22.60552746,0,31.09456156,-7.681634231,68.26465543
0.1230303836,0.02707151859,NaN,NaN,0,-18.22990621,0.6294004763,26.09782608,0,31.58668189,-18.29624082,68.44928451
0.1230303836,0.03093887839,NaN,NaN,0,-16.69821738,0.7313283415,31.12471467,0,27.71123833,-26.27218696,69.48664776
0.1230303836,0.03480623819,NaN,NaN,0,-13.0692014,0.8525335591,39.16991414,0,23.52273696,-27.89159769,71.26790631
0.1230303836,0.03867359798,NaN,NaN,0,-6.753665842,0.9898218828,47.02442873,0,24.98652226,-27.64212722,72.55712748
0.1230303836,0.04254095778,NaN,NaN,0,2.969808492,1.148938435,46.45908165,0,26.01550246,-33.1708827,72.56241208
0.1230303836,0.04640831758,NaN,NaN,0,7.236584843,1.31730131,41.28950088,0,26.71486036,-41.08803424,71.92077552
0.1230303836,0.05027567738,NaN,NaN,0,8.471799779,1.49252565,16.09674432,0,4.195455168,-51.07783364,71.41838217
0.1230303836,0.05414303718,NaN,NaN,0,-54.1304713,1.579833169,17.09197034,16.20497807,3.834452256,-53.42065747,73.15577545
0.1230303836,0.05801039698,0.2810882887,1.687419024,1,1.658704743,1.710670509,5.479158652,0,36.72338916,-105.3447084,80.54257445
0.1230303836,0.06187775677,0.6062266216,1.940647963,1,94.50247797,2.033131878,-45.18336452,0,102.2003184,-151.8723796,72.65205078
0.1230303836,0.06574511657,1.041808776,2.100023832,1,111.3318557,2.344240947,-63.92162997,0,119.8402471,-172.3515709,63.61427605
0.1230303836,0.06961247637,1.500252318,2.359985557,1,93.4510787,2.796477936,-106.7278048,0,80.50568713,-232.7887468,57.55571542
0.1230303836,0.07347983617,1.714562178,2.587546851,1,-34.11223968,3.104049318,-113.5563464,0,40.39568469,-286.4742478,56.47071975
0.1230303836,0.07734719597,1.524552661,3.028721297,1,-64.22868884,3.390783613,-111.5318426,0,-3.102830653,-273.6048927,63.28091078
0.1230303836,0.08121455577,1.454166967,3.214341649,1,14.4336514,3.527973045,-163.76001,0,5.400411938,-208.1960977,65.65802181
0.1230303836,0.08508191556,1.60125812,3.200571637,1,9.246251415,3.578782805,-148.3477485,0,13.50553052,-190.7455048,63.42102581
0.1230303836,0.08894927536,1.542156294,3.378309027,1,-91.29255339,3.713652908,-86.76033353,2.784128348,-27.01003723,-226.6406204,65.46388863
0.1230303836,0.09281663516,1.143739437,3.741539034,1,-89.11073757,3.912448625,-74.39762981,0,-84.86575594,-223.6171809,73.00229453
0.1230303836,0.09668399496,0.8693265968,3.95539472,1,-57.67117489,4.049799517,-83.00532491,0,-99.21431344,-172.1612734,77.60446776
0.1230303836,0.1005513548,0.5370068066,4.086337165,1,-10.80971914,4.12147155,-12.03566116,0,-187.0522591,-149.6492936,82.51336505
0.1230303836,0.1044187146,0.1041231366,4.48759615,1,28.36952856,4.488803942,40.14619259,0,-146.9236884,-55.87242453,88.67083716
0.1230303836,0.1082860744,0.07851521506,4.457675705,1,57.25836974,4.458367115,6.773176448,0,-64.58288449,12.79937093,88.99092585
0.1230303836,0.1121534342,0.07579660271,4.464290688,1,-43.60755003,4.464934095,-216.1125004,0,-107.3237152,-104.3650368,89.02730164
0.1230303836,0.116020794,-0.5051902924,4.025508057,1,-2.539028594,4.057084217,-255.4663284,0,-184.6763129,-134.3625693,97.15306806
0.1230303836,0.1198881537,NaN,NaN,0,40.89538419,4.048176487,-117.0091727,0,-114.8694634,-101.7175114,99.21441302
0.1268977434,0.01546943919,NaN,NaN,0,-17.87584878,0.572241047,10.8241026,0,20.95499629,-0.5284642881,68.64625216
0.1268977434,0.01933679899,NaN,NaN,0,-17.02049396,0.5948593272,13.86748468,0,21.89666453,-3.373409819,68.88204164
0.1268977434,0.02320415879,NaN,NaN,0,-15.04462273,0.6412422353,19.57702889,0,23.50116734,-9.670512718,69.2462889
0.1268977434,0.02707151859,NaN,NaN,0,-12.93224026,0.712230408,24.41027127,0,23.84937313,-16.90022241,69.70619474
0.1268977434,0.03093887839,NaN,NaN,0,-10.71957422,0.8057811716,29.49969443,0,22.57882611,-22.9539946,70.46451148
0.1268977434,0.03480623819,NaN,NaN,0,-7.593196085,0.9188097028,35.10576167,0,21.14221542,-26.65089939,71.41138336
0.1268977434,0.03867359798,NaN,NaN,0,-3.391424729,1.048832488,39.71923747,0,21.14265555,-29.49501415,72.12990514
0.1268977434,0.04254095778,NaN,NaN,0,1.196167768,1.194577456,40.88196332,0,21.09188589,-33.72496355,72.38309054
0.1268977434,0.04640831758,NaN,NaN,0,3.07306783,1.34990974,39.20220084,0,19.8688955,-38.48957896,72.40585576
0.1268977434,0.05027567738,NaN,NaN,0,0.5441390953,1.507814405,35.31979378,0,14.69758084,-41.82760468,72.62520127
0.1268977434,0.05414303718,NaN,NaN,0,-11.98886308,1.652477099,45.08083103,0,18.29292606,-37.98186564,73.5847117
0.1268977434,0.05801039698,NaN,NaN,0,4.754081494,1.823119308,80.78695094,0,35.35821584,-16.84048906,74.90929663
0.1268977434,0.06187775677,NaN,NaN,0,33.89074125,2.058917239,51.14783198,0,49.13267919,-49.69134849,72.41284892
0.1268977434,0.06574511657,NaN,NaN,0,12.41350036,2.292743094,3.601033095,0,39.13778673,-92.63006667,69.69221112
0.1268977434,0.06961247637,0.8214818289,2.334840547,1,-6.178111858,2.47513894,-14.87775648,0,12.17113086,-184.1500082,70.61627351
0.1268977434,0.07347983617,0.8189037929,2.804866927,1,-24.18574142,2.921965417,-24.56816703,0,12.5169119,-231.2209565,73.72440443
0.1268977434,0.07734719597,0.7763542667,3.134041237,1,-2.36104022,3.228767632,-64.08948676,0,-13.99002736,-155.0337238,76.08695197
0.1268977434,0.08121455577,0.7556683315,3.156581013,1,32.87541276,3.245772376,-90.66639955,0,16.05671644,-139.7890697,76.53707096
0.1268977434,0.08508191556,0.9655924161,3.324016277,1,-8.557413549,3.46142354,-40.99810492,0,44.71074591,-171.2449844,73.80196443
0.1268977434,0.08894927536,0.8954862756,3.660292558,1,-68.99039517,3.768240608,-53.56790085,0,-50.7609625,-164.4365076,76.25268231
0.1268977434,0.09281663516,0.5024708296,3.752785069,1,-48.7352539,3.786274252,-86.9603433,0,-131.6322848,-156.5946366,82.37386484
0.1268977434,0.09668399496,0.1979401073,3.929593425,1,-16.51036614,3.934575551,-147.0306778,0,-64.69760574,-161.5458828,87.11635426
0.1268977434,0.1005513548,0.1884103838,3.80892059,1,31.23773997,3.813577655,-56.80626195,0,-74.15800175,-102.369039,87.16814047
0.1268977434,0.1044187146,0.03195201237,4.105801077,1,-4.752818774,4.105925403,42.74886404,0,-152.8165719,-86.01790983,89.55412392
0.1268977434,0.1082860744,-0.420967143,4.306908034,1,-73.87258218,4.327432281,-65.51585738,0,-160.5087819,-98.98020578,95.5824894
0.1268977434,0.1121534342,-0.8744850526,4.235219753,1,-76.76722449,4.32455899,-233.4818791,0,-228.1881457,-80.55672498,101.6664398
0.1268977434,0.116020794,-1.600339282,3.715491441,1,70.70882892,4.045486678,-197.9124283,0,-140.0625822,-54.33519553,113.3025478
0.1268977434,0.1198881537,NaN,NaN,0,204.633277,3.853288703,-77.87892865,0,32.03377012,-59.50127152,107.2506332
0.1307651032,0.01546943919,NaN,NaN,0,-12.2605044,0.6381603047,9.236416652,0,15.28063916,-1.990419481,69.32638011
0.1307651032,0.01933679899,NaN,NaN,0,-11.40929857,0.6605369237,12.01740731,0,15.96901947,-4.859941658,69.51724185
0.1307651032,0.02320415879,NaN,NaN,0,-9.639645646,0.7054840515,17.42483218,0,17.16407014,-10.72678442,69.85793082
0.1307651032,0.02707151859,NaN,NaN,0,-7.734857864,0.772784876,22.46653567,0,17.73081719,-16.68014149,70.32076932
0.1307651032,0.03093887839,NaN,NaN,0,-5.654643176,0.8610768364,27.35803009,0,17.61247756,-21.99266965,70.91189739
0.1307651032,0.03480623819,NaN,NaN,0,-3.192583989,0.9682894952,32.03420067,0,17.32464304,-26.26299111,71.54736186
0.1307651032,0.03867359798,NaN,NaN,0,-0.4150047546,1.092232928,35.86479613,0,17.34999866,-29.96206644,72.07025559
0.1307651032,0.04254095778,NaN,NaN,0,2.133219478,1.230645238,38.14733335,0,17.34049003,-33.7443784,72.40648325
0.1307651032,0.04640831758,NaN,NaN,0,3.315379612,1.380016564,39.31754537,0,16.97125493,-37.31771337,72.64893512
0.1307651032,0.05027567738,NaN,NaN,0,2.620551849,1.536943745,40.89939895,0,16.43304661,-39.76114048,72.95812116
0.1307651032,0.05414303718,NaN,NaN,0,0.8767984062,1.699891934,47.12460906,0,19.28145532,-39.83871136,73.41392186
0.1307651032,0.05801039698,NaN,NaN,0,6.821892086,1.881495722,56.57697638,0,25.91771993,-39.20703945,73.68987699
0.1307651032,0.06187775677,NaN,NaN,0,13.60697411,2.091111698,48.47168174,0,30.12032683,-54.33748533,72.98631906
0.1307651032,0.06574511657,NaN,NaN,0,4.677490448,2.311141548,37.17103945,0,26.01036414,-74.36620622,72.43427986
0.1307651032,0.06961247637,NaN,NaN,0,-12.07749201,2.538346052,49.44918636,0,19.27416786,-86.5901226,73.27360652
0.1307651032,0.07347983617,NaN,NaN,0,6.859655132,2.824220286,52.83465827,0,-20.67165603,-90.10501332,75.11818027
0.1307651032,0.07734719597,NaN,NaN,0,6.394188453,3.059615737,37.15080447,0,-48.39205362,-71.40089595,77.21399727
0.1307651032,0.08121455577,0.5629127498,3.149297699,1,19.41987875,3.199210334,34.11259617,0,7.294305854,-75.22063813,79.86584032
0.1307651032,0.08508191556,0.780437729,3.406578775,1,22.67019956,3.494833615,-9.214983786,5.217655764,12.53264315,-86.66086907,77.09637182
0.1307651032,0.08894927536,0.6990548085,3.448808803,1,-38.83509067,3.518942992,-53.10369903,0,-110.7793905,-56.81879546,78.54169537
0.1307651032,0.09281663516,0.2018246992,3.42094639,1,-91.72449099,3.426894718,-1.26897992,0,-172.8241546,-84.0718587,86.62364918
0.1307651032,0.09668399496,-0.3240499882,3.769037327,1,11.6209805,3.782942078,14.10267265,0,-84.1267899,-52.55456503,94.9140267
0.1307651032,0.1005513548,-0.07858135321,3.678733911,1,59.05141595,3.679573102,13.47785636,17.99538639,8.394120592,-24.25926258,91.22370777
0.1307651032,0.1044187146,-0.06321383156,3.914980344,1,-9.016325162,3.915490656,57.05631238,0,-114.8585968,-57.72184672,90.92505472
0.1307651032,0.1082860744,-0.5576502466,4.122622349,1,-73.65427959,4.160166923,16.80475185,0,-204.4397935,26.18811441,97.70340983
0.1307651032,0.1121534342,-1.13870367,3.878691505,1,10.06710204,4.042387146,-88.76812974,0,-248.749928,147.1145453,106.3611488
0.1307651032,0.116020794,-1.480722612,3.210379175,1,79.51971835,3.535402933,22.38770339,0,-90.07665586,164.6700481,114.7605605
0.1307651032,0.1198881537,NaN,NaN,0,153.511515,3.531256128,59.94292736,0,2.24925318,-1.109219902,109.5133167
0.134632463,0.01546943919,NaN,NaN,0,-6.756091544,0.6817623909,7.655901698,0,9.658176024,-3.371014147,69.71231953
0.134632463,0.01933679899,NaN,NaN,0,-5.96151658,0.7037111322,10.34760477,0,10.28973774,-6.155861948,69.88571655
0.134632463,0.02320415879,NaN,NaN,0,-4.369803419,0.7474593284,15.63835683,0,11.45527655,-11.6965418,70.2052011
0.134632463,0.02707151859,NaN,NaN,0,-2.712902377,0.8124702382,20.67300914,0,12.29734792,-17.10088948,70.63491688
0.134632463,0.03093887839,NaN,NaN,0,-0.971556626,0.8975839731,25.43168959,0,12.81562389,-22.07355142,71.1369435
0.134632463,0.03480623819,NaN,NaN,0,0.8925080609,1.001141097,29.80821478,0,13.19388054,-26.44632897,71.64824373
0.134632463,0.03867359798,NaN,NaN,0,2.790770221,1.121226695,33.55841306,0,13.592206,-30.34588208,72.09698392
0.134632463,0.04254095778,NaN,NaN,0,4.436335287,1.255785712,36.52502856,0,13.94882066,-33.97277022,72.45473562
0.134632463,0.04640831758,NaN,NaN,0,5.434679292,1.402615561,39.02124834,0,14.24258756,-37.27575566,72.75680958
0.134632463,0.05027567738,NaN,NaN,0,5.745890281,1.560153725,41.83564757,0,14.78189535,-40.06053249,73.05673624
0.134632463,0.05414303718,NaN,NaN,0,6.053612766,1.728729865,45.94122988,0,16.48212868,-42.40479988,73.35555553
0.134632463,0.05801039698,NaN,NaN,0,8.049714335,1.912456566,49.92466378,0,18.91088171,-45.81147203,73.54205318
0.134632463,0.06187775677,NaN,NaN,0,9.03777265,2.11333702,48.99087914,0,19.42054408,-54.08534718,73.52236105
0.134632463,0.06574511657,NaN,NaN,0,4.766979332,2.325949197,47.16225661,0,15.50917512,-63.9071503,73.72404567
0.134632463,0.06961247637,NaN,NaN,0,-1.091891918,2.547909889,50.33318,0,7.00972264,-70.07488685,74.57127564
0.134632463,0.07347983617,NaN,NaN,0,1.255232197,2.781480938,50.77489767,0,-10.03321697,-69.73998986,75.96040802
0.134632463,0.07734719597,NaN,NaN,0,1.143733096,2.992263438,46.69562747,0,-21.33248758,-59.65434784,77.57348889
0.134632463,0.08121455577,NaN,NaN,0,2.292279935,3.166416123,49.75929646,0,-14.9859121,-44.01205932,79.1380705
0.134632463,0.08508191556,NaN,NaN,0,5.087136919,3.338229396,3.058204474,0,-37.7482571,-67.36994806,79.73622719
0.134632463,0.08894927536,NaN,NaN,0,-42.54056783,3.414611362,-16.74322695,0,-66.6757756,-56.64972646,82.08209821
0.134632463,0.09281663516,0.1724271012,3.439143491,1,-57.35542068,3.443463235,28.31073781,0,-51.54151595,-17.52008491,87.12978542
0.134632463,0.09668399496,0.04923280457,3.559302347,1,26.84586531,3.559642828,82.86535131,0,-33.4944048,37.90777804,89.20752671
0.134632463,0.1005513548,0.1467148069,3.613010602,1,7.055598896,3.615988225,45.51303543,0,-12.18950265,10.04475967,87.67464747
0.134632463,0.1044187146,0.02937815159,3.696470931,1,-19.47851682,3.696587672,47.89062444,0,-84.31660135,-0.7479308868,89.54464442
0.134632463,0.1082860744,-0.2546982604,3.801113396,1,-37.96932655,3.809637023,30.23836834,0,-137.4000877,149.7487782,93.83344359
0.134632463,0.1121534342,-0.6488384708,3.234281176,1,144.3643606,3.298721887,74.25309978,0,-305.2548455,265.9891142,101.3436935
0.134632463,0.116020794,NaN,NaN,0,31.71058977,3.182789317,113.5740079,0,-100.5770511,149.5964725,105.9929591
0.134632463,0.1198881537,NaN,NaN,0,45.90493164,3.227440334,72.55706936,0,-65.68597267,54.26650166,106.4727342
0.1384998228,0.01546943919,NaN,NaN,0,-4.033482168,0.7034367793,6.867327479,0,6.867327479,-4.033482168,69.88897839
0.1384998228,0.01933679899,NaN,NaN,0,-3.279027533,0.7251174553,9.526883756,0,7.495675915,-6.761277614,70.05507471
0.1384998228,0.02320415879,NaN,NaN,0,-1.782698808,0.7682215283,14.76065616,0,8.687500135,-12.14995641,70.36230155
0.1384998228,0.02707151859,NaN,NaN,0,-0.2569244313,0.8321222196,19.75652012,0,9.669206898,-17.35225758,70.77113983
0.1384998228,0.03093887839,NaN,NaN,0,1.303821712,0.9157267542,24.45409775,0,10.44377881,-22.18772416,71.23498708
0.1384998228,0.03480623819,NaN,NaN,0,2.89357935,1.01753628,28.76138805,0,11.0928725,-26.55005899,71.70079938
0.1384998228,0.03867359798,NaN,NaN,0,4.435801363,1.135802463,32.55223778,0,11.68956507,-30.48573769,72.1226791
0.1384998228,0.04254095778,NaN,NaN,0,5.770008704,1.2686973,35.79714686,0,12.23666252,-34.10103737,72.48374805
0.1384998228,0.04640831758,NaN,NaN,0,6.727478339,1.41454791,38.73415454,0,12.78201294,-37.4246239,72.79942202
0.1384998228,0.05027567738,NaN,NaN,0,7.327166549,1.572371034,41.82085271,0,13.51736922,-40.46029437,73.09214145
0.1384998228,0.05414303718,NaN,NaN,0,7.835930888,1.742449475,45.36575682,0,14.66039951,-43.4227259,73.36147675
0.1384998228,0.05801039698,NaN,NaN,0,8.516802684,1.926279784,48.51000379,0,15.59191129,-47.22826755,73.58664175
0.1384998228,0.06187775677,NaN,NaN,0,8.020237904,2.123963703,49.46473114,0,14.84897759,-53.22546435,73.81151024
0.1384998228,0.06574511657,NaN,NaN,0,4.868784411,2.33238726,49.67981128,0,11.17183136,-59.57627752,74.25922159
0.1384998228,0.06961247637,NaN,NaN,0,0.8871869478,2.547703417,50.88842671,0,4.08929041,-63.12023729,75.12108396
0.1384998228,0.07347983617,NaN,NaN,0,-0.2666278337,2.763835518,50.2913317,0,-6.762386583,-62.07050466,76.35531999
0.1384998228,0.07734719597,NaN,NaN,0,-2.090768479,2.963904489,46.91404384,0,-15.19476736,-55.64791371,77.78691034
0.1384998228,0.08121455577,NaN,NaN,0,-5.283522159,3.137523034,41.50066264,0,-19.35531645,-47.47339832,79.25156277
0.1384998228,0.08508191556,NaN,NaN,0,-10.61937966,3.284247643,18.98229339,0,-33.31796817,-51.60657616,80.68277929
0.1384998228,0.08894927536,NaN,NaN,0,-30.38086222,3.381061947,11.9196021,0,-44.13122248,-40.44479307,82.94587345
0.1384998228,0.09281663516,NaN,NaN,0,-36.29988281,3.452033541,41.69102556,0,-34.08268003,-4.906790869,85.95417125
0.1384998228,0.09668399496,NaN,NaN,0,-7.761147182,3.538571352,45.05089401,0,-19.97752001,3.452662596,87.68356908
0.1384998228,0.1005513548,NaN,NaN,0,-0.8417091601,3.606881678,13.9216419,0,-5.343190098,-19.31766263,87.83464924
0.1384998228,0.1044187146,0.1191039263,3.664228142,1,8.614372395,3.666163338,40.49703256,0,-8.059942918,5.90453303,88.13828446
0.1384998228,0.1082860744,0.1384248083,3.738087821,1,23.79951996,3.740649941,-95.43070479,0,-8.79407257,298.7337793,87.87925395
0.1384998228,0.1121534342,0.1771353902,2.139852262,1,205.2414858,2.147171314,79.20586699,0,-360.740978,347.9454218,85.26788678
0.1384998228,0.116020794,NaN,NaN,0,-18.68745365,2.738194389,204.9155085,0,-205.2881269,9.169551471,99.73377574
0.1384998228,0.1198881537,NaN,NaN,0,-7.243715028,2.97769561,109.6893355,0,-109.6893355,7.243715028,103.3799052
