PIVlab, ASCII chart output - 20-Sep-2021
FRAME: 18, filenames: A: 72_12_75_220 018.jpg & B: 72_12_75_220 019.jpg, conversion factor xy (px -> m): 0.00024171, conversion factor uv (px/frame -> m/s): 1
x [m],y [m],u [m/s],v [m/s],Vector type [-],vorticity [1/s],magnitude [m/s],divergence [1/s],dcev [1],simple shear [1/s],simple strain [1/s],vector direction [degrees]
0.03408110822,0.01546943919,NaN,NaN,0,-3.971551997,0.9899733683,-4.298626298,0,4.298626298,3.971551997,-72.42037988
0.03408110822,0.01933679899,NaN,NaN,0,-3.794000024,1.005418303,-6.379554347,0,4.333631615,5.954439768,-72.66127149
0.03408110822,0.02320415879,NaN,NaN,0,-3.410934359,1.036150415,-10.46435446,0,4.460671311,9.869258312,-73.10703759
0.03408110822,0.02707151859,NaN,NaN,0,-2.900267828,1.081869099,-14.42282927,0,4.648485895,13.62096319,-73.697241
0.03408110822,0.03093887839,NaN,NaN,0,-2.268622263,1.14216521,-18.2125395,0,4.92325811,17.20157002,-74.36356236
0.03408110822,0.03480623819,NaN,NaN,0,-1.520947533,1.216539295,-21.79287563,0,5.270945612,20.61312065,-75.04399858
0.03408110822,0.03867359798,NaN,NaN,0,-0.6668452916,1.304354505,-25.09881839,0,5.630285202,23.85168971,-75.6918979
0.03408110822,0.04254095778,NaN,NaN,0,0.2690298631,1.404716505,-28.03844252,0,5.899310164,26.87577097,-76.28043411
0.03408110822,0.04640831758,NaN,NaN,0,1.273395393,1.516319821,-30.50871064,0,5.95093046,29.55941054,-76.80173708
0.03408110822,0.05027567738,NaN,NaN,0,2.40093962,1.637258417,-32.3917936,0,5.669296346,31.64927347,-77.25872523
0.03408110822,0.05414303718,NaN,NaN,0,3.739201246,1.764767635,-33.54669114,0,5.076930813,32.79741908,-77.65116281
0.03408110822,0.05801039698,NaN,NaN,0,5.282407791,1.895180278,-33.83596457,0,4.446751451,32.75918226,-77.96412706
0.03408110822,0.06187775677,NaN,NaN,0,6.956710396,2.024486097,-33.03168795,0,3.994436974,31.664494,-78.16977202
0.03408110822,0.06574511657,NaN,NaN,0,8.530619201,2.148741849,-30.67981779,0,3.447260094,29.99354789,-78.25083946
0.03408110822,0.06961247637,NaN,NaN,0,9.072540316,2.263646243,-26.71464351,0,2.532327561,28.14693625,-78.23979451
0.03408110822,0.07347983617,NaN,NaN,0,6.487088497,2.365604992,-23.12474235,0,2.681928638,26.5641511,-78.23300429
0.03408110822,0.07734719597,NaN,NaN,0,-1.725784542,2.459008701,-25.72327758,0,8.459017597,27.155437,-78.34349832
0.03408110822,0.08121455577,NaN,NaN,0,-18.21730841,2.571169892,-43.27604725,0,27.17649927,37.39197224,-78.59426769
0.03408110822,0.08508191556,NaN,NaN,0,-29.50272161,2.771700235,-78.94256372,0,49.03069729,63.68906907,-78.94501938
0.03408110822,0.08894927536,NaN,NaN,0,15.21386085,3.127015551,-100.2641661,0,20.04745785,84.05097468,-79.2365546
0.03408110822,0.09281663516,NaN,NaN,0,38.59042419,3.49743586,-97.45776703,0,14.81351492,77.38571758,-78.99162351
0.03408110822,0.09668399496,NaN,NaN,0,37.09411587,3.830639023,-85.80300676,0,31.95589497,74.58291275,-78.09047803
0.03408110822,0.1005513548,NaN,NaN,0,66.45941143,4.159767001,-86.75327523,0,26.12829598,50.8979761,-77.01213696
0.03408110822,0.1044187146,NaN,NaN,0,147.020358,4.43195115,-22.59453064,0,-28.71858218,7.021692856,-74.97974469
0.03408110822,0.1082860744,NaN,NaN,0,272.9575018,4.394321754,249.8753472,0,-239.5029244,-64.60811249,-71.5266416
0.03408110822,0.1121534342,NaN,NaN,0,-253.8176198,3.320119651,217.13784,0,159.522537,-146.9057544,-67.36146681
0.03408110822,0.116020794,NaN,NaN,0,-102.0305122,2.945135381,20.58734178,0,4.168939857,-83.68644828,-69.57641871
0.03408110822,0.1198881537,NaN,NaN,0,-58.74304157,2.808961653,-7.568977551,0,-7.568977551,-58.74304157,-71.32342599
0.03794846802,0.01546943919,NaN,NaN,0,-6.123753375,0.974546487,-4.427158132,0,6.352787397,3.98556682,-72.17185721
0.03794846802,0.01933679899,NaN,NaN,0,-5.921283224,0.9901789117,-6.567490826,0,6.326903891,5.965789602,-72.43565463
0.03794846802,0.02320415879,NaN,NaN,0,-5.489730146,1.021257074,-10.74865088,0,6.351091347,9.874400847,-72.92066434
0.03794846802,0.02707151859,NaN,NaN,0,-4.899929944,1.067427069,-14.79264375,0,6.440211343,13.59101136,-73.55718142
0.03794846802,0.03093887839,NaN,NaN,0,-4.17184305,1.128247724,-18.66457649,0,6.637534448,17.12796332,-74.2688121
0.03794846802,0.03480623819,NaN,NaN,0,-3.301654475,1.20326269,-22.33685479,0,6.933572954,20.51651642,-74.98755199
0.03794846802,0.03867359798,NaN,NaN,0,-2.279878943,1.291959774,-25.73896147,0,7.251860568,23.79235304,-75.66207204
0.03794846802,0.04254095778,NaN,NaN,0,-1.135556827,1.393606819,-28.76623785,0,7.452811144,26.95777336,-76.26407026
0.03794846802,0.04640831758,NaN,NaN,0,0.094941206,1.507094788,-31.33486868,0,7.33946036,29.91421428,-76.79116908
0.03794846802,0.05027567738,NaN,NaN,0,1.503495245,1.630777421,-33.35899203,0,6.666754741,32.35197779,-77.25895647
0.03794846802,0.05414303718,NaN,NaN,0,3.260513621,1.761931096,-34.67982284,0,5.388487348,33.71629391,-77.67919796
0.03794846802,0.05801039698,NaN,NaN,0,5.34853361,1.896327954,-35.18943554,0,4.071664687,33.55571278,-78.03583513
0.03794846802,0.06187775677,NaN,NaN,0,7.796289702,2.029554009,-34.67824605,0,3.35011387,32.14178728,-78.27597298
0.03794846802,0.06574511657,NaN,NaN,0,10.66738866,2.158097798,-32.10527975,0,2.710233981,30.3570556,-78.33847303
0.03794846802,0.06961247637,NaN,NaN,0,12.7869898,2.276591949,-26.00915885,0,0.8807173971,28.21332128,-78.23642555
0.03794846802,0.07347983617,NaN,NaN,0,10.25207241,2.374169907,-17.08004511,0,-1.083121932,24.24634089,-78.11208772
0.03794846802,0.07734719597,NaN,NaN,0,-1.298095129,2.440289418,-11.73824957,0,3.369586305,16.54098124,-78.18639235
0.03794846802,0.08121455577,NaN,NaN,0,-34.25452243,2.482883983,-27.14661551,0,34.87088625,19.3470956,-78.45107503
0.03794846802,0.08508191556,NaN,NaN,0,-78.42821371,2.617003925,-94.99842078,0,92.79163121,67.91331735,-78.94127668
0.03794846802,0.08894927536,NaN,NaN,0,24.07315181,3.112114019,-129.1702556,0,8.778889496,106.3000492,-79.77146338
0.03794846802,0.09281663516,NaN,NaN,0,57.59522451,3.53546616,-108.1464372,0,-1.694736714,71.68295632,-79.75135316
0.03794846802,0.09668399496,NaN,NaN,0,20.97496295,3.835954119,-84.37479167,0,40.18342305,84.28823094,-78.43819396
0.03794846802,0.1005513548,NaN,NaN,0,50.4002718,4.22103488,-149.5966965,0,40.01106372,73.35491453,-78.16716486
0.03794846802,0.1044187146,NaN,NaN,0,195.9073113,4.753803414,-189.6594706,10.3999207,32.95573154,76.0214083,-76.39188468
0.03794846802,0.1082860744,1.750648433,-5.158821587,1,189.892609,5.447771113,191.7798097,0,-113.5355699,-417.2431985,-71.25533337
0.03794846802,0.1121534342,1.413773957,-2.265042052,1,-52.71195125,2.670050992,213.9980315,0,-165.7663022,-459.3755021,-58.02877834
0.03794846802,0.116020794,NaN,NaN,0,-99.6875723,2.710447164,-118.2585279,0,-66.44605245,-41.44927161,-70.47872692
0.03794846802,0.1198881537,NaN,NaN,0,-59.38666686,2.675663757,-52.46290452,0,-10.13826487,-48.61158047,-73.24644106
0.04181582782,0.01546943919,NaN,NaN,0,-10.51974579,0.9435485215,-4.643210584,0,10.52660026,4.083675024,-71.6342662
0.04181582782,0.01933679899,NaN,NaN,0,-10.25229875,0.9595828274,-6.924059828,0,10.35927162,6.045653566,-71.95098982
0.04181582782,0.02320415879,NaN,NaN,0,-9.694674475,0.9914023677,-11.31888852,0,10.14448026,9.922770078,-72.52496787
0.04181582782,0.02707151859,NaN,NaN,0,-8.925067182,1.038501242,-15.53498489,0,10.01092211,13.54025157,-73.26409736
0.04181582782,0.03093887839,NaN,NaN,0,-8.015135612,1.100320797,-19.56901027,0,10.05106548,16.9500131,-74.07483532
0.04181582782,0.03480623819,NaN,NaN,0,-6.93192166,1.176485016,-23.44594433,0,10.27192448,20.23768993,-74.87772753
0.04181582782,0.03867359798,NaN,NaN,0,-5.589741802,1.266776092,-27.06571704,0,10.56505559,23.53165051,-75.60978905
0.04181582782,0.04254095778,NaN,NaN,0,-4.03388951,1.370791526,-30.2433466,0,10.72818356,26.95808725,-76.2351672
0.04181582782,0.04640831758,NaN,NaN,0,-2.430952754,1.487788639,-32.94285925,0,10.45672886,30.55037039,-76.7613833
0.04181582782,0.05027567738,NaN,NaN,0,-0.5595026476,1.616923122,-35.21511302,0,9.086864093,33.94249947,-77.23727382
0.04181582782,0.05414303718,NaN,NaN,0,2.116391991,1.755932484,-36.81149066,0,6.073031542,35.97274797,-77.71250963
0.04181582782,0.05801039698,NaN,NaN,0,5.263837412,1.898706026,-37.8329043,0,2.892391994,35.33639209,-78.18166852
0.04181582782,0.06187775677,NaN,NaN,0,8.953094501,2.039347022,-38.72837944,0,1.883551482,32.64808826,-78.53855786
0.04181582782,0.06574511657,NaN,NaN,0,14.8264957,2.177531682,-37.22546378,0,1.892004786,30.90799847,-78.58989125
0.04181582782,0.06961247637,NaN,NaN,0,22.79101102,2.310463164,-27.77859386,0,-2.27162321,30.46102555,-78.26557313
0.04181582782,0.07347983617,NaN,NaN,0,23.98359642,2.414241479,-6.588177463,5.592806805,-12.21601003,26.52676214,-77.80125083
0.04181582782,0.07734719597,NaN,NaN,0,17.98965352,2.445179645,23.35497977,0,-26.22223616,-4.226908668,-77.83177944
0.04181582782,0.08121455577,NaN,NaN,0,-50.4229244,2.303269352,39.9552368,3.942556872,27.49428015,-45.92890718,-78.01468407
0.04181582782,0.08508191556,NaN,NaN,0,-293.6621173,2.101872389,-148.5476219,0,298.1194065,78.50368184,-78.2862179
0.04181582782,0.08894927536,NaN,NaN,0,100.7033363,3.170118601,-217.3252962,0,-74.82039511,197.4996507,-81.00692888
0.04181582782,0.09281663516,NaN,NaN,0,152.6865864,3.700073687,-126.600947,10.8252494,-76.49900164,13.73981516,-81.81424963
0.04181582782,0.09668399496,0.7901819585,-3.673897352,1,98.57997241,3.757912889,-93.71110857,0,-69.30826258,17.7740578,-77.86173703
0.04181582782,0.1005513548,0.6400309707,-4.093529375,1,15.29308502,4.143262288,-251.8048157,0,-36.25687915,68.00647543,-81.11364335
0.04181582782,0.1044187146,0.7091074238,-4.910722682,1,54.43624014,4.961656034,-298.1515946,0,-85.35607111,24.50359984,-81.78329585
0.04181582782,0.1082860744,0.5204528594,-5.341353103,1,-52.03768862,5.366649248,35.26832046,0,-46.24714232,-329.1123681,-84.43475956
0.04181582782,0.1121534342,0.3290046199,-3.501531456,1,265.154413,3.516954162,176.6503971,0,-293.6939066,-524.0628962,-84.63223616
0.04181582782,0.116020794,NaN,NaN,0,-48.61544451,2.663204179,2.873426872,0,95.05685774,-263.7031161,-81.14235147
0.04181582782,0.1198881537,NaN,NaN,0,-18.9810221,2.522393697,-13.58590878,0,69.93563203,-96.7737371,-78.3672422
0.04568318762,0.01546943919,NaN,NaN,0,-15.2298172,0.8966902164,-4.820442705,0,14.82110981,4.461833598,-70.71103033
0.04568318762,0.01933679899,NaN,NaN,0,-14.87177791,0.9133949213,-7.348370785,0,14.44081569,6.392100961,-71.12975037
0.04568318762,0.02320415879,NaN,NaN,0,-14.11160182,0.9464892813,-12.06785848,0,13.85663595,10.23077433,-71.86895039
0.04568318762,0.02707151859,NaN,NaN,0,-13.0905287,0.9950954651,-16.45939703,0,13.40793137,13.69721172,-72.78963276
0.04568318762,0.03093887839,NaN,NaN,0,-12.03171056,1.058290021,-20.63053537,0,13.28388088,16.89414759,-73.77105243
0.04568318762,0.03480623819,NaN,NaN,0,-10.82115475,1.135798282,-24.81219523,0,13.53800387,19.95257968,-74.72270836
0.04568318762,0.03867359798,NaN,NaN,0,-9.113277096,1.228046772,-28.83461575,0,14.00825378,23.13847183,-75.55803401
0.04568318762,0.04254095778,NaN,NaN,0,-6.979306655,1.335133045,-32.19857225,0,14.43813864,26.79255473,-76.21197217
0.04568318762,0.04640831758,NaN,NaN,0,-5.225360064,1.456459817,-34.97810871,0,14.67240743,31.38668058,-76.69750435
0.04568318762,0.05027567738,NaN,NaN,0,-3.426945073,1.593308282,-37.74711015,0,13.15094123,36.89490174,-77.13571422
0.04568318762,0.05414303718,NaN,NaN,0,0.5007195775,1.746289616,-39.51812249,0,6.924382732,40.89580642,-77.67604314
0.04568318762,0.05801039698,NaN,NaN,0,4.637329545,1.903332323,-40.60231155,0,-0.4586797343,39.16901935,-78.37739575
0.04568318762,0.06187775677,NaN,NaN,0,7.925755188,2.051745016,-45.17690362,0,-0.60030472,32.20617521,-79.07409607
0.04568318762,0.06574511657,NaN,NaN,0,16.89448862,2.202412241,-50.28960209,0,5.245856889,30.16582447,-79.22402301
0.04568318762,0.06961247637,NaN,NaN,0,39.56696218,2.373616854,-41.29157534,0,0.3567950136,36.19602033,-78.46826922
0.04568318762,0.07347983617,NaN,NaN,0,44.90164872,2.527478579,-4.849050657,11.51105264,-19.28705884,55.62659079,-77.05526427
0.04568318762,0.07734719597,NaN,NaN,0,99.69603718,2.623062575,71.79110931,0,-123.5368011,-14.04647088,-77.36936567
0.04568318762,0.08121455577,NaN,NaN,0,108.2352886,2.183351099,312.1602049,0,-196.790936,-277.3394975,-77.46185965
0.04568318762,0.08508191556,0.2310954366,-0.2797769785,1,211.7487028,0.362877746,-228.6718904,0,-211.2372604,187.6807837,-50.44333583
0.04568318762,0.08894927536,0.475960446,-3.741467508,1,140.8734132,3.771620005,-581.937901,0,-150.8385636,474.4995157,-82.75021609
0.04568318762,0.09281663516,0.1925566143,-4.365400573,1,117.6220525,4.369645319,-139.9861925,0,-117.83297,32.20770461,-87.47433617
0.04568318762,0.09668399496,0.4751447524,-4.407403263,2,200.1235127,4.432941017,0.9852155562,0,-209.9023351,-7.987385734,-83.84693198
0.04568318762,0.1005513548,0.1547383896,-4.330700296,1,-10.50813212,4.33346386,47.50432206,0,-96.79147633,242.3600093,-87.95365969
0.04568318762,0.1044187146,0.0601785603,-5.160980315,1,66.51146329,5.161331153,1.608289148,11.73833244,52.3058722,209.9486576,-89.3319445
0.04568318762,0.1082860744,0.6142477763,-5.136427461,1,-50.51331784,5.173024975,301.5017008,0,53.10585256,111.5347011,-83.18057888
0.04568318762,0.1121534342,0.07020482487,-4.426309577,1,14.86860694,4.426866294,943.1495805,0,-200.332502,131.894291,-89.09131911
0.04568318762,0.116020794,-0.1030078355,-1.999011368,1,13.42872704,2.001663574,301.7620133,0,57.49050142,-269.1937042,-92.94980754
0.04568318762,0.1198881537,NaN,NaN,0,78.7929484,2.244806415,-41.26869187,0,152.6222065,72.09392842,-81.17284343
0.04955054742,0.01546943919,NaN,NaN,0,-20.49115416,0.8335612552,-4.881787175,0,19.3026872,5.32176524,-69.20702874
0.04955054742,0.01933679899,NaN,NaN,0,-19.99557071,0.851239996,-7.901691206,0,18.62406855,7.150711422,-69.82308789
0.04955054742,0.02320415879,NaN,NaN,0,-18.7894262,0.8864703504,-13.14477757,0,17.43331649,10.91101457,-70.86341936
0.04955054742,0.02707151859,NaN,NaN,0,-17.29373523,0.9374851219,-17.60420939,0,16.48028653,14.1236734,-72.08568516
0.04955054742,0.03093887839,NaN,NaN,0,-16.20002317,1.002292875,-21.68153895,0,16.1385228,16.97678586,-73.33351336
0.04955054742,0.03480623819,NaN,NaN,0,-15.20770969,1.080657809,-26.33768545,0,16.58795636,19.54000937,-74.53663761
0.04955054742,0.03867359798,NaN,NaN,0,-13.06290518,1.174687866,-31.26197849,0,17.491817,22.27710239,-75.56662377
0.04955054742,0.04254095778,NaN,NaN,0,-9.544699952,1.285366945,-34.73821795,0,18.3437098,25.68697928,-76.26184432
0.04955054742,0.04640831758,NaN,NaN,0,-8.064235775,1.409707037,-37.02389318,0,20.64382099,31.30889546,-76.59465125
0.04955054742,0.05027567738,NaN,NaN,0,-8.423637156,1.553704976,-41.27709636,0,21.92011066,41.35462047,-76.83350493
0.04955054742,0.05414303718,NaN,NaN,0,-1.323898153,1.732824619,-42.9115776,0,8.932237893,51.54655662,-77.36556088
0.04955054742,0.05801039698,NaN,NaN,0,4.859006005,1.916884437,-39.88131579,0,-11.05118894,48.23770366,-78.46448802
0.04955054742,0.06187775677,NaN,NaN,0,1.218108084,2.062447784,-51.08732141,0,-9.071947517,26.84176875,-80.08651443
0.04955054742,0.06574511657,NaN,NaN,0,5.258741416,2.207938928,-77.46446563,0,19.33493247,21.35310389,-80.80136877
0.04955054742,0.06961247637,NaN,NaN,0,73.68070035,2.455437912,-82.24905474,0,17.74000521,28.5306405,-79.43550127
0.04955054742,0.07347983617,0.7065125914,-2.607969959,1,132.7338841,2.701974713,-94.31507671,20.90333307,-58.12610425,122.822534,-74.84209641
0.04955054742,0.07734719597,0.7387207008,-3.253565392,1,83.44546256,3.336374684,17.98834401,0,-107.6348779,231.2439726,-77.2078912
0.04955054742,0.08121455577,0.6129634189,-3.432706204,1,115.654077,3.487003877,77.60453999,0,-237.3184664,191.473521,-79.87564913
0.04955054742,0.08508191556,0.2682007324,-3.693937711,1,381.4743915,3.703661357,-55.70837775,0,-519.276195,158.0286782,-85.84728982
0.04955054742,0.08894927536,0.0800342639,-4.259304302,1,23.29447855,4.260056176,-111.3571156,0,-64.19891855,115.9368906,-88.92351294
0.04955054742,0.09281663516,0.1100085456,-4.572965413,1,83.14403263,4.57428842,-49.96740961,0,93.47976726,208.6872236,-88.62194236
0.04955054742,0.09668399496,0.763102047,-5.259614832,1,294.8588535,5.314684649,56.62651654,73.62327023,132.0556756,18.94000459,-81.74472744
0.04955054742,0.1005513548,1.761040633,-4.427218112,1,224.3704886,4.764611665,135.90649,50.46975395,-26.77516586,59.89752446,-68.30852988
0.04955054742,0.1044187146,1.527274255,-4.965660814,1,53.00869411,5.19522415,117.8144781,0,39.24354544,250.5671579,-72.90382091
0.04955054742,0.1082860744,2.117813235,-4.940620489,1,469.5264534,5.375394285,121.7408807,98.30990585,295.6756405,-41.64428997,-66.79744702
0.04955054742,0.1121534342,4.48658607,-4.333791573,1,-74.80467862,6.237884575,432.6051425,0,-334.2029078,-208.5507548,-44.00757035
0.04955054742,0.116020794,0.5360337386,-2.461039947,1,-425.0506139,2.518739723,339.2702529,0,-572.7266079,-216.3366572,-77.71244074
0.04955054742,0.1198881537,NaN,NaN,0,-20.52044051,2.273465912,156.4949212,0,67.98890541,13.77212531,-73.969312
0.05341790721,0.01546943919,NaN,NaN,0,-26.75079046,0.7538207251,-4.600578717,0,23.96016738,7.030101802,-66.72174265
0.05341790721,0.01933679899,NaN,NaN,0,-26.12704133,0.7724714999,-8.782717398,2.483835586,23.02233805,8.528853025,-67.74870112
0.05341790721,0.02320415879,NaN,NaN,0,-23.75679702,0.8114421128,-15.0053512,0,20.77227495,12.13889911,-69.36970989
0.05341790721,0.02707151859,NaN,NaN,0,-21.09496286,0.8667285917,-19.13112402,0,18.94137545,14.90968146,-71.0845738
0.05341790721,0.03093887839,NaN,NaN,0,-20.26693719,0.9332874319,-22.15372559,0,18.20196742,17.34931308,-72.6977038
0.05341790721,0.03480623819,NaN,NaN,0,-20.74675566,1.010275964,-27.59502914,0,19.18348177,18.95356956,-74.32343664
0.05341790721,0.03867359798,NaN,NaN,0,-18.38593397,1.104956469,-35.1373948,0,21.02734806,20.74294908,-75.77474076
0.05341790721,0.04254095778,NaN,NaN,0,-10.0723522,1.222071962,-38.46842787,0,20.80106256,22.36936453,-76.60067692
0.05341790721,0.04640831758,NaN,NaN,0,-9.063245929,1.343334925,-37.10214971,0,27.63905607,26.80730151,-76.52532244
0.05341790721,0.05027567738,NaN,NaN,0,-20.87946962,1.479206265,-47.42580453,0,44.95344252,45.66812807,-76.11232615
0.05341790721,0.05414303718,NaN,NaN,0,-2.23168104,1.715159441,-50.96977574,0,17.93564712,75.69809592,-76.30324869
0.05341790721,0.05801039698,NaN,NaN,0,14.90448454,1.970206022,-24.92405259,0,-43.60636642,75.39346995,-77.81733321
0.05341790721,0.06187775677,0.2951201943,-2.054348629,1,-12.86771034,2.07543832,-5.554884337,0,-44.27458881,41.84180848,-81.82502816
0.05341790721,0.06574511657,0.194780968,-2.109136613,1,11.40997425,2.11811163,-67.40532364,0,-18.74249033,58.70074246,-84.72364117
0.05341790721,0.06961247637,0.2667627164,-2.54204616,1,112.9244847,2.556004895,-53.50418952,28.24015358,11.61809148,228.9195855,-84.00929858
0.05341790721,0.07347983617,0.6764319204,-3.201370967,1,173.4786686,3.272053822,53.61816088,16.09412476,155.0866522,249.2334477,-78.06920543
0.05341790721,0.07734719597,1.537443029,-3.298560856,1,93.54725616,3.639262946,213.7817642,0,123.1825837,290.0567392,-65.01000464
0.05341790721,0.08121455577,1.51460419,-3.496353739,1,-109.3352858,3.810316958,167.1805999,0,-126.1323777,287.3511436,-66.57796342
0.05341790721,0.08508191556,0.6268048532,-3.763303585,1,-156.3276709,3.815145895,111.2140653,6.259825436,-107.6591727,262.087593,-80.5437871
0.05341790721,0.08894927536,0.4936720838,-4.079835955,1,2.433293518,4.109595302,117.5504262,0,44.00106956,262.9015217,-83.10058569
0.05341790721,0.09281663516,0.8063832422,-4.325428569,1,7.962065807,4.399952981,93.49780969,0,62.81376286,341.0014876,-79.43966256
0.05341790721,0.09668399496,0.7673876783,-5.037021728,1,-56.30742001,5.095141974,-45.44793258,0,83.61279809,207.0608552,-81.33762647
0.05341790721,0.1005513548,0.9119829637,-5.301970903,1,148.7814999,5.379833491,-27.09566155,40.49046396,36.73400653,18.72199654,-80.24015724
0.05341790721,0.1044187146,1.48484289,-5.214215097,1,65.96198335,5.421512472,-90.3941325,0,-62.85207163,40.65139427,-74.1047298
0.05341790721,0.1082860744,0.9240101112,-5.808771105,1,18.78431846,5.881803842,-146.2868484,0,-160.519032,-90.62076768,-80.96160009
0.05341790721,0.1121534342,0.9367037565,-5.42949586,1,-18.71298043,5.509704095,-20.60571789,0,-123.9139096,-858.0358263,-80.21161046
0.05341790721,0.116020794,0.3724206105,-2.57012757,1,-52.91963598,2.596969934,851.4639891,0,70.05152321,-67.39930346,-81.75502519
0.05341790721,0.1198881537,NaN,NaN,0,-6.646358601,2.127206112,358.0251834,0,332.728415,-0.9828762233,-61.86886387
0.05728526701,0.01546943919,NaN,NaN,0,-34.87244732,0.6582385837,-3.112126884,0,28.31720544,10.21458245,-62.36617475
0.05728526701,0.01933679899,NaN,NaN,0,-34.70266289,0.6755872412,-10.5309186,5.013302104,28.03518555,10.70336989,-64.33262046
0.05728526701,0.02320415879,NaN,NaN,0,-29.01575769,0.7216091179,-18.96278581,0,23.69206981,14.20604739,-67.21004786
0.05728526701,0.02707151859,NaN,NaN,0,-23.06238201,0.785790832,-21.7612099,0,20.31097289,16.02684025,-69.74505046
0.05728526701,0.03093887839,NaN,NaN,0,-23.02600707,0.8548026325,-20.20721023,0,18.54448968,18.55721545,-71.66640241
0.05728526701,0.03480623819,NaN,NaN,0,-29.1264418,0.9229563174,-26.75131072,0,20.91665526,18.18200669,-73.98021061
0.05728526701,0.03867359798,NaN,NaN,0,-29.66172283,1.013322799,-43.2241437,0,26.63303089,19.37175985,-76.46675266
0.05728526701,0.04254095778,NaN,NaN,0,-3.295528955,1.155044975,-46.89594902,0,16.19413632,16.24022823,-77.85556807
0.05728526701,0.04640831758,NaN,NaN,0,2.763073884,1.262416345,-25.49047325,0,24.15789821,7.882818006,-76.8588748
0.05728526701,0.05027567738,0.3471076983,-1.25826204,1,16.5642367,1.305261321,-40.39686631,0,31.95540518,58.76982436,-74.57779939
0.05728526701,0.05414303718,0.4746536975,-1.612870762,1,26.18194508,1.681263878,37.7334354,0,33.65348848,256.5353327,-73.60130712
0.05728526701,0.05801039698,0.5785128486,-2.104447702,1,0.7147025404,2.182516265,118.5879405,0,4.651718487,258.2811666,-74.62907119
0.05728526701,0.06187775677,0.4954075784,-2.153114729,1,-9.286129963,2.2093736,183.172485,0,-57.741708,232.7431887,-77.04240349
0.05728526701,0.06574511657,0.3192920827,-2.296155449,1,140.7024747,2.318248753,153.6928267,0,23.019671,322.4099109,-82.08349559
0.05728526701,0.06961247637,1.128580023,-2.805604398,1,223.6495581,3.024088112,164.0696087,0,179.3273371,263.0888557,-68.08709182
0.05728526701,0.07347983617,1.877748727,-2.679098504,1,164.463714,3.271621781,180.7965484,0,238.5671732,266.9924383,-54.97383676
0.05728526701,0.07734719597,2.687245474,-3.138954918,1,38.92155808,4.132109172,31.65812863,0,88.56916149,243.3188328,-49.43331367
0.05728526701,0.08121455577,2.370801211,-3.497666602,1,-181.4720449,4.225443177,86.97434506,40.80482543,-70.72918963,181.8101554,-55.86965124
0.05728526701,0.08508191556,1.711892558,-3.505719118,1,-165.1456684,3.901364206,172.0090606,0,-46.73593068,327.3812486,-63.97308437
0.05728526701,0.08894927536,1.551378832,-4.098546756,1,-29.97754898,4.382335198,161.2121399,0,50.27074794,382.3229472,-69.26738111
0.05728526701,0.09281663516,1.79037366,-4.360834165,1,-50.23972992,4.714054779,141.4735928,0,8.024504551,301.775784,-67.67902511
0.05728526701,0.09668399496,1.388117367,-4.718493006,1,-94.85777318,4.918439393,118.6238478,0,78.89934003,247.8365263,-73.6068241
0.05728526701,0.1005513548,1.728656657,-4.860546083,1,-86.50299728,5.158794633,52.10936888,0,72.74265915,244.8346764,-70.42203433
0.05728526701,0.1044187146,1.334901188,-5.463831112,1,-90.26320158,5.624536568,-38.17385031,19.33511242,-46.01850991,161.8346866,-76.27067799
0.05728526701,0.1082860744,1.201606245,-5.634051058,1,-141.1971716,5.760762874,199.4031403,0,77.5004596,12.40484385,-77.9605827
0.05728526701,0.1121534342,1.088563085,-4.740641418,1,185.89788,4.864015897,554.0437538,0,426.0668353,-389.3866531,-77.0677205
0.05728526701,0.116020794,3.568293983,-1.98546623,1,77.98543374,4.083478676,763.2936972,0,159.9211958,-236.8889156,-29.09238994
0.05728526701,0.1198881537,NaN,NaN,0,-806.6100539,2.189976445,346.162607,0,0.0337618358,-229.3674177,-23.48072502
0.06115262681,0.01546943919,NaN,NaN,0,-46.38539181,0.5537551265,3.085551581,0,29.73476019,15.61984073,-54.0145402
0.06115262681,0.01933679899,NaN,NaN,0,-50.4342157,0.5559110646,-14.59772164,9.363599621,35.47031843,13.19567404,-58.1711518
0.06115262681,0.02320415879,NaN,NaN,0,-34.54118886,0.6166144375,-28.55366354,0,25.64984584,17.95508031,-64.28925753
0.06115262681,0.02707151859,NaN,NaN,0,-19.11280041,0.7016526778,-28.74371955,0,20.06595664,16.4344167,-68.35636126
0.06115262681,0.03093887839,NaN,NaN,0,-19.64826727,0.7790145413,-10.16259473,2.309934121,14.74836313,22.67070179,-69.62760929
0.06115262681,0.03480623819,NaN,NaN,0,-43.07128164,0.8152404712,-15.9788598,10.0163763,19.30561869,15.84548191,-72.89050566
0.06115262681,0.03867359798,0.1792804499,-0.8533632432,1,-46.59422209,0.8719921471,-57.39635999,0,27.14921941,29.03741567,-78.13545152
0.06115262681,0.04254095778,0.1646418679,-1.113431924,1,-11.26393879,1.125538802,-43.08050055,0,28.23737776,52.65722125,-81.58869206
0.06115262681,0.04640831758,0.2449228454,-1.22361546,1,19.99801181,1.247887011,48.89722114,0,47.60647718,116.9051692,-78.6810741
0.06115262681,0.05027567738,0.4260927508,-1.376443128,1,169.8200956,1.440885393,103.9194703,0,166.1303007,210.9366838,-72.79952793
0.06115262681,0.05414303718,1.544163902,-1.637489529,1,179.8121681,2.250736349,92.20139265,0,194.387947,230.3234169,-46.6801427
0.06115262681,0.05801039698,1.873259233,-1.910610692,1,9.351880696,2.675730436,138.5542233,0,83.59314299,294.7988673,-45.56556158
0.06115262681,0.06187775677,1.90361575,-2.241743784,1,-0.2182476464,2.940946806,253.8100371,0,42.309579,422.8265496,-49.66316956
0.06115262681,0.06574511657,2.036041555,-2.564258357,1,-5.244073173,3.27427643,290.2655066,0,9.154347832,412.2382157,-51.55014499
0.06115262681,0.06961247637,1.918738189,-2.713456135,1,-3.37123696,3.323311667,177.6214552,0,99.60006229,268.2589673,-54.73511825
0.06115262681,0.07347983617,2.408193046,-2.914786228,1,54.31528795,3.780922176,181.2148789,0,122.0685298,282.8603412,-50.43652145
0.06115262681,0.07734719597,2.600877875,-3.10655571,1,-51.94805478,4.051574275,14.74462452,0,89.67340833,54.38020337,-50.06317731
0.06115262681,0.08121455577,2.554090562,-3.068071272,1,-97.90189129,3.992047085,43.32146178,3.678816248,86.84757548,94.72987113,-50.22348761
0.06115262681,0.08508191556,2.558126859,-3.305370526,1,-58.92220289,4.179651581,115.4128972,0,69.68594593,296.7809832,-52.26262144
0.06115262681,0.08894927536,2.595717829,-3.769486917,1,-101.4724058,4.576765524,71.27468388,0,91.76583644,276.7712827,-55.44819528
0.06115262681,0.09281663516,2.520588062,-4.100099811,1,-132.7603739,4.812918308,5.112755701,37.17063144,26.46148963,159.1076173,-58.41835414
0.06115262681,0.09668399496,2.184621797,-4.365040454,1,-154.7363838,4.881203802,30.23552981,42.17160731,35.73643035,181.7628957,-63.41288481
0.06115262681,0.1005513548,2.060372427,-4.686110654,1,-107.1710179,5.119059249,47.20822287,23.52391761,49.88698651,222.5383025,-66.26603928
0.06115262681,0.1044187146,1.963083837,-5.043104955,1,-187.2133873,5.411710057,242.7883907,0,105.1872379,314.3819427,-68.73097961
0.06115262681,0.1082860744,1.743147794,-4.962988678,1,-183.633583,5.260211104,241.4435178,0,82.89513378,101.1853348,-70.64722292
0.06115262681,0.1121534342,1.573492008,-4.500676097,1,90.24215125,4.767804781,515.1861302,0,81.72775615,-185.482109,-70.7297423
0.06115262681,0.116020794,2.4082173,-2.253252498,2,215.420652,3.297977772,673.9065682,0,-246.1506762,-811.4315848,-43.09597383
0.06115262681,0.1198881537,1.454647948,1.243660963,1,-91.23938248,1.913816408,851.1179563,0,-401.8977457,-957.3062107,40.52900823
0.06501998661,0.01546943919,NaN,NaN,0,-63.01819541,0.4753974782,28.32891195,0,16.2480737,22.08685703,-37.40368555
0.06501998661,0.01933679899,NaN,NaN,0,-90.27027713,0.398810104,-25.52542829,19.28496781,54.29882424,11.63797751,-43.9325971
0.06501998661,0.02320415879,NaN,NaN,0,-39.60198163,0.4939098969,-51.91042717,0,23.37103849,27.98418311,-61.12230767
0.06501998661,0.02707151859,0.2244347918,-0.5856803029,1,-11.32648021,0.6272100071,-36.82957182,0,31.68176139,26.75288263,-69.03298845
0.06501998661,0.03093887839,0.3172507783,-0.6783897249,1,-11.51829266,0.7489063193,9.603140953,0,19.21270023,25.16942336,-64.9367323
0.06501998661,0.03480623819,0.2541918343,-0.6458807177,1,-45.44730587,0.6941004179,29.48672552,9.83396532,-3.629532057,35.07323183,-68.51746089
0.06501998661,0.03867359798,0.1274529882,-0.6999947548,1,-13.82557619,0.7115032825,31.04242496,0,20.50698283,116.5139123,-79.6807961
0.06501998661,0.04254095778,0.2800312377,-0.9764297117,1,75.99078603,1.015791551,88.23465305,0,131.069156,197.5058064,-73.99758594
0.06501998661,0.04640831758,0.9282282838,-1.122585621,1,156.6008497,1.456642105,131.9430538,0,175.5995558,208.5074565,-50.41379921
0.06501998661,0.05027567738,1.564769731,-1.272531805,1,81.68127815,2.016889066,96.16317888,0,123.5607829,208.362556,-39.11935498
0.06501998661,0.05414303718,1.72197318,-1.556500981,1,55.15515101,2.321182228,-20.10104513,0,123.1772191,120.769795,-42.11060093
0.06501998661,0.05801039698,2.25444517,-1.817330029,1,127.6849645,2.895722959,43.78801813,0,231.7932338,155.5291965,-38.87262284
0.06501998661,0.06187775677,3.112204712,-1.988644322,1,25.61157293,3.693308058,90.73930345,0,176.5112208,200.1528485,-32.57786547
0.06501998661,0.06574511657,3.036126736,-2.240471574,1,-133.6199909,3.773298085,89.79248375,20.92994019,66.58597247,198.0660954,-36.42500477
0.06501998661,0.06961247637,2.852960044,-2.407377335,1,-18.04928156,3.73294075,156.8576688,0,182.5976747,202.522095,-40.15825545
0.06501998661,0.07347983617,3.672494577,-2.41707234,1,-91.44252179,4.39652762,150.55877,0,117.7178144,198.1044961,-33.3511317
0.06501998661,0.07734719597,2.954576054,-2.591253765,1,-207.049106,3.929900219,64.16927819,56.2351857,8.51593837,158.8337574,-41.251755
0.06501998661,0.08121455577,2.904695386,-2.783173941,1,-11.12308578,4.022848801,58.0144392,0,101.9909038,165.8635638,-43.77606071
0.06501998661,0.08508191556,3.305994601,-3.008345133,1,-52.93174169,4.469870327,83.43263393,0,51.04477626,230.3160465,-42.30115196
0.06501998661,0.08894927536,2.897397811,-3.351224946,1,-216.7423401,4.43008157,8.718849628,61.84539022,-10.93796831,199.2159422,-49.15400398
0.06501998661,0.09281663516,2.425472929,-3.745065931,1,-193.4329594,4.461887241,38.21818525,54.04547073,15.17019297,201.2858045,-57.07109296
0.06501998661,0.09668399496,2.207991555,-3.981866102,1,-47.39732313,4.553074166,62.00655179,0,136.9650424,193.3830894,-60.99111654
0.06501998661,0.1005513548,2.771863525,-4.253146271,1,-3.76524607,5.076660379,213.1123495,0,335.1768159,303.9098459,-56.90687961
0.06501998661,0.1044187146,3.489679337,-4.333012689,1,-192.9584086,5.563529531,145.8657802,0,129.5590244,236.4036048,-51.15306655
0.06501998661,0.1082860744,2.526675296,-4.603288614,1,-281.5207432,5.251128842,70.73617554,77.86583902,-9.642281181,184.6528994,-61.23828459
0.06501998661,0.1121534342,2.363647162,-4.773569647,1,-34.63616935,5.326705838,343.442454,0,166.4470154,128.1120921,-63.65755103
0.06501998661,0.116020794,3.036435263,-3.770528629,1,105.233702,4.841159494,572.8434324,0,-303.219348,-125.1952123,-51.15524343
0.06501998661,0.1198881537,1.597965433,-2.074003055,1,302.2210768,2.618202093,715.8477337,0,-1046.123845,-161.508221,-52.38668316
0.06888734641,0.01546943919,0.5203513142,-0.1415287119,1,-144.0716616,0.5392549179,520.4633679,0,-1.185409532,402.3919926,-15.21562487
0.06888734641,0.01933679899,0.2394706355,0.08678353331,1,-108.363266,0.2547107515,143.4279483,0,19.05735574,187.5145929,19.9203842
0.06888734641,0.02320415879,0.1749732269,-0.3120276292,1,-51.59399624,0.3577385519,-54.27666536,0,46.51341481,93.79293827,-60.71794949
0.06888734641,0.02707151859,0.2198221991,-0.4858548991,1,-6.643166247,0.5332698962,-42.49418032,0,66.29513085,34.92598315,-65.65590507
0.06888734641,0.03093887839,0.4056688367,-0.611439257,1,10.04612333,0.7337746044,6.032677705,0,59.69061906,40.05644201,-56.43709964
0.06888734641,0.03480623819,0.4895192731,-0.6174370374,1,30.8209989,0.7879451846,55.67608713,0,58.19711107,83.89886271,-51.59175361
0.06888734641,0.03867359798,0.7499338965,-0.7205868847,1,90.72328633,1.040022263,118.3987287,0,111.0122131,191.5719082,-43.85670657
0.06888734641,0.04254095778,1.269703034,-0.9004240502,1,53.47143585,1.556569711,146.1222257,0,156.3961761,257.1938004,-35.34278442
0.06888734641,0.04640831758,1.561567462,-1.150140627,1,-5.191176533,1.939411354,84.69663815,0,91.58094094,165.9034513,-36.3727447
0.06888734641,0.05027567738,1.603803335,-1.214480015,1,-13.86644797,2.011752183,34.57648004,0,110.0350839,92.57033164,-37.13482483
0.06888734641,0.05414303718,1.933486178,-1.374423717,1,53.85028526,2.372216128,31.52256677,0,215.1413096,107.4158265,-35.40721772
0.06888734641,0.05801039698,2.644090615,-1.507986556,1,70.41244043,3.043885451,-7.699514994,0,212.7559853,65.66754917,-29.69712062
0.06888734641,0.06187775677,3.028600364,-1.658160552,1,-12.03942115,3.452812851,-80.33955899,0,142.6721171,-7.420740599,-28.70073192
0.06888734641,0.06574511657,3.149294252,-1.789989863,1,-91.26557258,3.62244641,-27.50981484,0,163.6634591,44.71558589,-29.61295131
0.06888734641,0.06961247637,3.30858904,-1.937482163,1,-64.65523937,3.834135961,28.50800596,0,221.6887517,110.1911454,-30.35288409
0.06888734641,0.07347983617,3.756599344,-2.105887953,1,-93.74890518,4.306599901,-37.02111844,0,133.7559947,49.70625581,-29.27427473
0.06888734641,0.07734719597,3.46331085,-2.272888124,1,-143.6286539,4.142528511,62.19811814,33.29727603,56.56874427,197.8800436,-33.27593307
0.06888734641,0.08121455577,3.41990735,-2.630618777,1,-55.2050644,4.314617182,74.19426103,0,134.8963934,237.1911968,-37.56775856
0.06888734641,0.08508191556,3.771505892,-2.90325592,1,-80.88670152,4.759532712,35.14817145,0,75.70723342,123.8258752,-37.58860613
0.06888734641,0.08894927536,3.399876483,-2.973567363,1,-131.6504136,4.516775727,18.30718477,34.69328683,47.69915367,119.1771491,-41.17328024
0.06888734641,0.09281663516,3.446836164,-3.293356365,1,-165.4694752,4.767271305,133.6062764,0,106.6254403,309.0431443,-43.6955528
0.06888734641,0.09668399496,3.172305428,-3.652044853,1,-81.24218521,4.837453187,235.7604381,0,239.7604374,256.9488944,-49.02117391
0.06888734641,0.1005513548,4.05988328,-3.375299749,1,-152.974152,5.279706492,132.7811998,0,222.5698644,169.9562119,-39.73940762
0.06888734641,0.1044187146,3.441457088,-3.795814001,1,-378.5636118,5.123654049,93.30223396,104.4302405,34.90434199,231.9593859,-47.80312206
0.06888734641,0.1082860744,2.730829235,-3.911536845,1,-252.860455,4.770487271,284.1614689,0,241.4071669,265.3375341,-55.07928128
0.06888734641,0.1121534342,3.397163103,-3.723015072,1,-131.1432962,5.03999587,229.896827,0,495.3723488,209.5600998,-47.62028905
0.06888734641,0.116020794,4.139434031,-3.832887403,1,-121.1754688,5.64144839,94.52085446,0,173.2304113,158.6108077,-42.79798397
0.06888734641,0.1198881537,3.598478294,-3.970873981,1,-978.6386678,5.358813881,607.9106162,0,698.8841248,679.2701922,-47.81655691
0.07275470621,0.01546943919,3.946657854,0.2638233119,1,-660.1339166,3.955465959,252.4465776,0,-570.4618437,277.1357832,3.824376859
0.07275470621,0.01933679899,1.567079568,0.2160822912,1,-450.4581023,1.581907055,77.25683294,0,-468.8524382,159.1990798,7.850923181
0.07275470621,0.02320415879,0.3913532274,-0.05307683925,1,-209.8026233,0.3949360701,-30.73370759,42.47411024,-144.9390583,103.6432274,-7.723550187
0.07275470621,0.02707151859,0.1951658503,-0.303601665,1,-25.8093392,0.3609206008,-18.68158815,0,52.73746717,93.36378162,-57.26566156
0.07275470621,0.03093887839,0.495493987,-0.4863965979,1,39.4847419,0.6943312909,16.45221604,0,115.3528127,77.58068338,-44.46915971
0.07275470621,0.03480623819,0.7939783841,-0.5400074421,1,74.42028869,0.960213368,93.41762141,0,140.3843906,128.3596967,-34.22074203
0.07275470621,0.03867359798,1.326220968,-0.621530175,1,74.39962442,1.464637093,260.2928331,0,196.0228585,270.2156923,-25.11002103
0.07275470621,0.04254095778,1.839799423,-0.578382709,1,-9.859510745,1.928571615,254.2995965,0,157.5489053,287.0875592,-17.4517241
0.07275470621,0.04640831758,1.897388995,-0.7483330238,1,-75.54498923,2.03962921,210.1519139,0,131.5761802,265.7395249,-21.52434945
0.07275470621,0.05027567738,2.056492199,-0.7933600013,1,-41.70340631,2.20421874,59.32750644,0,135.2837711,107.0079767,-21.09577317
0.07275470621,0.05414303718,2.259297936,-0.9327305578,1,-64.85358494,2.444261332,-73.81886876,0,174.0071775,48.60995836,-22.4328366
0.07275470621,0.05801039698,2.478628415,-1.266836325,1,-58.766612,2.783607927,-215.6628792,0,191.5461175,-97.34221477,-27.07174671
0.07275470621,0.06187775677,2.772804058,-1.390319139,1,-4.186832308,3.101842944,-45.3425957,0,165.5473629,-48.51453742,-26.62976748
0.07275470621,0.06574511657,3.102667644,-1.254569286,1,-12.52347951,3.346713403,-8.296089127,0,171.9489119,-31.65493026,-22.01603511
0.07275470621,0.06961247637,3.389359566,-1.299982096,1,-42.72428941,3.630111805,-62.04705468,0,202.7520488,11.04150332,-20.98421655
0.07275470621,0.07347983617,3.721552567,-1.537229036,1,-91.09236644,4.026540279,-32.15066126,0,238.7466695,101.5416577,-22.44362164
0.07275470621,0.07734719597,3.960391881,-1.817018395,1,-95.53913587,4.357322538,-17.03466908,0,195.7062887,115.0332522,-24.64554482
0.07275470621,0.08121455577,4.108934987,-2.047983206,1,-173.2405544,4.591032775,-4.059141502,16.73505374,163.0042574,147.3934463,-26.492671
0.07275470621,0.08508191556,3.920804438,-2.402740045,1,-292.7278574,4.598463565,-72.97322186,73.84122965,116.939768,84.6620812,-31.50072236
0.07275470621,0.08894927536,3.429099197,-2.65761564,1,-103.8147165,4.33839166,-138.3432624,0,159.809782,-63.34715043,-37.7763499
0.07275470621,0.09281663516,4.137357503,-2.692776993,1,-76.48129664,4.936473948,5.939782809,0,253.4435289,27.35434679,-33.05787541
0.07275470621,0.09668399496,4.11347582,-2.740433464,1,-269.5976822,4.942737995,106.5093198,32.9344258,219.2533924,134.4367565,-33.67189866
0.07275470621,0.1005513548,3.942658021,-2.800782439,1,-113.2443263,4.836210762,12.0271346,0,277.2081835,10.3592998,-35.38919597
0.07275470621,0.1044187146,4.74758305,-2.733983346,1,-168.0427757,5.478522588,184.3324435,0,351.4049828,156.1466626,-29.93628315
0.07275470621,0.1082860744,4.651785649,-2.691777883,1,-388.3320169,5.374456056,401.932074,0,211.3642994,302.8011066,-30.05602447
0.07275470621,0.1121534342,4.063185214,-2.350608228,1,-387.1592026,4.694127514,178.8418938,74.75801219,222.6027079,163.3732736,-30.04996869
0.07275470621,0.116020794,4.015386477,-2.631955163,1,-1011.280725,4.801095348,273.1804237,0,1661.018961,-1475.865369,-33.24353716
0.07275470621,0.1198881537,6.575956745,4.413581154,1,187.7415218,7.919779399,1392.139954,0,1136.454003,-2251.449826,33.86830462
0.07662206601,0.01546943919,2.568436846,0.2052654576,1,-328.1711,2.576626038,-638.3612733,0,-403.3388673,-540.2998312,4.569277717
0.07662206601,0.01933679899,1.153930726,0.01564601813,1,-231.3727515,1.154036793,-251.0895942,0,-314.6059998,-182.1944417,0.7768194877
0.07662206601,0.02320415879,0.4569405727,-0.0611768856,1,-74.15307409,0.4610176768,-21.29370459,0,-92.70122656,29.83475677,-7.62562291
0.07662206601,0.02707151859,0.5086451118,-0.1820861379,1,16.06694541,0.5402547653,47.33180734,0,64.70839882,113.747465,-19.69648752
0.07662206601,0.03093887839,0.7693278916,-0.3180301301,1,72.7392225,0.832471362,73.51661248,0,144.0926445,120.1230813,-22.45956394
0.07662206601,0.03480623819,1.347211957,-0.3623301217,1,218.3841759,1.395085365,174.6893551,0,307.1095601,157.1569673,-15.05338695
0.07662206601,0.03867359798,2.80160124,-0.2502260785,1,204.5284591,2.812753562,323.028798,0,316.816878,294.7576634,-5.103851508
0.07662206601,0.04254095778,3.363441955,-0.252995472,1,38.23192793,3.372943594,370.5225447,0,117.0185974,396.096184,-4.301643108
0.07662206601,0.04640831758,3.402010881,-0.3491285431,1,-206.3347278,3.419878473,137.2505417,37.23609698,-82.3271803,208.8785935,-5.85941935
0.07662206601,0.05027567738,2.247082496,-0.5300069199,1,-263.3188557,2.308741449,111.3376617,54.91662643,-141.6128576,137.5919203,-13.27148041
0.07662206601,0.05414303718,1.835994252,-0.4506632073,1,-197.9119423,1.890495231,6.926600822,56.44369722,-12.43703998,9.494308486,-13.79116338
0.07662206601,0.05801039698,1.433587298,-0.5399371693,1,-36.23924346,1.531895783,-157.2972816,0,250.7594465,-14.80365017,-20.63806082
0.07662206601,0.06187775677,2.665621061,-1.001737349,1,92.68175041,2.847632939,-238.3231184,0,311.0050201,-99.56396199,-20.59616281
0.07662206601,0.06574511657,2.994789286,-1.076568753,1,15.9488458,3.182414672,-114.5105337,0,99.30062249,-118.0272759,-19.77252864
0.07662206601,0.06961247637,3.111332221,-0.9881368413,1,60.74648209,3.264475855,-45.34787369,0,205.629046,-109.0313787,-17.61947547
0.07662206601,0.07347983617,4.024959294,-0.8302817253,1,-39.65736604,4.109703769,-34.55816361,0,228.6685901,6.400124293,-11.65566848
0.07662206601,0.07734719597,3.842306631,-1.146537277,1,-153.7163131,4.009721683,-97.51413804,0,140.5997118,31.76201156,-16.61500721
0.07662206601,0.08121455577,3.974232678,-1.330239109,1,-168.5294829,4.190949948,-66.47150302,0,161.9110881,-21.89676805,-18.50621607
0.07662206601,0.08508191556,3.816710917,-1.318923815,1,-426.7690781,4.038173133,-117.5342756,115.2489266,76.56489239,43.76374136,-19.06338643
0.07662206601,0.08894927536,2.619867089,-1.954036576,1,-328.5094057,3.268327172,-89.94942552,48.68030323,266.163416,90.66333868,-36.71753903
0.07662206601,0.09281663516,3.575596542,-2.017418359,1,-64.64710735,4.105467996,-68.96756259,0,448.4395615,-118.7572707,-29.43250307
0.07662206601,0.09668399496,4.104130597,-1.76148186,1,-205.6682463,4.466173564,-10.73013338,0,353.2788033,-50.06936138,-23.22888004
0.07662206601,0.1005513548,4.146459676,-1.86527941,1,-182.3012514,4.546690568,55.74996102,0,351.4299937,62.32828932,-24.22053491
0.07662206601,0.1044187146,4.758212296,-1.786922622,1,-112.9407541,5.082684006,74.78701078,0,451.6282304,4.200356226,-20.58341445
0.07662206601,0.1082860744,5.456286006,-1.59229542,1,-318.3292758,5.683877346,159.2706101,0,308.612049,50.13252329,-16.26870774
0.07662206601,0.1121534342,4.720632283,-1.364846373,1,-1015.369979,4.91397749,1139.941995,0,-527.8190935,-952.9981017,-16.12583148
0.07662206601,0.116020794,-0.5117813752,6.501856971,1,-920.6852297,6.52196782,1.061777694,255,-228.7848673,-273.7988396,94.50064926
0.07662206601,0.1198881537,0.2752178408,-0.3018614715,1,815.3625272,0.4084913804,-2684.839954,0,-408.3669245,833.6940317,-47.64345687
0.0804894258,0.01546943919,-0.6116487176,-0.02687748922,1,183.3369532,0.6122389674,-459.4017692,0,76.82142371,-418.5816016,-177.4838881
0.0804894258,0.01933679899,-0.1085856935,-0.1058106269,1,150.9431905,0.1516137909,-194.593058,0,116.9484257,-169.270426,-135.741574
0.0804894258,0.02320415879,0.4243845493,-0.1248092184,1,119.5529642,0.4423568544,-17.4980947,0,120.0686626,-14.99586136,-16.38832672
0.0804894258,0.02707151859,0.8181173525,-0.1154876635,1,88.37048825,0.8262284205,59.69671245,0,123.6562813,81.84050776,-8.034937756
0.0804894258,0.03093887839,1.244368354,-0.2104472422,1,126.1341664,1.262038289,143.0762631,0,199.4704382,164.1207996,-9.59901919
0.0804894258,0.03480623819,2.077347511,-0.196874458,1,274.8639505,2.086655753,188.2783604,0,364.0874963,182.2854387,-5.413867807
0.0804894258,0.03867359798,3.715423493,-0.1872704579,1,328.0331498,3.720140045,131.385614,0,377.1617394,151.247188,-2.885467646
0.0804894258,0.04254095778,4.804589875,-0.2736863109,1,-91.21801525,4.812378628,161.8328888,0,-32.74991643,182.9017229,-3.260245518
0.0804894258,0.04640831758,3.235994898,-0.26875122,1,-281.6198,3.247135691,229.5720801,0,-180.0381557,242.2403626,-4.747551887
0.0804894258,0.05027567738,3.019192457,-0.3226791171,1,-172.5771336,3.036386817,167.7747655,0,-63.55072743,153.9878809,-6.10038508
0.0804894258,0.05414303718,2.322803501,-0.2154323769,1,-191.7466028,2.33277243,123.3490483,24.12817438,-120.1303184,80.48518351,-5.298836156
0.0804894258,0.05801039698,1.81305219,-0.1569091298,1,-153.0425018,1.81982931,80.16987487,31.71767201,-68.48598243,165.6421719,-4.946292216
0.0804894258,0.06187775677,1.466073147,-0.5459845025,1,-43.15440219,1.564439052,-120.2742883,0,144.078055,80.20068323,-20.42597812
0.0804894258,0.06574511657,2.203360267,-0.9322179752,1,68.61621392,2.392452052,-64.77284513,0,274.3170465,-14.69098051,-22.93269799
0.0804894258,0.06961247637,2.792319451,-0.7396690923,1,80.19169011,2.888625674,27.70677014,0,284.2158396,-84.17885126,-14.83656019
0.0804894258,0.07347983617,3.612655298,-0.499516021,1,29.72724148,3.64702544,-57.17011809,0,206.5541875,-72.9112601,-7.872280448
0.0804894258,0.07734719597,3.706104751,-0.6787924325,1,-110.5145053,3.767754184,-19.48281499,0,150.4714263,50.47049133,-10.37898424
0.0804894258,0.08121455577,3.767183088,-0.7700506257,1,-177.398635,3.845080804,18.69695,21.76485184,159.1439301,-38.86840782,-11.55269196
0.0804894258,0.08508191556,3.635507239,-0.4561664819,1,-254.569564,3.664014294,64.37020562,51.5352235,167.8636588,-42.22674198,-7.151830367
0.0804894258,0.08894927536,3.431860156,-0.3578018759,1,-332.1979843,3.450461754,103.9940302,44.60415167,274.2387507,169.2374438,-5.95208939
0.0804894258,0.09281663516,3.411358029,-0.7084862371,1,-277.399688,3.484152171,-90.73261066,0,392.8485123,-33.59227464,-11.73265612
0.0804894258,0.09668399496,3.878342298,-0.5787841143,1,-148.0800489,3.921291883,-204.9202576,0,403.5388428,-197.6373973,-8.487889724
0.0804894258,0.1005513548,4.399309099,-0.7366516785,1,-84.93010912,4.46055784,47.33893454,0,388.6808281,40.04916489,-9.505825323
0.0804894258,0.1044187146,5.053055617,-0.5505919522,1,-95.66599569,5.082963955,127.0970978,0,370.3530858,5.70123722,-6.218540034
0.0804894258,0.1082860744,5.461622909,-0.2671702077,1,-268.5067706,5.468153684,-27.89757984,50.76412962,199.4955795,-50.01044852,-2.80054718
0.0804894258,0.1121534342,4.786164511,-0.4650735329,1,-477.1271442,4.808707115,52.73542027,126.6268437,-169.5695458,-27.69223753,-5.550029779
0.0804894258,0.116020794,2.960614128,0.04387248277,1,161.3975,2.960939177,436.937596,0,-1549.74908,399.1721413,0.8489874115
0.0804894258,0.1198881537,-0.5830905744,-0.3190209315,1,-956.9557858,0.6646570339,-284.4893386,0,-875.6664097,-96.81948987,-151.3160174
0.0843567856,0.01546943919,-0.8270407456,-0.2066684192,1,152.2798033,0.8524718355,431.9943097,0,144.4500028,385.0142223,-165.9697402
0.0843567856,0.01933679899,-0.253260284,-0.1158239686,1,131.7968285,0.2784887128,157.6002742,0,167.713835,119.4641988,-155.4238774
0.0843567856,0.02320415879,0.3312747533,-0.05918249431,1,150.7573956,0.3365197317,26.29779975,0,187.7890081,8.145703256,-10.12907781
0.0843567856,0.02707151859,1.056020467,-0.04562328035,1,187.7989961,1.05700554,26.44986106,0,232.6673669,20.04494531,-2.473812727
0.0843567856,0.03093887839,1.957369462,-0.03441238063,1,185.6723948,1.95767194,81.95999478,0,260.1860511,74.62871082,-1.007209475
0.0843567856,0.03480623819,2.780315497,-0.01727056752,1,209.9541168,2.780369136,68.19802729,0,290.9753585,74.87332175,-0.3559013009
0.0843567856,0.03867359798,3.894643977,-0.06022814604,1,201.4734983,3.895109644,57.88277571,0,294.0426513,60.36708804,-0.8859714913
0.0843567856,0.04254095778,4.696654733,-0.02687829717,1,124.6323591,4.696731643,25.0760379,0,219.7978069,-1.803377422,-0.327892141
0.0843567856,0.04640831758,5.226679354,0.04372422419,1,-189.8381663,5.22686224,201.7572421,0,-121.7957071,222.8269866,0.4793014648
0.0843567856,0.05027567738,3.491454419,-0.1083625799,1,-355.3249886,3.493135613,121.3703278,29.52896719,-317.5849357,177.5899462,-1.777690711
0.0843567856,0.05414303718,2.624294565,-0.1736972679,1,-141.5881716,2.630036636,21.27592638,0,-144.7114103,48.31352081,-3.786779724
0.0843567856,0.05801039698,2.384230926,-0.2129266856,1,-3.092559725,2.393719884,47.71209337,0,-26.29507405,74.58955206,-5.10333166
0.0843567856,0.06187775677,2.510642012,-0.2776420711,1,-32.03386715,2.525947036,110.3001937,0,110.4447652,127.9150369,-6.310475112
0.0843567856,0.06574511657,2.687474081,-0.2810496221,1,-95.35596716,2.702129869,78.85257554,0,194.2069594,58.544141,-5.970154766
0.0843567856,0.06961247637,2.892934365,-0.1991020478,1,-9.997313575,2.899777727,51.8885033,0,225.7552891,17.07888481,-3.937091219
0.0843567856,0.07347983617,3.521887802,-0.146428303,1,36.14700326,3.524930487,-15.69923926,0,240.3239782,-31.70273349,-2.38079548
0.0843567856,0.07734719597,3.962147124,-0.1372107776,1,-87.76519639,3.964522245,33.07074586,0,184.5585155,2.631276438,-1.983383695
0.0843567856,0.08121455577,3.896222393,-0.02870792266,1,-190.6823632,3.896328154,51.59238067,15.65102333,175.2197557,-65.28017556,-0.4221558413
0.0843567856,0.08508191556,3.902347658,0.3147774479,1,-197.8810341,3.915022616,96.30520354,28.56320961,141.0797801,-12.29094941,4.611699496
0.0843567856,0.08894927536,3.676551507,0.3912724735,1,-260.8333634,3.697313231,179.7770227,51.94949873,52.01902476,112.5748094,6.074767434
0.0843567856,0.09281663516,3.094787479,0.5746725861,1,-337.1582347,3.147690919,96.65143109,91.45263959,45.16156002,101.6795662,10.51946606
0.0843567856,0.09668399496,2.547295306,0.3718268658,1,6.733081734,2.57428992,-91.6144404,0,352.59046,65.68359469,8.304771875
0.0843567856,0.1005513548,4.484420899,-0.03365551116,1,177.3213908,4.484547189,-15.04123723,0,527.1633414,77.13690126,-0.4299958874
0.0843567856,0.1044187146,5.271791238,0.01534083869,1,-75.19452552,5.271813558,34.61610735,0,248.585874,-30.36196004,0.1667294455
0.0843567856,0.1082860744,5.154987629,0.2176380544,1,-182.173964,5.159579807,-81.49150918,42.75704025,64.70158491,-32.16811284,2.417530738
0.0843567856,0.1121534342,4.817483281,-0.1754104814,1,-410.0679286,4.820675679,-133.176644,91.50572288,-219.1033786,-46.96781086,-2.085288465
0.0843567856,0.116020794,2.72175581,-0.115762521,1,-832.2126198,2.72421652,-140.3282851,110.4748937,-723.6094884,-188.9206801,-2.435453129
0.0843567856,0.1198881537,-1.199440593,0.01251379371,1,-1114.411256,1.19950587,151.3769447,0,-913.4302726,85.03901839,179.4022534
0.0882241454,0.01546943919,2.548017234,-0.05715814483,1,-429.6205119,2.548658251,566.8953805,0,-390.1092294,520.2219342,-1.285066387
0.0882241454,0.01933679899,0.9629223107,0.03309336017,1,-277.3779044,0.9634908131,191.8537068,0,-237.2955085,172.3149258,1.968345582
0.0882241454,0.02320415879,0.5575899681,0.01840535104,1,-17.45275981,0.5578936543,46.59463477,0,26.50471996,40.14550378,1.890575945
0.0882241454,0.02707151859,0.9979294975,0.05803447009,1,134.2669026,0.9996155669,-20.68184362,0,199.9050696,-36.02009205,3.328280484
0.0882241454,0.03093887839,1.849953219,0.07772387639,1,186.2075011,1.851585243,-70.98621137,0,235.9736462,-86.09454571,2.405808189
0.0882241454,0.03480623819,2.630655894,0.1164638349,1,274.6345986,2.633232663,-25.8893651,0,325.9780064,-49.9377835,2.53493121
0.0882241454,0.03867359798,4.172738262,0.1707277629,1,263.4958683,4.176229468,15.75894427,0,321.9003323,21.47631217,2.342952432
0.0882241454,0.04254095778,4.894593627,0.09435271617,1,67.11156359,4.895502957,-8.163841219,0,115.2548697,37.43168671,1.104349688
0.0882241454,0.04640831758,4.878014875,-0.005606548784,1,-98.49877308,4.878018097,-50.15299984,0,-87.47156908,19.94067751,-0.06585290323
0.0882241454,0.05027567738,4.175379402,-0.1767247537,1,-299.032435,4.179117704,7.971861434,18.17477343,-292.0902076,65.35067472,-2.423622281
0.0882241454,0.05414303718,2.591930931,-0.2275110646,1,-285.9636097,2.601896853,-0.4635024917,57.71359745,-202.57194,17.61519998,-5.016375766
0.0882241454,0.05801039698,2.286036657,-0.2466416009,1,-76.55218454,2.299303302,26.20987738,19.42261855,23.6494837,-33.91969655,-6.1578499
0.0882241454,0.06187775677,2.387337153,0.005031632378,1,-26.20181653,2.387342455,20.03605767,0,142.2205404,-92.25441168,0.1207583404
0.0882241454,0.06574511657,2.734722805,0.187626046,1,-26.697549,2.741151648,2.481939776,0,200.3829669,-40.71016598,3.924844006
0.0882241454,0.06961247637,3.059041155,0.1720710458,1,-9.986253258,3.063876831,8.121103228,0,189.5950937,-18.37856656,3.219494538
0.0882241454,0.07347983617,3.429334814,0.2901098036,1,-40.4419991,3.441584078,7.243997402,0,243.4580623,-45.06825377,4.835510471
0.0882241454,0.07734719597,3.844177317,0.3743813429,1,-98.06543707,3.862364642,12.74901605,0,171.736536,-79.02282165,5.562448263
0.0882241454,0.08121455577,3.71424746,0.6450245194,1,-147.3085974,3.769839629,35.80092146,0,177.3661243,-88.40153866,9.851858026
0.0882241454,0.08508191556,3.960420588,0.8547169441,1,-26.63704404,4.051601201,65.13760988,0,245.9707659,11.59039307,12.17848866
0.0882241454,0.08894927536,4.562489879,0.852110873,1,-96.88567643,4.641379841,134.4617031,0,153.2431861,156.3461362,10.57893677
0.0882241454,0.09281663516,4.178375355,0.7700819673,1,-182.7296434,4.248746503,319.9503226,0,-20.10421009,344.0856685,10.44253148
0.0882241454,0.09668399496,3.778058388,0.7587708063,1,-67.72658253,3.85349949,369.7888346,0,186.9500432,409.5495391,11.35599185
0.0882241454,0.1005513548,4.639455374,0.6163130172,1,-34.60346255,4.680212378,50.84995186,0,368.5391745,65.63716092,7.566963622
0.0882241454,0.1044187146,5.069507936,0.7015833484,1,-160.8364647,5.117824724,-28.48840775,0,259.7682688,-46.91786659,7.879274394
0.0882241454,0.1082860744,5.022060256,0.6875863655,1,-298.4095463,5.068911542,-66.59218135,82.1732276,44.99975295,44.11079954,7.796076875
0.0882241454,0.1121534342,4.089481089,0.2734550905,1,-595.4804809,4.098613578,-86.00068395,150.2231103,-266.8055523,-28.15592421,3.825554573
0.0882241454,0.116020794,1.687289916,0.4638798671,1,-663.9545486,1.749894795,35.08455606,167.9111476,-307.8366132,-12.69733252,15.37230937
0.0882241454,0.1198881537,0.331215017,0.4582448455,2,-465.1722451,0.5654128809,219.0081046,0,-236.1200937,221.9222485,54.14095474
0.0920915052,0.01546943919,3.377233053,-0.05386407398,1,-565.0882524,3.37766257,-154.3920806,0,-584.0793056,-202.5143949,-0.9137428226
0.0920915052,0.01933679899,1.155110846,0.03918907788,1,-355.6176164,1.155775432,-43.93938243,20.8879031,-345.2488963,-86.52165518,1.943110378
0.0920915052,0.02320415879,0.666730078,0.1108168958,1,-63.36866088,0.6758767501,12.27002955,16.93006534,-18.95550377,-31.4378381,9.43683645
0.0920915052,0.02707151859,0.8367336807,0.2082231281,1,57.42708982,0.8622529348,-15.84629638,0,119.2183776,-28.05987752,13.9743383
0.0920915052,0.03093887839,1.349881657,0.1580512085,1,192.9715351,1.359102893,-71.64580356,0,233.7616979,-64.68232826,6.678083953
0.0920915052,0.03480623819,2.487064631,0.1812928637,1,334.4774342,2.493663485,-66.75578976,0,360.7680546,-68.71881411,4.169162435
0.0920915052,0.03867359798,4.038646111,0.1656429299,1,286.2172183,4.042041562,-187.2130709,0,314.3939253,-181.528657,2.348639672
0.0920915052,0.04254095778,4.809844022,0.1593091896,1,121.8408245,4.812481577,-43.0846403,0,155.1417627,-22.58679568,1.897027958
0.0920915052,0.04640831758,5.109837433,0.08637038963,1,-144.3301388,5.11056733,25.29100019,20.22125817,-123.2490439,87.56182335,0.968364975
0.0920915052,0.05027567738,3.775019048,-0.08151448853,1,-331.3883653,3.775899022,-185.3884689,0,-294.1575391,-201.5333162,-1.237003157
0.0920915052,0.05414303718,2.690626351,0.148808323,1,-274.3052679,2.69473822,60.67076339,71.71738686,-93.02666922,-5.55108297,3.165586946
0.0920915052,0.05801039698,2.354414281,0.1745892179,1,-174.3078743,2.360878651,82.23363761,40.9748763,55.55018907,24.08040903,4.240948746
0.0920915052,0.06187775677,2.231347653,0.3737077813,1,-57.17945392,2.262425657,89.69853966,0,105.0719449,-19.56546481,9.507699185
0.0920915052,0.06574511657,2.539631776,0.5971524362,1,2.552741915,2.608892598,26.26909676,0,158.259141,-25.19832773,13.23179812
0.0920915052,0.06961247637,2.853265064,0.5727508298,1,-20.21818917,2.91018299,23.36537002,0,236.3801346,-68.26379392,11.35043231
0.0920915052,0.07347983617,3.375607793,0.9515153811,1,-48.80587107,3.507151194,30.34632606,0,269.2605103,-55.87779434,15.74206786
0.0920915052,0.07734719597,3.705842473,0.9062105266,1,-86.18048264,3.815034201,26.12375535,0,168.1974409,-45.09037442,13.74119821
0.0920915052,0.08121455577,3.692796881,1.226926044,1,-58.60204561,3.891284662,77.46415928,0,186.1412467,-42.21423378,18.37898737
0.0920915052,0.08508191556,4.199082452,1.369049933,1,24.08196323,4.416626671,16.08120518,0,262.5252393,-17.96908857,18.05780684
0.0920915052,0.08894927536,4.801210054,1.358610781,1,72.87468768,4.989733583,-63.56699756,0,305.6189618,-20.78683431,15.80005833
0.0920915052,0.09281663516,5.662853576,1.203603649,1,-64.06493332,5.789349909,26.24349712,0,260.5987931,26.7238691,11.99929297
0.0920915052,0.09668399496,5.561277202,1.35675301,1,-273.1893166,5.724384932,156.742136,59.18642538,84.96397997,73.52296729,13.71030544
0.0920915052,0.1005513548,4.934918476,1.525442117,1,-292.9958708,5.165306769,63.5494246,70.87221851,142.7359549,-10.20054476,17.17700237
0.0920915052,0.1044187146,4.980168044,1.641970676,1,-191.4066906,5.243867032,20.06240476,0,225.8295445,14.81767526,18.24748407
0.0920915052,0.1082860744,5.068044037,1.545725373,1,-249.9633659,5.29852218,-86.06659114,61.51754475,93.74065293,55.18661011,16.96141567
0.0920915052,0.1121534342,4.375998604,1.095693724,1,-468.0679727,4.511087288,258.0811691,106.5938904,-116.2347291,331.5813662,14.05711763
0.0920915052,0.116020794,2.808335258,1.261473665,1,-674.1492111,3.07864625,543.0536699,65.7725825,-326.5859359,594.0840521,24.1890978
0.0920915052,0.1198881537,0.5057957282,0.8983408758,1,-723.5925986,1.030944057,510.4325601,0,-467.1626711,698.2262016,60.61904501
0.095958865,0.01546943919,1.167731479,-0.1306033806,1,-197.0057472,1.175012362,-521.3659568,0,-169.8331183,-626.7589496,-6.381649386
0.095958865,0.01933679899,0.4583825386,0.07319293117,1,-101.0876948,0.4641893545,-133.2499462,0,-75.84705114,-216.1929375,9.072204913
0.095958865,0.02320415879,0.4834611559,0.1901670094,1,32.83944114,0.5195172574,-9.216959722,0,62.76738273,-67.08865846,21.47194526
0.095958865,0.02707151859,0.8281285256,0.2970036123,1,98.70095907,0.8797772449,0.3244700819,0,118.3106898,-11.39078402,19.73008486
0.095958865,0.03093887839,1.322723283,0.2354741121,1,148.1253556,1.343519609,-21.76277657,0,182.4873617,-1.370443477,10.09417287
0.095958865,0.03480623819,2.106726857,0.2181391231,1,174.4093416,2.117990257,-87.99329986,0,193.7896674,-99.42826247,5.911572889
0.095958865,0.03867359798,2.746681328,0.2796972268,1,307.91018,2.76088552,-229.1033658,0,347.2891885,-230.3963158,5.81444243
0.095958865,0.04254095778,4.640618555,0.2231394258,1,321.4990354,4.645980174,-265.5201322,0,342.4619493,-212.8289922,2.752888996
0.095958865,0.04640831758,5.314457348,0.07592163024,1,-258.4950867,5.314999623,-82.86079385,0,-248.7256047,-16.69700453,0.8184642033
0.095958865,0.05027567738,2.679013644,-0.03273975315,1,-358.2608443,2.67921369,241.7925384,0,-290.5949414,138.9738479,-0.7001667591
0.095958865,0.05414303718,2.805098567,0.4735585005,1,-47.16944236,2.844790963,197.4757527,0,51.8697245,22.92721798,9.58235749
0.095958865,0.05801039698,2.697191327,0.6423022329,1,-114.4458864,2.772614869,73.30672673,12.34198501,76.55657997,32.20435267,13.3947859
0.095958865,0.06187775677,2.658566987,0.6325161695,1,-70.40421204,2.732774255,72.44740437,0,81.17965834,34.30859936,13.38278986
0.095958865,0.06574511657,2.738863854,0.7897987141,1,-43.30791939,2.850466141,99.46278319,0,101.9618386,-38.07624746,16.08583036
0.095958865,0.06961247637,2.885402796,1.164429087,1,-55.08375519,3.111501951,93.45386655,0,208.0903583,-95.40578552,21.9769627
0.095958865,0.07347983617,3.33059544,1.52018694,1,2.682306427,3.661124734,16.26600353,0,226.2655616,-33.82584744,24.53342506
0.095958865,0.07734719597,3.770826576,1.358152298,1,-37.21115669,4.00795593,12.50722787,0,171.6636494,-5.941520791,19.80768279
0.095958865,0.08121455577,3.850571605,1.591534889,1,-42.66888238,4.166519529,57.40613428,0,89.80514501,-50.86167839,22.45649791
0.095958865,0.08508191556,3.953119464,1.776862884,1,-41.00671396,4.334096815,-54.51399763,0,140.7366784,-96.06219625,24.20314177
0.095958865,0.08894927536,4.23626326,1.752216722,1,-81.24763854,4.584341812,-38.45926789,0,192.4603978,-102.7952851,22.47112179
0.095958865,0.09281663516,4.383219218,2.025673411,1,-137.5935709,4.82866063,-134.7446492,0,249.3786525,-236.0183257,24.80368162
0.095958865,0.09668399496,4.668576391,2.143878467,1,-147.2136994,5.137296994,-224.218315,0,266.8186737,-295.5257098,24.66527837
0.095958865,0.1005513548,4.845774687,2.301444763,1,-116.7397296,5.364529831,-81.39143162,0,255.2904184,-125.687161,25.40484111
0.095958865,0.1044187146,5.204401755,2.31518599,1,-200.2456125,5.696128843,-41.92848515,0,214.9485557,31.66986286,23.98196215
0.095958865,0.1082860744,4.902636258,2.01681347,1,-51.10488563,5.301262006,-110.6324432,0,352.4775476,65.47352915,22.36095574
0.095958865,0.1121534342,6.369918272,1.634120832,1,-35.18374209,6.576185041,102.3199242,0,340.9154118,156.3054276,14.38821762
0.095958865,0.116020794,6.085010627,1.808032105,1,-414.9117554,6.347939384,212.2999861,100.3723204,62.11682,259.9214135,16.54820251
0.095958865,0.1198881537,5.005533322,1.449951638,1,-473.2502811,5.211307282,594.2239366,0,-84.99997833,779.4047759,16.15470398
0.0998262248,0.01546943919,-1.062979054,0.05122225868,1,174.5670487,1.064212473,-276.454043,0,273.6294388,-320.7123868,177.241196
0.0998262248,0.01933679899,-0.1963105148,0.1368037284,1,182.319892,0.239276155,-52.32640758,0,188.6328836,-97.66399301,145.1283554
0.0998262248,0.02320415879,0.3716287979,0.2265590139,1,127.3913285,0.4352435527,-18.96150269,0,128.6610766,-57.03845744,31.36806972
0.0998262248,0.02707151859,0.7939362631,0.2840610124,1,116.6938218,0.8432232496,-33.16217078,0,113.1240438,-49.80981647,19.68660913
0.0998262248,0.03093887839,1.260417172,0.2909414496,1,113.7972719,1.293560348,-69.5737767,0,136.5807127,-62.38089649,12.99789463
0.0998262248,0.03480623819,1.762238015,0.2562435567,1,118.2804624,1.780770502,-122.7567151,0,140.5985648,-129.7367418,8.273282841
0.0998262248,0.03867359798,2.261595514,0.3179357243,1,147.5823794,2.283833925,-139.4296889,0,162.1012022,-135.327863,8.002216104
0.0998262248,0.04254095778,2.959895849,0.2403803201,1,292.3996101,2.969640742,-298.6565403,0,344.5248604,-248.5491691,4.642939659
0.0998262248,0.04640831758,4.724811606,0.1241524914,1,226.3405407,4.726442484,-238.4138429,0,365.1957873,-222.8460087,1.50519806
0.0998262248,0.05027567738,5.247579663,0.1801739038,1,-244.2948752,5.250671857,239.2101396,0,-61.29026016,133.7956074,1.966459059
0.0998262248,0.05414303718,3.543003939,0.5318284153,1,-378.4246309,3.582697081,130.1600913,67.95534453,-264.1626131,-59.39831859,8.536741066
0.0998262248,0.05801039698,2.762463588,0.9132644776,1,-175.9767616,2.909511485,24.40912283,47.14740242,-56.4278906,-86.28880928,18.29377392
0.0998262248,0.06187775677,2.64421153,0.9599371477,1,-78.16932702,2.813064866,1.02692136,0,81.93727436,-62.50437471,19.95258894
0.0998262248,0.06574511657,2.777035596,1.158962858,1,-81.0679717,3.009172911,61.43038225,0,133.1719319,-101.6272853,22.65263829
0.0998262248,0.06961247637,2.845716291,1.590539816,1,-18.95514331,3.26004879,77.41301871,0,156.1707091,-92.52964243,29.20188301
0.0998262248,0.07347983617,3.307697559,1.816192274,1,33.26561598,3.773515273,-12.44072901,0,195.7066493,-44.36554202,28.77033066
0.0998262248,0.07734719597,3.731234424,1.714004555,1,-63.17333616,4.106083529,-90.7551599,0,169.2945942,-70.8600619,24.672471
0.0998262248,0.08121455577,3.718106646,1.739250772,1,-112.6539252,4.104791137,-54.86378778,15.08533643,83.05122533,-147.4107671,25.06918767
0.0998262248,0.08508191556,3.616750133,2.071917022,1,-36.14139706,4.168179659,1.197085324,0,174.9495907,-174.0872174,29.80697436
0.0998262248,0.08894927536,4.254927874,2.417138237,1,-80.93850929,4.893563985,43.00256743,0,239.2453777,-119.4461003,29.60002839
0.0998262248,0.09281663516,4.228979752,2.700164469,1,-258.1470995,5.017485217,-18.32758883,70.33047391,76.19148754,-158.1715536,32.55785494
0.0998262248,0.09668399496,3.551240055,2.957965165,1,-193.0912247,4.621781458,-137.9820945,0,168.5502704,-206.2591878,39.79222336
0.0998262248,0.1005513548,4.134071052,2.964216555,1,-1.67421049,5.086956186,-127.3866428,0,360.899697,-202.2984072,35.64132515
0.0998262248,0.1044187146,4.94049426,3.247675911,1,-139.1191684,5.912349986,-183.3235296,0,335.4617009,-220.1205443,33.31925916
0.0998262248,0.1082860744,4.893398268,3.10652385,1,-201.6918741,5.796191598,-231.756555,0,314.3531352,-51.4083395,32.40900458
0.0998262248,0.1121534342,5.376195893,2.550204472,1,-314.9277733,5.950380251,-336.2190701,0,248.0053851,-336.1650153,25.37737589
0.0998262248,0.116020794,4.634585315,3.106314801,1,-231.3876207,5.579298583,-397.9003593,0,345.6558345,-359.0211259,33.83183361
0.0998262248,0.1198881537,5.818112189,2.399844488,1,70.49473535,6.293622408,-304.5711348,0,541.5646207,60.77905201,22.41508043
0.1036935846,0.01546943919,-1.141725964,0.2525065245,1,287.6706444,1.169315065,-38.93621672,0,239.8425484,41.16958745,167.5290868
0.1036935846,0.01933679899,-0.1216843068,0.0976075412,1,184.8377168,0.1559945596,-17.28548461,26.29956013,159.3940069,-2.435833849,141.2655942
0.1036935846,0.02320415879,0.1895419654,0.1950775822,1,95.48610353,0.2719952568,-12.74827344,19.06881303,67.13913368,-60.73720254,45.82456959
0.1036935846,0.02707151859,0.5072459977,0.2831979964,1,80.12716496,0.580947164,-47.47296622,0,80.92977087,-80.701913,29.17484316
0.1036935846,0.03093887839,0.8124070842,0.3235858751,1,75.05822514,0.8744787528,-93.50383047,0,86.03302252,-98.99937776,21.71764394
0.1036935846,0.03480623819,1.130243813,0.3044512551,1,104.3510787,1.170530496,-132.1502309,0,121.0450516,-135.3205756,15.07580693
0.1036935846,0.03867359798,1.684095017,0.3358467385,1,162.3907485,1.717256259,-134.0572172,0,198.0963675,-165.1573151,11.27812307
0.1036935846,0.04254095778,2.524377193,0.4247265235,1,189.1199676,2.559857971,-98.94177576,0,288.3387174,-170.5870595,9.550567294
0.1036935846,0.04640831758,3.530599541,0.6129248288,1,128.1523464,3.583407591,-224.3481623,0,284.8384187,-289.0637376,9.84859735
0.1036935846,0.05027567738,4.121561075,0.6750049379,1,-140.6778972,4.176469485,-273.4837516,0,23.8437358,-351.7092134,9.300994098
0.1036935846,0.05414303718,3.078759802,0.9154508347,1,-282.0732547,3.211979475,-58.88832915,66.54426132,-148.1118967,-169.9811199,16.55953128
0.1036935846,0.05801039698,2.457880315,1.104640731,1,-140.2738318,2.694699758,12.30282559,39.03227896,-29.85470066,-74.64413201,24.2004949
0.1036935846,0.06187775677,2.420811555,1.251706003,1,-42.44380424,2.725269987,73.47673916,0,74.90203389,-59.35309843,27.34169844
0.1036935846,0.06574511657,2.583407967,1.618341505,1,-15.90428547,3.048446482,90.42320065,0,120.9190343,-62.13508101,32.06453821
0.1036935846,0.06961247637,2.826941373,1.841703769,1,15.86171775,3.373939878,77.46395644,0,120.5355174,-59.59682532,33.0835529
0.1036935846,0.07347983617,3.110905151,2.148404862,1,-20.33078512,3.78065792,14.8802235,0,102.780055,-92.55370547,34.62913006
0.1036935846,0.07734719597,3.145802365,2.257189426,1,-115.9984536,3.871818258,-90.45792363,0,104.9826625,-142.1707895,35.66035614
0.1036935846,0.08121455577,3.068303123,2.34839712,1,-124.5358211,3.863865046,-72.34029136,0,160.3971735,-159.2311614,37.42947664
0.1036935846,0.08508191556,3.284491117,2.593227684,1,-34.18697614,4.184819198,-49.56305033,0,259.7479627,-215.5899855,38.29240248
0.1036935846,0.08894927536,3.940628615,2.990483015,1,-46.42919741,4.946871995,-76.10750923,0,154.0329464,-263.6911257,37.19430871
0.1036935846,0.09281663516,3.70063353,3.318681022,1,-186.5600724,4.970747655,-99.26002811,44.31461713,30.54740462,-241.9913127,41.88535034
0.1036935846,0.09668399496,3.337271495,3.542476247,1,-137.9164248,4.8668798,-45.12832881,22.32958493,104.3354915,-144.671044,46.70847563
0.1036935846,0.1005513548,3.570763979,3.703648517,1,-119.0574162,5.144644567,-100.5737069,0,198.4053132,-257.8088105,46.04652801
0.1036935846,0.1044187146,3.644138362,4.150560965,1,-132.9906619,5.523305236,-264.1173362,0,194.2137606,-343.99009,48.71728956
0.1036935846,0.1082860744,3.807535729,4.012545193,1,-142.4771938,5.53153209,-337.7374623,0,174.9098443,-249.9837789,46.50170917
0.1036935846,0.1121534342,3.769567091,3.811185898,1,-327.8167645,5.360482628,-399.3496757,0,159.7918436,-406.3626182,45.31455425
0.1036935846,0.116020794,3.157722905,4.039666765,1,-157.5485135,5.127389347,-441.3133947,0,233.3455807,-301.8286942,51.98600505
0.1036935846,0.1198881537,4.062701622,3.271748375,1,45.43280639,5.216309222,-702.3452353,0,422.575739,-305.2172564,38.84496178
0.1075609444,0.01546943919,-1.054341805,-0.1337461971,1,230.8879781,1.06279099,130.8452747,0,173.399131,41.81815883,-172.7704839
0.1075609444,0.01933679899,-0.272579949,0.0384037474,1,151.8711424,0.2752720044,25.36535661,12.36012047,143.3627864,-39.45335498,171.9803913
0.1075609444,0.02320415879,0.0874340223,0.1169310823,1,97.50294058,0.1460054323,21.40412891,23.12216158,50.09590381,-42.9191417,53.21307283
0.1075609444,0.02707151859,0.2982378881,0.2871649783,1,66.64384112,0.4140163796,-22.51908732,12.73787456,44.15629219,-78.48850025,43.91637812
0.1075609444,0.03093887839,0.5159380035,0.3333849398,1,61.87873412,0.6142780653,-63.06589337,0,49.20332316,-71.76438017,32.86943215
0.1075609444,0.03480623819,0.7278321707,0.3208051564,1,66.55807812,0.7953965156,-53.42970621,0,85.60962501,-85.14055454,23.7863517
0.1075609444,0.03867359798,1.104425261,0.4560221998,1,133.0206013,1.194868781,-66.99058645,0,174.6049516,-145.4135375,22.43595243
0.1075609444,0.04254095778,1.917530867,0.6240949245,1,192.014669,2.016536412,-143.1431885,0,230.7124339,-214.0162706,18.02841068
0.1075609444,0.04640831758,2.739263065,0.7301139083,1,99.4003452,2.834894788,-246.1674377,0,136.471853,-295.9024866,14.92446031
0.1075609444,0.05027567738,2.829733524,0.8164382534,1,-40.00563365,2.945159289,-257.9030485,0,18.96294915,-340.5928664,16.09397471
0.1075609444,0.05414303718,2.657883433,1.049905186,1,-60.77544958,2.857734284,-54.69751395,5.290605084,-18.9601359,-190.1534219,21.55478875
0.1075609444,0.05801039698,2.521367326,1.340294986,1,-26.7776724,2.855465609,47.14129835,0,37.36610992,-46.94111386,27.99397987
0.1075609444,0.06187775677,2.69883273,1.413755725,1,11.2327624,3.046703687,89.86800118,0,83.164611,-0.0674835153,27.64733201
0.1075609444,0.06574511657,2.886435933,1.688107864,1,3.191879383,3.343833213,109.7679964,0,52.65557121,-40.61763269,30.32087282
0.1075609444,0.06961247637,2.914814915,1.995351061,1,-20.06834371,3.532360662,79.11873875,0,51.32230787,-77.11144277,34.39378514
0.1075609444,0.07347983617,3.007306257,2.292306188,1,-34.19489008,3.781343489,38.44776443,0,12.67131105,-109.784365,37.31630492
0.1075609444,0.07734719597,2.831575491,2.568618039,1,-69.72202749,3.823037849,40.50706345,14.96392209,21.94531471,-101.419993,42.21223674
0.1075609444,0.08121455577,2.822536519,2.84118918,1,-101.3319984,4.004880567,79.21289004,14.17179559,39.20497591,-86.287912,45.18869467
0.1075609444,0.08508191556,2.591307942,3.208669188,1,-88.96375813,4.124370838,-136.5987199,0,119.5447696,-227.4121718,51.07580099
0.1075609444,0.08894927536,2.940804294,3.192397473,1,-21.41117112,4.340475955,-134.4235068,0,103.6197346,-220.0447127,47.34904219
0.1075609444,0.09281663516,2.909238035,3.539797197,1,-82.63084381,4.581902459,-138.1467162,0,50.67449396,-319.7804534,50.58438636
0.1075609444,0.09668399496,2.817217591,3.894840487,1,-106.1779356,4.806921819,-118.3500423,0,64.50580479,-286.982388,54.12101678
0.1075609444,0.1005513548,2.748076912,4.191959152,1,-134.6265006,5.012429376,-124.365393,0,75.54393378,-284.2296636,56.75279076
0.1075609444,0.1044187146,2.588724047,4.51309314,1,-79.77337255,5.202835946,-209.7098342,0,46.77718109,-246.4311577,60.16128561
0.1075609444,0.1082860744,2.620468767,4.333973722,1,-137.7601233,5.064601148,-260.7553622,0,52.81651682,-240.8113323,58.84140687
0.1075609444,0.1121534342,2.260216558,4.435962401,1,-228.618682,4.978588285,-308.7262478,0,6.275446269,-382.179249,63.00019665
0.1075609444,0.116020794,1.760587476,4.618042906,1,-149.442873,4.942265527,-437.2234636,0,61.86088908,-287.8785548,69.13110047
0.1075609444,0.1198881537,1.921505514,3.858391904,1,-81.96753154,4.310379511,-820.1122514,0,165.1860821,-427.2597415,63.5263819
0.1114283042,0.01546943919,NaN,NaN,0,39.0827643,0.474933992,120.4931393,0,114.9275646,102.6379612,176.3570733
0.1114283042,0.01933679899,NaN,NaN,0,56.91490366,0.1876738699,24.52434802,0,93.13837371,29.2921884,159.8327812
0.1114283042,0.02320415879,0.1063356698,0.01173751401,1,26.95637248,0.106981512,16.46105418,0,48.74927552,-17.548682,6.298906996
0.1114283042,0.02707151859,0.1166133142,0.1962305537,1,23.49944384,0.2282654053,18.30120219,0,24.24223123,-49.6593704,59.27838754
0.1114283042,0.03093887839,0.2909699047,0.2745655003,1,56.68091053,0.4000621195,-3.164919363,0,66.84766395,-50.19956247,43.33849543
0.1114283042,0.03480623819,0.5943427571,0.3781304416,1,56.12389463,0.7044330655,-3.560227335,0,91.69838532,-60.9903332,32.46517592
0.1114283042,0.03867359798,0.8626518475,0.496668383,1,71.91043038,0.9954133275,-42.01757064,0,69.98748727,-92.76388655,29.93101533
0.1114283042,0.04254095778,1.143113059,0.5743847037,1,89.10468151,1.279306552,-146.8243386,0,58.68820312,-213.9567799,26.67834322
0.1114283042,0.04640831758,1.434220108,0.7562936878,1,65.91287814,1.621409097,-247.5616017,0,105.7414312,-332.5479949,27.8036012
0.1114283042,0.05027567738,1.806962035,0.9030576644,1,61.13089937,2.020055677,-182.7344735,0,119.2539277,-265.7037411,26.55431112
0.1114283042,0.05414303718,2.131833136,1.077165698,1,69.67526822,2.38851386,-99.10063746,0,98.83567977,-215.3686277,26.80640827
0.1114283042,0.05801039698,2.4586545,1.352707816,1,74.31425178,2.806207474,-35.48981539,0,90.20866929,-152.5533079,28.81880568
0.1114283042,0.06187775677,2.768102467,1.529892343,1,18.34767894,3.162745935,-24.09510704,0,83.06072994,-142.2448541,28.92882807
0.1114283042,0.06574511657,2.850837304,1.809635398,1,-25.6795074,3.376692703,-15.47805649,0,42.90103453,-167.4951411,32.4062898
0.1114283042,0.06961247637,2.834704309,2.117797104,1,-17.76888906,3.538447837,7.374361643,2.463586256,13.67915989,-127.0889294,36.76327256
0.1114283042,0.07347983617,2.83502085,2.329653324,1,3.615414121,3.669417914,24.0235713,0,15.91363026,-103.6870483,39.41135322
0.1114283042,0.07734719597,2.91023015,2.61170002,1,9.471759049,3.910296219,63.73958642,0,43.77402841,-81.64405268,41.90545137
0.1114283042,0.08121455577,3.040941468,2.891904165,1,-151.6056791,4.196478847,67.63537839,20.29793055,-115.6309307,-136.0966773,43.56099191
0.1114283042,0.08508191556,1.876730029,3.399605182,1,-85.29382854,3.883224304,30.80956644,20.20007444,-36.53838249,-119.7113,61.09939104
0.1114283042,0.08894927536,2.569772473,3.474022513,1,-76.65210709,4.321176111,-99.09110825,0,90.33957815,-211.4715348,53.50926189
0.1114283042,0.09281663516,1.929664404,3.834220726,1,-175.9833565,4.292418116,-98.70029545,40.71359172,-30.89352204,-287.0844148,63.28506676
0.1114283042,0.09668399496,1.769705149,4.202571683,1,-43.23629763,4.559985204,-88.68361024,0,58.98747731,-265.0914221,67.16401491
0.1114283042,0.1005513548,1.990579883,4.516453205,1,-55.87931539,4.935661843,-163.1295646,0,84.41865084,-276.2314814,66.21501144
0.1114283042,0.1044187146,1.880077028,4.639977489,1,-80.96597029,5.006403972,-226.4147805,0,49.21743097,-286.69374,67.9426527
0.1114283042,0.1082860744,1.867796858,4.74957363,1,-177.5936962,5.103637406,-210.1580728,0,-24.73815829,-230.7479641,68.53248434
0.1114283042,0.1121534342,1.097586948,4.719606007,1,-261.0563652,4.84555239,-234.4124589,0,-130.5038795,-262.1525234,76.90805907
0.1114283042,0.116020794,0.3534925093,4.85685444,1,-255.6485779,4.869701429,-327.8223358,0,-225.0208509,-200.5971207,85.83722767
0.1114283042,0.1198881537,-0.7613346772,4.227580324,1,-360.1925454,4.295586792,-486.5223007,0,-216.3388583,-161.0940249,100.2088337
0.115295664,0.01546943919,NaN,NaN,0,1.816498603,0.2492040758,61.5407005,0,63.84148222,51.75624517,140.1835423
0.115295664,0.01933679899,NaN,NaN,0,6.575535487,0.1897730085,31.5915913,0,64.43966502,20.82477699,109.8541512
0.115295664,0.02320415879,NaN,NaN,0,-9.234483133,0.217745639,15.42032538,0,71.65862288,-13.42226258,67.52844245
0.115295664,0.02707151859,NaN,NaN,0,4.209173947,0.3397620794,32.7532074,0,54.31410534,-11.5900559,58.61081567
0.115295664,0.03093887839,NaN,NaN,0,13.95871449,0.4844937794,21.9121076,0,63.93095046,-21.6180825,50.28780755
0.115295664,0.03480623819,0.4781919279,0.4583845116,1,12.51016699,0.6624076391,-17.34797901,0,58.24056079,-36.96913081,43.78844678
0.115295664,0.03867359798,0.5831768721,0.4485854869,1,-13.78829913,0.7357473773,-49.40158426,0,25.18329401,-61.8335662,37.56784473
0.115295664,0.04254095778,0.522260473,0.5064634587,1,-43.67780468,0.7275034273,-40.44202808,0,21.07676822,-153.0666064,44.12023908
0.115295664,0.04640831758,0.4957705323,0.8841452533,1,13.65261317,1.013657363,-82.83057882,0,134.562489,-221.1051345,60.7191573
0.115295664,0.05027567738,1.095461601,1.041220916,1,77.28082021,1.511349435,-142.6566104,0,167.3168267,-214.6782869,43.54583217
0.115295664,0.05414303718,1.441717639,1.162678989,1,54.67231564,1.852126395,-142.1669154,0,125.9871901,-235.3942126,38.88458009
0.115295664,0.05801039698,1.794136911,1.401764418,1,50.34895241,2.276811528,-143.7524697,0,108.3687891,-273.3875213,38.00061548
0.115295664,0.06187775677,2.055536252,1.664024376,1,24.22173192,2.644656198,-171.9850348,0,75.24556718,-314.6066439,38.99131128
0.115295664,0.06574511657,2.178812744,1.953333495,1,35.02398188,2.926215426,-149.9470599,0,67.44886211,-267.0676869,41.87663286
0.115295664,0.06961247637,2.451835609,2.116971981,1,73.47459834,3.239300576,-62.46331512,0,61.08908645,-162.4111708,40.80809068
0.115295664,0.07347983617,2.699218929,2.339867814,1,33.80750872,3.572221188,7.264950564,0,46.47901378,-143.8213993,40.92098587
0.115295664,0.07734719597,2.762332478,2.701277257,1,-36.57238149,3.86359671,-21.31071676,8.498586674,-0.002153165108,-186.9143055,44.35975279
0.115295664,0.08121455577,2.557772044,2.980316476,1,-88.03048675,3.927401702,-71.26419839,7.218582043,-45.09380309,-251.2181771,49.36309341
0.115295664,0.08508191556,2.247492952,3.39722404,1,-106.4842179,4.073371545,48.31398956,0,-105.0361148,-173.5163992,56.51267464
0.115295664,0.08894927536,1.739746813,3.838214403,1,-135.4721838,4.214096437,-7.908778592,31.34519564,-79.20222941,-189.8643729,65.61664688
0.115295664,0.09281663516,1.417269756,4.10091179,1,-61.40044585,4.338908973,36.57143842,13.54198876,-13.76829331,-80.29438851,70.9349173
0.115295664,0.09668399496,1.449042253,4.290176604,1,-42.14510799,4.528282097,6.697193788,0,-53.10335864,-157.1432837,71.33718219
0.115295664,0.1005513548,1.048909665,4.734541866,1,-104.0245386,4.849339973,-51.26320257,0,-114.3915165,-239.0870995,77.50822449
0.115295664,0.1044187146,0.6043487825,5.016559192,1,-19.26413799,5.052831244,-160.8709877,0,-15.27704439,-210.1498828,83.13063745
0.115295664,0.1082860744,0.9153264852,4.925121084,1,-47.04690321,5.009455087,-270.6682497,0,-21.35316506,-251.0933042,79.47178099
0.115295664,0.1121534342,0.3398211083,4.940855835,1,-186.8619485,4.952528119,-239.7528943,0,-122.9947067,-190.9780846,86.0655194
0.115295664,0.116020794,-0.2830006865,4.736491346,1,-67.02602144,4.74493832,-215.9301058,0,-171.6073057,-79.88639844,93.41930128
0.115295664,0.1198881537,-0.5830598278,4.414725871,2,-84.37848218,4.453062236,-75.89679057,0,-70.79670553,90.50379909,97.52360137
0.1191630238,0.01546943919,NaN,NaN,0,-10.05842341,0.2724139127,36.93841905,0,42.30759758,27.40494913,97.55455316
0.1191630238,0.01933679899,NaN,NaN,0,-6.780281981,0.2897028034,27.32710515,0,45.53467648,13.22682314,84.74264855
0.1191630238,0.02320415879,NaN,NaN,0,-5.881908105,0.3440387913,21.50203245,0,50.33433931,-4.748505596,70.63767725
0.1191630238,0.02707151859,NaN,NaN,0,-1.227156384,0.4375949077,22.88152215,0,47.26479376,-14.1581804,63.03013471
0.1191630238,0.03093887839,NaN,NaN,0,0.635212851,0.5515322096,17.00843946,0,47.41310031,-25.65166605,58.01966347
0.1191630238,0.03480623819,NaN,NaN,0,-6.15486101,0.6750408402,4.61799288,0,42.44796539,-41.81147015,55.30082359
0.1191630238,0.03867359798,NaN,NaN,0,-39.0582212,0.7785463794,7.021762117,0,41.76461423,-62.74873291,56.25634548
0.1191630238,0.04254095778,NaN,NaN,0,-76.11416686,0.9144080459,54.26370148,12.38132953,31.20648867,-94.80702259,64.42481129
0.1191630238,0.04640831758,0.2587913492,1.223895681,1,-28.12481192,1.250957074,35.92004746,0,35.9528584,-74.34777938,78.06073668
0.1191630238,0.05027567738,0.4250194181,1.251259296,1,25.26770699,1.321473167,-72.86231671,0,81.49170528,-106.2365829,71.23874554
0.1191630238,0.05414303718,0.6716684083,1.352965976,1,24.95744171,1.51051494,-85.75307654,0,83.74841261,-170.004897,63.59829222
0.1191630238,0.05801039698,0.845424069,1.5770914,1,8.085073145,1.789401894,-140.5538332,0,47.40729731,-237.3262865,61.80578262
0.1191630238,0.06187775677,0.8862773709,1.727219872,1,61.43187838,1.941333579,-183.0955418,0,40.10177468,-275.6503324,62.83656791
0.1191630238,0.06574511657,1.238091237,1.935034076,1,177.8181565,2.297221536,-169.3625897,0,101.1205633,-257.9703272,57.38770137
0.1191630238,0.06961247637,1.965033762,2.069897874,1,161.1929973,2.854090905,-116.2119765,0,115.1755716,-230.9218924,46.48872878
0.1191630238,0.07347983617,2.30690793,2.378658593,1,3.604407613,3.313584298,-82.8131467,0,32.57410046,-259.4795065,45.87730883
0.1191630238,0.07734719597,2.10494907,2.753130251,1,-85.28703628,3.465622133,-97.13710815,0,-47.39310303,-272.7859258,52.59971038
0.1191630238,0.08121455577,1.793786093,3.057955769,1,-91.48701752,3.545244989,-91.06430961,0,-92.72697958,-259.67424,59.60426406
0.1191630238,0.08508191556,1.392527263,3.405205518,1,38.71287292,3.678934193,-64.68586218,0,-35.83585996,-228.5399994,67.7583473
0.1191630238,0.08894927536,1.804912537,3.691638673,1,96.14946435,4.109246324,15.36087918,27.13808372,-0.9825337692,-143.2035968,63.94510915
0.1191630238,0.09281663516,1.760572025,4.018431398,1,-45.35366713,4.387186428,21.16858691,0,-114.1961498,-99.98732736,66.34061102
0.1191630238,0.09668399496,1.187875989,4.160192185,1,-68.1043928,4.326459104,-26.96468319,0,-162.7717795,-145.3733646,74.06415872
0.1191630238,0.1005513548,0.8676907973,4.476360372,1,-24.87720637,4.559680855,-19.91449996,0,-167.1582388,-147.961761,79.02991843
0.1191630238,0.1044187146,0.4452058289,4.655397014,1,-37.51958343,4.676636568,-50.71558448,0,-225.6402077,-147.05526,84.53729159
0.1191630238,0.1082860744,-0.1500427993,4.84894056,1,-68.09079774,4.851261423,-151.982082,0,-193.9511651,-232.4521215,91.77236178
0.1191630238,0.1121534342,-0.5682047236,4.96660361,1,-37.80161151,4.999000703,-182.6658761,0,-127.8135836,-80.13091809,96.52655309
0.1191630238,0.116020794,-0.7905363469,4.452400986,1,66.5135697,4.5220374,-171.8695597,0,-101.8450111,5.641120584,100.0681032
0.1191630238,0.1198881537,NaN,NaN,0,79.2426085,4.33775427,-64.96246418,0,-34.92698665,24.13968976,99.35148689
0.1230303836,0.01546943919,NaN,NaN,0,-12.33950993,0.3666165548,24.43078041,0,30.41861097,14.74845016,80.98830127
0.1230303836,0.01933679899,NaN,NaN,0,-9.694038353,0.3918596584,21.65974528,0,33.11939753,7.042704545,76.36360982
0.1230303836,0.02320415879,NaN,NaN,0,-6.285710922,0.4440191222,20.37917711,0,36.87926413,-4.64040254,70.52695679
0.1230303836,0.02707151859,NaN,NaN,0,-3.871104227,0.5219877689,20.26240928,0,36.99763008,-14.64249406,66.19338233
0.1230303836,0.03093887839,NaN,NaN,0,-4.035845692,0.6186543806,18.62213522,0,36.00869163,-25.01893115,63.49072175
0.1230303836,0.03480623819,NaN,NaN,0,-8.93740102,0.7277073821,17.1436315,0,32.60438459,-36.52246828,62.6478266
0.1230303836,0.03867359798,NaN,NaN,0,-19.50699096,0.8453008398,23.40837184,0,27.55214199,-47.74143922,64.21811157
0.1230303836,0.04254095778,NaN,NaN,0,-21.17816223,0.9913360563,42.45160423,0,15.87636464,-53.42780892,68.3670679
0.1230303836,0.04640831758,NaN,NaN,0,17.77594786,1.183994776,56.87416117,0,-8.116424184,-30.30373724,72.94989146
0.1230303836,0.05027567738,NaN,NaN,0,12.32566431,1.321547838,28.38758318,0,14.94174096,-38.34739382,72.25323381
0.1230303836,0.05414303718,NaN,NaN,0,-14.45864815,1.461875511,3.454467059,3.875482332,-3.663066083,-72.871056,71.964343
0.1230303836,0.05801039698,0.3327385272,1.553837607,1,-15.43731148,1.589064579,-35.24826682,0,-28.83284772,-84.76224386,77.91323453
0.1230303836,0.06187775677,0.2814008997,1.581533191,1,39.09371645,1.60637284,-50.75323257,0,10.92078532,-77.35502437,79.91099343
0.1230303836,0.06574511657,0.5261626007,1.656716307,1,136.6961352,1.738262352,-51.31994876,28.68371518,77.3887141,-143.7532538,72.38048176
0.1230303836,0.06961247637,1.109344039,1.939006039,1,151.0324467,2.233917773,-78.94066765,31.16200867,68.57150183,-284.5558094,60.2252654
0.1230303836,0.07347983617,1.375450083,2.45190404,1,45.09879154,2.811351339,-105.6722353,0,12.39856589,-340.6699441,60.70878502
0.1230303836,0.07734719597,1.331707008,2.847826731,1,-36.79751754,3.143813074,-131.7017762,0,-8.222913531,-267.09571,64.93816555
0.1230303836,0.08121455577,1.201339878,2.975521096,1,-21.92046489,3.208885055,-131.3555766,0,-34.50665253,-198.8668892,68.01405008
0.1230303836,0.08508191556,1.113483043,3.108917267,1,53.77158472,3.302303902,-45.35877853,0,-42.39608532,-171.2971312,70.29461766
0.1230303836,0.08894927536,1.245333027,3.462570019,1,46.10027944,3.679707255,-42.59818523,0,-46.36757154,-230.2600298,70.21858946
0.1230303836,0.09281663516,1.112449328,3.83467314,1,-14.52342525,3.992776177,-105.399448,0,-105.1406441,-224.7298863,73.82240925
0.1230303836,0.09668399496,0.7825490157,3.924063759,1,-42.31490639,4.001332196,-82.38984449,0,-141.9910808,-172.7917722,78.72185289
0.1230303836,0.1005513548,0.3996717626,4.184289921,1,-55.27310661,4.203334351,-72.43684106,0,-188.5757452,-166.8075005,84.54381918
0.1230303836,0.1044187146,-0.1605022307,4.289029053,1,-32.9674786,4.292031126,-62.0435068,0,-218.1316463,-127.743067,92.14309841
0.1230303836,0.1082860744,-0.5714188984,4.438373759,1,41.93645093,4.475006278,33.69047019,0,-175.3624689,-44.84323648,97.33619559
0.1230303836,0.1121534342,-0.6765086486,4.592747153,1,46.0839425,4.642304424,-5.472538568,0,-137.7348333,85.80048454,98.37937482
0.1230303836,0.116020794,-0.9258658692,4.085388139,1,98.17954104,4.188988405,-60.39471028,0,-114.8388485,99.80662012,102.7691691
0.1230303836,0.1198881537,NaN,NaN,0,141.6840615,4.041686888,-14.43475551,0,-46.04791983,43.58786284,100.5634044
0.1268977434,0.01546943919,NaN,NaN,0,-10.89964657,0.45052203,17.0679868,0,22.19525926,7.423886907,75.11817291
0.1268977434,0.01933679899,NaN,NaN,0,-8.850875319,0.4744355153,16.92250103,0,24.16481381,2.415364861,73.14687805
0.1268977434,0.02320415879,NaN,NaN,0,-5.695793002,0.5217158176,18.09252141,0,27.0656896,-6.213315047,70.4093245
0.1268977434,0.02707151859,NaN,NaN,0,-3.935703913,0.5906378364,19.16680266,0,27.83777079,-14.75246215,68.11125213
0.1268977434,0.03093887839,NaN,NaN,0,-3.97009037,0.6776666336,20.07406062,0,27.01965152,-23.2590962,66.7625554
0.1268977434,0.03480623819,NaN,NaN,0,-6.051906418,0.7796364228,21.92602605,0,24.40873935,-31.51803261,66.62377611
0.1268977434,0.03867359798,NaN,NaN,0,-8.854179381,0.895745194,27.01648952,0,19.96320451,-38.26674677,67.80609992
0.1268977434,0.04254095778,NaN,NaN,0,-6.867438964,1.030225057,35.26018244,0,12.86325209,-40.85903664,70.00361661
0.1268977434,0.04640831758,NaN,NaN,0,4.210809768,1.180489429,39.6062507,0,4.633630755,-36.22312593,72.16540124
0.1268977434,0.05027567738,NaN,NaN,0,4.130719036,1.319262732,31.87693418,0,6.641680364,-38.18528615,72.96429381
0.1268977434,0.05414303718,NaN,NaN,0,-2.238504902,1.451830451,26.33926228,0,0.8936591965,-41.90094528,73.87553289
0.1268977434,0.05801039698,NaN,NaN,0,0.9230587086,1.572223707,37.39326597,0,-4.122356252,-20.41067415,75.96450837
0.1268977434,0.06187775677,NaN,NaN,0,3.017051978,1.664792759,40.84911777,0,23.45390915,-5.793787958,76.42217346
0.1268977434,0.06574511657,NaN,NaN,0,3.6757696,1.772922137,8.402977152,0,39.87473013,-25.91674656,74.168383
0.1268977434,0.06961247637,0.5592621,1.75099173,1,8.795702549,1.838136594,-9.25044498,0,16.3038896,-150.5675564,72.28665634
0.1268977434,0.07347983617,0.5807421291,2.252195055,1,22.55818737,2.325864138,29.66490878,0,-21.68068847,-258.0369999,75.54090471
0.1268977434,0.07734719597,0.562655704,2.863638526,1,21.4794291,2.918391175,-16.24044755,0,-38.03985486,-212.0033033,78.88396808
0.1268977434,0.08121455577,0.5166970043,3.009280453,1,22.38203091,3.05331699,-91.18989883,0,-24.45445155,-135.0575552,80.25724874
0.1268977434,0.08508191556,0.5546409077,3.033290537,1,56.38382391,3.083582011,-50.89324606,6.851351109,3.85743981,-134.8657199,79.63786868
0.1268977434,0.08894927536,0.7496716458,3.334032223,1,32.89016018,3.417276465,-38.11555506,0,-51.19665415,-202.2304823,77.32755981
0.1268977434,0.09281663516,0.4838431089,3.667982009,1,-11.10775488,3.699756231,-71.15414106,0,-130.7654637,-185.101732,82.48550415
0.1268977434,0.09668399496,0.2009968637,3.774708555,1,-2.894944488,3.780056139,-82.07616731,0,-137.0962351,-157.7994289,86.95197498
0.1268977434,0.1005513548,-0.05755315122,3.960831106,1,12.81318743,3.961249224,-93.68273705,0,-139.4535897,-136.2420048,90.832482
0.1268977434,0.1044187146,-0.2887671368,3.939300556,1,48.78987143,3.949870293,-46.02035959,0,-83.85808726,-58.36375392,94.19252048
0.1268977434,0.1082860744,-0.1931745593,4.008567453,1,90.66342392,4.013219336,73.24004787,0,-82.59086699,-8.575383453,92.75897341
0.1268977434,0.1121534342,-0.2575476546,4.255710266,1,45.61225907,4.263496296,14.73213758,0,-160.662778,112.9865653,93.46320999
0.1268977434,0.116020794,-0.6381163112,3.62858223,1,120.2923777,3.684264027,-1.762139382,0,-206.7986577,179.6617463,99.97395435
0.1268977434,0.1198881537,NaN,NaN,0,129.902988,3.60306217,25.17042452,0,-106.1049712,63.69976202,99.45843365
0.1307651032,0.01546943919,NaN,NaN,0,-7.86991102,0.5131543197,12.24121076,0,15.64099643,2.717313895,72.7531922
0.1307651032,0.01933679899,NaN,NaN,0,-6.29012018,0.5352715458,13.28077558,0,17.10281202,-1.002841935,71.80145547
0.1307651032,0.02320415879,NaN,NaN,0,-3.710881853,0.5787881994,15.90160486,0,19.38090968,-7.875760357,70.42044275
0.1307651032,0.02707151859,NaN,NaN,0,-2.205828052,0.6422025163,18.23821932,0,20.26811196,-14.89494331,69.2265171
0.1307651032,0.03093887839,NaN,NaN,0,-1.856905459,0.7232874533,20.58127855,0,19.82340432,-21.74695888,68.60821814
0.1307651032,0.03480623819,NaN,NaN,0,-2.445954901,0.8199318746,23.46992257,0,18.04771679,-28.0238192,68.74391715
0.1307651032,0.03867359798,NaN,NaN,0,-2.990381182,0.9308660292,27.47137772,0,15.02868459,-32.94847862,69.62114713
0.1307651032,0.04254095778,NaN,NaN,0,-1.648224013,1.05538854,31.96638533,0,10.97980845,-35.51846492,70.98787424
0.1307651032,0.04640831758,NaN,NaN,0,1.804011142,1.189455199,34.413725,0,7.146014751,-35.54444368,72.370435
0.1307651032,0.05027567738,NaN,NaN,0,2.224906967,1.323619403,33.17464055,0,6.097690539,-36.26967956,73.3872444
0.1307651032,0.05414303718,NaN,NaN,0,0.4508508003,1.456037782,32.63238193,0,4.718378757,-36.13676484,74.3644736
0.1307651032,0.05801039698,NaN,NaN,0,0.0704441617,1.585209543,36.21039481,0,6.276409449,-30.6082753,75.44356198
0.1307651032,0.06187775677,NaN,NaN,0,-1.90043679,1.712121006,37.72021191,0,17.41857733,-30.12595539,75.90434426
0.1307651032,0.06574511657,NaN,NaN,0,-9.384999878,1.85427289,34.33951131,0,28.59651805,-45.16512366,75.68638434
0.1307651032,0.06961247637,NaN,NaN,0,-33.46450356,2.028432742,49.12643387,0,42.21013036,-76.05087149,75.98404566
0.1307651032,0.07347983617,NaN,NaN,0,-9.755017941,2.333331622,66.82241113,0,-1.173374101,-101.1478267,77.82104677
0.1307651032,0.07734719597,NaN,NaN,0,21.46303546,2.655874254,47.27674539,0,-64.35882941,-85.51958183,80.26673808
0.1307651032,0.08121455577,0.3263595695,2.794387567,1,30.17955252,2.813380963,16.99441551,0,-44.12188514,-57.50979694,83.33854186
0.1307651032,0.08508191556,0.3950862853,2.905778841,1,19.39797429,2.932514935,16.26413531,0,-22.12105821,-72.4238855,82.25721842
0.1307651032,0.08894927536,0.3158284242,3.137376053,1,5.159096156,3.153232642,-1.449560208,0,-75.92329526,-121.98008,84.2516042
0.1307651032,0.09281663516,0.1214156665,3.371913728,1,13.16737266,3.374098984,-6.25343709,0,-132.3610008,-75.46939913,87.93778798
0.1307651032,0.09668399496,-0.1451362217,3.405059082,1,11.03664568,3.4081508,16.64120444,0,-169.0115016,-41.15165504,92.44068085
0.1307651032,0.1005513548,-0.4895299406,3.595419509,1,56.98439016,3.628592152,65.72440426,0,-165.3417593,-30.19958711,97.75336105
0.1307651032,0.1044187146,-0.5641931549,3.77603167,1,117.0280871,3.817948283,25.72308588,24.97012706,-73.53780571,-18.9889605,98.49794349
0.1307651032,0.1082860744,-0.3213373749,3.76833708,1,122.2016664,3.782012963,-14.52960306,34.03573677,-23.52486801,-19.4362313,94.87399161
0.1307651032,0.1121534342,-0.1825744717,3.795007367,1,159.8020927,3.799396578,-145.8305115,0,-138.218041,99.27925609,92.75432599
0.1307651032,0.116020794,-0.2378640811,2.820409418,1,82.73149472,2.830421984,-56.67355132,0,-138.2393185,133.2607012,94.82073031
0.1307651032,0.1198881537,NaN,NaN,0,55.38908088,3.086136357,91.85068971,0,-137.8117801,-32.29284435,97.39555226
0.134632463,0.01546943919,NaN,NaN,0,-4.055226821,0.554211856,8.756958006,0,9.989657495,-0.6511913923,71.750349
0.134632463,0.01933679899,NaN,NaN,0,-2.786041175,0.5751062462,10.4387599,0,11.16729952,-3.649260354,71.2321835
0.134632463,0.02320415879,NaN,NaN,0,-0.6517861802,0.6162581056,13.99490313,0,13.08702515,-9.39194114,70.47454653
0.134632463,0.02707151859,NaN,NaN,0,0.6801790174,0.6764149969,17.30319122,0,14.03036303,-15.20459183,69.83990262
0.134632463,0.03093887839,NaN,NaN,0,1.194251488,0.7538513521,20.5429117,0,13.95813701,-20.8099768,69.5928088
0.134632463,0.03480623819,NaN,NaN,0,1.115373454,0.8467394076,23.90100796,0,12.93003891,-25.8818067,69.84722867
0.134632463,0.03867359798,NaN,NaN,0,0.9868335657,0.9533744033,27.43271348,0,11.1240086,-29.98488358,70.56782489
0.134632463,0.04254095778,NaN,NaN,0,1.460912951,1.071829502,30.72025617,0,8.881282384,-32.72190075,71.58662001
0.134632463,0.04640831758,NaN,NaN,0,2.428551847,1.198862689,32.90762341,0,6.872929255,-34.16650432,72.66674954
0.134632463,0.05027567738,NaN,NaN,0,2.51404689,1.330170516,33.7755211,0,5.884688286,-35.21222357,73.64627219
0.134632463,0.05414303718,NaN,NaN,0,1.746556974,1.464027165,34.80523007,0,5.605755844,-35.76815921,74.56446151
0.134632463,0.05801039698,NaN,NaN,0,0.8083039282,1.600834385,37.09571945,0,7.091037959,-35.75970683,75.42054965
0.134632463,0.06187775677,NaN,NaN,0,-1.304243423,1.744347986,39.48182374,0,11.34747269,-38.93663463,76.06057374
0.134632463,0.06574511657,NaN,NaN,0,-5.850828763,1.904512609,42.10842231,0,14.88263435,-48.5669212,76.58640345
0.134632463,0.06961247637,NaN,NaN,0,-12.20416781,2.093720387,49.26179711,0,13.80395676,-62.65544018,77.44473077
0.134632463,0.07347983617,NaN,NaN,0,-5.803974026,2.328878525,55.03195378,0,-4.636925897,-71.17345614,78.90919793
0.134632463,0.07734719597,NaN,NaN,0,3.578665599,2.565482965,50.3649591,0,-26.32905724,-62.51481509,80.69626486
0.134632463,0.08121455577,NaN,NaN,0,3.646536885,2.745634727,48.62462101,0,-23.63587129,-39.54586772,82.46564404
0.134632463,0.08508191556,NaN,NaN,0,-3.183753972,2.892473329,29.19618925,0,-19.48924113,-47.99533088,83.30032007
0.134632463,0.08894927536,NaN,NaN,0,0.1494321067,3.032709014,23.89872068,0,-44.0190121,-36.20686553,84.84813486
0.134632463,0.09281663516,0.1677914975,3.105171427,1,21.88699598,3.109701526,18.94077981,0,-64.84102495,3.958944815,86.90696499
0.134632463,0.09668399496,0.1062061324,3.078397588,1,36.11224642,3.080229124,43.29726622,0,-58.85577265,44.37178059,88.02405299
0.134632463,0.1005513548,0.07983409846,3.101015894,1,29.48285684,3.102043368,113.6430776,0,-124.8786831,81.6015553,88.52527465
0.134632463,0.1044187146,-0.262723851,3.202313684,1,66.59849726,3.213072789,185.0197724,0,-171.1573646,96.0767631,94.69014965
0.134632463,0.1082860744,-0.3245326616,3.444990512,1,48.55346558,3.460242922,45.67644981,0,-93.76628948,71.3152594,95.38162239
0.134632463,0.1121534342,-0.4375781085,3.103159182,1,263.8961492,3.133858885,-102.3744098,0,-268.393684,71.12429663,98.02638837
0.134632463,0.116020794,NaN,NaN,0,68.60706378,2.795002185,-50.27840558,0,-49.00424304,26.32620739,97.02687416
0.134632463,0.1198881537,NaN,NaN,0,56.18160908,2.830118692,15.11338332,0,-66.44220132,-1.897183682,97.34406882
0.1384998228,0.01546943919,NaN,NaN,0,-2.10112917,0.5744895586,7.239680447,0,7.239680447,-2.10112917,71.37333177
0.1384998228,0.01933679899,NaN,NaN,0,-0.9817913096,0.5947904393,9.160108207,0,8.291678526,-4.817436328,71.02203624
0.1384998228,0.02320415879,NaN,NaN,0,0.9296347461,0.6348151603,13.08500878,0,10.04949292,-10.08919976,70.51373819
0.1384998228,0.02707151859,NaN,NaN,0,2.172029217,0.6934374825,16.79434305,0,11.0202276,-15.36389378,70.11258168
0.1384998228,0.03093887839,NaN,NaN,0,2.733167513,0.7691064864,20.37597872,0,11.15393322,-20.41674015,70.02128786
0.1384998228,0.03480623819,NaN,NaN,0,2.794398885,0.8600645284,23.88345251,0,10.522258,-24.98357877,70.32324333
0.1384998228,0.03867359798,NaN,NaN,0,2.714129298,0.9644513327,27.26364397,0,9.303328264,-28.76191636,70.98196456
0.1384998228,0.04254095778,NaN,NaN,0,2.840543995,1.080127141,30.25257858,0,7.784329639,-31.53947405,71.87204096
0.1384998228,0.04640831758,NaN,NaN,0,3.112988809,1.204401709,32.48776243,0,6.401979195,-33.42067822,72.83880928
0.1384998228,0.05027567738,NaN,NaN,0,3.003068902,1.334552925,33.99960995,0,5.615480375,-34.85953162,73.77583812
0.1384998228,0.05414303718,NaN,NaN,0,2.455080233,1.469426426,35.59397591,0,5.486864418,-36.0872635,74.6611531
0.1384998228,0.05801039698,NaN,NaN,0,1.513430071,1.610026177,37.96526468,0,6.341541787,-37.64592268,75.48291434
0.1384998228,0.06187775677,NaN,NaN,0,-0.4098386506,1.760117697,40.85743437,0,8.133467686,-41.43946201,76.22567626
0.1384998228,0.06574511657,NaN,NaN,0,-3.656150881,1.926295552,44.27059248,0,8.928836864,-48.59045094,76.99600105
0.1384998228,0.06961247637,NaN,NaN,0,-6.926041415,2.114792679,48.75531175,0,5.988664739,-56.85557862,78.00603349
0.1384998228,0.07347983617,NaN,NaN,0,-4.828449433,2.32539983,51.33010035,0,-4.856155528,-60.72429005,79.34816731
0.1384998228,0.07734719597,NaN,NaN,0,-1.144102699,2.534072679,48.87959699,0,-16.53143559,-55.46727392,80.87173315
0.1384998228,0.08121455577,NaN,NaN,0,-1.749052796,2.713064434,44.43098257,0,-18.84256546,-43.67546557,82.34353068
0.1384998228,0.08508191556,NaN,NaN,0,-4.297284001,2.860941452,32.00487007,0,-19.81269807,-39.79711471,83.52992191
0.1384998228,0.08894927536,NaN,NaN,0,-0.5963747424,2.978662348,23.99476456,0,-28.46895812,-26.1132215,84.83351924
0.1384998228,0.09281663516,NaN,NaN,0,8.147088938,3.043756664,20.1163184,0,-27.36352545,1.69993123,86.04424124
0.1384998228,0.09668399496,NaN,NaN,0,17.68676565,3.043966291,17.75803422,0,-3.316713365,27.59869375,86.347581
0.1384998228,0.1005513548,NaN,NaN,0,69.05651217,3.010183927,24.58977763,0,16.01360744,71.45362904,84.93892286
0.1384998228,0.1044187146,0.5229082862,2.856544208,1,72.02579204,2.904010656,231.5212255,0,-106.7884343,174.7673942,79.6265021
0.1384998228,0.1082860744,0.1311116581,3.21793538,1,-48.12429471,3.220605282,-26.99574319,0,-165.5455556,262.6315999,87.66682951
0.1384998228,0.1121534342,-0.3034299031,1.736451065,1,293.7157189,1.762762607,-75.51337629,0,-413.0755746,144.8879431,99.91186888
0.1384998228,0.116020794,NaN,NaN,0,100.0924879,2.388539593,112.8214925,0,-111.1339989,-106.9102778,97.95338175
0.1384998228,0.1198881537,NaN,NaN,0,53.01631169,2.60929252,61.10221521,0,-61.10221521,-53.01631169,97.6229464
