PIVlab, ASCII chart output - 20-Sep-2021
FRAME: 66, filenames: A: 72_12_75_220 066.jpg & B: 72_12_75_220 067.jpg, conversion factor xy (px -> m): 0.00024171, conversion factor uv (px/frame -> m/s): 1
x [m],y [m],u [m/s],v [m/s],Vector type [-],vorticity [1/s],magnitude [m/s],divergence [1/s],dcev [1],simple shear [1/s],simple strain [1/s],vector direction [degrees]
0.03408110822,0.01546943919,NaN,NaN,0,-2.821721756,1.047877572,-7.458482958,0,7.458482958,2.821721756,-85.65585565
0.03408110822,0.01933679899,NaN,NaN,0,-1.684038133,1.068404103,-9.728975208,0,8.390930122,5.588713633,-85.25715883
0.03408110822,0.02320415879,NaN,NaN,0,0.3464778914,1.109117134,-14.27144453,0,10.08881793,10.95489845,-84.55151257
0.03408110822,0.02707151859,NaN,NaN,0,1.955994771,1.169408347,-18.59646775,0,11.33942723,16.19276148,-83.68164196
0.03408110822,0.03093887839,NaN,NaN,0,3.115957361,1.248524928,-22.80396522,0,12.17903969,21.2085214,-82.78852566
0.03408110822,0.03480623819,NaN,NaN,0,3.907914542,1.345692713,-26.95426803,0,12.67522975,25.97341736,-81.97576408
0.03408110822,0.03867359798,NaN,NaN,0,4.481464708,1.460139629,-31.03327597,0,12.87206046,30.4733649,-81.29996844
0.03408110822,0.04254095778,NaN,NaN,0,5.007057163,1.590947929,-34.94284409,0,12.77605003,34.64359109,-80.77819802
0.03408110822,0.04640831758,NaN,NaN,0,5.643847509,1.736775902,-38.50620795,0,12.37647216,38.33103599,-80.4001189
0.03408110822,0.05027567738,NaN,NaN,0,6.526295745,1.895551219,-41.45265349,0,11.65124736,41.31337858,-80.13832542
0.03408110822,0.05414303718,NaN,NaN,0,7.729316379,2.064164622,-43.40956868,0,10.55640642,43.33248422,-79.95780173
0.03408110822,0.05801039698,NaN,NaN,0,9.155432961,2.238202323,-43.97652552,0,9.085133495,44.14392267,-79.82555981
0.03408110822,0.06187775677,NaN,NaN,0,10.51703281,2.412058685,-42.82872144,0,7.244132387,43.6201268,-79.719389
0.03408110822,0.06574511657,NaN,NaN,0,11.53805357,2.579421394,-39.71098077,0,4.813363279,41.73907211,-79.63562098
0.03408110822,0.06961247637,NaN,NaN,0,11.95743384,2.73329065,-34.53100403,0,1.485156772,38.32056518,-79.59352439
0.03408110822,0.07347983617,NaN,NaN,0,11.76364019,2.865920516,-27.56582553,0,-2.813447936,32.76106108,-79.62659796
0.03408110822,0.07734719597,NaN,NaN,0,10.55022616,2.969022104,-19.94654153,0,-6.506179906,24.56359798,-79.74979554
0.03408110822,0.08121455577,NaN,NaN,0,5.31057762,3.038099942,-15.87964912,0,-3.48698744,15.70350482,-79.92101258
0.03408110822,0.08508191556,NaN,NaN,0,-7.987339606,3.090506505,-24.82790521,0,15.31030923,14.00529062,-80.0240879
0.03408110822,0.08894927536,NaN,NaN,0,-28.71087882,3.190920849,-57.1201781,0,52.91728321,34.17592316,-79.89226864
0.03408110822,0.09281663516,NaN,NaN,0,24.81171136,3.454599819,-73.2232284,0,19.39030848,56.17625245,-79.50935666
0.03408110822,0.09668399496,NaN,NaN,0,53.79953238,3.71446067,-55.9790988,0,4.0084541,45.81414146,-78.65097944
0.03408110822,0.1005513548,NaN,NaN,0,66.32368409,3.885221632,-45.86071261,0,16.44765131,6.098972122,-77.3240476
0.03408110822,0.1044187146,NaN,NaN,0,108.9525159,3.983924975,6.405033422,0,0.8175608953,-20.64077573,-74.70288576
0.03408110822,0.1082860744,NaN,NaN,0,162.9039749,3.900899475,259.2225,0,-179.164712,7.074869963,-70.89010415
0.03408110822,0.1121534342,NaN,NaN,0,-208.4566892,3.033116083,143.7194846,0,59.84367758,-145.3123055,-70.98631886
0.03408110822,0.116020794,NaN,NaN,0,-102.1284881,2.662447565,15.07670401,0,-7.084908605,-92.28311299,-74.70462676
0.03408110822,0.1198881537,NaN,NaN,0,-65.22410973,2.516855062,-5.38608245,0,-5.38608245,-65.22410973,-77.00854932
0.03794846802,0.01546943919,NaN,NaN,0,-5.194832236,1.027403808,-8.844416394,0,10.32809306,1.641024779,-86.0704634
0.03794846802,0.01933679899,NaN,NaN,0,-3.904574357,1.048346426,-10.98031074,0,11.27157391,4.606310441,-85.60517809
0.03794846802,0.02320415879,NaN,NaN,0,-1.661538133,1.089764437,-15.29574608,0,12.9651116,10.27636481,-84.79312382
0.03794846802,0.02707151859,NaN,NaN,0,0.05005158412,1.150865471,-19.34106441,0,14.10592154,15.78779367,-83.81222336
0.03794846802,0.03093887839,NaN,NaN,0,1.212046435,1.230751484,-23.30843817,0,14.79437842,21.01210708,-82.8285949
0.03794846802,0.03480623819,NaN,NaN,0,1.954730841,1.328640851,-27.31918895,0,15.14617983,25.94473973,-81.9547005
0.03794846802,0.03867359798,NaN,NaN,0,2.492994336,1.443938482,-31.38276395,0,15.20132966,30.62303809,-81.24505328
0.03794846802,0.04254095778,NaN,NaN,0,3.057302389,1.576027683,-35.39800584,0,14.91817436,35.01741488,-80.71143954
0.03794846802,0.04640831758,NaN,NaN,0,3.857859661,1.723883961,-39.18896526,0,14.24244906,38.97029931,-80.33905989
0.03794846802,0.05027567738,NaN,NaN,0,5.097032579,1.88574205,-42.47042922,0,13.12955428,42.24837016,-80.09481733
0.03794846802,0.05414303718,NaN,NaN,0,6.949329903,2.058755853,-44.77322536,0,11.48972892,44.56645308,-79.93535737
0.03794846802,0.05801039698,NaN,NaN,0,9.313827421,2.23839332,-45.5545555,0,9.360983951,45.61588791,-79.81801925
0.03794846802,0.06187775677,NaN,NaN,0,11.73813424,2.418558967,-44.44763724,0,6.953378055,45.32840642,-79.71047514
0.03794846802,0.06574511657,NaN,NaN,0,13.89481586,2.592918607,-41.13499806,0,3.955678877,43.91474314,-79.60207149
0.03794846802,0.06961247637,NaN,NaN,0,15.27798308,2.754533499,-35.45776435,0,-0.2518203659,41.32000377,-79.51969298
0.03794846802,0.07347983617,NaN,NaN,0,16.02115934,2.895460103,-27.41708551,0,-6.657219426,36.2018656,-79.53149164
0.03794846802,0.07734719597,NaN,NaN,0,16.15602245,3.003067461,-16.29364123,0,-14.79766612,25.32673674,-79.69415259
0.03794846802,0.08121455577,NaN,NaN,0,9.609144348,3.054791271,-4.371854092,0,-15.50538969,7.034272402,-79.98314177
0.03794846802,0.08508191556,NaN,NaN,0,-12.94495465,3.04253904,-4.558334563,2.612374028,8.883868954,-10.93800228,-80.26526132
0.03794846802,0.08894927536,NaN,NaN,0,-87.0190292,3.027783701,-74.54073461,0,108.1132529,31.11489252,-80.19460667
0.03794846802,0.09281663516,NaN,NaN,0,40.03185886,3.45907631,-110.5859674,0,10.55980978,84.52313363,-80.07785775
0.03794846802,0.09668399496,NaN,NaN,0,71.63979104,3.805182047,-60.51429517,9.167324981,-25.18918683,63.50626005,-79.22644769
0.03794846802,0.1005513548,NaN,NaN,0,63.23150411,3.963610546,-84.16781225,0,17.5044388,-3.036189154,-78.71445043
0.03794846802,0.1044187146,NaN,NaN,0,168.5823299,4.179151772,-133.9538442,12.68187387,94.21730218,-14.90332632,-75.82329459
0.03794846802,0.1082860744,1.792014637,-4.347381543,1,73.10832442,4.702238057,112.917223,0,-83.04760077,-327.448068,-67.59827337
0.03794846802,0.1121534342,0.9850907633,-2.348824697,1,-135.7015387,2.547033818,114.9195269,0,-184.6633624,-392.6683964,-67.24695413
0.03794846802,0.116020794,NaN,NaN,0,-108.630917,2.447655599,-76.89293432,21.63901589,-35.09116534,-80.02158159,-76.94123977
0.03794846802,0.1198881537,NaN,NaN,0,-68.08412011,2.375826856,-38.99235239,0,4.070144724,-63.62482749,-79.59059619
0.04181582782,0.01546943919,NaN,NaN,0,-9.978490722,0.9861807904,-11.94577637,0,16.27403456,-0.97201758,-87.00565721
0.04181582782,0.01933679899,NaN,NaN,0,-8.313315782,1.008068019,-13.70853096,0,17.20421811,2.505433445,-86.37767962
0.04181582782,0.02320415879,NaN,NaN,0,-5.573692658,1.051055644,-17.41930115,0,18.82971803,8.927320145,-85.31215009
0.04181582782,0.02707151859,NaN,NaN,0,-3.652154851,1.113893559,-20.76453223,0,19.67062703,15.06901475,-84.07647515
0.04181582782,0.03093887839,NaN,NaN,0,-2.538324626,1.195299919,-24.16839504,0,20.0121432,20.70851255,-82.89477564
0.04181582782,0.03480623819,NaN,NaN,0,-1.985860753,1.29443546,-27.87649831,0,20.10561028,25.92518373,-81.89352364
0.04181582782,0.03867359798,NaN,NaN,0,-1.619169531,1.411120272,-31.92056279,0,19.96655295,30.91665509,-81.11604354
0.04181582782,0.04254095778,NaN,NaN,0,-1.07094982,1.545445903,-36.15226334,0,19.39511692,35.75791777,-80.55952933
0.04181582782,0.04640831758,NaN,NaN,0,-0.04989999705,1.697046459,-40.425011,0,18.22875158,40.24058321,-80.20214825
0.04181582782,0.05027567738,NaN,NaN,0,1.7734071,1.864803859,-44.5016915,0,16.41602967,44.10853096,-80.00085154
0.04181582782,0.05414303718,NaN,NaN,0,4.950370726,2.046736106,-47.67761916,0,13.61874354,47.04979891,-79.89413071
0.04181582782,0.05801039698,NaN,NaN,0,9.429987444,2.238064735,-48.97898461,0,9.898120472,48.46661878,-79.81875826
0.04181582782,0.06187775677,NaN,NaN,0,14.04508597,2.430873892,-48.07442261,0,6.434491898,48.36071915,-79.71823162
0.04181582782,0.06574511657,NaN,NaN,0,18.70626513,2.619169049,-44.41658705,0,2.626621968,47.7785131,-79.5555665
0.04181582782,0.06961247637,NaN,NaN,0,21.85659256,2.796480655,-37.80057951,0,-2.408966953,47.79023147,-79.35893145
0.04181582782,0.07347983617,NaN,NaN,0,24.53126365,2.958362373,-29.05230205,0,-12.41021531,46.69846968,-79.28522344
0.04181582782,0.07734719597,NaN,NaN,0,32.70766147,3.093064684,-12.28481969,0,-34.78597699,34.66147509,-79.50759769
0.04181582782,0.08121455577,NaN,NaN,0,32.11432324,3.135537419,19.20017248,0,-54.8201654,-1.999185753,-80.04636818
0.04181582782,0.08508191556,NaN,NaN,0,27.79299365,2.997309921,82.80150201,0,-66.55828442,-98.61211829,-80.87284604
0.04181582782,0.08894927536,NaN,NaN,0,-366.8591827,2.418736327,-131.6345221,0,380.4990902,10.96245182,-80.67155787
0.04181582782,0.09281663516,NaN,NaN,0,152.050313,3.550345407,-238.3273553,0,-61.43048615,183.0333855,-81.44407188
0.04181582782,0.09668399496,0.7425213596,-4.016303032,1,84.57298609,4.084363844,-97.53135963,0,-87.90616728,20.51689686,-79.52560577
0.04181582782,0.1005513548,0.5153111339,-3.967369088,1,26.49646507,4.000695321,-108.6472595,0,-95.57426509,-79.15152496,-82.59943398
0.04181582782,0.1044187146,0.4753726528,-4.13037365,1,54.69329818,4.157639432,-173.6831407,0,-72.25006498,-90.30008996,-83.43460551
0.04181582782,0.1082860744,0.4474127998,-4.289841347,1,-1120.575589,4.313109898,534.1885487,43.57310338,975.4231527,256.6377146,-84.04581285
0.04181582782,0.1121534342,-0.08598404283,-3.056984712,1,153.5905004,3.058193713,130.5908469,0,-244.5871829,-388.13662,-91.61113799
0.04181582782,0.116020794,NaN,NaN,0,-78.76324133,2.285731334,9.893547853,0,144.6815343,-218.5823576,-87.60553471
0.04181582782,0.1198881537,NaN,NaN,0,-37.50977466,2.179942692,-29.28243696,0,75.49425456,-86.34949065,-85.55511591
0.04568318762,0.01546943919,NaN,NaN,0,-14.57723148,0.9236869067,-16.15115832,0,23.13988516,-4.195734382,-88.73140591
0.04568318762,0.01933679899,NaN,NaN,0,-12.22261943,0.9473016071,-17.2321753,0,24.01543192,0.2035604712,-87.76111575
0.04568318762,0.02320415879,NaN,NaN,0,-8.667761869,0.9930901404,-19.90839533,0,25.47891538,7.858467574,-86.18607036
0.04568318762,0.02707151859,NaN,NaN,0,-6.546653702,1.058889195,-22.1293683,0,25.73472534,14.85243265,-84.47108041
0.04568318762,0.03093887839,NaN,NaN,0,-5.727329336,1.142555037,-24.72411145,0,25.47795708,20.82774463,-82.9483818
0.04568318762,0.03480623819,NaN,NaN,0,-5.740679696,1.242997988,-28.09784648,0,25.29756516,26.13082755,-81.74796144
0.04568318762,0.03867359798,NaN,NaN,0,-5.912861888,1.360869357,-32.27072556,0,25.16415491,31.36048077,-80.87164033
0.04568318762,0.04254095778,NaN,NaN,0,-5.672032141,1.497712099,-36.86547371,0,24.4669888,36.85701791,-80.28028754
0.04568318762,0.04640831758,NaN,NaN,0,-4.759916929,1.65411431,-41.85712392,0,22.86141067,42.12558481,-79.95249663
0.04568318762,0.05027567738,NaN,NaN,0,-2.903874907,1.829714891,-47.43370661,0,20.6870693,46.89537154,-79.83668635
0.04568318762,0.05414303718,NaN,NaN,0,1.648758456,2.025326679,-52.45657517,0,16.67109508,51.05759282,-79.8372507
0.04568318762,0.05801039698,NaN,NaN,0,9.410665655,2.236261707,-54.60934115,0,10.1782625,52.84006916,-79.85978843
0.04568318762,0.06187775677,NaN,NaN,0,16.30595708,2.447719846,-54.45448156,0,6.259847097,51.86933828,-79.80803825
0.04568318762,0.06574511657,NaN,NaN,0,25.02856612,2.656430226,-50.656348,0,2.525284049,51.04835864,-79.56832179
0.04568318762,0.06961247637,NaN,NaN,0,28.9108584,2.853915624,-42.27566458,0,0.3995458957,55.36393933,-79.09971235
0.04568318762,0.07347983617,NaN,NaN,0,27.53964122,3.048625424,-38.70672349,0,-5.788697876,68.14030655,-78.75809425
0.04568318762,0.07734719597,NaN,NaN,0,58.02903653,3.275586114,-22.99350795,0,-57.11586111,68.61987971,-79.02166842
0.04568318762,0.08121455577,NaN,NaN,0,58.34749349,3.397451328,10.65586168,0,-102.4310105,48.91962779,-79.86459823
0.04568318762,0.08508191556,0.453308411,-3.363620262,1,52.76991121,3.394028548,460.5800213,0,-194.7040539,-380.092408,-82.32460674
0.04568318762,0.08894927536,0.04895608226,-0.09325010974,1,234.1576568,0.1053198982,-66.96500137,0,-252.5467866,157.8201468,-62.30063574
0.04568318762,0.09281663516,0.3821910298,-4.232945307,1,203.6655978,4.250164227,-593.2388892,0,-109.4163216,521.707638,-84.84077511
0.04568318762,0.09668399496,0.413451944,-4.405149486,1,41.97201694,4.424509522,-35.5121074,0,-128.0262275,-2.901621116,-84.63812578
0.04568318762,0.1005513548,0.04938843557,-4.359061791,1,43.06149418,4.359341569,-54.76535016,0,-149.2943192,-19.16951727,-89.3508631
0.04568318762,0.1044187146,0.002611387397,-4.54281138,1,732.8779264,4.54281213,1031.169682,0,508.5467534,-1067.849272,-89.96706413
0.04568318762,0.1082860744,4.850424335,3.758599726,1,59.06548952,6.13626011,52.56611283,0,-62.56730836,-116.564858,37.77214816
0.04568318762,0.1121534342,-0.01093140601,-3.888721062,1,-447.6888769,3.888736427,-690.3175565,0,-872.1910972,674.648486,-90.16106112
0.04568318762,0.116020794,-0.2540264158,-1.520215072,1,-19.3437341,1.541292732,250.553113,0,17.53549732,-263.7572468,-99.48642182
0.04568318762,0.1198881537,NaN,NaN,0,39.34337086,1.899782414,-115.9194054,0,82.7564181,80.32961223,-90.54059555
0.04955054742,0.01546943919,NaN,NaN,0,-18.86433686,0.8394086356,-22.51307935,0,31.79643644,-8.581189985,-91.85509919
0.04955054742,0.01933679899,NaN,NaN,0,-15.19150517,0.8659112199,-22.14947257,0,32.37937245,-2.365068767,-90.14336931
0.04955054742,0.02320415879,NaN,NaN,0,-10.32808168,0.9163251842,-22.85273657,0,33.33578624,7.450557032,-87.54200519
0.04955054742,0.02707151859,NaN,NaN,0,-8.139368754,0.9869277644,-23.12043418,0,32.31140186,15.65450364,-84.9536155
0.04955054742,0.03093887839,NaN,NaN,0,-8.083659318,1.073680736,-24.500836,0,30.86739462,21.61920577,-82.8961382
0.04955054742,0.03480623819,NaN,NaN,0,-9.336666808,1.1745637,-27.52005059,0,30.44253837,26.40990108,-81.43520155
0.04955054742,0.03867359798,NaN,NaN,0,-10.61956618,1.291920522,-32.19901927,0,30.92551272,31.53742253,-80.44711831
0.04955054742,0.04254095778,NaN,NaN,0,-10.94439993,1.430588026,-37.18178203,0,30.44727271,38.18408829,-79.7951034
0.04955054742,0.04640831758,NaN,NaN,0,-10.41386067,1.592075389,-42.70430437,0,28.06283299,44.50936659,-79.51111674
0.04955054742,0.05027567738,NaN,NaN,0,-10.27774825,1.774647107,-50.91943585,0,26.79974178,50.28977757,-79.55559172
0.04955054742,0.05414303718,NaN,NaN,0,-4.862127652,1.988597298,-60.10563377,0,22.20030499,57.44513166,-79.75388238
0.04955054742,0.05801039698,NaN,NaN,0,10.25795964,2.233942056,-62.54732326,0,7.883987352,59.96672674,-79.97802986
0.04955054742,0.06187775677,NaN,NaN,0,16.73951056,2.467374451,-64.47781448,0,5.901349939,55.2282062,-80.10769811
0.04955054742,0.06574511657,NaN,NaN,0,36.19118389,2.705067935,-61.47865882,0,0.8151212362,49.18164384,-79.85815241
0.04955054742,0.06961247637,NaN,NaN,0,41.21863367,2.914342877,-41.93900733,0,7.270564363,54.47686067,-78.78119853
0.04955054742,0.07347983617,0.6638490613,-3.03567565,1,67.86011575,3.107414074,-17.07777222,19.48306912,-23.20097041,145.3065847,-77.66460505
0.04955054742,0.07734719597,0.739716572,-3.486652497,1,21.79463537,3.564256758,55.66144406,0,6.268955508,230.0579037,-78.02192363
0.04955054742,0.08121455577,0.7723810645,-3.710129507,1,27.32858694,3.789674586,75.36049339,0,-15.17318756,186.4902027,-78.24003793
0.04955054742,0.08508191556,0.7867258749,-3.916431067,1,52.6767288,3.994667684,50.89234955,0,-60.16236362,195.4046686,-78.64169029
0.04955054742,0.08894927536,0.7434314213,-4.26901064,1,490.2354152,4.333259988,-38.99390219,0,-628.6143722,169.2110259,-80.12123416
0.04955054742,0.09281663516,0.2515646596,-4.721634436,1,13.07761511,4.728331262,122.9875045,0,-51.72666224,227.6420464,-86.95021328
0.04955054742,0.09668399496,0.5939616502,-4.673747408,1,-1.382133465,4.71133795,154.9585905,0,-4.354663944,152.280741,-82.75740873
0.04955054742,0.1005513548,0.2293783999,-4.711278228,1,-1.48493913,4.716858806,98.07728028,0,-65.85872288,181.9059434,-87.21263659
0.04955054742,0.1044187146,0.3335194791,-4.997943009,1,24.83570501,5.009058751,120.7553103,0,-32.45634953,133.4153456,-86.18223556
0.04955054742,0.1082860744,0.1999066256,-4.760239139,1,1035.056014,4.764434838,-484.6974914,0,-1159.19793,-562.0772781,-87.59527211
0.04955054742,0.1121534342,-0.146581976,-4.698687533,1,121.9015925,4.70097339,380.218097,0,-162.1036637,-297.0213993,-91.7868406
0.04955054742,0.116020794,0.04443075184,-2.141110338,1,152.9245855,2.141571285,384.5054767,0,-106.9270153,-311.8856963,-88.81121061
0.04955054742,0.1198881537,NaN,NaN,0,6.428639995,2.005736655,46.1006836,0,-13.2154789,-24.03400176,-89.1056443
0.05341790721,0.01546943919,NaN,NaN,0,-22.48610797,0.7343506025,-33.27829463,0,44.20821765,-15.14307934,-97.81103325
0.05341790721,0.01933679899,NaN,NaN,0,-16.11795781,0.7647919943,-29.48287139,0,43.6028601,-5.050230245,-94.33427255
0.05341790721,0.02320415879,NaN,NaN,0,-9.313690943,0.8220525104,-26.23264422,0,43.17345525,8.654325686,-89.54757626
0.05341790721,0.02707151859,NaN,NaN,0,-7.599080313,0.9005011172,-22.99879583,0,39.30770126,18.6958191,-85.34067423
0.05341790721,0.03093887839,NaN,NaN,0,-9.131272374,0.9917164686,-22.63874779,0,35.23768115,23.58467373,-82.51895202
0.05341790721,0.03480623819,NaN,NaN,0,-12.90276203,1.090279922,-25.28250059,0,34.67968099,26.35214847,-80.81084877
0.05341790721,0.03867359798,NaN,NaN,0,-16.28433611,1.202047852,-31.8235189,0,37.64808489,30.19521997,-79.77701462
0.05341790721,0.04254095778,NaN,NaN,0,-17.07214072,1.34094269,-36.95833076,0,38.33375634,39.83254611,-78.96217913
0.05341790721,0.04640831758,NaN,NaN,0,-15.67337758,1.509168358,-40.85887566,0,32.14290678,47.43801568,-78.70582602
0.05341790721,0.05027567738,NaN,NaN,0,-22.93112978,1.688298589,-53.43409866,0,36.24875984,52.3092405,-79.05932679
0.05341790721,0.05414303718,NaN,NaN,0,-21.07748045,1.92051122,-74.49920079,0,37.44639575,68.46642952,-79.58846577
0.05341790721,0.05801039698,NaN,NaN,0,19.74379,2.243571401,-70.99650362,0,-6.743968024,74.35349995,-80.15195671
0.05341790721,0.06187775677,0.3973442929,-2.451010976,1,20.51212444,2.483009724,-26.00632238,0,-7.662738724,113.3195878,-80.79163722
0.05341790721,0.06574511657,0.4334240414,-2.749335417,1,21.85136915,2.783289715,23.37014581,0,27.48994266,148.1847611,-81.04123185
0.05341790721,0.06961247637,0.5881648986,-2.933714001,1,86.01133345,2.992092209,40.86875618,0,83.82489825,194.1933836,-78.66336449
0.05341790721,0.07347983617,1.090241856,-3.342296917,1,170.4690729,3.515618863,120.0754793,0,124.4633649,208.5001199,-71.93391244
0.05341790721,0.07734719597,1.728774752,-3.275683901,1,46.14206208,3.703885415,161.4849464,0,88.39299697,204.5390224,-62.17670282
0.05341790721,0.08121455577,1.610537335,-3.50880252,1,-90.17848419,3.860767493,133.540155,0,6.672637528,269.1173336,-65.34491783
0.05341790721,0.08508191556,1.405827597,-3.800009632,1,-156.3555669,4.051718701,113.3070125,0,-117.2121481,348.9825961,-69.69786003
0.05341790721,0.08894927536,0.5525525517,-4.420244798,1,35.14041985,4.454646832,146.5371397,0,50.80298313,323.2874728,-82.87470348
0.05341790721,0.09281663516,1.738201659,-4.483566764,1,80.92668568,4.808712503,292.6290139,0,190.3447983,291.6982843,-68.80954541
0.05341790721,0.09668399496,1.601656983,-4.416645331,1,-137.9970129,4.698091216,209.8112624,0,-18.70352489,241.9912551,-70.06727577
0.05341790721,0.1005513548,1.132184299,-4.608018374,1,-118.7745653,4.745068453,204.7733699,0,-40.52693526,294.6887269,-76.19593769
0.05341790721,0.1044187146,0.9855807641,-4.764380368,1,-124.0585839,4.865253306,195.9542403,0,38.72527058,226.8154474,-78.31239648
0.05341790721,0.1082860744,0.8021696736,-4.727369766,1,-117.7776079,4.794945369,139.8889873,0,-56.69816918,197.4712181,-80.36942691
0.05341790721,0.1121534342,0.310820158,-4.987071573,1,-99.74069189,4.996748147,378.8365092,0,-100.7447324,-190.5997921,-86.43364293
0.05341790721,0.116020794,0.02682040335,-2.525154707,1,89.03833295,2.525297136,397.5809525,0,-151.9765856,-381.0905446,-89.39146773
0.05341790721,0.1198881537,NaN,NaN,0,-68.25630245,1.976818592,156.6680022,0,89.24989434,-127.4979439,-88.04566757
0.05728526701,0.01546943919,NaN,NaN,0,-24.49637071,0.6193445896,-53.75782786,0,65.20501495,-25.87892307,-110.2569447
0.05728526701,0.01933679899,NaN,NaN,0,-12.04999975,0.649289431,-40.80487797,0,60.08092246,-6.813294738,-102.0653061
0.05728526701,0.02320415879,NaN,NaN,0,-3.209643961,0.7130725487,-29.59617309,0,56.44747341,13.52115686,-92.30534083
0.05728526701,0.02707151859,NaN,NaN,0,-3.81198918,0.80476197,-20.00335714,0,46.50826676,26.88977334,-84.99774542
0.05728526701,0.03093887839,NaN,NaN,0,-7.939587831,0.904201187,-17.77285873,0,36.09594774,27.67152158,-81.32125882
0.05728526701,0.03480623819,NaN,NaN,0,-16.85877285,0.9937127702,-19.1476851,0,35.39041955,25.21879909,-79.61888908
0.05728526701,0.03867359798,NaN,NaN,0,-24.5428755,1.085563415,-32.85422498,0,46.65338952,23.05876278,-78.94774112
0.05728526701,0.04254095778,NaN,NaN,0,-25.38644925,1.222650925,-37.96914644,0,53.09676098,43.51286052,-77.50282394
0.05728526701,0.04640831758,NaN,NaN,0,-12.27637915,1.416090992,-30.33876887,0,25.92627795,53.10090953,-77.13609348
0.05728526701,0.05027567738,0.3173603312,-1.516373515,1,-11.54915607,1.54922762,-29.36283244,0,15.45923831,61.13878914,-78.17924187
0.05728526701,0.05414303718,0.3303945584,-1.730551759,1,-32.77526407,1.761808717,-36.86745015,0,54.59529589,166.3509629,-79.19124213
0.05728526701,0.05801039698,0.4017462451,-2.302292237,1,36.30671445,2.337081425,31.59903034,0,75.18126926,240.8118197,-80.10164404
0.05728526701,0.06187775677,0.7615587046,-2.53965289,1,96.26952685,2.651378597,76.20785095,0,94.56924426,163.7875401,-73.3077345
0.05728526701,0.06574511657,1.139788436,-2.640994405,1,74.54832941,2.876450787,102.1164202,0,110.2068501,186.7882949,-66.65615636
0.05728526701,0.06961247637,1.476073458,-2.867109494,1,71.31333856,3.224765062,122.0605449,0,134.1965517,270.1206943,-62.75923982
0.05728526701,0.07347983617,1.934569124,-3.213596275,1,39.15201005,3.750967704,102.3235869,0,136.4689643,220.2705737,-58.95226652
0.05728526701,0.07734719597,2.155262954,-3.323252929,1,31.05035139,3.960955495,97.92394545,0,71.09512893,129.4635755,-57.03497184
0.05728526701,0.08121455577,2.329602448,-3.335571372,1,16.4154999,4.068548138,120.2344014,0,92.00553935,234.4716268,-55.06909681
0.05728526701,0.08508191556,2.574566123,-3.765049382,1,16.78394679,4.561138846,138.4962522,0,42.89754229,364.1971297,-55.63541663
0.05728526701,0.08894927536,2.56041224,-4.208437873,1,-62.64146976,4.926120194,267.6398411,0,46.30020229,405.5700755,-58.68368237
0.05728526701,0.09281663516,2.511368562,-4.298475226,1,-80.70525261,4.978339213,110.7026267,0,24.03411045,111.7262439,-59.70454663
0.05728526701,0.09668399496,2.341244543,-4.212396568,1,-92.4715948,4.819306056,92.79375798,0,1.869595949,121.286391,-60.93475143
0.05728526701,0.1005513548,2.160978034,-4.408666489,1,-83.00419964,4.909803079,150.9665935,0,-13.37229206,191.3048902,-63.8874809
0.05728526701,0.1044187146,1.968521974,-4.368399275,1,-137.9629297,4.791449779,152.1773107,0,-31.75960613,182.0055374,-65.74235076
0.05728526701,0.1082860744,1.504599922,-4.524022974,1,-291.5620788,4.767662403,153.616952,75.64409668,-67.11280787,240.0250603,-71.60390237
0.05728526701,0.1121534342,0.5813971362,-4.702570519,1,-235.3222236,4.738374417,536.6112265,0,-125.7496451,161.4660875,-82.95206411
0.05728526701,0.116020794,0.1082050924,-3.073201745,1,151.0352543,3.075106064,578.3058202,0,-264.1043428,-276.5955902,-87.98349226
0.05728526701,0.1198881537,NaN,NaN,0,-357.3025829,1.403776699,458.0650006,0,375.8750449,-409.1119154,-84.10736449
0.06115262681,0.01546943919,NaN,NaN,0,-22.25982151,0.557825228,-98.07342415,0,108.0190876,-44.79728196,-136.9727981
0.06115262681,0.01933679899,NaN,NaN,0,5.801134541,0.5407943927,-57.35236573,0,85.24550244,-2.875456299,-116.577526
0.06115262681,0.02320415879,NaN,NaN,0,12.33710403,0.593926772,-31.34381303,0,76.02724918,25.35382315,-95.37900537
0.06115262681,0.02707151859,NaN,NaN,0,3.500355383,0.7099654309,-9.645600914,0,54.18194464,47.67059582,-81.92071826
0.06115262681,0.03093887839,NaN,NaN,0,-1.95631692,0.8300298041,-9.301644901,0,27.24742349,34.99284016,-78.36471015
0.06115262681,0.03480623819,NaN,NaN,0,-22.04986603,0.8962729141,-0.6811560859,0,24.13265995,23.79276352,-77.26405794
0.06115262681,0.03867359798,0.1754563427,-0.9076231529,1,-17.41631792,0.9244266958,-10.10510521,0,38.2526668,25.67961583,-79.0588775
0.06115262681,0.04254095778,0.2781723005,-1.012613802,1,-12.98096067,1.050126917,-28.30988731,0,66.80017916,81.47459748,-74.63934671
0.06115262681,0.04640831758,0.3835946246,-1.332199256,1,-30.92358767,1.386325969,41.01707303,0,73.62535949,180.7887802,-73.93672746
0.06115262681,0.05027567738,0.4433154162,-1.553161283,1,53.91136845,1.615189936,154.9982781,0,66.12763374,211.5737144,-74.06978057
0.06115262681,0.05414303718,0.8478286359,-1.550996824,1,137.3710507,1.767598524,94.27777221,0,119.6327579,225.3772421,-61.3374544
0.06115262681,0.05801039698,1.437241614,-2.060170103,1,-6.411603763,2.511964233,-13.82758375,0,129.923304,220.5932624,-55.09911996
0.06115262681,0.06187775677,1.32549282,-2.45758658,1,-56.07489774,2.792250529,-5.507152416,0,85.41814859,137.034792,-61.65991317
0.06115262681,0.06574511657,1.550722522,-2.611431088,1,63.35554747,3.037155358,69.57064389,0,138.1716125,129.8017635,-59.29727145
0.06115262681,0.06961247637,2.104870857,-2.690521991,1,39.28309173,3.416048873,64.24648779,0,164.2425853,155.9126816,-51.96293049
0.06115262681,0.07347983617,2.337829544,-2.965937241,1,-27.47082733,3.776536865,51.2276626,0,157.6095468,162.4907388,-51.75389419
0.06115262681,0.07734719597,2.608164109,-3.120816339,1,16.30936908,4.067187559,130.277926,0,150.3375576,195.0589167,-50.11343756
0.06115262681,0.08121455577,2.982313169,-3.21646864,1,52.01326743,4.386326749,77.1241221,0,139.7867468,226.6324828,-47.16328707
0.06115262681,0.08508191556,3.349923773,-3.699018962,1,-35.84096974,4.990463963,24.14654359,0,80.77714315,226.4704946,-47.83522696
0.06115262681,0.08894927536,3.156097519,-3.998928155,1,-182.5879172,5.094347646,75.59617418,52.57150497,-11.73319108,173.7207397,-51.718232
0.06115262681,0.09281663516,2.598414131,-4.078501962,1,-188.6944085,4.835900563,92.63793072,52.12703023,0.8361248408,106.3076824,-57.49878269
0.06115262681,0.09668399496,2.429581945,-4.051794003,1,-79.58002664,4.724394466,55.73746846,11.8695918,42.72210194,123.0249166,-59.05178488
0.06115262681,0.1005513548,2.455871275,-4.338726734,1,-63.90038025,4.985564501,70.9177204,0,24.70157879,148.9709445,-60.48861928
0.06115262681,0.1044187146,2.277986076,-4.353653904,1,-59.46236309,4.913605894,210.4547408,0,25.49957838,86.49858456,-62.37984083
0.06115262681,0.1082860744,2.324524967,-3.859343679,1,11.5909814,4.505324622,155.2463594,0,177.8277074,209.4593354,-58.93898403
0.06115262681,0.1121534342,3.010536298,-4.563314988,1,-241.8940966,5.466916177,305.2631159,0,-50.52310997,375.4156827,-56.58613662
0.06115262681,0.116020794,1.193642418,-4.130648895,1,-271.8029359,4.299656093,1186.995386,0,-440.2595455,-215.2811602,-73.88217977
0.06115262681,0.1198881537,0.2567344839,0.8597929541,1,-171.6655815,0.8973051427,1404.871975,0,-312.8551161,-1175.928421,73.37435617
0.06501998661,0.01546943919,NaN,NaN,0,-7.848280736,0.7708443431,-209.1477663,0,213.8426931,-79.59977905,-174.2520227
0.06501998661,0.01933679899,NaN,NaN,0,66.61707193,0.4932424193,-72.50638332,0,118.294567,28.07396391,-138.3642479
0.06501998661,0.02320415879,NaN,NaN,0,43.25657016,0.4690571576,-28.78111239,0,108.2340762,43.09899621,-96.34634224
0.06501998661,0.02707151859,0.2172275106,-0.6056929063,1,0.6672290626,0.6434684826,-26.74425941,0,73.71023366,54.63527582,-70.26998427
0.06501998661,0.03093887839,0.2357956682,-0.7809066594,1,-19.0449901,0.8157296168,-15.31928164,0,32.28796253,34.62416195,-73.19824856
0.06501998661,0.03480623819,0.2684428498,-0.7988421723,1,-20.89578969,0.8427398055,7.292615141,0,29.31075176,25.19385501,-71.42559693
0.06501998661,0.03867359798,0.2683393542,-0.8501371948,1,3.281897744,0.8914814967,60.33454618,0,48.88171901,82.64892009,-72.48209392
0.06501998661,0.04254095778,0.4701783242,-0.8851398849,1,89.01496772,1.002267565,195.6931941,0,144.9266867,228.2952386,-62.0231629
0.06501998661,0.04640831758,1.173075903,-0.9762210311,1,102.2012431,1.526143695,221.0005826,0,224.8559381,372.0051355,-39.76685978
0.06501998661,0.05027567738,1.735026119,-1.469128822,1,3.536003657,2.273467644,188.1854708,0,98.22323961,400.9743324,-40.25617041
0.06501998661,0.05414303718,1.56661551,-1.79915212,1,-67.17073426,2.385630421,165.2553595,0,-70.81554786,244.3551301,-48.9522123
0.06501998661,0.05801039698,1.201383518,-1.775036095,1,-93.23030633,2.143379457,58.67389775,22.36395263,16.59091529,108.655348,-55.90899284
0.06501998661,0.06187775677,1.27022341,-1.992448371,1,-2.673978493,2.362904573,32.5883694,0,186.1194784,181.6869013,-57.48172113
0.06501998661,0.06574511657,1.91083327,-2.351653763,1,34.60440985,3.030108778,105.3407299,0,238.7822995,206.5461573,-50.9044595
0.06501998661,0.06961247637,2.327508179,-2.383846172,1,16.2921507,3.331668786,121.1558129,0,203.5637336,158.9516533,-45.68510563
0.06501998661,0.07347983617,2.761095078,-2.497823877,1,25.76933404,3.723274117,74.89603708,0,255.0293136,183.7743289,-42.13406
0.06501998661,0.07734719597,3.413457581,-2.804917701,1,-3.143849424,4.418060204,64.28108615,0,195.3275333,193.1276109,-39.41074309
0.06501998661,0.08121455577,3.504338531,-2.996119747,1,-67.98521956,4.610544662,9.410831127,0,101.6864543,141.0581321,-40.5295953
0.06501998661,0.08508191556,3.543792381,-3.314045181,1,-98.6293788,4.85194393,-26.00471177,0,103.8711768,116.614919,-43.08122846
0.06501998661,0.08894927536,3.52461045,-3.547681174,1,-136.3442675,5.000891974,59.62560364,32.28399507,68.33157491,124.6434175,-45.18690553
0.06501998661,0.09281663516,3.280762828,-3.56549246,1,-166.4574164,4.845218387,134.2133353,28.63694311,39.23174545,183.78955,-47.38150778
0.06501998661,0.09668399496,3.032583005,-3.739410233,1,-128.2362709,4.814535135,134.7380686,0,58.57732385,264.1592759,-50.95867492
0.06501998661,0.1005513548,3.011366616,-4.066010835,1,-93.85939158,5.059720645,121.6261148,0,115.6738402,199.3045985,-53.47563301
0.06501998661,0.1044187146,3.116947326,-4.039820878,1,-88.56492216,5.102500697,224.2883261,0,63.6594162,176.4817858,-52.34780875
0.06501998661,0.1082860744,2.915048064,-3.881125742,1,-14.41099029,4.853930597,190.4374625,0,39.46157689,170.4365256,-53.09040544
0.06501998661,0.1121534342,3.213826958,-3.962470059,1,-32.00108975,5.10194597,81.48616578,0,277.9377523,41.0343625,-50.95564713
0.06501998661,0.116020794,3.866173626,-3.724684064,1,-395.086236,5.36847929,616.4166611,0,-169.7180972,94.07577187,-43.93216071
0.06501998661,0.1198881537,1.029525385,-1.942389903,1,-231.1862413,2.198363267,684.8319752,0,-1235.782641,-236.879091,-62.07505766
0.06888734641,0.01546943919,-1.524477531,0.4767292245,1,297.0467516,1.597279718,-406.1954645,0,277.3427664,-12.89236472,162.634677
0.06888734641,0.01933679899,-0.4137920661,-0.2837930739,1,200.6559948,0.5017592877,-163.1219542,0,193.4560714,48.06842305,-145.5563073
0.06888734641,0.02320415879,-0.0003043706504,-0.3400199503,1,49.56244754,0.3400200865,-3.834186937,0,111.1253415,31.49793973,-90.05128861
0.06888734641,0.02707151859,0.2076454293,-0.4204351201,1,-19.48071918,0.4689161061,-8.209149356,0,82.15001569,62.75160083,-63.71605298
0.06888734641,0.03093887839,0.2420603473,-0.6144507028,1,-29.92884915,0.6604111431,29.56739379,0,59.81540946,96.698342,-68.498242
0.06888734641,0.03480623819,0.3232275112,-0.6800546505,1,19.24281219,0.7529610558,87.13420128,0,106.5185677,117.3412522,-64.57842841
0.06888734641,0.03867359798,0.728424852,-0.7312722374,1,186.2419712,1.032163674,160.4786873,0,226.0963403,190.5582308,-45.11176494
0.06888734641,0.04254095778,1.91788812,-0.7963830679,1,231.3072921,2.076660982,248.432265,0,272.5341783,281.161876,-22.55015946
0.06888734641,0.04640831758,2.676961099,-0.8578494193,1,56.74923133,2.811054313,227.938118,0,151.123911,328.9343081,-17.76839126
0.06888734641,0.05027567738,2.721808354,-1.186971674,1,-110.0553656,2.969367352,104.8247529,0,46.69913931,287.6996979,-23.56185761
0.06888734641,0.05414303718,2.431939777,-1.565092629,1,-160.8661218,2.892031469,97.79559696,40.48236236,-3.960627036,213.7610812,-32.76360314
0.06888734641,0.05801039698,2.084364012,-1.635451925,1,-78.19614175,2.649391691,177.6069198,0,6.372622994,219.5894954,-38.11875029
0.06888734641,0.06187775677,2.154172388,-1.727454355,1,20.06788885,2.761260079,184.8770098,0,153.8330034,233.0622862,-38.72650671
0.06888734641,0.06574511657,2.756901331,-1.821801726,1,30.05397594,3.304461602,138.0130574,0,237.3053796,199.766051,-33.45732581
0.06888734641,0.06961247637,3.188147211,-1.9662754,1,-16.91928116,3.745733785,106.8080713,0,167.228437,173.3921753,-31.66402278
0.06888734641,0.07347983617,3.338200918,-2.079306413,1,-61.65505409,3.93282348,66.84860776,0,169.0950045,166.9118841,-31.91804964
0.06888734641,0.07734719597,3.603656156,-2.353256092,1,-112.2570337,4.303969322,17.72388599,0,170.7025577,142.0931825,-33.14530153
0.06888734641,0.08121455577,3.564230788,-2.56028723,1,-113.7535982,4.388486278,-12.9836417,0,138.7551226,132.4955461,-35.69075029
0.06888734641,0.08508191556,3.700346046,-2.915876454,1,-64.39774174,4.711145971,-67.37355648,0,143.1339731,99.94622603,-38.23814595
0.06888734641,0.08894927536,3.868732124,-3.20737303,1,-78.10947587,5.025368643,-5.055293277,0,111.1810456,89.88066601,-39.66043526
0.06888734641,0.09281663516,3.828245706,-3.283027967,1,-73.43763887,5.043187267,68.57266397,0,100.2076785,100.1046632,-40.61573881
0.06888734641,0.09668399496,3.972261499,-3.329318617,1,-145.5979614,5.182974423,82.00111862,14.19837516,111.6678648,145.4444969,-39.9677819
0.06888734641,0.1005513548,3.697025814,-3.528386337,1,-193.1628172,5.110529328,169.9241801,0,155.8367832,282.5666606,-43.66297228
0.06888734641,0.1044187146,3.827908295,-3.764947617,1,-157.2716431,5.369144483,216.7194767,0,163.2521331,248.423985,-44.52490888
0.06888734641,0.1082860744,3.720154521,-3.650999078,1,-225.202256,5.212422079,290.7475239,0,136.3713612,187.2459962,-44.46247237
0.06888734641,0.1121534342,3.484367264,-3.36466997,1,-228.4830724,4.843740212,138.8827708,0,285.6843106,37.53976598,-43.99877144
0.06888734641,0.116020794,3.94137229,-3.259069215,1,-322.8250044,5.11428858,-23.27884342,100.0763877,-63.80512115,-111.0201483,-39.58690068
0.06888734641,0.1198881537,1.98912946,-3.025342775,1,-460.2252493,3.620681554,342.5843665,0,-549.3745459,221.7130472,-56.67552207
0.07275470621,0.01546943919,-2.387732002,-0.1534047254,1,503.5656971,2.392654828,-99.026933,0,310.4973115,5.512930752,-176.3239678
0.07275470621,0.01933679899,-0.8135947261,-0.3555513586,1,299.9420806,0.8878925312,-37.04109198,0,331.7211403,-17.72762393,-156.3940534
0.07275470621,0.02320415879,0.05513694441,-0.2280968553,1,128.8967758,0.2346662695,33.68369728,0,192.1898532,-3.266852442,-76.41079593
0.07275470621,0.02707151859,0.4281627947,-0.212650288,1,53.85988377,0.4780622593,32.22365503,0,119.119562,85.42182561,-26.41164018
0.07275470621,0.03093887839,0.7241106987,-0.4338333215,1,18.38741588,0.8441253786,83.7516241,0,144.7885586,148.0500471,-30.92690827
0.07275470621,0.03480623819,1.059222999,-0.4613154241,1,63.24760759,1.155320424,157.8696364,0,169.9385368,225.6607658,-23.53420788
0.07275470621,0.03867359798,1.625925419,-0.6960060099,1,147.1873574,1.768631627,174.0951012,0,230.0949469,242.4583444,-23.17419875
0.07275470621,0.04254095778,2.518309415,-0.7257006827,1,181.8019663,2.620786865,111.4676382,0,257.9751961,89.54937213,-16.07538302
0.07275470621,0.04640831758,3.326701937,-0.611240189,1,24.71578582,3.382389739,-41.85547148,0,165.2717051,-6.378537275,-10.41126509
0.07275470621,0.05027567738,3.253059399,-0.8629027519,1,-167.6259494,3.365560372,-156.7180988,17.24787134,24.0694447,-6.460052368,-14.8560833
0.07275470621,0.05414303718,2.771517282,-1.192342117,1,-119.5166101,3.017115803,-67.22016784,31.02926336,-13.7977076,84.06534288,-23.27799233
0.07275470621,0.05801039698,2.737484967,-1.447978254,1,-25.19091982,3.096847585,12.38452068,0,54.93414666,85.50635107,-27.87636608
0.07275470621,0.06187775677,2.886545042,-1.475130545,1,-14.86959351,3.241628048,-15.88202274,0,138.8977866,10.53387028,-27.06870121
0.07275470621,0.06574511657,3.217146614,-1.550138017,1,-7.476484996,3.571128702,-33.1220506,0,143.1241449,17.7007732,-25.72645508
0.07275470621,0.06961247637,3.411143348,-1.67168069,1,-13.69601898,3.798738642,-1.566012902,0,129.5332867,12.73117252,-26.10783983
0.07275470621,0.07347983617,3.665131007,-1.605430377,1,-25.44304209,4.00132378,12.7901705,0,185.8585116,22.85658909,-23.65476968
0.07275470621,0.07734719597,4.031527686,-1.710611153,1,-109.0411391,4.379429872,-11.36849265,0,186.9762355,95.71936992,-22.99192137
0.07275470621,0.08121455577,3.966534065,-2.019577672,1,-173.3541919,4.451077,-37.55053092,47.32312625,79.81102774,169.5246467,-26.98311276
0.07275470621,0.08508191556,3.669762614,-2.51144537,1,-145.9054016,4.446854561,-107.6967913,0,116.460668,98.14103869,-34.38624815
0.07275470621,0.08894927536,3.852660686,-2.81562662,1,-124.8335366,4.771870454,-71.53854171,0,192.9255017,27.36566967,-36.16032531
0.07275470621,0.09281663516,3.933098742,-2.893943541,1,-139.1441848,4.883049757,60.40898813,0,154.5387566,42.00989812,-36.34534638
0.07275470621,0.09668399496,3.912197034,-2.744470719,1,-73.95525017,4.778849774,181.8772642,0,288.1098166,135.9441885,-35.05029296
0.07275470621,0.1005513548,4.761311503,-2.71630381,1,-43.2164136,5.481641508,226.1458435,0,302.7287084,240.5663772,-29.70453667
0.07275470621,0.1044187146,4.915824451,-2.800240112,1,-250.4753531,5.657444185,282.3609775,0,251.0725265,221.9804203,-29.66748031
0.07275470621,0.1082860744,4.763620987,-2.482790471,1,-404.0569505,5.37180914,273.3453547,83.19611616,140.3866121,59.70081102,-27.52844262
0.07275470621,0.1121534342,3.896116384,-1.973999792,1,-431.5445167,4.36765361,141.42717,127.6219631,65.18866749,203.5291007,-26.86943267
0.07275470621,0.116020794,3.346791104,-2.722960981,1,-495.9540532,4.314571497,356.4001368,41.55414772,319.024597,437.3759272,-39.13192288
0.07275470621,0.1198881537,3.211866518,-2.287162309,2,-282.1057377,3.942993527,411.4107608,0,212.3296664,186.0380543,-35.45457523
0.07662206601,0.01546943919,-1.886129824,-0.2699356882,1,300.5595515,1.905347997,336.9885837,0,351.3205393,280.5967929,-171.8553535
0.07662206601,0.01933679899,-0.6256023962,-0.1608920158,1,209.7924256,0.6459602147,130.261694,0,308.2504877,85.09060842,-165.5772658
0.07662206601,0.02320415879,0.1173285123,-0.09524284756,1,147.238643,0.1511197532,49.90756732,0,185.8633426,51.75907554,-39.06838544
0.07662206601,0.02707151859,0.6626228316,-0.1680524643,1,111.5987538,0.6836012344,78.66763265,0,152.455369,86.52031743,-14.23112921
0.07662206601,0.03093887839,1.138520811,-0.125612005,1,96.6604049,1.145429183,97.40732693,0,199.111077,123.1070242,-6.295929851
0.07662206601,0.03480623819,1.80647757,-0.2674424402,1,102.1836512,1.826167208,148.0758299,0,208.3295031,221.7764342,-8.421262516
0.07662206601,0.03867359798,2.339386901,-0.4106387591,1,31.79539018,2.375153735,231.017809,0,198.0295294,291.615052,-9.955854015
0.07662206601,0.04254095778,2.695293225,-0.5017937816,1,-54.40388791,2.741605837,314.4138499,0,93.4579039,289.4951311,-10.54624909
0.07662206601,0.04640831758,2.490422833,-0.3142691075,1,-129.8747066,2.510173492,35.3977961,38.7263628,-26.44731256,20.87182194,-7.192199529
0.07662206601,0.05027567738,2.090739732,-0.4456166131,1,-91.81176555,2.137701287,-191.2008614,0,93.5347231,26.5111003,-12.03188396
0.07662206601,0.05414303718,2.497086129,-1.156239596,1,6.794030892,2.751786536,-69.57816203,0,89.44824326,157.9576498,-24.84581286
0.07662206601,0.05801039698,2.462943234,-1.325579464,1,-89.15386676,2.797007381,46.73747155,24.02511456,-4.862979504,40.67156965,-28.28956003
0.07662206601,0.06187775677,2.133489158,-1.132780571,1,-61.31662129,2.415567802,-115.8028651,0,121.9053644,-138.0931521,-27.96616167
0.07662206601,0.06574511657,2.697261703,-1.239374904,1,32.77423236,2.968378488,-54.92087564,0,251.0984352,17.37019239,-24.67848556
0.07662206601,0.06961247637,3.2313269,-1.412356141,1,30.27640306,3.526503,-10.89877418,0,171.1007898,-5.015594004,-23.60929226
0.07662206601,0.07347983617,3.476059763,-1.262127279,1,15.23889611,3.698101776,-20.09651747,0,165.3867719,-72.82131005,-19.95552234
0.07662206601,0.07734719597,3.929871347,-1.208450398,1,-43.84089688,4.111476763,-100.3905095,0,198.613777,-17.88487905,-17.0928622
0.07662206601,0.08121455577,4.074622178,-1.581206237,1,-199.2109391,4.370670321,-118.5415594,29.49755294,130.3058337,60.58893338,-21.20934311
0.07662206601,0.08508191556,3.663390512,-1.901212464,1,-247.023465,4.127352527,-207.9390343,0,149.6127085,-105.2130704,-27.42823802
0.07662206601,0.08894927536,3.697899734,-1.9784845,1,-183.6129469,4.193907887,71.05442883,0,328.6591556,134.6735164,-28.1480839
0.07662206601,0.09281663516,4.224336389,-2.147250366,1,-30.52902154,4.738744777,162.2916395,0,419.2933859,149.5176103,-26.94444823
0.07662206601,0.09668399496,5.201391408,-1.929082733,1,-55.13930006,5.547597027,198.3143227,0,385.5025379,209.4955203,-20.34871975
0.07662206601,0.1005513548,5.501969894,-2.19049208,1,-115.0634681,5.921986851,126.8934593,0,264.2573791,100.0531269,-21.70892055
0.07662206601,0.1044187146,5.778377942,-1.825281511,1,-299.9468,6.059810577,164.9387888,57.68189677,172.2612349,-1.855143486,-17.53035219
0.07662206601,0.1082860744,5.008163873,-1.545439932,1,-368.0066409,5.241191655,96.15054373,106.0431694,119.790619,-2.536288532,-17.14939608
0.07662206601,0.1121534342,4.818437278,-1.443624023,1,69.09730849,5.03004852,283.4600609,0,448.8338281,-88.41803155,-16.67843652
0.07662206601,0.116020794,7.011189929,-0.107253547,1,-337.8133271,7.012010235,134.1455864,74.12194363,203.675746,48.70206163,-0.8764127573
0.07662206601,0.1198881537,4.299678989,-1.11318317,2,-874.6342319,4.441443029,-329.39077,0,-527.620061,190.824403,-14.51511933
0.0804894258,0.01546943919,0.0006928552368,0.04290627824,1,-46.35222502,0.04291187203,369.2304876,0,55.94908526,378.3762027,89.07486194
0.0804894258,0.01933679899,0.01925011097,0.02522139279,1,32.73982769,0.03172830639,122.6790228,0,83.00465948,154.1287791,52.64748422
0.0804894258,0.02320415879,0.4483184318,-0.07872124476,1,131.3176586,0.4551773838,42.74505495,0,139.604618,63.39595211,-9.959167609
0.0804894258,0.02707151859,1.067004032,-0.05464305673,1,133.471545,1.068402297,74.34248646,0,158.3556089,63.7146846,-2.93165137
0.0804894258,0.03093887839,1.576919035,-0.03761971108,1,156.4502654,1.577367708,115.8808572,0,211.3900231,114.8900434,-1.366615439
0.0804894258,0.03480623819,2.489574776,-0.05081122362,1,227.5308595,2.49009324,104.9958481,0,307.7737947,109.0035104,-1.169221573
0.0804894258,0.03867359798,3.647134735,-0.05311878299,1,251.3147328,3.647521539,147.0374878,0,360.0242885,173.6847912,-0.8344267834
0.0804894258,0.04254095778,4.85384273,-0.1538659334,1,-81.42193708,4.856280879,283.4524792,0,54.83585654,324.3409582,-1.8156578
0.0804894258,0.04640831758,3.544316796,-0.2112492431,1,-322.9019571,3.550606679,226.7729729,0,-255.709294,224.7652102,-3.410921972
0.0804894258,0.05027567738,2.616144838,-0.1461011929,1,-104.8811504,2.620221245,50.68151275,29.04245404,-6.565484535,221.7127409,-3.196419197
0.0804894258,0.05414303718,3.11331256,-0.8726885392,1,-57.02971191,3.233311056,35.38568052,0,175.8141965,287.7267926,-15.65864551
0.0804894258,0.05801039698,3.075527178,-1.121995065,1,-240.3669377,3.273796016,542.9481366,0,-72.16534046,515.5021937,-20.04267239
0.0804894258,0.06187775677,1.904637792,-0.7665452029,1,-82.93998337,2.053104154,203.0001456,0,82.008452,95.38272306,-21.92293398
0.0804894258,0.06574511657,3.071924612,-0.7057997717,1,76.40219648,3.151963537,-32.02319287,0,297.2271125,61.19722985,-12.93960403
0.0804894258,0.06961247637,3.349596761,-1.127062118,1,-72.17644691,3.534128956,-31.45493114,0,132.6465703,51.01858134,-18.59690028
0.0804894258,0.07347983617,3.305784336,-1.024754518,1,-95.22956785,3.460972681,29.35376248,0,153.2840169,-62.21010605,-17.22282542
0.0804894258,0.07734719597,3.574114203,-0.772951694,1,-104.7854968,3.656739895,-9.540712549,0,217.6857947,-81.82174698,-12.20307597
0.0804894258,0.08121455577,3.742410409,-0.7452177515,1,-360.633761,3.815885895,-100.0069485,107.4590344,72.21388076,-47.1132705,-11.26187015
0.0804894258,0.08508191556,2.458690753,-0.9775105779,1,-141.9725586,2.645881167,-29.04169098,0,376.2083962,-5.959190566,-21.68146322
0.0804894258,0.08894927536,4.648284671,-0.8344860857,1,56.10474001,4.722596469,63.40417911,0,636.9485796,109.1221565,-10.17764335
0.0804894258,0.09281663516,5.1389773,-1.154318446,1,-193.0273791,5.26702371,67.1192097,0,410.5038487,120.3503841,-12.65967301
0.0804894258,0.09668399496,5.489344426,-1.04035019,1,-205.895324,5.587059222,-0.1206894905,0,335.1872267,24.44779496,-10.73151808
0.0804894258,0.1005513548,5.638995607,-1.249333615,1,-294.8002839,5.775734233,0.2484857723,0,309.586381,-16.89717743,-12.49223642
0.0804894258,0.1044187146,5.546527584,-0.9740417411,1,-311.0855771,5.631405291,26.39404699,80.38874768,178.3504195,-142.4629228,-9.960314522
0.0804894258,0.1082860744,5.125660994,-0.5963029582,1,-345.9642034,5.160230406,45.13272435,102.5563887,114.2522491,-76.04030397,-6.635777727
0.0804894258,0.1121534342,4.650414087,-0.5054220427,1,-377.1254005,4.677798908,-384.73336,0,100.0029442,-376.3232425,-6.202744704
0.0804894258,0.116020794,4.053928748,-0.6288279084,1,-285.0971304,4.102409393,-842.4875182,0,-225.4407221,-728.7893791,-8.817205266
0.0804894258,0.1198881537,2.67598052,-0.945133655,1,-469.7606438,2.837983328,-653.3173447,0,-242.8434577,-489.7402466,-19.45278914
0.0843567856,0.01546943919,1.005134235,0.1257002865,1,-118.5151303,1.012963668,90.08628561,0,-171.2025558,137.7674518,7.128300109
0.0843567856,0.01933679899,0.4449129686,0.0335001739,1,-54.06787276,0.4461724009,42.09772448,0,-69.35489722,90.94098969,4.306018541
0.0843567856,0.02320415879,0.5278139759,-0.06319419372,1,78.31483068,0.531583577,19.38283426,0,116.0365241,46.61511041,-6.827418474
0.0843567856,0.02707151859,1.196539585,-0.07181683608,1,171.7001155,1.198692886,51.25299011,0,216.9839008,12.45287665,-3.434797464
0.0843567856,0.03093887839,2.030994915,0.08685980524,1,160.6231506,2.032851438,101.4592698,0,211.0905188,71.80009571,2.448883237
0.0843567856,0.03480623819,2.634090086,0.04288586146,1,176.5887193,2.634439177,68.04243585,0,223.8758134,87.97324215,0.9327554129
0.0843567856,0.03867359798,3.57973535,0.009780206219,1,284.2077017,3.57974871,86.46350241,0,339.4112967,91.04588695,0.1565375901
0.0843567856,0.04254095778,5.04584913,0.0251641317,1,42.39252785,5.045911878,26.32371585,0,127.4773923,42.92188956,0.2857371577
0.0843567856,0.04640831758,4.23668345,-0.05441090352,1,-281.6745014,4.237032829,80.99287867,53.68359345,-210.0467016,104.4090322,-0.7357981276
0.0843567856,0.05027567738,3.144186318,-0.06539455921,1,-93.49597107,3.144866301,197.293496,0,-33.20678135,249.3542124,-1.19149813
0.0843567856,0.05414303718,3.746678319,-0.2557484252,1,303.9476633,3.755396874,112.0660399,0,578.3506875,269.7159204,-3.904954963
0.0843567856,0.05801039698,6.55635149,-0.6750833693,1,-211.5307895,6.591015279,200.6631342,0,92.78433881,262.4927054,-5.878817975
0.0843567856,0.06187775677,3.287443069,-0.494865623,1,-609.5994608,3.324480999,197.7264006,143.07177,-359.0880894,122.8127948,-8.560578037
0.0843567856,0.06574511657,2.810088201,-0.3853655017,1,-129.1744189,2.836388948,-144.0702874,0,134.227868,-111.6538013,-7.808631767
0.0843567856,0.06961247637,3.306986575,-0.6202318383,1,-127.9374328,3.364646748,-30.94282246,0,267.2842451,-52.74831107,-10.62253164
0.0843567856,0.07347983617,3.348992461,-0.3010358316,1,-182.3470002,3.362495067,114.6607987,0,252.0465585,-55.7122682,-5.136426036
0.0843567856,0.07734719597,3.576539844,0.03866211123,1,-182.7944956,3.576748805,76.74492274,0,223.3035003,-25.08350377,0.6193386957
0.0843567856,0.08121455577,3.505655357,0.09277133137,1,-199.000934,3.506882662,24.11553646,20.68073726,186.4574065,7.536365994,1.515883599
0.0843567856,0.08508191556,3.52802951,0.1027797286,1,-111.3222592,3.529526299,253.771687,0,333.5580574,208.501453,1.668687736
0.0843567856,0.08894927536,4.365121149,0.2678476145,1,-50.80552919,4.373331109,-22.79482234,0,418.3222133,-44.52600782,3.511316188
0.0843567856,0.09281663516,4.949348759,0.1868220417,1,-158.9550648,4.952873471,-48.65257795,0,399.520199,-21.66531815,2.161705622
0.0843567856,0.09668399496,5.295473078,0.1634781708,1,-190.4600479,5.297995869,-24.26126142,0,316.7050003,-13.93550094,1.768233965
0.0843567856,0.1005513548,5.437583413,0.1468886107,1,-294.0958143,5.439567045,-42.45952977,0,302.893744,-17.65330815,1.547387973
0.0843567856,0.1044187146,5.329497837,0.06754358659,1,-335.8424313,5.329925828,-17.50869842,86.77589831,193.8979783,-40.13241826,0.7261012926
0.0843567856,0.1082860744,4.888633142,0.2343826753,1,-634.0470242,4.894248587,12.96103988,183.4483661,-259.1567243,-73.4181405,2.744910931
0.0843567856,0.1121534342,1.875157569,0.4016029562,1,-625.3643235,1.917681111,-627.4778306,0,-397.0738576,-598.7958789,12.08843149
0.0843567856,0.116020794,0.9344968239,0.1234592482,1,-399.0548726,0.9426168362,-377.6523386,17.12016893,-117.0836973,-212.8847047,7.525937955
0.0843567856,0.1198881537,-0.1209359869,-0.235612767,1,-429.9924638,0.2648374764,-434.850865,0,-115.8232172,-249.1572476,-117.1706508
0.0882241454,0.01546943919,0.8818852392,-0.1608549533,1,-46.36271952,0.8964351015,-33.11810333,0,-133.6704667,-98.77319045,-10.33705465
0.0882241454,0.01933679899,0.5337586858,-0.03389903103,1,-16.365538,0.5348340668,30.30466143,0,-29.74576757,-28.65470129,-3.633976105
0.0882241454,0.02320415879,0.7035562298,0.06716211584,1,79.51923706,0.706754638,55.6312152,0,122.0701921,15.71130261,5.452983188
0.0882241454,0.02707151859,1.31337754,0.1204856341,1,179.0835661,1.318892471,34.80945522,0,220.0050087,11.43597856,5.241486052
0.0882241454,0.03093887839,2.24697534,0.1575557598,1,218.3623258,2.252492396,58.00515748,0,241.7877739,55.01103497,4.01096027
0.0882241454,0.03480623819,3.092943537,0.1320649831,1,243.0877398,3.095761761,64.46164748,0,296.4669383,63.73308291,2.444975973
0.0882241454,0.03867359798,4.333627411,0.1603733811,1,233.0312666,4.336593843,71.84514105,0,291.537682,60.6946741,2.119362329
0.0882241454,0.04254095778,5.1216404,0.1751878507,1,-38.57179321,5.124635711,-20.85702056,8.131753047,19.87823421,3.607253692,1.959062285
0.0882241454,0.04640831758,4.261332692,0.06576123037,1,-130.2581816,4.261840079,145.9203192,0,-70.95096662,168.7082312,0.8841229183
0.0882241454,0.05027567738,4.34349223,0.08705879571,1,-2.087029842,4.344364624,536.6914337,0,87.02044431,504.9474374,1.148254327
0.0882241454,0.05414303718,4.589800765,0.1885266854,1,-21.44045223,4.593671013,463.1799685,0,156.733068,471.495142,2.352109664
0.0882241454,0.05801039698,4.866717453,0.05490102795,2,-339.3134429,4.86702711,-176.6277868,91.21701661,-34.46160016,-180.1820769,0.6463214267
0.0882241454,0.06187775677,3.14427819,0.202272404,2,-544.9218992,3.150777596,-89.13933564,161.1937377,-174.8895605,-155.8439168,3.680783587
0.0882241454,0.06574511657,2.082947551,0.3128716436,1,-188.8878937,2.106314119,46.46791626,29.17424025,158.2868737,-5.021967475,8.542319868
0.0882241454,0.06961247637,3.025933035,0.4014023104,1,-7.031346533,3.052440753,23.3647622,0,382.1740892,-65.15299706,7.556400441
0.0882241454,0.07347983617,3.533759513,0.6552016672,1,-87.05320706,3.593987412,45.75154801,0,280.4602086,-56.68863847,10.50404504
0.0882241454,0.07734719597,3.773907498,0.7975753693,1,-106.7600312,3.857266425,14.95326032,0,192.363701,-8.392555861,11.93326021
0.0882241454,0.08121455577,3.864819704,0.7454883382,1,-91.69247615,3.936062018,51.64257711,0,213.8843169,65.75393439,10.91774416
0.0882241454,0.08508191556,4.246467311,0.7430016735,1,-101.5098362,4.310978556,79.17811971,0,236.7729412,18.5912181,9.924542199
0.0882241454,0.08894927536,4.387930799,0.9797996858,1,-71.01708639,4.495992006,-1.926039638,0,231.47937,-69.80300942,12.58732621
0.0882241454,0.09281663516,4.867032695,1.005506338,1,-46.56840205,4.969813905,-43.95882926,0,293.1689394,-28.76496053,11.67281917
0.0882241454,0.09668399496,5.341623803,0.9210395287,1,-117.7491396,5.420448198,-47.07911473,0,257.2461005,-61.02492484,9.78313523
0.0882241454,0.1005513548,5.406517634,1.059439803,1,-197.335243,5.509341669,-24.68309803,11.01901966,192.6769858,-64.40412266,11.08697015
0.0882241454,0.1044187146,5.323608647,1.074655022,1,-268.0271774,5.430993688,-35.29937588,72.57464592,134.9477571,17.94291283,11.41269154
0.0882241454,0.1082860744,4.891851634,0.8535327162,1,-877.5115694,4.965755784,-91.64058777,221.5783618,-522.8329778,88.63632757,9.897362243
0.0882241454,0.1121534342,-0.0920275591,0.3774593275,1,-424.4471613,0.3885159142,-399.1895151,0,-382.7552377,-297.8602731,103.7018474
0.0882241454,0.116020794,1.770109527,0.4616560795,1,-166.8130544,1.829320659,39.41150848,0,198.5407988,67.2308669,14.61749108
0.0882241454,0.1198881537,0.03067504413,0.2698718592,1,-570.5230276,0.2716096072,177.32993,0,-329.0232124,276.5108857,83.51529407
0.0920915052,0.01546943919,0.4950631474,-0.2119501851,1,-39.56685678,0.5385261376,-90.61248234,0,16.93167851,-190.7863514,-23.17710234
0.0920915052,0.01933679899,0.4512939582,-0.01824598802,1,22.23452639,0.4516626537,-19.71976276,0,57.57651522,-100.7351998,-2.315229413
0.0920915052,0.02320415879,0.8037211612,0.1013656593,1,112.2954486,0.8100880828,-9.697211803,0,126.6513798,-36.76660775,7.188215949
0.0920915052,0.02707151859,1.375387316,0.08644110565,1,212.9730518,1.378100988,-9.153043936,0,217.3846392,-28.82765045,3.596226976
0.0920915052,0.03093887839,2.468069194,0.1774544416,1,215.1983249,2.474440467,-35.37334834,0,238.464641,-77.49027842,4.11249579
0.0920915052,0.03480623819,3.129865233,0.2493224279,1,192.1555057,3.139779936,-94.15722138,0,227.8326497,-109.3073824,4.554516094
0.0920915052,0.03867359798,4.092314502,0.2360455652,1,230.3920395,4.099116429,-158.7401557,0,247.7824617,-159.2286001,3.301174901
0.0920915052,0.04254095778,4.979138075,0.251211418,1,161.9653962,4.985471206,-181.3246959,0,189.9932592,-165.5273217,2.888283018
0.0920915052,0.04640831758,5.453465257,0.1749514353,1,266.3210542,5.456270825,-22.23729329,0,300.8463808,-29.47858646,1.837463282
0.0920915052,0.05027567738,7.172578612,0.2792161041,1,209.4837411,7.178011255,63.95198315,0,283.8600667,-2.853605768,2.229300145
0.0920915052,0.05414303718,7.361403266,0.4333126842,1,-331.5977175,7.374145233,-130.3592705,76.96037475,-184.5526666,-188.4537586,3.368701977
0.0920915052,0.05801039698,5.176439367,0.5038883917,1,-752.9860844,5.200906462,-216.352791,149.6420077,-545.4187294,-346.3820382,5.559807073
0.0920915052,0.06187775677,2.340004687,0.9361825676,1,-387.8098426,2.520329291,21.73339345,108.266758,-182.6218951,-95.50313712,21.80522345
0.0920915052,0.06574511657,2.970374597,0.9572842369,1,0.282980774,3.120820142,92.1805264,0,207.9654859,105.4239155,17.86295173
0.0920915052,0.06961247637,3.145376435,0.8849656171,1,-59.93166632,3.267500124,55.5859253,0,146.8954394,13.44178843,15.71418286
0.0920915052,0.07347983617,3.306694797,1.120270778,1,-37.87321059,3.491308794,24.09857611,0,155.9217082,-56.19278722,18.71579862
0.0920915052,0.07734719597,3.601912449,1.195481208,1,-6.923360986,3.795121686,-7.361602926,0,175.7659677,-47.25340676,18.36109816
0.0920915052,0.08121455577,3.959669906,1.274546736,1,-67.02526817,4.159742198,-23.03848295,0,145.690374,-78.77669862,17.84243608
0.0920915052,0.08508191556,3.906138717,1.411040942,1,-137.0437556,4.153186273,-100.4441975,0,170.1539932,-142.6340949,19.86158341
0.0920915052,0.08894927536,4.087719108,1.437710249,1,-27.14620568,4.33318108,-84.11673201,0,224.1697621,-107.3024816,19.37751471
0.0920915052,0.09281663516,4.668099698,1.500708578,1,-32.94392888,4.903394848,-82.73098594,0,237.1340726,-128.2425099,17.82164732
0.0920915052,0.09668399496,4.877395861,1.613719687,1,-110.4808582,5.137419743,-129.0817082,0,220.3623797,-169.030835,18.30714973
0.0920915052,0.1005513548,5.093051077,1.655206225,1,-82.79910172,5.355266279,-105.5572963,0,182.3446079,-108.7307689,18.00380166
0.0920915052,0.1044187146,5.26237415,1.625992648,1,-160.4119106,5.507852012,-101.3196782,21.35544846,104.5504181,-88.60976097,17.17034432
0.0920915052,0.1082860744,4.877014587,1.606052402,1,-1007.423142,5.13465438,-220.1375786,255,-565.4739314,54.76625182,18.22725992
0.0920915052,0.1121534342,-0.8205847596,0.5628406255,1,-753.3680755,0.9950622681,492.625291,173.5284185,-159.42347,510.6319811,145.5537007
0.0920915052,0.116020794,1.346921259,1.536414052,1,-26.12315503,2.043224172,-0.410615314,0,660.875189,-35.45087303,48.76007138
0.0920915052,0.1198881537,1.634229739,0.6983539095,1,-53.40151316,1.777190204,-65.18520333,0,201.9827129,368.2164901,23.13842808
0.095958865,0.01546943919,-0.2063852978,0.05764521078,1,21.85452136,0.2142845339,-121.8321497,0,120.0000347,-145.1741439,164.3944888
0.095958865,0.01933679899,0.06791600591,0.1027811558,1,81.40413602,0.1231931404,-66.55186814,0,107.4195726,-83.36862678,56.5439634
0.095958865,0.02320415879,0.523863922,0.1226816671,1,133.8735396,0.5380373595,-65.74083322,0,150.1901578,-74.73034439,13.18035258
0.095958865,0.02707151859,1.166492529,0.1375468299,1,148.4793753,1.174573945,-55.55708963,0,184.2093923,-87.84095119,6.724972028
0.095958865,0.03093887839,1.810491087,0.2475349754,1,131.6132815,1.827334545,-109.9205978,0,163.0529088,-144.1802769,7.785354408
0.095958865,0.03480623819,2.306072708,0.2700413358,1,157.2680656,2.321829808,-136.5317529,0,177.1814835,-131.3844235,6.678924026
0.095958865,0.03867359798,3.103927828,0.2276284007,1,178.5223879,3.112263268,-154.8454829,0,202.6591469,-158.3466689,4.194311801
0.095958865,0.04254095778,3.780238851,0.2835816815,1,121.782065,3.790860633,-169.8530083,0,125.7772521,-162.5236385,4.290114426
0.095958865,0.04640831758,4.061328778,0.1992830906,1,96.21564617,4.066215095,-212.4109132,0,110.5256007,-235.9714636,2.80916174
0.095958865,0.05027567738,4.579781638,0.3746988071,1,-105.5508272,4.595084226,-332.9540453,0,-76.61290769,-477.2177659,4.677286133
0.095958865,0.05414303718,3.356836073,0.757202804,1,-298.7539262,3.441177779,-388.7758026,0,-189.7866646,-513.6516586,12.71148558
0.095958865,0.05801039698,2.690419397,0.8576386722,1,-180.197971,2.823809594,-467.2512399,0,51.46621348,-528.9484265,17.68098568
0.095958865,0.06187775677,2.858984049,0.9958080233,1,-16.5103022,3.02744503,96.45974235,0,57.0381136,29.64001106,19.20365392
0.095958865,0.06574511657,2.847155026,1.116054615,1,6.396721281,3.058082674,15.54962661,0,105.7997161,-37.57941535,21.40465342
0.095958865,0.06961247637,3.29288804,1.201277144,1,-8.024043948,3.505164536,20.89572987,0,153.4681336,-53.73444304,20.04245457
0.095958865,0.07347983617,3.409639651,1.404676345,1,-37.73973007,3.687649412,32.17440744,0,107.5040082,-46.12800197,22.39029357
0.095958865,0.07734719597,3.562691605,1.504100735,1,-78.21414557,3.867181208,12.38328556,0,94.09684494,-29.88325403,22.88854753
0.095958865,0.08121455577,3.471063764,1.568136261,1,-137.9476524,3.808849562,-20.05121324,36.83000794,71.67621042,-130.448276,24.31221398
0.095958865,0.08508191556,3.306396095,1.931045897,1,-107.7628983,3.828993783,-26.39419389,0,153.4219713,-125.5814211,30.28635719
0.095958865,0.08894927536,3.647643827,1.951728956,1,-34.15556824,4.136973702,-67.19642531,0,226.7226484,-97.9536478,28.14970606
0.095958865,0.09281663516,4.051122279,2.049995143,1,-57.63330377,4.540272217,-105.4349576,0,197.5405116,-169.768359,26.84084342
0.095958865,0.09668399496,4.188715338,2.200529366,1,-71.69099406,4.731560596,-111.6462854,0,207.8733856,-120.6578037,27.71505991
0.095958865,0.1005513548,4.577788585,2.084845927,1,-124.5358496,5.030181992,-125.6541294,0,228.0606964,-99.49424491,24.48577403
0.095958865,0.1044187146,4.589083169,2.099359681,1,-217.9735239,5.046483469,-98.44921545,44.74908461,133.810842,-222.0124278,24.58258868
0.095958865,0.1082860744,4.252301213,2.562709327,1,-302.0786989,4.964830782,-109.1429079,84.0937823,94.92086297,-257.8482694,31.07586159
0.095958865,0.1121534342,3.787929282,2.674456817,1,-706.510575,4.636930829,585.1613795,125.2092553,28.81801449,441.4414881,35.22389598
0.095958865,0.116020794,1.631420249,3.118525857,1,-604.3218869,3.519479443,-66.91857592,189.3612588,-64.176354,299.461162,62.38421205
0.095958865,0.1198881537,1.20260606,1.257534548,1,-81.9045711,1.740015654,-786.9272302,0,-139.8561187,175.4819614,46.27905198
0.0998262248,0.01546943919,-0.5375462584,0.1676138277,1,88.81989063,0.5630722646,-58.40038336,0,122.7165285,-14.31409894,162.6818507
0.0998262248,0.01933679899,-0.1285025368,0.08236506564,1,104.8210551,0.1526332402,-24.79683385,2.560942056,101.5251025,-23.98337585,147.3417278
0.0998262248,0.02320415879,0.2604685761,0.1644678929,1,116.8431744,0.3080479945,-20.03608652,0,128.6261081,-56.8200629,32.2695779
0.0998262248,0.02707151859,0.820815498,0.2246219371,1,144.6668359,0.8509953563,-46.43960022,0,172.0611581,-81.23721581,15.30469053
0.0998262248,0.03093887839,1.485369687,0.2990427925,1,162.5474943,1.515173158,-89.47856959,0,166.5973361,-115.7789005,11.38293831
0.0998262248,0.03480623819,2.093736983,0.3263347797,1,162.2886507,2.119016032,-100.3447399,0,198.6082275,-108.1920326,8.858976843
0.0998262248,0.03867359798,2.881087765,0.3293910966,1,171.9625858,2.899856066,-120.7923689,0,241.7514449,-105.3625825,6.522234414
0.0998262248,0.04254095778,3.693717993,0.266662244,1,85.56555709,3.703331118,-135.8829758,0,131.2028733,-110.2587971,4.129216238
0.0998262248,0.04640831758,3.719409278,0.2302931782,1,22.11553185,3.726531944,-110.3616225,0,67.25673878,-142.5456481,3.543036901
0.0998262248,0.05027567738,4.03935272,0.3911294508,1,-15.33866463,4.05824502,-59.59321242,0,54.63738799,-221.0561084,5.530692862
0.0998262248,0.05414303718,3.871391581,0.8547282911,1,-405.5847566,3.964622709,112.5868967,80.1298942,-296.5934826,-148.2338563,12.45007376
0.0998262248,0.05801039698,1.323776826,1.399817146,1,-195.3080978,1.926622207,41.53331955,55.70456304,-74.56950129,-53.07708187,46.59923173
0.0998262248,0.06187775677,2.827677804,1.220620754,1,129.1543138,3.079882593,-41.7352747,0,274.5838262,-26.71061557,23.34835868
0.0998262248,0.06574511657,2.885177478,1.341711383,1,-47.729082,3.181892285,23.67415507,0,97.0390821,-51.02621762,24.9401234
0.0998262248,0.06961247637,3.018377316,1.509513972,1,-32.90000906,3.374793928,0.3660405523,0,127.9399764,-87.6188398,26.56999114
0.0998262248,0.07347983617,3.252731227,1.681980572,1,-22.41022907,3.661873711,-14.18994266,0,155.7974714,-105.3001189,27.34339098
0.0998262248,0.07734719597,3.534233774,1.861869805,1,-73.88746227,3.994667388,-23.17478195,0,106.1841742,-127.4467103,27.78071133
0.0998262248,0.08121455577,3.377634232,2.085237636,1,-143.166118,3.969462055,17.79162188,35.52221016,87.35557729,-126.820473,31.6897851
0.0998262248,0.08508191556,3.318394333,2.421136807,1,-99.3907291,4.107754178,25.59469713,0,117.8503829,-67.84955408,36.11489939
0.0998262248,0.08894927536,3.449024355,2.446620176,1,-71.7068801,4.228678196,-59.71923774,0,145.502735,-76.89393295,35.35058881
0.0998262248,0.09281663516,3.603789456,2.487557533,1,-36.16005744,4.378954318,-83.30383117,0,173.1961851,-147.5015182,34.6158291
0.0998262248,0.09668399496,3.978992366,2.69489573,1,-64.04600801,4.805709442,-52.54013033,0,223.9824717,-189.9119879,34.10903698
0.0998262248,0.1005513548,4.222321306,3.018823932,1,-197.6423383,5.190500471,-155.5997846,0,209.0302904,-230.9932435,35.56354858
0.0998262248,0.1044187146,4.023033674,2.986469362,1,-301.2042643,5.010369167,-180.8806453,68.96016172,103.4999689,-212.5737438,36.58807334
0.0998262248,0.1082860744,3.457727662,3.141392548,1,-239.8647151,4.671640795,-94.40958007,69.77989461,14.03215235,-203.0499732,42.25557304
0.0998262248,0.1121534342,3.149657899,3.406620851,1,-299.5754271,4.639548524,-55.4026774,93.25568385,-13.68235512,-180.5419582,47.24446845
0.0998262248,0.116020794,2.246247108,3.625351171,1,-645.467197,4.26483261,-329.1857431,134.6172453,-357.8289055,429.0541362,58.21787869
0.0998262248,0.1198881537,-0.7304491131,0.4742344242,1,-641.4383428,0.8708927579,-1028.313482,0,-897.9561673,601.2823721,147.0068846
0.1036935846,0.01546943919,-0.4875983634,0.1887357054,1,95.96075819,0.5228511552,-46.33410869,0,93.76234311,4.709077972,158.8399714
0.1036935846,0.01933679899,-0.120734616,0.09003452133,1,103.9581687,0.1506089723,6.874839234,20.65701008,80.72387287,12.17178486,143.2872771
0.1036935846,0.02320415879,0.2266335395,0.1682505108,1,105.6556445,0.2822605102,-6.615247712,11.06138814,99.51144659,-46.29503363,36.58982955
0.1036935846,0.02707151859,0.672720344,0.2434905302,1,105.8588657,0.71543015,-40.77150591,0,98.4285812,-65.32227566,19.89767803
0.1036935846,0.03093887839,1.016686599,0.2631971708,1,117.1600523,1.050202072,-109.0836172,0,96.64618157,-152.268551,14.51395157
0.1036935846,0.03480623819,1.499585978,0.410502207,1,140.930671,1.554757269,-144.0270414,0,172.6213968,-204.6187293,15.30930966
0.1036935846,0.03867359798,2.229305261,0.4975270287,1,131.5367836,2.284148657,-198.5906906,0,212.0397507,-211.4096159,12.58086313
0.1036935846,0.04254095778,2.828320054,0.4600776035,1,65.01485309,2.865495721,-269.7342878,0,155.7921446,-237.7572659,9.23927267
0.1036935846,0.04640831758,3.083245367,0.3738603795,1,32.4090095,3.105828967,-191.4159894,0,139.8246894,-239.3152762,6.913675093
0.1036935846,0.05027567738,3.494409737,0.6453213798,1,-53.54079571,3.553496742,-76.71019708,0,88.6373718,-284.8239847,10.46307364
0.1036935846,0.05414303718,3.218976454,1.178711275,1,-171.2173126,3.427997912,-67.59142617,47.48220317,-48.21771969,-243.2298261,20.11150794
0.1036935846,0.05801039698,2.645775515,1.324578267,1,-92.45196384,2.958823357,194.143924,0,-69.07872432,96.00849886,26.59433085
0.1036935846,0.06187775677,2.594279165,1.558236273,1,-59.88088866,3.026282318,-13.51003008,0,84.60039983,-104.3593289,30.99084855
0.1036935846,0.06574511657,2.741374759,1.675925193,1,-31.80050379,3.213076535,1.988405731,0,125.1900322,-66.55110919,31.43931311
0.1036935846,0.06961247637,2.955450072,1.823303238,1,-46.67791483,3.472624343,47.43927335,0,99.98400546,-60.6304359,31.6716447
0.1036935846,0.07347983617,2.94752859,2.093869642,1,-68.17075181,3.615551807,13.80302658,0,74.56633697,-83.7310339,35.38927993
0.1036935846,0.07734719597,2.980184101,2.200502542,1,-59.35213387,3.704552431,-37.0493768,0,85.69604372,-131.6299112,36.44134636
0.1036935846,0.08121455577,3.049409968,2.459646598,1,-64.85639947,3.917749678,-24.74048197,0,106.9515928,-172.3070203,38.88956245
0.1036935846,0.08508191556,3.14298136,2.77119544,1,-66.34278736,4.190209541,-34.16334452,0,84.41754078,-120.0384916,41.40291948
0.1036935846,0.08894927536,3.119311543,2.79175669,1,-82.33553762,4.186168883,-91.29614641,0,86.35212541,-114.1684994,41.82826598
0.1036935846,0.09281663516,3.15851495,2.859651059,1,-92.07268546,4.260730086,-59.10462949,0,126.1409457,-194.2568955,42.15701031
0.1036935846,0.09668399496,3.251065763,3.31443913,1,-146.3088556,4.642729299,-70.12248199,6.616098953,126.7035685,-276.4503865,45.55302886
0.1036935846,0.1005513548,3.08269425,3.657595302,1,-157.1957561,4.783409583,-199.1013655,0,109.7183319,-289.6172345,49.8751427
0.1036935846,0.1044187146,3.067453482,3.664496562,1,-134.8424283,4.778891704,-236.5827649,0,139.8132211,-207.370216,50.06818691
0.1036935846,0.1082860744,3.101918095,3.544619865,1,-156.2838833,4.710225669,-73.7982762,27.65730968,106.6358009,-103.6924765,48.81063539
0.1036935846,0.1121534342,2.875446484,3.780108191,1,-290.5374009,4.749464224,-73.09595554,89.10746214,10.17278676,-250.5572709,52.74053732
0.1036935846,0.116020794,2.017647257,4.230926622,1,-560.9645926,4.687391656,-599.1155543,0,-298.6201228,309.6750802,64.50442654
0.1036935846,0.1198881537,-0.4488768877,0.265487826,1,-1110.24197,0.5215115013,-797.4987032,0,-165.3177265,1253.22272,149.3978463
0.1075609444,0.01546943919,-0.6985252288,0.1591117655,1,166.0500662,0.7164175104,-19.07815742,0,166.8296626,67.07988841,167.1679682
0.1075609444,0.01933679899,-0.0548423885,-0.007490315828,1,91.72423675,0.05535153482,0.2752831912,0,103.3366702,5.034524017,-172.222723
0.1075609444,0.02320415879,0.0558454811,0.1407060689,1,70.88969382,0.1513833399,-5.305334532,16.02205577,49.43918301,-57.89332221,68.35213856
0.1075609444,0.02707151859,0.4105126723,0.1958863536,1,69.81092206,0.454853952,-47.93846394,10.49368477,38.47518502,-68.36640671,25.50930623
0.1075609444,0.03093887839,0.4746268183,0.2197082735,1,48.47484715,0.5230127552,-58.21082451,0,38.11799424,-123.6321657,24.83976813
0.1075609444,0.03480623819,0.7453983459,0.4488942186,1,87.65961192,0.8701291362,-88.44550851,0,124.589128,-197.3096389,31.05721594
0.1075609444,0.03867359798,1.295469062,0.640725035,1,91.66678938,1.4452573,-183.2590237,0,163.2014583,-226.9158031,26.31650298
0.1075609444,0.04254095778,1.731065561,0.6177306919,1,61.09316416,1.837982368,-239.6367641,0,134.9443071,-240.9252983,19.63893976
0.1075609444,0.04640831758,2.053616498,0.6457082604,1,37.43913094,2.152737763,-164.1036371,0,197.8905115,-247.6885386,17.45444849
0.1075609444,0.05027567738,2.641169959,0.94098358,1,-0.01055031019,2.803788304,-91.59520114,0,159.2192871,-268.6420101,19.60972683
0.1075609444,0.05414303718,2.669333966,1.330411972,1,-57.88498384,2.982505631,-39.99616647,13.06017135,7.393349259,-182.0119915,26.49193943
0.1075609444,0.05801039698,2.445900642,1.490209873,1,-72.76079609,2.864115119,7.451330551,22.91307077,-4.164909805,-108.6407664,31.35262949
0.1075609444,0.06187775677,2.371834583,1.779381881,1,-22.27345554,2.965096823,28.58183502,0,71.29646918,-90.0108023,36.87771888
0.1075609444,0.06574511657,2.635490274,1.94885027,1,25.26411177,3.277777656,53.14764249,0,128.7240848,-23.733362,36.48159333
0.1075609444,0.06961247637,2.967362344,2.076708387,1,0.4480351135,3.621872031,35.35718096,0,89.22662834,-38.3742522,34.98624982
0.1075609444,0.07347983617,2.982294462,2.233996251,1,-44.65686711,3.726233958,30.4820439,7.479167159,22.55598394,-59.01438968,36.83638223
0.1075609444,0.07734719597,2.881890277,2.422823296,1,-95.27818503,3.765018498,27.94435114,28.88362904,0.4554020269,-105.3984807,40.05397739
0.1075609444,0.08121455577,2.615580643,2.749680958,1,-99.0175659,3.794997691,-31.10684466,23.53668935,57.68447713,-181.4310901,46.43176294
0.1075609444,0.08508191556,2.722040351,3.00418124,1,-50.52978912,4.053962086,-75.00708504,0,60.57229934,-165.331007,47.82078142
0.1075609444,0.08894927536,2.654418644,3.098996063,1,-102.793944,4.080406222,-86.09945364,0,77.43010999,-170.7274519,49.41857467
0.1075609444,0.09281663516,2.623949279,3.331468158,1,-116.7213596,4.240729879,-65.47527215,0,112.6492646,-233.9977202,51.77512993
0.1075609444,0.09668399496,2.638670387,3.750733004,1,-135.1726146,4.585910975,-54.66385727,34.31888415,59.75200335,-240.7361716,54.8733099
0.1075609444,0.1005513548,2.332270639,4.051076746,1,-125.489509,4.67447421,-131.9010849,0,39.49734864,-208.9377691,60.07026726
0.1075609444,0.1044187146,2.306107763,4.048661579,1,-27.71697396,4.659376954,-148.720458,0,141.2405259,-176.4191527,60.33426643
0.1075609444,0.1082860744,2.77130706,4.158197564,1,-161.3271816,4.997074125,-109.225333,33.23237299,55.79437332,-243.9202643,56.31779978
0.1075609444,0.1121534342,1.897974423,4.569575342,1,-323.2815715,4.948062824,-102.0136493,91.7482622,-101.9259321,-226.5777158,67.4444309
0.1075609444,0.116020794,1.126876655,4.639931627,1,-176.8522089,4.774810625,-158.6251609,19.80156401,-47.06664978,-44.59933722,76.34915972
0.1075609444,0.1198881537,1.03199963,4.128596455,1,-569.1091211,4.255623565,-8.346448638,0,520.0435936,256.0898587,75.96570902
0.1114283042,0.01546943919,NaN,NaN,0,36.38566179,0.3576970782,61.76843599,0,67.95359194,91.14594836,147.5834924
0.1114283042,0.01933679899,NaN,NaN,0,0.8362029719,0.1680769282,-10.06295833,0,72.64545082,17.46409445,126.5949199
0.1114283042,0.02320415879,-0.01777840492,0.08529366767,1,24.39669222,0.08712681233,-1.663360184,0,59.15572101,1.605024434,101.7740128
0.1114283042,0.02707151859,0.2229275629,0.1223039605,1,25.73500024,0.2542733904,-14.08188541,0,59.90811315,-49.72631306,28.75033811
0.1114283042,0.03093887839,0.3134343288,0.2231434942,1,-5.956325786,0.3847519948,21.57575774,0,50.31228289,-89.87442917,35.44822785
0.1114283042,0.03480623819,0.3944680082,0.5533219329,1,20.31672331,0.6795367326,-5.055365098,0,64.90350797,-147.5385748,54.51459972
0.1114283042,0.03867359798,0.6430116253,0.7741773313,1,53.71347288,1.006386849,-115.6340611,0,95.05614641,-165.3746133,50.28785671
0.1114283042,0.04254095778,0.9698136531,0.7456865448,1,82.47884277,1.223350704,-147.7950095,0,136.710806,-204.7346993,37.55656587
0.1114283042,0.04640831758,1.490696861,0.9943835985,1,74.01580476,1.791919606,-80.26248417,0,218.5427453,-213.5404654,33.70564949
0.1114283042,0.05027567738,2.101242828,1.261120452,1,36.59916059,2.450642001,-84.56596559,0,188.2814332,-197.5067057,30.97126965
0.1114283042,0.05414303718,2.360391029,1.431166076,1,-7.063337778,2.760377175,-65.17571151,0,46.67608088,-150.1801603,31.22951588
0.1114283042,0.05801039698,2.254439559,1.58986324,1,-28.25412941,2.75865236,-17.11494713,0,27.30263193,-143.5419639,35.19204153
0.1114283042,0.06187775677,2.356711246,1.920104838,1,69.29041859,3.039883302,29.35586312,0,86.03280896,-96.35752243,39.17105127
0.1114283042,0.06574511657,2.855130364,2.076042133,1,59.30419812,3.530116193,9.186999982,0,92.49722633,-54.56118344,36.02190875
0.1114283042,0.06961247637,2.943781972,2.166642,1,-22.843535,3.655159348,-31.01126776,0,18.20299935,-102.8338551,36.35330145
0.1114283042,0.07347983617,2.837183743,2.35380592,1,-47.87083167,3.686463604,3.158615894,13.73001987,-20.17064148,-101.3304384,39.68003696
0.1114283042,0.07734719597,2.680641114,2.570738768,1,-101.2785182,3.714099433,46.6248463,22.20692548,-56.38316087,-137.4448801,43.80107293
0.1114283042,0.08121455577,2.227449304,3.06566978,1,-86.79971329,3.789440803,51.09948949,19.46426499,-33.98905591,-111.8355502,53.99865651
0.1114283042,0.08508191556,2.213507484,3.200867191,1,-33.46522246,3.891679092,-7.814296757,10.05900532,7.251005069,-117.2114547,55.33483613
0.1114283042,0.08894927536,2.126069493,3.488747951,1,-70.54049679,4.085527353,12.66094025,21.45481276,15.42218428,-128.4799485,58.641553
0.1114283042,0.09281663516,2.000345138,3.74670979,1,-51.90257826,4.247259695,14.80587163,4.789360119,47.39771522,-135.0469584,61.90251776
0.1114283042,0.09668399496,2.108647567,4.068282761,1,-70.91511857,4.582283185,-21.42676606,21.20294018,9.943969816,-163.3709041,62.60166424
0.1114283042,0.1005513548,1.764547769,4.295658842,1,-70.3602976,4.643954535,-44.7918229,17.06822665,-6.856708404,-109.3405736,67.66838415
0.1114283042,0.1044187146,1.810021622,4.317916005,1,-37.95858443,4.681941574,-105.1381461,0,30.62263393,-128.0602946,67.25711925
0.1114283042,0.1082860744,1.736177009,4.384307038,1,-81.52092518,4.715554984,-182.1240405,0,28.42108833,-264.4163803,68.39653118
0.1114283042,0.1121534342,1.604665448,4.636170091,1,-77.15961251,4.906019192,-65.37469187,0,-53.28390244,-155.5000115,70.90830315
0.1114283042,0.116020794,1.231705003,4.732854076,1,-161.3186641,4.890501499,-57.10928332,28.17550122,-121.931276,-16.11572428,75.41259748
0.1114283042,0.1198881537,0.5092360169,4.477633249,1,-231.2370641,4.506497624,-197.2904438,0,-142.3868158,-65.30333127,83.51169564
0.115295664,0.01546943919,NaN,NaN,0,-3.620579618,0.3009195047,37.07136546,0,45.47381192,42.74677588,110.8594192
0.115295664,0.01933679899,NaN,NaN,0,-11.88166657,0.2714909384,18.22781964,0,53.96985346,19.79596182,95.54204005
0.115295664,0.02320415879,NaN,NaN,0,-18.3211193,0.2806974254,23.05663783,0,67.44066154,8.104785101,78.57126957
0.115295664,0.02707151859,NaN,NaN,0,-25.89027416,0.3666416956,13.60034415,0,65.93604556,-28.3371785,63.47403343
0.115295664,0.03093887839,NaN,NaN,0,-46.81452524,0.4853397651,24.48332627,0,44.62162521,-51.35168671,64.29747353
0.115295664,0.03480623819,0.1552626773,0.6213273571,1,-20.92545225,0.6404328097,25.86543653,0,20.46418913,-68.07275874,75.9697593
0.115295664,0.03867359798,0.2087074117,0.8006120285,1,16.44642241,0.8273683605,-19.21107481,0,38.48605626,-72.51303273,75.38903651
0.115295664,0.04254095778,0.367706337,0.8274652063,1,59.60268426,0.9054869507,-23.40263301,0,123.6405119,-127.8754342,66.04074775
0.115295664,0.04640831758,0.9173747818,1.20464594,1,125.3661427,1.514182397,-40.08644251,0,180.4205373,-221.1216535,52.70961708
0.115295664,0.05027567738,1.55029345,1.527593503,1,77.48140541,2.176453926,-146.436528,0,160.1744092,-232.6958151,44.57744141
0.115295664,0.05414303718,1.836475325,1.538241639,1,9.328204171,2.395585306,-174.2490011,0,61.59592154,-220.1393148,39.94972299
0.115295664,0.05801039698,1.824582563,1.705067858,1,10.66338516,2.497270095,-111.0524472,0,60.76512144,-190.1475159,43.06069379
0.115295664,0.06187775677,2.11271506,1.844130728,1,77.78548282,2.804350739,-100.9087767,0,86.52025837,-197.1376809,41.11681118
0.115295664,0.06574511657,2.460011981,2.077219653,1,62.72737535,3.219705023,-112.9680511,0,24.41735767,-214.1531996,40.17755075
0.115295664,0.06961247637,2.449735097,2.235450104,1,30.07194667,3.316389484,-90.41603858,0,6.805077723,-158.6546337,42.38130405
0.115295664,0.07347983617,2.602628702,2.341122853,1,9.204907823,3.500647422,-30.93067698,0,11.71929803,-124.2759336,41.97209086
0.115295664,0.07734719597,2.530656529,2.596449796,1,-36.95063889,3.625710139,17.06415882,8.12491674,-20.43638234,-141.3891402,45.7352041
0.115295664,0.08121455577,2.380692444,2.953918771,1,-38.95345255,3.793854586,53.35883182,0,-36.5853539,-92.78628376,51.1331386
0.115295664,0.08508191556,2.238520786,3.161645541,1,-25.67243754,3.873884076,27.68683646,0,-19.36799971,-95.78910922,54.70059193
0.115295664,0.08894927536,2.206504867,3.43144468,1,5.976462906,4.07964169,36.29583726,0,-26.55563215,-106.916227,57.25796728
0.115295664,0.09281663516,2.158933734,3.715498121,1,-21.24334778,4.297199222,21.83190399,0,-51.80740919,-141.5869514,59.8407684
0.115295664,0.09668399496,1.923991307,4.063444191,1,-42.49287301,4.495922736,-34.25187488,0,-66.81904807,-184.5274849,64.66301531
0.115295664,0.1005513548,1.736185205,4.296667974,1,-62.63273417,4.634187603,-13.29922037,0,-71.76019676,-78.05803459,67.9974934
0.115295664,0.1044187146,1.404245488,4.313889826,1,-93.16346959,4.536689412,-41.1141483,0,-85.72100279,-115.2512674,71.96903828
0.115295664,0.1082860744,1.044374588,4.583382888,1,-71.3197951,4.700863429,-85.70759446,0,-21.88927585,-175.6970175,77.16368343
0.115295664,0.1121534342,1.043772474,4.661911303,1,-28.28076782,4.777329586,-130.9444157,0,-23.61132257,-184.9538568,77.37996392
0.115295664,0.116020794,0.843689204,4.792256829,1,-119.8053013,4.865956945,-204.0477861,0,-145.8326291,-154.9965007,80.01524835
0.115295664,0.1198881537,0.01645502144,4.472212334,1,-200.431967,4.472242606,-165.9812692,0,-227.3710954,-0.4706821834,89.78918733
0.1191630238,0.01546943919,NaN,NaN,0,-14.55659522,0.3816756484,26.3265014,0,35.30712922,22.18975678,88.99010375
0.1191630238,0.01933679899,NaN,NaN,0,-15.95786224,0.3924224064,21.427381,0,40.78279764,12.28704448,83.14300511
0.1191630238,0.02320415879,NaN,NaN,0,-16.99738505,0.4294349405,22.58948832,0,47.78918246,-0.1169267587,76.15885879
0.1191630238,0.02707151859,NaN,NaN,0,-19.79507548,0.5054435767,23.76153126,0,47.40840549,-17.557266,70.83463965
0.1191630238,0.03093887839,NaN,NaN,0,-22.79065917,0.6136388897,33.08529036,0,39.67612841,-27.9282182,70.03498665
0.1191630238,0.03480623819,NaN,NaN,0,-12.40875736,0.7499311317,51.6204106,0,32.77324154,-21.4662825,72.04051196
0.1191630238,0.03867359798,NaN,NaN,0,3.081975912,0.9064745508,51.67096505,0,36.61689832,-20.71777341,71.45647743
0.1191630238,0.04254095778,NaN,NaN,0,-7.693116511,1.065259419,49.48448684,0,57.39877682,-40.46996364,68.8263644
0.1191630238,0.04640831758,0.4805111717,1.207298751,1,24.52500226,1.299408042,19.8989556,0,40.17927204,-132.0342018,68.29718759
0.1191630238,0.05027567738,0.6350016466,1.58092405,1,51.22553744,1.703686574,-71.4216154,0,40.47483644,-181.5756784,68.11640517
0.1191630238,0.05414303718,0.8351495111,1.633304145,1,45.6697805,1.834436463,-130.4684751,0,71.87534264,-182.8816564,62.91819651
0.1191630238,0.05801039698,1.08959093,1.78362468,1,31.60081248,2.090101767,-129.5685541,0,63.7895483,-212.462629,58.5798359
0.1191630238,0.06187775677,1.204058358,1.953885358,1,61.64261147,2.29508704,-173.6029061,0,67.75932831,-210.9045377,58.35704742
0.1191630238,0.06574511657,1.59003479,1.927883511,1,139.340012,2.498988888,-169.4478381,0,61.43719788,-201.194377,50.48566521
0.1191630238,0.06961247637,1.980536067,2.076660647,1,106.6724229,2.869676385,-59.88741848,20.35358153,60.60168166,-172.5344137,46.35721853
0.1191630238,0.07347983617,2.236943937,2.363529971,1,10.20716208,3.254257535,-40.16088288,0,46.49705571,-184.4310627,46.57614542
0.1191630238,0.07734719597,2.19983168,2.63460534,1,-37.68635171,3.432259419,-22.6654782,9.454293295,-4.19616877,-206.5889131,50.13893582
0.1191630238,0.08121455577,2.074969161,3.074828069,1,-46.46752344,3.709456116,-42.86382068,0,-18.09853714,-195.5890417,55.9875605
0.1191630238,0.08508191556,1.950131493,3.22524872,1,-39.11325784,3.768984232,-71.68372115,0,-18.29389731,-146.1806854,58.84094131
0.1191630238,0.08894927536,1.852955037,3.362934634,1,-28.62302815,3.839631717,-59.09609961,0,-78.14805899,-163.3684891,61.14552257
0.1191630238,0.09281663516,1.537209282,3.628507567,1,-45.94022104,3.940695312,-33.60216029,0,-106.7236121,-191.6609103,67.04016178
0.1191630238,0.09668399496,1.262549066,3.97420469,1,7.472010208,4.169932021,-9.929124395,0,-40.04536653,-173.3098612,72.37567775
0.1191630238,0.1005513548,1.411236394,4.260359661,1,13.3028984,4.488012099,-31.96129801,0,-28.10596025,-128.2786906,71.67264167
0.1191630238,0.1044187146,1.2053003,4.346698702,1,-84.06114997,4.510713737,-32.88209733,0,-93.3221575,-114.3622276,74.50178628
0.1191630238,0.1082860744,0.7252313216,4.575472641,1,-102.1069955,4.632592185,-49.01614322,0,-110.5256983,-128.5354615,80.99331009
0.1191630238,0.1121534342,0.3829731684,4.654228516,1,-81.00527984,4.669958408,-141.8904804,0,-147.0779099,-156.557953,85.2960146
0.1191630238,0.116020794,-0.1568484372,4.632197035,1,20.43228965,4.634851756,-224.2690619,0,-154.2359086,-151.6669292,91.93932193
0.1191630238,0.1198881537,NaN,NaN,0,64.77049264,4.37551745,-103.0465908,0,-53.20970175,30.76412297,91.76142088
0.1230303836,0.01546943919,NaN,NaN,0,-15.75327751,0.4808204368,20.0473341,0,28.00284439,11.96887364,80.36450078
0.1230303836,0.01933679899,NaN,NaN,0,-15.20816864,0.5006156127,19.59990078,0,31.25265892,6.245199902,77.99035337
0.1230303836,0.02320415879,NaN,NaN,0,-13.91548316,0.5446641422,22.1124032,0,35.52486518,-3.302270616,74.83005002
0.1230303836,0.02707151859,NaN,NaN,0,-13.50198354,0.6171920443,25.7710022,0,36.23226553,-13.84674053,72.29115652
0.1230303836,0.03093887839,NaN,NaN,0,-12.1442786,0.7169426712,32.4758933,0,33.90124141,-21.3376376,71.25153036
0.1230303836,0.03480623819,NaN,NaN,0,-6.501213187,0.8412097445,41.06118309,0,31.83606955,-23.94514701,71.14340222
0.1230303836,0.03867359798,NaN,NaN,0,0.4604014081,0.9865703076,44.70536428,0,33.33247236,-28.50648807,70.55601773
0.1230303836,0.04254095778,NaN,NaN,0,2.673010901,1.151838541,46.99615832,0,37.48174741,-39.5959903,69.54320187
0.1230303836,0.04640831758,NaN,NaN,0,11.42378381,1.354499946,52.5157343,0,32.35107928,-52.67688235,69.07709416
0.1230303836,0.05027567738,NaN,NaN,0,34.06538457,1.592253615,36.6529818,0,2.375544784,-60.15759767,68.95184193
0.1230303836,0.05414303718,NaN,NaN,0,-5.97444192,1.75454293,12.68323635,0,-12.13532169,-76.14651421,69.14454468
0.1230303836,0.05801039698,0.5018249156,1.829553281,1,4.665360824,1.897127685,-33.1447811,0,-4.394166599,-92.1510045,74.66167026
0.1230303836,0.06187775677,0.6256864296,1.867786273,1,83.47373379,1.969799246,-72.50394105,0,52.2209753,-58.64129535,71.47975652
0.1230303836,0.06574511657,1.026605178,1.775941442,1,125.6336098,2.051313286,-70.45750525,0,113.5967348,-119.4551956,59.96940288
0.1230303836,0.06961247637,1.550876247,2.057277971,1,104.7070437,2.576355912,-46.63625131,16.38584198,78.22025031,-229.0675542,52.98923511
0.1230303836,0.07347983617,1.734050841,2.481468929,1,4.319497597,3.027312399,-65.31695953,0,19.77214915,-238.2231403,55.05414458
0.1230303836,0.07734719597,1.644047313,2.725968383,1,-38.23786496,3.183362247,-82.06382398,0,-33.01007308,-232.5962157,58.90557817
0.1230303836,0.08121455577,1.45850943,3.063631849,1,31.77288142,3.393094437,-119.4082659,0,-95.92170317,-252.882559,64.54218728
0.1230303836,0.08508191556,1.395960739,3.242161499,1,-2.243912677,3.529917502,-170.496513,0,-26.8082509,-216.0784416,66.7049881
0.1230303836,0.08894927536,1.34615426,3.239913566,1,22.44063468,3.508442847,-106.9547268,0,-50.418468,-168.5640394,67.43756519
0.1230303836,0.09281663516,1.287760391,3.480426878,1,37.00924117,3.711023858,20.45250535,0,-70.83439503,-144.9740041,69.69549087
0.1230303836,0.09668399496,1.21534022,3.879677399,1,25.9281081,4.065580963,58.46172489,0,-70.21694717,-111.1884176,72.60641441
0.1230303836,0.1005513548,1.116479515,4.136525019,1,6.656257401,4.284549654,-68.32760545,0,-105.0545276,-171.3427889,74.89535973
0.1230303836,0.1044187146,0.8347987056,4.278074178,1,-59.0584547,4.358762158,-81.4363289,0,-137.1376338,-188.5636037,78.95838217
0.1230303836,0.1082860744,0.3577186501,4.550824735,1,-105.8191584,4.564862364,-83.80041898,0,-138.594021,-116.9782194,85.50549341
0.1230303836,0.1121534342,-0.1104349986,4.40638467,1,-80.7195745,4.407768341,-125.9860537,0,-169.5569023,-13.74599941,91.4356747
0.1230303836,0.116020794,-0.6101905348,4.116752061,1,95.32350659,4.161728009,-12.40017481,0,-134.7954715,88.55867491,98.43107288
0.1230303836,0.1198881537,NaN,NaN,0,195.2284125,4.02454877,-14.44232989,0,-15.72442846,37.69224949,93.74813394
0.1268977434,0.01546943919,NaN,NaN,0,-13.26774691,0.5660949549,15.61671015,0,21.67606679,6.070554212,76.667209
0.1268977434,0.01933679899,NaN,NaN,0,-12.14365994,0.5879198065,16.83209995,0,23.76252018,2.007536991,75.54017006
0.1268977434,0.02320415879,NaN,NaN,0,-9.954395404,0.6329791076,20.4892215,0,26.82535381,-5.490615083,73.90516296
0.1268977434,0.02707151859,NaN,NaN,0,-8.153096912,0.7025358912,24.73418104,0,28.09455003,-13.18978789,72.43211392
0.1268977434,0.03093887839,NaN,NaN,0,-5.783258495,0.7959787568,29.98609756,0,27.86050214,-19.63044467,71.49752641
0.1268977434,0.03480623819,NaN,NaN,0,-1.912218203,0.9115447847,35.44306417,0,27.33732289,-24.47017988,70.956051
0.1268977434,0.03867359798,NaN,NaN,0,2.587832007,1.047097505,39.09315066,0,27.39517417,-29.76704157,70.41870899
0.1268977434,0.04254095778,NaN,NaN,0,6.500974894,1.201326678,41.27904785,0,26.84466116,-36.73062714,69.87264932
0.1268977434,0.04640831758,NaN,NaN,0,12.21625942,1.374712506,42.02561061,0,21.58323099,-43.4089705,69.56879854
0.1268977434,0.05027567738,NaN,NaN,0,18.88851469,1.556561292,36.75933188,0,9.509729388,-46.30655583,69.54001626
0.1268977434,0.05414303718,NaN,NaN,0,14.11133236,1.714112489,32.40890377,0,1.642621046,-42.6345899,69.87711839
0.1268977434,0.05801039698,NaN,NaN,0,27.72039894,1.850302278,45.6918334,0,-0.01199669525,-12.11036282,70.91392577
0.1268977434,0.06187775677,NaN,NaN,0,36.71258773,1.961018243,26.92542027,0,28.07243677,-7.39886377,69.18433104
0.1268977434,0.06574511657,NaN,NaN,0,6.62165455,2.066741213,-13.04119429,0,49.59698622,-49.55369834,65.54537286
0.1268977434,0.06961247637,0.9142902538,1.974226687,1,23.20829362,2.175660286,-22.39486192,0,30.43841199,-162.5313836,65.1505271
0.1268977434,0.07347983617,1.063045158,2.423290935,1,30.70694851,2.646205578,-24.34206643,4.283140096,-12.9589649,-200.3268315,66.3139811
0.1268977434,0.07734719597,0.9829280921,2.654823092,1,-21.57265824,2.83094212,-91.27346211,0,-89.06058732,-132.0496608,69.68331079
0.1268977434,0.08121455577,0.6351865918,2.580987166,1,7.762253436,2.657998638,-57.06748546,0,-144.243229,-180.0005764,76.1741397
0.1268977434,0.08508191556,0.455107054,3.130249586,1,95.36149529,3.163160587,-36.18909201,21.61991663,-55.99659178,-165.5215382,81.72772757
0.1268977434,0.08894927536,0.7874248371,3.081162269,1,119.0433533,3.180188486,-70.20191783,28.23742166,36.23901543,-91.19500933,75.66427305
0.1268977434,0.09281663516,1.055639844,3.211437424,1,105.0651688,3.38048899,8.620932552,31.30106999,-34.9369284,-126.1518649,71.80365585
0.1268977434,0.09668399496,1.058635975,3.602377168,1,17.73485389,3.754707896,-18.67598954,0,-165.4571058,-178.1895775,73.62344096
0.1268977434,0.1005513548,0.4843447459,3.828333862,1,-70.99614744,3.858850864,-108.8585591,0,-161.0801544,-223.2418279,82.7894865
0.1268977434,0.1044187146,0.1611134151,4.044738423,1,-37.31382295,4.047945954,-82.06431116,0,-101.1777286,-242.4803639,87.71895233
0.1268977434,0.1082860744,-0.05125191304,4.448720455,1,16.32910621,4.449015671,-80.8754638,0,-98.69392041,-149.6366333,90.66005235
0.1268977434,0.1121534342,-0.1574209562,4.310662606,1,123.7883072,4.313536074,-26.22728384,30.11696096,-74.93435846,156.4493591,92.09145341
0.1268977434,0.116020794,0.1376838844,3.74224415,1,225.7083448,3.744776112,-17.44621465,34.75943244,-196.5299911,177.2714312,87.89293574
0.1268977434,0.1198881537,NaN,NaN,0,95.25149016,3.557898684,-14.80235648,0,-189.5078603,80.67608305,90.71789131
0.1307651032,0.01546943919,NaN,NaN,0,-9.307413519,0.63095871,12.10457084,0,15.86172557,2.10137755,74.9014667
0.1307651032,0.01933679899,NaN,NaN,0,-8.042248824,0.6529749305,14.00910634,0,17.39808116,-1.18153005,74.26986221
0.1307651032,0.02320415879,NaN,NaN,0,-5.605341611,0.6973794833,18.27820183,0,19.91947984,-7.477938821,73.28841694
0.1307651032,0.02707151859,NaN,NaN,0,-3.372750213,0.7643126464,22.69040288,0,21.46007867,-13.79135126,72.29940626
0.1307651032,0.03093887839,NaN,NaN,0,-0.9234402685,0.8530324855,27.29125173,0,22.10889421,-19.52417333,71.51321645
0.1307651032,0.03480623819,NaN,NaN,0,2.047766862,0.9619793293,31.63182536,0,22.25754571,-24.53808628,70.92906844
0.1307651032,0.03867359798,NaN,NaN,0,5.30216993,1.08904586,34.94512635,0,22.06624027,-29.36087117,70.44691479
0.1307651032,0.04254095778,NaN,NaN,0,8.526797245,1.231750369,37.00127182,0,20.91849208,-34.1505062,70.055645
0.1307651032,0.04640831758,NaN,NaN,0,12.05176431,1.386542209,37.54832841,0,17.62745412,-37.92181667,69.81818547
0.1307651032,0.05027567738,NaN,NaN,0,15.16108238,1.545290334,35.94983133,0,12.43752073,-39.02506526,69.74652239
0.1307651032,0.05414303718,NaN,NaN,0,15.81085774,1.6955178,34.50121345,0,9.208073183,-35.97492676,69.81325102
0.1307651032,0.05801039698,NaN,NaN,0,19.36955267,1.834493158,35.35266337,0,10.65388419,-27.48212038,69.85824932
0.1307651032,0.06187775677,NaN,NaN,0,18.85380484,1.963823997,27.75551721,0,20.66454104,-29.08956439,69.08026089
0.1307651032,0.06574511657,NaN,NaN,0,6.232098108,2.094612624,18.2204289,0,28.54544448,-46.64753083,68.00376125
0.1307651032,0.06961247637,NaN,NaN,0,-7.38456948,2.246467867,30.37863242,0,28.23785817,-65.41142535,68.16060337
0.1307651032,0.07347983617,NaN,NaN,0,11.77516421,2.46913627,12.70423148,0,-26.08039483,-85.48390183,69.48846421
0.1307651032,0.07734719597,NaN,NaN,0,-11.03482614,2.585547527,-11.38152338,0,-72.61227579,-53.57434604,72.43289975
0.1307651032,0.08121455577,0.5416819381,2.475771957,1,-13.52496167,2.534337409,26.32385814,0,-29.01136734,-23.28027704,77.65855349
0.1307651032,0.08508191556,0.6158731566,2.656805318,1,83.64247486,2.727253975,81.66580728,0,-37.02350379,-33.11726585,76.94879763
0.1307651032,0.08894927536,0.7219742727,2.919679399,1,62.3427813,3.007619431,19.85920854,18.63757954,-6.140916754,-53.10609395,76.11060222
0.1307651032,0.09281663516,0.8332259882,2.938988395,1,6.464709021,3.054818871,-21.77713067,0,-75.75850279,-86.81601834,74.17155575
0.1307651032,0.09668399496,0.4539902404,3.171208179,1,-53.44914235,3.203539987,48.6530054,0,-205.4091513,-170.9152274,81.85289161
0.1307651032,0.1005513548,-0.1678721703,3.788137752,1,-33.25934102,3.791855574,85.90883822,0,-192.8180372,-136.4343992,92.53741511
0.1307651032,0.1044187146,-0.4203323235,4.031089476,1,31.05156421,4.05294481,-0.8343224642,0,-125.6593628,-83.02257761,95.95286938
0.1307651032,0.1082860744,-0.5337545673,4.105989306,1,174.872909,4.140536453,-100.83723,43.88535636,35.480662,0.8437295879,97.40658221
0.1307651032,0.1121534342,0.3931806203,3.637852621,1,241.5757019,3.659038493,-168.5129448,44.45835526,-101.514865,250.9424187,83.83139329
0.1307651032,0.116020794,0.007911082571,2.483804496,1,90.29750124,2.483817094,-105.7823507,0,-194.1178149,81.21318376,89.81750975
0.1307651032,0.1198881537,NaN,NaN,0,106.3439393,2.914685512,118.6847175,0,-114.7429352,-104.138674,90.16374598
0.134632463,0.01546943919,NaN,NaN,0,-4.735848944,0.6741925703,9.095771127,0,10.38742463,-0.992766604,74.03075311
0.134632463,0.01933679899,NaN,NaN,0,-3.474002215,0.695973346,11.32235108,0,11.68717707,-3.857894244,73.6076383
0.134632463,0.02320415879,NaN,NaN,0,-1.051972003,0.7395131919,15.92407659,0,13.99440574,-9.448258892,72.91609939
0.134632463,0.02707151859,NaN,NaN,0,1.19087794,0.8044911944,20.45797694,0,15.71739057,-14.973505,72.15982858
0.134632463,0.03093887839,NaN,NaN,0,3.414480772,0.8899813067,24.85668111,0,16.85745032,-20.1368111,71.48348723
0.134632463,0.03480623819,NaN,NaN,0,5.724555989,0.9943771826,28.84785918,0,17.51772548,-24.79712072,70.93127768
0.134632463,0.03867359798,NaN,NaN,0,8.046283605,1.115419456,32.05425758,0,17.69374911,-28.98785063,70.48964385
0.134632463,0.04254095778,NaN,NaN,0,10.25227985,1.250132001,34.23258466,0,17.13561276,-32.58870981,70.15401586
0.134632463,0.04640831758,NaN,NaN,0,12.30291818,1.394443269,35.21659989,0,15.57057268,-35.10272474,69.93370437
0.134632463,0.05027567738,NaN,NaN,0,13.89319278,1.542553553,34.99045157,0,13.40482625,-35.89696176,69.81714255
0.134632463,0.05414303718,NaN,NaN,0,14.60146357,1.688178609,34.29345534,0,12.09826676,-34.7579315,69.76058491
0.134632463,0.05801039698,NaN,NaN,0,15.09314914,1.828834333,33.46208942,0,12.75491924,-32.75362756,69.66734638
0.134632463,0.06187775677,NaN,NaN,0,13.10098085,1.965744125,30.52355632,0,15.38639872,-34.82974256,69.39742644
0.134632463,0.06574511657,NaN,NaN,0,6.837502522,2.104168888,27.78876024,0,15.68239248,-42.53543526,69.24568941
0.134632463,0.06961247637,NaN,NaN,0,0.3843859977,2.251010071,29.20220408,0,8.909751202,-50.76541224,69.75833263
0.134632463,0.07347983617,NaN,NaN,0,-0.1006246472,2.407300302,24.58169101,0,-12.07446822,-54.20319675,71.05437152
0.134632463,0.07734719597,NaN,NaN,0,-9.492837665,2.525027023,23.5040453,0,-25.31715644,-39.64130678,73.15478682
0.134632463,0.08121455577,NaN,NaN,0,-18.28451724,2.602782546,48.71447058,0,-4.692047479,-15.13009132,75.6074654
0.134632463,0.08508191556,NaN,NaN,0,1.1046422,2.740070678,42.54992429,0,1.969794806,-33.7852295,76.43106951
0.134632463,0.08894927536,NaN,NaN,0,16.0270799,2.892349943,18.45796497,0,-17.88640166,-40.97789337,76.83303027
0.134632463,0.09281663516,0.6356710652,2.89345068,1,-2.994775668,2.962454142,-5.018378639,0,-15.89232049,-56.31486514,77.60935644
0.134632463,0.09668399496,0.5858039727,3.014693138,1,-20.7985648,3.071081408,49.30420263,0,-68.85609901,-32.87390097,79.00353477
0.134632463,0.1005513548,0.2889442226,3.211262974,1,-1.695307922,3.224236135,124.4549399,0,-191.975672,14.8225891,84.85846454
0.134632463,0.1044187146,-0.1631913891,3.438680884,1,44.47898935,3.442551039,184.1729233,0,-232.4384803,3.590421307,92.71707904
0.134632463,0.1082860744,-0.4379627565,3.909640483,1,175.3293246,3.934094569,20.80316515,46.98234345,-91.4077649,138.4216355,96.39169693
0.134632463,0.1121534342,0.1613634771,2.983807941,1,273.3820106,2.988168,-224.2791182,14.88908909,-149.1037284,103.420594,86.90447608
0.134632463,0.116020794,NaN,NaN,0,-8.391224031,2.642652238,-38.70979108,0,-30.31385249,34.00416239,89.07490957
0.134632463,0.1198881537,NaN,NaN,0,39.03000384,2.702622146,16.75600745,0,-55.05595293,-14.42243642,89.75244558
0.1384998228,0.01546943919,NaN,NaN,0,-2.400894017,0.6957517112,7.678110695,0,7.678110695,-2.400894017,73.66439976
0.1384998228,0.01933679899,NaN,NaN,0,-1.170413091,0.7173375868,10.00829911,0,8.899058603,-5.105441446,73.32008139
0.1384998228,0.02320415879,NaN,NaN,0,1.194079079,0.7603477589,14.71481599,0,11.14007426,-10.40665801,72.74179702
0.1384998228,0.02707151859,NaN,NaN,0,3.38181602,0.8242870833,19.28232141,0,12.94956475,-15.59602454,72.0821618
0.1384998228,0.03093887839,NaN,NaN,0,5.45599863,0.9081267814,23.61823221,0,14.29572183,-20.46384971,71.46106532
0.1384998228,0.03480623819,NaN,NaN,0,7.453460678,1.01020311,27.51014159,0,15.19838883,-24.864266,70.93452334
0.1384998228,0.03867359798,NaN,NaN,0,9.331484015,1.128174168,30.68483975,0,15.63006257,-28.71132119,70.51354489
0.1384998228,0.04254095778,NaN,NaN,0,11.01986196,1.258946525,32.93043517,0,15.47289557,-31.84153184,70.19692123
0.1384998228,0.04640831758,NaN,NaN,0,12.46445488,1.398561018,34.14084702,0,14.66437852,-33.95759862,69.97986373
0.1384998228,0.05027567738,NaN,NaN,0,13.50448809,1.542307056,34.40181683,0,13.51576371,-34.80222844,69.8444194
0.1384998228,0.05414303718,NaN,NaN,0,13.90035772,1.685812643,34.1269954,0,12.73354525,-34.49928145,69.75701288
0.1384998228,0.05801039698,NaN,NaN,0,13.51033558,1.826955714,33.54566606,0,12.67139121,-34.07773237,69.67992404
0.1384998228,0.06187775677,NaN,NaN,0,11.20732929,1.966222624,32.16161611,0,12.85587972,-35.86658535,69.62552793
0.1384998228,0.06574511657,NaN,NaN,0,6.504829939,2.105993242,30.86374981,0,11.01569072,-40.24415725,69.79124982
0.1384998228,0.06961247637,NaN,NaN,0,1.381242205,2.247839003,30.63380315,0,4.597215768,-44.33752108,70.44690699
0.1384998228,0.07347983617,NaN,NaN,0,-1.698780283,2.387362172,28.91334172,0,-7.18050366,-44.92510761,71.67460268
0.1384998228,0.07734719597,NaN,NaN,0,-6.882156817,2.50870241,30.32351796,0,-13.55906011,-37.43561804,73.36995129
0.1384998228,0.08121455577,NaN,NaN,0,-10.6901086,2.616007843,39.50969751,0,-6.944264148,-26.78390905,75.12485167
0.1384998228,0.08508191556,NaN,NaN,0,-3.853261305,2.738357998,35.42470283,0,-5.632075279,-31.85241897,76.27368669
0.1384998228,0.08894927536,NaN,NaN,0,0.2370727559,2.859884515,23.40442317,0,-14.13314677,-35.79818189,77.17373226
0.1384998228,0.09281663516,NaN,NaN,0,-14.04912159,2.949949188,15.19680718,0,-16.29444212,-35.69802784,78.34331471
0.1384998228,0.09668399496,NaN,NaN,0,-21.53699924,3.029879284,3.439359851,0,-36.71052171,-38.74605367,80.16511229
0.1384998228,0.1005513548,NaN,NaN,0,13.74318268,3.074691428,17.89818351,0,-68.487518,24.41488157,83.07408766
0.1384998228,0.1044187146,0.3058160869,2.960149987,1,86.40554656,2.975905144,124.1390625,0,-161.0660735,118.4075328,84.10164044
0.1384998228,0.1082860744,0.08202502544,3.074421009,1,166.8321737,3.075515021,10.83088208,0,-265.1004715,258.080111,88.47172097
0.1384998228,0.1121534342,-0.07422277753,2.003948259,1,241.4317724,2.005322329,-148.2370111,0,-265.3013648,26.40389139,92.12116697
0.1384998228,0.116020794,NaN,NaN,0,72.59340369,2.39904386,57.00974581,0,-53.22162211,-84.39450193,90.24568927
0.1384998228,0.1198881537,NaN,NaN,0,42.08806918,2.550809457,36.40866566,0,-36.40866566,-42.08806918,89.98439193
