PIVlab, ASCII chart output - 19-Sep-2021
FRAME: 217, filenames: A: 72_12_75_70 217.jpg & B: 72_12_75_70 218.jpg, conversion factor xy (px -> m): 0.00024148, conversion factor uv (px/frame -> m/s): 1
x [m],y [m],u [m/s],v [m/s],Vector type [-],vorticity [1/s],magnitude [m/s],divergence [1/s],dcev [1],simple shear [1/s],simple strain [1/s],vector direction [degrees]
0.03694669033,0.01690371453,NaN,NaN,0,-0.4507798731,0.3958387467,-2.171708348,0,2.171708348,0.4507798731,-58.62701695
0.03694669033,0.02076742071,NaN,NaN,0,-0.06206129889,0.4018951536,-2.711014366,0,2.533795764,1.209402386,-58.59836397
0.03694669033,0.02463112688,NaN,NaN,0,0.613756095,0.413743403,-3.827847758,0,3.1847188,2.675978878,-58.58990515
0.03694669033,0.02849483306,NaN,NaN,0,1.084555171,0.4309907177,-4.946359719,0,3.690158945,4.145750156,-58.67365337
0.03694669033,0.03235853924,NaN,NaN,0,1.340516838,0.4533464241,-6.166870197,0,4.111236468,5.613401381,-58.91386286
0.03694669033,0.03622224542,NaN,NaN,0,1.425886228,0.480855819,-7.581256469,0,4.526011053,7.134437336,-59.34936543
0.03694669033,0.0400859516,NaN,NaN,0,1.421622141,0.5140028755,-9.228793355,0,4.96400439,8.808153988,-59.99104717
0.03694669033,0.04394965777,NaN,NaN,0,1.370593028,0.5535718197,-11.07063283,0,5.387652032,10.74603514,-60.82987158
0.03694669033,0.04781336395,NaN,NaN,0,1.192309407,0.6003740809,-13.02582301,0,5.711628899,13.05903421,-61.85676696
0.03694669033,0.05167707013,NaN,NaN,0,0.7367089488,0.6550850998,-14.95095343,0,5.690796755,15.87060744,-63.08970734
0.03694669033,0.05554077631,NaN,NaN,0,-0.06204449052,0.717912352,-16.51502095,0,4.703944506,19.16657832,-64.59301786
0.03694669033,0.05940448249,NaN,NaN,0,-1.124600228,0.7875055624,-17.19342973,0,1.856563478,22.36174589,-66.46778505
0.03694669033,0.06326818866,NaN,NaN,0,-2.578070316,0.8594873289,-16.60500216,0,-3.069214934,24.195183,-68.79762524
0.03694669033,0.06713189484,NaN,NaN,0,-4.481398145,0.9270418519,-14.74452399,0,-9.291287601,23.40514414,-71.60105533
0.03694669033,0.07099560102,NaN,NaN,0,-6.330363544,0.9830657885,-11.85724321,0,-15.49627332,19.3045253,-74.80711898
0.03694669033,0.0748593072,NaN,NaN,0,-7.214138995,1.02151034,-7.459404032,0,-20.77574115,12.33860851,-78.23568868
0.03694669033,0.07872301338,NaN,NaN,0,-6.137541881,1.036041586,1.248802063,0,-26.86698702,3.901290957,-81.70404421
0.03694669033,0.08258671955,NaN,NaN,0,-2.9978457,1.013523592,18.82691035,0,-38.64158772,-6.707194333,-85.43013434
0.03694669033,0.08645042573,NaN,NaN,0,-13.72139045,0.9266142225,41.94710148,0,-46.14188978,-17.61912388,-90.70466415
0.03694669033,0.09031413191,NaN,NaN,0,-55.54242896,0.794546983,51.9888565,0,-35.57685304,-13.80483056,-100.9217937
0.03694669033,0.09417783809,NaN,NaN,0,-137.8037456,0.764287518,27.04799928,0,-4.8008284,37.73855878,-118.3949173
0.03694669033,0.09804154427,NaN,NaN,0,-406.0387652,1.080246808,-220.0013328,0,248.7492357,184.5846858,-130.4972076
0.03694669033,0.1019052504,NaN,NaN,0,21.82344814,2.437377869,-341.6753794,0,-144.2107378,307.2875466,-113.48135
0.03694669033,0.1057689566,NaN,NaN,0,77.89161302,3.529946581,276.1916952,0,-578.2213559,514.0810438,-109.4323829
0.03694669033,0.1096326628,-2.90430165,-3.154672714,1,414.1578169,4.287998135,1321.438178,0,-536.3846334,747.5934893,-132.6337499
0.03694669033,0.113496369,NaN,NaN,0,-296.616858,1.986779603,423.0944156,0,783.3134621,-94.46266488,-145.9755752
0.03694669033,0.1173600752,NaN,NaN,0,82.76739919,1.54345563,68.8447991,0,144.2050723,121.9717152,-131.5557511
0.03694669033,0.1212237813,NaN,NaN,0,107.7049835,1.525387019,23.85923082,0,23.85923082,107.7049835,-120.3037568
0.0408103965,0.01690371453,NaN,NaN,0,-1.003401471,0.389782442,-2.67008517,0,2.943646441,-0.02096579012,-58.65656034
0.0408103965,0.02076742071,NaN,NaN,0,-0.5683264657,0.3961033886,-3.131905391,0,3.324590728,0.8142741194,-58.57856565
0.0408103965,0.02463112688,NaN,NaN,0,0.1611498796,0.4083453841,-4.113757355,0,3.987826224,2.385195926,-58.49318735
0.0408103965,0.02849483306,NaN,NaN,0,0.615372941,0.4258887238,-5.070543236,0,4.458541207,3.921688177,-58.49931759
0.0408103965,0.03235853924,NaN,NaN,0,0.7773568724,0.4482142235,-6.146484373,0,4.851291649,5.386526679,-58.67762655
0.0408103965,0.03622224542,NaN,NaN,0,0.7122754405,0.4752691049,-7.479928119,0,5.306036565,6.849934378,-59.07081112
0.0408103965,0.0400859516,NaN,NaN,0,0.574686773,0.5076777489,-9.12218513,0,5.872050479,8.456295124,-59.68419155
0.0408103965,0.04394965777,NaN,NaN,0,0.4866868511,0.5464995854,-10.97298975,0,6.498483491,10.3552096,-60.49071911
0.0408103965,0.04781336395,NaN,NaN,0,0.3566694145,0.592720599,-12.91542149,0,7.169394739,12.70092133,-61.45322
0.0408103965,0.05167707013,NaN,NaN,0,-0.002943240386,0.6473819942,-14.87073769,0,7.739622032,15.82748842,-62.56612502
0.0408103965,0.05554077631,NaN,NaN,0,-0.5905578215,0.71184508,-16.54157648,0,7.356788913,20.12648483,-63.90262225
0.0408103965,0.05940448249,NaN,NaN,0,-1.057106045,0.7862952009,-17.19191057,0,4.25838103,24.99183186,-65.63316065
0.0408103965,0.06326818866,NaN,NaN,0,-1.793817293,0.8657776146,-16.31736389,0,-2.107315962,28.37834785,-67.91560452
0.0408103965,0.06713189484,NaN,NaN,0,-3.32396934,0.9412287018,-14.1771159,0,-10.52016578,28.30993481,-70.81315008
0.0408103965,0.07099560102,NaN,NaN,0,-4.994158031,1.003967057,-11.84466598,0,-18.72318667,23.69295888,-74.2795791
0.0408103965,0.0748593072,NaN,NaN,0,-5.091073373,1.049088052,-9.84022829,0,-24.04740131,15.73955193,-78.0234391
0.0408103965,0.07872301338,NaN,NaN,0,-1.081666188,1.077111999,-4.658893259,0,-28.30260694,9.034665564,-81.48770479
0.0408103965,0.08258671955,NaN,NaN,0,15.24194584,1.08417562,17.62441616,0,-47.29243697,-2.064161427,-84.48661891
0.0408103965,0.08645042573,NaN,NaN,0,13.19052001,0.9898162724,61.51947867,0,-60.02164527,-25.85140565,-87.93871212
0.0408103965,0.09031413191,NaN,NaN,0,-35.25636131,0.7455482761,99.70409618,0,-35.63363045,-48.80129915,-95.91075829
0.0408103965,0.09417783809,NaN,NaN,0,-87.26770753,0.4788920373,233.6516793,0,-92.13720293,-73.06897366,-119.8412356
0.0408103965,0.09804154427,-0.7699439065,0.4434939143,1,-88.21628645,0.8885383904,-141.9380991,0,-118.6604385,412.1664711,150.0577097
0.0408103965,0.1019052504,-1.037606773,-2.556291824,1,185.0489483,2.758850431,-239.7484005,0,105.408455,1064.66501,-112.0923859
0.0408103965,0.1057689566,0.3522981571,-4.59637624,1,354.6436835,4.609857756,66.84051555,59.21519397,196.7363234,696.9839963,-85.6170236
0.0408103965,0.1096326628,1.092763566,-4.990981083,1,-28.56731237,5.109209761,1221.873595,0,-324.4799982,-219.9927373,-77.65010595
0.0408103965,0.113496369,-1.011772918,0.9745716177,1,158.5584383,1.404803999,764.0266849,0,-610.9694104,-259.5204573,136.0729399
0.0408103965,0.1173600752,NaN,NaN,0,236.4434021,1.226059258,-194.0358246,16.72654788,-108.0046988,440.9791279,-122.3039728
0.0408103965,0.1212237813,NaN,NaN,0,135.3611282,1.566214149,-30.70450351,0,-63.04921381,198.4246751,-109.2173517
0.04467410268,0.01690371453,NaN,NaN,0,-2.084607289,0.3774063422,-3.812903513,0,4.55237514,-1.082153857,-58.76940527
0.04467410268,0.02076742071,NaN,NaN,0,-1.532895996,0.3843914181,-4.070447515,0,4.967119992,-0.02965919488,-58.56947603
0.04467410268,0.02463112688,NaN,NaN,0,-0.6589437279,0.3976492913,-4.712700254,0,5.626194836,1.84087531,-58.30094283
0.04467410268,0.02849483306,NaN,NaN,0,-0.212971103,0.4160172583,-5.275723888,0,5.956288955,3.569127555,-58.13261341
0.04467410268,0.03235853924,NaN,NaN,0,-0.2514176375,0.4383862628,-6.006963143,0,6.222032262,5.022715577,-58.18028735
0.04467410268,0.03622224542,NaN,NaN,0,-0.7038593174,0.4643977082,-7.181491286,0,6.749824286,6.31077359,-58.49132368
0.04467410268,0.0400859516,NaN,NaN,0,-1.207432903,0.4950571694,-8.912189141,0,7.605273031,7.706722686,-59.06412757
0.04467410268,0.04394965777,NaN,NaN,0,-1.359466562,0.5322066126,-10.86486896,0,8.569101467,9.436437395,-59.83537878
0.04467410268,0.04781336395,NaN,NaN,0,-1.379205233,0.5768912142,-12.7838327,0,9.857674407,11.57025588,-60.69616631
0.04467410268,0.05167707013,NaN,NaN,0,-1.753115455,0.6303073582,-14.84508587,0,11.98002967,14.84185358,-61.559138
0.04467410268,0.05554077631,NaN,NaN,0,-2.431634759,0.6965923929,-16.92574738,0,13.91670533,21.18293009,-62.47984647
0.04467410268,0.05940448249,NaN,NaN,0,-1.464739764,0.7815303184,-17.42319313,0,10.67277862,30.39282789,-63.84006951
0.04467410268,0.06326818866,NaN,NaN,0,-0.09333731598,0.8785234827,-15.39788174,0,0.778949686,37.91398694,-65.99162178
0.04467410268,0.06713189484,NaN,NaN,0,-0.8240315281,0.9716132894,-11.6367547,0,-13.16134526,39.92844339,-69.06228913
0.04467410268,0.07099560102,NaN,NaN,0,-2.939748424,1.046691833,-9.642255978,0,-27.12038371,33.27964403,-73.14953514
0.04467410268,0.0748593072,NaN,NaN,0,-3.683929737,1.097885595,-14.17814878,0,-31.77847102,19.11177588,-77.85046477
0.04467410268,0.07872301338,NaN,NaN,0,-3.157634052,1.142555227,-26.38103971,0,-20.18596375,19.84950405,-81.62608286
0.04467410268,0.08258671955,NaN,NaN,0,60.76771074,1.259816934,-2.159902132,0,-71.11484344,18.29721772,-83.57977366
0.04467410268,0.08645042573,0.1264150822,-1.20941444,1,168.272811,1.216003314,95.34495508,0,-192.7935489,-26.37838394,-84.03277845
0.04467410268,0.09031413191,0.04613147735,-0.7816127841,1,183.209539,0.7829729609,141.5937675,0,-149.4141884,7.457410535,-86.62227088
0.04467410268,0.09417783809,0.2569903873,-0.6911509686,1,213.0929878,0.7373830216,246.8674963,0,-136.3719869,287.6249386,-69.60337587
0.04467410268,0.09804154427,0.3425588828,-0.939087566,1,570.3540861,0.9996159487,104.3384232,114.7921572,-63.30971154,583.6954397,-69.9591215
0.04467410268,0.1019052504,2.21606087,-2.543245635,1,299.7580576,3.373280916,-114.0218646,55.18892672,71.45079257,662.4042695,-48.9326859
0.04467410268,0.1057689566,1.77680081,-3.938970017,1,-206.0067021,4.321169508,-172.0856801,0,-117.3587925,282.075861,-65.72069302
0.04467410268,0.1096326628,0.966671611,-4.297992387,1,-234.0825173,4.405359527,-45.15091602,36.2828575,-147.4625835,-7.375115611,-77.32439604
0.04467410268,0.113496369,0.3026226475,-4.08492461,1,551.8731629,4.096118838,435.6650495,0,-820.1141137,-33.356616,-85.76310805
0.04467410268,0.1173600752,NaN,NaN,0,165.3797324,2.486808359,369.0645737,0,-275.1933169,-148.9260169,-91.60684191
0.04467410268,0.1212237813,NaN,NaN,0,90.98899984,2.08711031,199.3324346,0,-117.871049,-8.897330398,-93.34186088
0.04853780886,0.01690371453,NaN,NaN,0,-2.966868548,0.3580544738,-5.408533352,0,6.49701484,-2.48548109,-59.10688625
0.04853780886,0.02076742071,NaN,NaN,0,-2.202764539,0.3664136401,-5.306968314,0,6.982261227,-1.008944937,-58.64514682
0.04853780886,0.02463112688,NaN,NaN,0,-1.051057692,0.3818563964,-5.390872259,0,7.593544173,1.438836952,-58.00843459
0.04853780886,0.02849483306,NaN,NaN,0,-0.5568959876,0.4021778953,-5.312688918,0,7.518387514,3.491231158,-57.52588131
0.04853780886,0.03235853924,NaN,NaN,0,-0.866197002,0.4249830188,-5.424153024,0,7.33072416,4.824434482,-57.36252721
0.04853780886,0.03622224542,NaN,NaN,0,-2.06886217,0.4489943945,-6.326884743,0,7.865955286,5.663721721,-57.55002161
0.04853780886,0.0400859516,NaN,NaN,0,-3.341092505,0.4761152305,-8.480211194,0,9.230115892,6.623384634,-58.09953658
0.04853780886,0.04394965777,NaN,NaN,0,-3.337914964,0.5105908952,-10.79046423,0,10.31497494,8.113561412,-58.90916528
0.04853780886,0.04781336395,NaN,NaN,0,-2.760908328,0.5525923363,-12.5099545,0,11.71217175,9.301811216,-59.72881502
0.04853780886,0.05167707013,NaN,NaN,0,-3.198678588,0.6007795895,-14.80002571,0,16.40611691,10.78673995,-60.23510594
0.04853780886,0.05554077631,NaN,NaN,0,-5.918125996,0.6637212044,-18.89313403,0,25.65722414,19.37055404,-60.22629663
0.04853780886,0.05940448249,NaN,NaN,0,-2.276880935,0.767010115,-20.17723284,0,23.73707842,37.48256268,-60.7721751
0.04853780886,0.06326818866,NaN,NaN,0,3.709239321,0.899098657,-16.21421522,0,7.711681352,52.95632864,-62.69049909
0.04853780886,0.06713189484,NaN,NaN,0,3.060928968,1.025918029,-7.3297652,0,-15.78378125,60.21020779,-65.91640148
0.04853780886,0.07099560102,NaN,NaN,0,-2.256874401,1.120394137,-0.9094544567,0,-44.81853188,50.38539795,-71.07669399
0.04853780886,0.0748593072,0.2367599456,-1.134801158,1,-6.79746999,1.159236361,28.85919476,0,-52.5099284,47.28666939,-78.21511266
0.04853780886,0.07872301338,0.1341999527,-1.131039128,1,-13.00105948,1.138972842,47.0057211,0,-5.179525162,164.4872928,-83.23338209
0.04853780886,0.08258671955,0.1665155084,-1.588715432,1,64.0794143,1.59741796,-29.70006754,10.89934333,-20.63179863,294.649385,-84.0165947
0.04853780886,0.08645042573,0.3020687738,-2.384230111,1,149.9774895,2.403289156,116.104214,14.46742682,-63.89475237,229.474503,-82.77941124
0.04853780886,0.09031413191,0.4991139118,-2.026744918,1,425.8281193,2.087297214,135.2403023,82.94531068,-31.19224728,-24.86647816,-76.16540902
0.04853780886,0.09417783809,1.826825831,-1.765624555,1,374.4488389,2.540614627,293.6799397,47.76451942,-14.8710644,287.999357,-44.02399887
0.04853780886,0.09804154427,1.88841678,-2.004796815,1,125.8573981,2.754147456,-39.09069177,0,-318.844153,393.8561687,-46.7122358
0.04853780886,0.1019052504,1.081181713,-3.438404014,1,9.085857264,3.604382896,-409.5665666,0,-296.672136,172.5351371,-72.54461573
0.04853780886,0.1057689566,0.7772678985,-4.253866764,1,25.79287538,4.324295068,-218.776806,0,-75.321305,96.43947595,-79.64512679
0.04853780886,0.1096326628,0.8898184136,-4.65630711,1,36.6688265,4.740566708,1.924589204,0,-97.39788446,20.69344268,-79.18123805
0.04853780886,0.113496369,0.5426286621,-4.326384099,1,-35.96989225,4.360280408,258.6840781,0,-143.7764915,-237.6700812,-82.85111396
0.04853780886,0.1173600752,NaN,NaN,0,-123.2189277,2.745497811,284.4898308,0,39.78430166,-243.6224445,-85.92018741
0.04853780886,0.1212237813,NaN,NaN,0,0.2508821296,2.296500708,208.8717033,0,12.65412699,-25.42511907,-84.49619159
0.05240151504,0.01690371453,NaN,NaN,0,-3.472835868,0.3304024268,-7.879768803,0,9.096806102,-4.591303903,-60.00447242
0.05240151504,0.02076742071,NaN,NaN,0,-2.377699346,0.3413929095,-7.088783194,0,9.753902477,-2.228713351,-58.95824437
0.05240151504,0.02463112688,NaN,NaN,0,-0.7856265147,0.3612370296,-6.23113155,0,10.24733311,1.432186278,-57.57785325
0.05240151504,0.02849483306,NaN,NaN,0,-0.09735815326,0.3859467317,-5.160006503,0,9.19299277,4.132525644,-56.5742877
0.05240151504,0.03235853924,NaN,NaN,0,-0.5876122131,0.4105181058,-4.050075293,0,7.716521576,5.120069472,-56.12408406
0.05240151504,0.03622224542,NaN,NaN,0,-3.364299855,0.43070401,-4.221683465,0,8.153156805,4.896294176,-56.11253686
0.05240151504,0.0400859516,NaN,NaN,0,-6.750159982,0.4501006744,-7.891306665,0,11.13426031,5.009532716,-56.66825223
0.05240151504,0.04394965777,NaN,NaN,0,-5.890192461,0.4817223088,-11.30682226,0,11.74851064,7.092612402,-57.74582499
0.05240151504,0.04781336395,NaN,NaN,0,-3.127834526,0.5223229777,-11.66549537,0,10.26992075,6.736687622,-58.87930217
0.05240151504,0.05167707013,NaN,NaN,0,-2.362564574,0.5567697433,-12.95192845,0,16.27504208,-0.3672590413,-59.24926896
0.05240151504,0.05554077631,NaN,NaN,0,-15.7653097,0.5920993063,-23.66953018,0,48.56899588,8.02998343,-56.85772279
0.05240151504,0.05940448249,NaN,NaN,0,-5.4338973,0.728304814,-28.17838897,0,50.90662956,47.21054015,-55.60436266
0.05240151504,0.06326818866,0.4994057769,-0.7870546173,1,-16.76864853,0.9321271913,72.00941913,0,53.02937365,170.1799574,-57.60385461
0.05240151504,0.06713189484,0.551523218,-0.9802675766,1,-41.32045662,1.124767701,140.0846155,0,40.0689099,238.2139131,-60.63679853
0.05240151504,0.07099560102,0.4945701682,-1.166197391,1,-32.29347912,1.266734386,144.5349825,0,25.49876855,214.3246307,-67.0187882
0.05240151504,0.0748593072,0.5252704528,-1.249914272,1,47.22992146,1.355800404,211.2341344,0,79.32474822,194.1408673,-67.2056538
0.05240151504,0.07872301338,0.9835402272,-1.100154029,1,105.6331392,1.475699924,189.969195,0,59.8267163,275.1984933,-48.2032128
0.05240151504,0.08258671955,1.164558719,-1.579215238,1,153.4586811,1.962171699,6.842479782,30.98746815,-29.72011072,248.9933759,-53.59386968
0.05240151504,0.08645042573,1.461629706,-2.035753942,1,-88.21262617,2.506123602,-38.48638377,0,-90.88360509,212.0994308,-54.32242598
0.05240151504,0.09031413191,0.4725835036,-2.547405198,1,300.7872304,2.590870203,48.84244568,60.81861703,-30.89130009,90.15375008,-79.49021822
0.05240151504,0.09417783809,2.504428279,-2.195368684,1,359.8256287,3.330436107,-73.6675991,72.12729029,-38.71297502,-45.2289722,-41.23763508
0.05240151504,0.09804154427,1.713268448,-2.657283696,1,45.99478107,3.161715581,-219.4404931,0,-357.6611326,176.3546134,-57.18833242
0.05240151504,0.1019052504,1.300241072,-3.724604682,1,12.5037389,3.945035727,-175.3767033,0,-118.3976957,257.46206,-70.75615799
0.05240151504,0.1057689566,1.304125312,-4.3296455,1,22.38717341,4.521788694,-62.5601559,0,-86.10320658,219.9101029,-73.23726085
0.05240151504,0.1096326628,1.054061041,-4.815986766,1,-51.08767244,4.929987141,-17.85062361,0,-187.1061013,26.61759563,-77.65451012
0.05240151504,0.113496369,0.3838145572,-4.501457634,1,-173.0183188,4.517790881,287.1524185,0,-76.97327764,-478.9391873,-85.1264911
0.05240151504,0.1173600752,0.08816696509,-1.856033896,1,-65.09385451,1.858126808,328.0913764,0,117.7128573,-310.1090583,-87.2803296
0.05240151504,0.1212237813,NaN,NaN,0,87.60489634,2.118615924,113.0335291,0,170.6714504,206.003733,-73.91138037
0.05626522122,0.01690371453,NaN,NaN,0,-3.138071041,0.2921009087,-12.00041984,0,12.97536966,-8.201287288,-62.3280277
0.05626522122,0.02076742071,NaN,NaN,0,-1.643577903,0.3077193914,-9.759380334,0,14.09520203,-3.924674616,-59.82811478
0.05626522122,0.02463112688,NaN,NaN,0,0.3836091322,0.3359490983,-7.284864244,0,14.44889303,2.386095867,-56.83865588
0.05626522122,0.02849483306,NaN,NaN,0,1.540702102,0.3701067014,-5.046130249,0,11.28972888,6.486615667,-55.05999676
0.05626522122,0.03235853924,NaN,NaN,0,1.977406158,0.400733516,-1.394458181,0,6.18921257,6.627023587,-54.38936034
0.05626522122,0.03622224542,NaN,NaN,0,-4.050565056,0.413663837,1.38153284,0,5.895890045,3.791852796,-53.93580378
0.05626522122,0.0400859516,NaN,NaN,0,-14.40505511,0.4124563905,-7.556509734,0,15.40525792,1.425839654,-54.3374223
0.05626522122,0.04394965777,NaN,NaN,0,-10.34486037,0.4443301964,-14.8800228,0,15.27488655,8.510667858,-56.16804863
0.05626522122,0.04781336395,NaN,NaN,0,-1.49767274,0.4983792475,-9.893276251,0,1.343958541,10.91958591,-58.61962685
0.05626522122,0.05167707013,0.2467908995,-0.4495083782,1,-6.514270018,0.5127996979,28.66643901,0,9.010969332,3.316654368,-61.23215615
0.05626522122,0.05554077631,0.2691611662,-0.3275368071,1,3.573172209,0.4239435026,33.29624116,0,48.5172646,33.85700903,-50.58753054
0.05626522122,0.05940448249,0.448053042,-0.4516750205,1,114.4518445,0.6362089693,44.92959347,0,164.8372762,97.12567239,-45.23065076
0.05626522122,0.06326818866,1.348252267,-0.5292071197,1,132.6218059,1.448393714,131.1298593,0,238.0654921,175.2515635,-21.43067398
0.05626522122,0.06713189484,1.880279845,-0.6221483216,1,-10.24019494,1.980535491,118.8863678,0,114.1875794,198.4321153,-18.3083832
0.05626522122,0.07099560102,1.749874419,-0.8365485157,1,-65.30802087,1.939555078,151.741985,0,45.30908775,252.3313771,-25.55069254
0.05626522122,0.0748593072,1.803009844,-1.010796178,1,2.070029836,2.06701558,183.7030866,0,44.93064686,305.7292318,-29.27568784
0.05626522122,0.07872301338,1.931471224,-1.308021687,1,-23.9058001,2.332702686,77.79700623,0,-143.8139306,410.5521965,-34.10645466
0.05626522122,0.08258671955,1.154990084,-2.296464462,1,-23.97531306,2.570554633,3.296667709,0,-224.1317125,284.5106763,-63.30022328
0.05626522122,0.08645042573,0.9728585763,-2.394549989,1,184.1761649,2.584632171,-43.50623735,0,-214.9330876,218.3637902,-67.88905973
0.05626522122,0.09031413191,1.036154372,-3.308253305,1,183.7805352,3.466721191,11.43794918,33.84091341,-81.65428157,247.1987935,-72.60929501
0.05626522122,0.09417783809,1.367444413,-3.30546062,1,266.0274371,3.577146088,-163.8094729,39.14656455,-88.53173814,-97.51267241,-67.52548509
0.05626522122,0.09804154427,1.721945601,-3.564404663,1,193.6473606,3.95854484,-31.22949568,9.345275107,-185.6521876,134.0801956,-64.21505019
0.05626522122,0.1019052504,1.398335413,-3.944168695,1,-1.586277458,4.184711295,-87.4088174,0,-85.56417461,199.5273526,-70.47893651
0.05626522122,0.1057689566,1.385221861,-4.673041715,1,2.380726152,4.874028978,-184.7412456,0,-125.2275404,135.5920307,-73.48868546
0.05626522122,0.1096326628,0.9236914175,-5.181842354,1,-230.0068785,5.263525056,170.0134146,0,-179.8588952,-15.75315304,-79.89287647
0.05626522122,0.113496369,-0.1983790612,-3.95529428,2,-136.4870064,3.960266039,51.75949053,25.05755898,-34.04403118,-763.4198094,-92.8712823
0.05626522122,0.1173600752,0.264809594,-2.032229057,1,264.5060469,2.049409442,947.3240709,0,162.8833579,432.1902827,-82.57590412
0.05626522122,0.1212237813,NaN,NaN,0,280.5125958,2.443788402,395.2496954,0,334.5023012,360.4331886,-53.5202097
0.06012892739,0.01690371453,NaN,NaN,0,-0.6863127999,0.2402468535,-19.24389009,0,19.34558739,-15.20610365,-68.73699571
0.06012892739,0.02076742071,NaN,NaN,0,1.017174296,0.2623983599,-13.61323719,0,21.66196759,-6.705010555,-62.00399978
0.06012892739,0.02463112688,NaN,NaN,0,2.422938844,0.3054996092,-8.102814844,0,22.16330812,5.550256139,-55.10900546
0.06012892739,0.02849483306,NaN,NaN,0,3.899151272,0.3584759551,-6.345192069,0,15.32781713,12.80081757,-52.51206794
0.06012892739,0.03235853924,NaN,NaN,0,11.0070998,0.4090941749,2.136839977,2.224521393,-0.145290218,11.10955641,-52.50043083
0.06012892739,0.03622224542,NaN,NaN,0,-0.4103114208,0.4117059417,18.69878274,0,-6.164067115,2.218253767,-50.81381756
0.06012892739,0.0400859516,0.2236368471,-0.2608821812,1,-14.11131056,0.3436174498,20.53402269,0,6.952670316,17.76157025,-49.39572405
0.06012892739,0.04394965777,0.2324743866,-0.3084000524,1,-15.91873918,0.3862058166,17.26399729,0,28.9340371,62.63211371,-52.99072545
0.06012892739,0.04781336395,0.273924134,-0.4361712529,1,11.59422337,0.5150531944,42.45449896,0,33.90031118,70.95118952,-57.87037007
0.06012892739,0.05167707013,0.4082519008,-0.4185028917,1,25.80975134,0.5846488561,90.77355171,0,54.2296667,61.25576001,-45.710378
0.06012892739,0.05554077631,0.583172928,-0.3221231787,1,71.47325029,0.6662236908,82.78873615,0,71.40260837,79.6280574,-28.91463852
0.06012892739,0.05940448249,0.9602822386,-0.4062909577,1,113.5071488,1.042695699,105.831875,0,171.1937561,120.7212102,-22.93299633
0.06012892739,0.06326818866,1.683173573,-0.3796511952,1,78.53712953,1.725458869,74.07696743,0,132.9868129,98.20516303,-12.71074331
0.06012892739,0.06713189484,1.777548602,-0.4995152162,1,27.29257563,1.846400412,2.153480503,0,69.14781691,95.10935578,-15.69608175
0.06012892739,0.07099560102,2.055790914,-0.7388053848,1,75.91858946,2.184515891,22.65709499,0,89.4005352,174.0139005,-19.76730505
0.06012892739,0.0748593072,2.416293125,-1.084313441,1,148.5110045,2.648435029,36.93843617,26.71127213,62.31950582,250.3704081,-24.16819596
0.06012892739,0.07872301338,2.870378059,-1.563443813,1,53.11004658,3.268551171,-13.84191005,0,-89.27516546,314.4044047,-28.5763431
0.06012892739,0.08258671955,2.276561732,-2.352560755,1,-12.24936783,3.273725008,26.68694643,0,-177.5037117,548.0389645,-45.94057397
0.06012892739,0.08645042573,2.137227913,-3.577794827,1,149.5861497,4.16753632,98.7360261,0,-357.8529822,414.600258,-59.14763678
0.06012892739,0.09031413191,1.471879884,-3.572967339,1,0.9560699844,3.864262672,176.421191,0,-167.2398378,173.1824181,-67.61084305
0.06012892739,0.09417783809,1.494756292,-3.56528116,1,113.0807923,3.865944402,239.8748384,0,52.24581867,382.1781967,-67.25396602
0.06012892739,0.09804154427,2.110653332,-4.122785704,1,71.24837779,4.631654073,167.2154509,0,-9.474048847,292.4292794,-62.88989837
0.06012892739,0.1019052504,1.733434149,-4.049070602,1,-482.5708426,4.404516624,101.4971708,85.47257964,224.676971,282.6446525,-66.82390974
0.06012892739,0.1057689566,1.114227187,-4.822686348,1,-1389.682977,4.949727855,-54.09320898,49.00532739,1368.108671,94.25116929,-76.99072524
0.06012892739,0.1096326628,1.650077366,-4.622229693,2,-554.2811959,4.90792855,869.8344565,0,-346.4236819,684.2514339,-70.35408012
0.06012892739,0.113496369,-2.365831813,-4.105648077,1,581.4227972,4.73851309,1145.17762,0,393.8396983,530.8566862,-119.9521952
0.06012892739,0.1173600752,5.418205095,-2.248674107,1,809.360164,5.866300512,1113.541961,0,710.6020416,523.7947959,-22.53952347
0.06012892739,0.1212237813,NaN,NaN,0,-584.9559219,3.954251491,393.3758107,0,-404.4306705,175.1212257,-27.51908418
0.06399263357,0.01690371453,NaN,NaN,0,7.381661997,0.1813112229,-32.70168634,0,30.71912859,-30.12833998,-89.19427925
0.06399263357,0.02076742071,NaN,NaN,0,8.640467691,0.2012313416,-18.35631012,0,35.70859146,-12.23007349,-67.76268552
0.06399263357,0.02463112688,NaN,NaN,0,4.391820677,0.2687966111,-5.167965871,0,37.21455474,13.71912168,-49.68702089
0.06399263357,0.02849483306,0.2369095411,-0.2592387797,1,-0.6764264406,0.3511849592,2.306980089,0,29.30581251,44.7324853,-47.57686735
0.06399263357,0.03235853924,0.2845168711,-0.3688829607,1,10.16663401,0.465858872,29.79545096,0,12.46139573,54.99935427,-52.35724688
0.06399263357,0.03622224542,0.3243375994,-0.3566192567,1,19.873526,0.482049969,64.98836051,0,7.020995535,35.18230957,-47.71414994
0.06399263357,0.0400859516,0.3884294001,-0.2537211376,1,26.51491594,0.4639523838,90.88523994,0,33.46436137,49.26105736,-33.15247161
0.06399263357,0.04394965777,0.5560799037,-0.1957956453,1,11.89314311,0.5895428687,45.03754804,0,68.14697861,67.18613176,-19.39715813
0.06399263357,0.04781336395,0.6976809128,-0.3392967573,1,-6.350545039,0.7758098644,29.73021101,0,78.33003155,66.9759341,-25.93461978
0.06399263357,0.05167707013,0.8341874904,-0.3397021757,1,2.915432261,0.900703246,70.23141196,0,48.59237212,67.25835705,-22.15739214
0.06399263357,0.05554077631,0.8966919348,-0.3278097467,1,51.80298209,0.9547332905,102.3349932,0,74.81122818,73.62906908,-20.08123849
0.06399263357,0.05940448249,1.323387597,-0.2287909193,1,132.1703687,1.343018993,88.21806874,0,156.9840889,85.89382239,-9.808499916
0.06399263357,0.06326818866,2.013899799,-0.3188295417,1,96.1952339,2.038981284,27.86484582,0,145.2018152,87.81791608,-8.996090791
0.06399263357,0.06713189484,2.256074867,-0.4604319672,1,52.4382366,2.302579293,26.18426319,0,75.89801294,146.6977483,-11.5348285
0.06399263357,0.07099560102,2.509753359,-0.7844582386,1,105.116123,2.629493612,-0.8266987343,17.03102278,64.93095188,227.8094334,-17.35735881
0.06399263357,0.0748593072,2.913086801,-1.343814804,1,130.1294763,3.208101141,-20.53651105,26.12759022,20.76269951,257.356792,-24.76400354
0.06399263357,0.07872301338,3.092756392,-1.85815631,1,166.8300883,3.608030899,19.34174423,32.73113432,-47.13275224,431.1597797,-30.99783286
0.06399263357,0.08258671955,3.375562137,-2.934958691,1,134.8947568,4.473075258,88.27491127,0,-170.227993,734.5428397,-41.0060641
0.06399263357,0.08645042573,2.956239149,-4.355145698,1,-99.43170934,5.263710094,174.6740766,0,-156.4475153,439.4856682,-55.83164321
0.06399263357,0.09031413191,2.386919996,-3.958112873,1,105.8219531,4.622125549,420.450201,0,105.0210516,209.6068871,-58.90813415
0.06399263357,0.09417783809,3.770874568,-3.540509083,1,136.5627881,5.172494522,359.6352373,0,150.9740321,338.4585566,-43.19533408
0.06399263357,0.09804154427,3.497877785,-3.876292401,1,-259.6038231,5.221186817,640.893627,0,29.68778429,38.12053101,-47.93762663
0.06399263357,0.1019052504,2.882546549,-1.211570948,2,-401.6082127,3.126816075,1667.260192,0,-105.0290093,-884.3177128,-22.79763431
0.06399263357,0.1057689566,1.54038042,5.982254912,1,-20.36917207,6.177389875,-206.4102578,0,1067.466425,613.3133181,75.56048596
0.06399263357,0.1096326628,6.928222673,-4.378741993,1,388.209028,8.195953322,-1309.386846,0,837.8015438,1450.221333,-32.29350855
0.06399263357,0.113496369,6.27732504,-4.680060259,1,-217.7414019,7.829928077,1013.178339,0,130.4612306,504.6146755,-36.70637379
0.06399263357,0.1173600752,6.590997736,-2.413801424,1,-449.2199531,7.019094562,211.2644781,66.39318481,-230.9279115,-671.9776603,-20.11409539
0.06399263357,0.1212237813,NaN,NaN,0,-1054.504357,3.863269441,-47.07263866,0,-468.1601862,-640.4558929,-19.15244887
0.06785633975,0.01690371453,-0.155631344,-0.1337230753,1,-9.033699565,0.2051900975,8.896449966,0,92.1802596,5.472922051,-139.3298489
0.06785633975,0.02076742071,0.004995594806,-0.1271093223,1,25.43003379,0.1272074518,16.69517423,0,68.63029022,14.1181334,-87.74934474
0.06785633975,0.02463112688,0.207790111,-0.1237661467,1,34.53316315,0.2418569604,33.56286104,0,67.67893281,44.30181684,-30.77932174
0.06785633975,0.02849483306,0.3999131014,-0.1686014922,1,30.31881519,0.4340010966,22.40269248,0,65.15180263,72.07667446,-22.86006048
0.06785633975,0.03235853924,0.5766605269,-0.3156918178,1,-16.23105093,0.657418198,58.48113353,0,80.2240652,110.2886194,-28.69842531
0.06785633975,0.03622224542,0.647163306,-0.3687703953,1,-11.86568124,0.7448569991,152.1156317,0,60.64279478,130.980419,-29.6756094
0.06785633975,0.0400859516,0.7651209618,-0.2340315659,1,-40.53370248,0.8001130295,152.7685039,0,45.42807195,80.88968548,-17.00757484
0.06785633975,0.04394965777,0.6660737116,-0.09105176064,1,-59.88768812,0.6722682592,66.56395879,0,29.46283385,34.20094404,-7.784042007
0.06785633975,0.04781336395,0.6475682643,-0.1089903859,1,-22.88033242,0.6566761464,7.024094472,0,93.64095618,46.09768067,-9.553751691
0.06785633975,0.05167707013,0.9394719708,-0.242020617,1,47.69650054,0.9701451247,24.41756416,0,111.6008347,56.57210296,-14.44606104
0.06785633975,0.05554077631,1.263046363,-0.2332260761,1,60.83926089,1.284398893,43.34094421,0,118.6587199,61.04348514,-10.4620273
0.06785633975,0.05940448249,1.632999428,-0.3104180338,1,110.313317,1.662241405,47.36927358,0,114.1062875,36.26027358,-10.76298366
0.06785633975,0.06326818866,2.130137775,-0.1903041642,1,96.61809901,2.138621663,13.44096752,0,113.6759638,38.92310696,-5.105188415
0.06785633975,0.06713189484,2.445513898,-0.4088735334,1,87.33254062,2.479458769,-62.35952381,0,120.4078247,119.7881039,-9.491677934
0.06785633975,0.07099560102,2.932785508,-0.8940690786,1,101.3070399,3.066038218,-31.77555004,0,127.9503542,252.4078087,-16.95401096
0.06785633975,0.0748593072,3.331297108,-1.506874532,1,204.3080019,3.656256456,-2.449689267,0,230.0412977,384.7599521,-24.33907928
0.06785633975,0.07872301338,4.61098358,-2.390133362,1,314.7261769,5.193641022,-45.76366624,42.06551508,235.1061742,478.2386216,-27.40025947
0.06785633975,0.08258671955,5.45568776,-3.531465409,1,-83.78003015,6.49890582,33.66301456,10.42130338,57.68517151,398.0679981,-32.91497268
0.06785633975,0.08645042573,4.510160714,-3.798087148,1,-384.4721933,5.896356133,355.5723354,29.9378767,-16.55530211,367.114719,-40.10133176
0.06785633975,0.09031413191,3.906235348,-3.576061788,1,-171.1006298,5.295931694,373.3470386,0,88.75091102,298.6812158,-42.47333117
0.06785633975,0.09417783809,4.191985596,-3.509600347,1,5.58707574,5.467178234,159.9379364,0,208.6966051,12.14878575,-39.93663234
0.06785633975,0.09804154427,4.73416453,-3.005047933,1,-121.3441992,5.607372546,162.9304813,0,267.9672133,5.97635034,-32.40565747
0.06785633975,0.1019052504,4.758493842,-2.903175702,1,-91.91691398,5.574198848,235.298556,0,-438.0880554,-382.0979517,-31.38752993
0.06785633975,0.1057689566,2.686381055,-0.619609232,2,788.1501672,2.756911093,94.48033189,0,-1451.832466,89.81139783,-12.9880383
0.06785633975,0.1096326628,2.194220444,-2.885136312,1,-140.4284968,3.624722734,-919.4718433,0,350.6135733,-365.4219016,-52.74607668
0.06785633975,0.113496369,3.498474434,-2.760295415,2,-150.8148692,4.456293767,-377.000588,0,524.5296956,-760.0210473,-38.27343071
0.06785633975,0.1173600752,3.638144727,-1.405257798,2,-540.4747043,3.900108528,28.51929915,107.1209469,-144.8846362,-799.3694042,-21.11938807
0.06785633975,0.1212237813,0.8504473157,0.4384232826,1,-963.3687583,0.9568048973,738.2040188,0,-479.6485328,-216.154825,27.27204699
0.07172004593,0.01690371453,0.05806863283,0.2097677035,1,-71.28922952,0.2176567379,10.63147228,0,142.2778913,129.2322241,74.5266602
0.07172004593,0.02076742071,0.1952082985,-0.01935152527,1,21.28668534,0.1961651379,5.462503406,0,86.55767967,79.65692954,-5.661388178
0.07172004593,0.02463112688,0.4747475722,-0.07689775908,1,41.72109104,0.4809350504,28.50918655,0,63.55134367,55.76354308,-9.200638678
0.07172004593,0.02849483306,0.6019500548,-0.1246543509,1,55.368733,0.6147215432,60.92563723,0,64.1657281,40.04179597,-11.6996794
0.07172004593,0.03235853924,0.9365936081,0.003791267401,1,78.55217082,0.9366012814,71.15291905,0,132.6925427,58.68133379,0.2319281626
0.07172004593,0.03622224542,1.41813756,-0.07646780993,1,-3.107439341,1.420197685,101.7817111,0,94.89039731,82.46900192,-3.08647348
0.07172004593,0.0400859516,1.29121599,0.07840990136,1,-109.5556269,1.293594544,138.4899295,0,-12.79624378,80.02370096,3.475054823
0.07172004593,0.04394965777,0.9454058812,0.1494285185,1,-123.1499536,0.9571421851,156.2095003,0,22.6536611,147.7985698,8.981726868
0.07172004593,0.04781336395,0.9029278436,0.1109072653,1,-13.0053523,0.9097137529,48.56995723,0,65.2096031,111.2618681,7.002604687
0.07172004593,0.05167707013,1.147107768,-0.09279460503,1,10.42617532,1.15085493,-6.989694939,0,92.34428328,48.73907974,-4.624837605
0.07172004593,0.05554077631,1.300002699,-0.1044123457,1,29.11360622,1.304189003,-63.19581495,0,100.1404841,-31.79037547,-4.59196933
0.07172004593,0.05940448249,1.646507595,-0.2141359956,1,73.95956287,1.660373899,-40.5520841,0,163.1745399,-2.114736186,-7.409992194
0.07172004593,0.06326818866,2.216219197,-0.2529229643,1,89.65835086,2.230604751,-9.118693138,0,125.5377312,21.55206358,-6.510634179
0.07172004593,0.06713189484,2.477962026,-0.3326387878,1,105.1038272,2.500188866,-14.01919947,0,191.5006065,96.90883604,-7.645613693
0.07172004593,0.07099560102,3.36221158,-0.6815163004,1,170.252688,3.430587585,-10.69885967,0,324.6760697,225.2792608,-11.45853834
0.07172004593,0.0748593072,4.390221325,-1.24438891,1,93.59569058,4.563172914,-83.96137036,0,269.139182,300.1952497,-15.82514808
0.07172004593,0.07872301338,4.763712548,-2.165784607,1,-78.41755028,5.232932276,-191.964284,0,247.5356361,104.1218456,-24.4485471
0.07172004593,0.08258671955,5.043643918,-2.388378718,1,-158.5317521,5.580564207,-146.3980273,0,413.410615,52.33300724,-25.33953453
0.07172004593,0.08645042573,5.748489585,-2.933622933,1,-270.7228002,6.45377998,33.33082244,17.34024529,255.1408173,179.7560748,-27.03655472
0.07172004593,0.09031413191,4.983439714,-2.95412287,1,-358.6694221,5.793229956,188.9667263,62.68997008,18.91209451,142.9307741,-30.65895011
0.07172004593,0.09417783809,4.4357671,-2.75575354,1,-264.0946047,5.222088408,139.1056541,45.1603301,48.51000223,-11.53089834,-31.85092696
0.07172004593,0.09804154427,4.150484154,-2.372107491,1,-1738.162696,4.780524308,-273.6275384,255,1189.36054,-327.1199637,-29.74906727
0.07172004593,0.1019052504,2.315356817,-2.549074526,1,-301.1686326,3.443640244,-376.1794473,0,-190.0836914,-298.4633061,-47.7507323
0.07172004593,0.1057689566,2.252429515,-2.672379826,1,119.9078873,3.495003956,61.92798647,0,-210.9049838,44.43835102,-49.87395797
0.07172004593,0.1096326628,1.963770773,-2.481499713,1,-259.6520854,3.164527844,163.6592211,24.04916826,164.3492922,7.940202361,-51.64315899
0.07172004593,0.113496369,1.884207524,-2.070727291,1,-39.35107784,2.799669535,243.472655,0,466.1145463,-169.6390067,-47.70014132
0.07172004593,0.1173600752,3.612659423,-0.8853576341,2,393.9144033,3.71956533,297.1072775,0,585.0085611,-394.5105216,-13.77013194
0.07172004593,0.1212237813,5.666478229,0.601480672,1,523.9729682,5.69831155,527.6869993,0,539.1610859,-241.9565696,6.059096868
0.07558375211,0.01690371453,0.3847608838,0.691437529,1,-52.07427526,0.7912817414,-107.4352882,0,25.73230837,185.733437,60.90558713
0.07558375211,0.02076742071,0.3338720737,0.1250786217,1,7.606321003,0.356532219,-91.69591122,0,30.86303623,97.46391618,20.53747622
0.07558375211,0.02463112688,0.533395177,-0.03942046478,1,53.59821639,0.5348498742,-34.19984736,0,64.46187982,33.01310767,-4.226749011
0.07558375211,0.02849483306,0.7900215969,-0.1346124879,1,48.13643958,0.8014079145,43.77391654,0,92.89570146,61.13777921,-9.669811525
0.07558375211,0.03235853924,1.078301932,-0.1065093283,1,56.73465289,1.083549396,115.5040581,0,90.54164124,78.11070239,-5.641095229
0.07558375211,0.03622224542,1.359053924,0.009864451552,1,25.60773289,1.359089724,101.4144979,0,111.8487583,37.66027408,0.4158639374
0.07558375211,0.0400859516,1.609393426,0.1398182602,1,28.40666904,1.61545546,201.3946264,0,96.24505751,81.71002999,4.965182857
0.07558375211,0.04394965777,1.84067157,0.4722905662,1,-91.26823559,1.9002974,213.5111678,0,2.161576242,199.6925807,14.39084269
0.07558375211,0.04781336395,1.265111475,0.1932092205,1,-140.5941708,1.27978,64.76472466,23.47468569,-50.90389077,167.7238176,8.683181416
0.07558375211,0.05167707013,1.100779327,0.07448688282,1,-81.26473105,1.103296616,-46.90415302,13.35386781,-14.25594953,-7.561536694,3.871155518
0.07558375211,0.05554077631,0.8960476318,0.04120091069,1,19.50736986,0.8969943554,-48.27170754,0,75.57440584,-37.86603567,2.632646611
0.07558375211,0.05940448249,1.468147371,0.03428242415,1,100.3048776,1.468547577,-34.66340995,0,231.5342877,-10.62491237,1.337659532
0.07558375211,0.06326818866,2.178176665,-0.05167678092,1,99.15672353,2.178789589,-54.9726186,0,236.6937961,-26.67228146,-1.359075303
0.07558375211,0.06713189484,2.765775098,-0.0750617633,1,130.4106133,2.76679348,57.21298322,0,279.4767827,120.8166095,-1.55459741
0.07558375211,0.07099560102,3.761861129,-0.2974225048,1,85.73715085,3.77360031,-4.861342382,0,276.8644861,190.1753043,-4.52054953
0.07558375211,0.0748593072,4.166761283,-0.8286260599,1,-66.70463309,4.248355063,-80.06666451,0,198.6310932,135.6131721,-11.24743003
0.07558375211,0.07872301338,4.271586208,-1.130746022,1,-148.0581853,4.418714214,9.503238666,0,387.591637,137.1066507,-14.82688141
0.07558375211,0.08258671955,5.09224816,-1.321648151,1,-208.490829,5.260964281,-103.7001579,0,483.3253059,60.79439446,-14.54959015
0.07558375211,0.08645042573,5.333465875,-1.76630464,1,-373.7584953,5.618335191,-214.1026592,0,398.6935204,-8.199425027,-18.32352248
0.07558375211,0.09031413191,5.188589771,-2.117197749,1,-391.9839268,5.603926313,-147.2576235,58.90489066,224.1220666,-8.664435663,-22.19785574
0.07558375211,0.09417783809,4.684896968,-2.301787996,1,-567.7041493,5.219816815,1193.913367,0,-150.6571724,-1503.817503,-26.16585308
0.07558375211,0.09804154427,2.413052694,8.306041679,1,-462.8073226,8.649459618,20.75739251,86.58277849,-192.7871725,65.32292734,73.80048018
0.07558375211,0.1019052504,2.151872468,-2.473976128,1,4.216439722,3.278888989,-1119.064877,0,172.8924305,1521.874722,-48.9831481
0.07558375211,0.1057689566,3.09734933,-1.897772966,2,-99.54247621,3.632508101,530.9011603,0,282.1023543,213.3157898,-31.49616515
0.07558375211,0.1096326628,2.857230196,-1.246919571,1,-96.98761103,3.11746256,796.9602584,0,274.6399984,514.731705,-23.57686594
0.07558375211,0.113496369,3.783745957,-0.8073247601,1,-150.3954855,3.868915447,141.6865744,0,255.1076443,-8.42666516,-12.04439458
0.07558375211,0.1173600752,3.261807211,-0.6669261196,1,-324.9477837,3.329290725,-142.6886591,51.78636351,-148.5147754,-480.2998559,-11.55571808
0.07558375211,0.1212237813,1.954425742,0.4971057068,1,-332.7756467,2.016654176,-422.7117367,0,-343.974297,-1025.2585,14.27050967
0.07944745828,0.01690371453,0.3605896743,0.5103894814,1,68.52907206,0.6249178633,-184.265402,0,-142.600698,43.43508666,54.7588313
0.07944745828,0.02076742071,0.2174941749,0.07050558905,1,41.5433571,0.2286367298,-116.940238,0,-13.18388063,24.19710834,17.96125856
0.07944745828,0.02463112688,0.4701623587,-0.03492375558,1,105.1123114,0.4714576463,-21.03546223,5.62318316,99.30381414,-15.28365236,-4.248140504
0.07944745828,0.02849483306,1.007298022,0.0482822857,1,135.3253297,1.008454503,53.60373094,0,179.0106316,9.77656476,2.744228076
0.07944745828,0.03235853924,1.684664154,0.1344115371,1,91.85197429,1.690017684,92.43943711,0,153.5558155,38.48608836,4.56170133
0.07944745828,0.03622224542,1.955481615,0.2567421726,1,51.86879719,1.9722639,129.9207988,0,129.4040567,76.57668944,7.479784689
0.07944745828,0.0400859516,2.3850492,0.340517502,1,32.56788211,2.409234703,260.5550218,0,119.2092238,194.9000068,8.125304059
0.07944745828,0.04394965777,2.541903757,0.5104138597,1,-83.01594541,2.592642864,313.7190775,0,-68.09646126,283.4562555,11.35399038
0.07944745828,0.04781336395,1.801195261,0.4574441543,1,-286.553126,1.858375506,406.5606214,0,-128.9120615,495.6735626,14.24996513
0.07944745828,0.05167707013,0.9366683457,0.1661076381,1,-134.5561165,0.9512829954,293.197873,0,-81.2997104,382.5498917,10.05621499
0.07944745828,0.05554077631,0.9671917688,0.1122142076,1,86.56785062,0.9736795911,129.7770985,0,51.86360709,96.9619094,6.617904753
0.07944745828,0.05940448249,1.471526824,0.2928958869,1,90.74368683,1.500393013,42.95064595,0,150.8832591,-0.08204271853,11.25715371
0.07944745828,0.06326818866,1.900767293,0.2784798727,1,161.5476935,1.921058911,-42.14012184,0,276.9663036,-29.30612448,8.335058527
0.07944745828,0.06713189484,3.165816064,0.243309092,1,195.0625528,3.175152069,-47.51419413,0,368.5007428,9.823578743,4.394833129
0.07944745828,0.07099560102,4.07821028,0.05694356538,1,84.47081945,4.078607808,-88.85271733,0,287.9748531,30.85584624,0.7999621741
0.07944745828,0.0748593072,4.60483671,-0.2192096246,1,-7.719297916,4.610051408,-47.63522928,0,331.7500979,-8.001096316,-2.725462919
0.07944745828,0.07872301338,5.330170083,-0.09619107903,1,-206.7154057,5.33103797,94.49468613,0,277.3812206,-35.89959284,-1.033877827
0.07944745828,0.08258671955,4.877868655,0.2845955566,1,-390.8345607,4.886163858,51.65748556,55.84477963,276.80145,13.58632673,3.339093531
0.07944745828,0.08645042573,4.889579649,0.05090469258,1,-435.6405547,4.889844622,-111.0296108,59.42303486,307.0422761,111.105783,0.5964763609
0.07944745828,0.09031413191,4.381002691,-0.5736703368,1,-602.4977486,4.418402679,-177.8058131,112.9854792,175.1383696,131.5632735,-7.460149578
0.07944745828,0.09417783809,3.238388576,-1.144406558,1,-284.4137067,3.43465092,-154.0719108,0,310.8314832,41.3773801,-19.46277956
0.07944745828,0.09804154427,4.483073217,-1.328828969,1,1239.11614,4.675866968,210.058085,119.29163,-1075.204316,404.9366459,-16.51036469
0.07944745828,0.1019052504,3.871695703,-1.897360058,1,-219.3358019,4.311612553,528.4422087,0,386.2201082,494.5336695,-26.10758865
0.07944745828,0.1057689566,5.127865142,-1.197816337,2,156.9460632,5.265905895,551.934222,0,660.9389589,331.4929679,-13.1479503
0.07944745828,0.1096326628,7.031763115,-1.045639823,1,-487.6468383,7.109082581,446.6651757,0,-218.6129958,267.0878576,-8.458038978
0.07944745828,0.113496369,2.399084658,-0.5039823435,1,-857.0014536,2.451449653,26.12800082,114.7308636,-650.9155562,-191.7890597,-11.863772
0.07944745828,0.1173600752,1.205614849,-0.20367233,1,-396.3654414,1.222697665,-174.8886501,59.75336616,-205.9417404,-449.8046691,-9.588811344
0.07944745828,0.1212237813,0.07194667911,0.5582123776,1,-264.9505229,0.5628297994,-77.04045424,0,-321.878867,-471.420706,82.65577078
0.08331116446,0.01690371453,-0.1593660754,-0.1243058679,1,131.0282092,0.2021125795,-57.05718584,0,-61.19580476,-76.69352534,-142.0456956
0.08331116446,0.02076742071,-0.02446012925,-0.08637134483,1,91.30592674,0.08976807412,-2.004955847,15.50416863,51.6746312,-18.16640129,-105.8119773
0.08331116446,0.02463112688,0.3930687896,-0.06186279133,1,131.9727418,0.3979071227,27.47243737,0,142.2107797,-3.727147182,-8.94408064
0.08331116446,0.02849483306,1.034904437,0.03417468277,1,139.0250271,1.035468542,59.56373432,0,169.251754,9.415258559,1.891337747
0.08331116446,0.03235853924,1.584159693,0.1318961843,1,135.1669817,1.589641009,50.80048636,0,155.2265049,-20.44282704,4.759434766
0.08331116446,0.03622224542,2.156899545,0.3094379129,1,226.4323764,2.178983128,103.0882623,0,235.5536178,14.39653797,8.164186804
0.08331116446,0.0400859516,3.369137833,0.4745749474,1,233.0367552,3.402397849,100.0088576,0,282.2928162,42.94003653,8.01790169
0.08331116446,0.04394965777,4.147981594,0.5299350693,1,175.290281,4.181696125,123.5358894,0,182.3822151,38.7175795,7.280516272
0.08331116446,0.04781336395,4.751079266,0.8022879752,1,-64.82375661,4.818342058,193.9455261,0,-48.10187325,258.5676971,9.584793906
0.08331116446,0.05167707013,3.71167014,0.280253988,1,-382.6450812,3.722235555,78.12659,0,-388.3707755,309.8145143,4.31799129
0.08331116446,0.05554077631,1.772100537,-0.09288608941,1,-250.8475624,1.774533218,107.1599204,0,-286.9498234,110.682426,-3.000459006
0.08331116446,0.05940448249,1.633779058,0.2666440611,1,13.17749748,1.655395139,98.80323263,0,20.47641368,-27.28112336,9.269343769
0.08331116446,0.06326818866,1.902129362,0.3942668158,1,88.64048288,1.942560792,48.67663867,0,166.6508181,-36.32164188,11.71024628
0.08331116446,0.06713189484,2.620149635,0.5950524427,1,144.7409047,2.686870209,-78.55092973,0,278.5958665,-103.032727,12.79519754
0.08331116446,0.07099560102,3.53777826,0.4888572872,1,67.35939031,3.571394191,-100.8306729,0,277.2965364,-71.82523212,7.867423814
0.08331116446,0.0748593072,3.951798868,0.4829839419,1,-34.29642788,3.981204313,-39.84566153,0,282.8148524,-104.7584176,6.968061068
0.08331116446,0.07872301338,4.497980432,0.7396611037,1,1.196337077,4.558390782,-34.56365426,0,359.2172526,-235.1268572,9.338310767
0.08331116446,0.08258671955,5.344331081,1.257901228,1,-56.17309416,5.490372501,45.28874141,0,272.4886501,-48.80291066,13.24470067
0.08331116446,0.08645042573,5.333760182,1.103203601,1,-237.8789283,5.446655475,-25.96057852,37.43548277,151.3276015,69.94254831,11.68593897
0.08331116446,0.09031413191,5.009922185,0.8873597246,1,-384.6747608,5.087900115,-65.6863811,75.09335861,104.0421976,220.3444475,10.04408618
0.08331116446,0.09417783809,4.249478414,-0.001935478398,1,-266.2899119,4.249478855,26.74332022,33.50539376,209.1658608,420.9690237,-0.0260960817
0.08331116446,0.09804154427,4.789211636,-0.6358125615,1,21.64732435,4.831232317,64.88646853,0,458.4285895,99.1412832,-7.56232783
0.08331116446,0.1019052504,6.104350688,-0.1342860175,1,-142.1954997,6.105827549,353.9968035,0,587.7368288,176.6230517,-1.260212868
0.08331116446,0.1057689566,6.510652421,0.04950749906,1,-324.0124255,6.510840648,45.88533871,52.09587644,197.3494587,64.82203582,0.4356730934
0.08331116446,0.1096326628,5.614962201,-0.2074518511,1,-665.2882082,5.618793179,-249.3779892,119.7714462,-206.1476531,-233.6995444,-2.11590234
0.08331116446,0.113496369,3.1436803,-0.01106940498,1,-771.8311375,3.143699789,83.9433439,126.2255261,-461.9030562,12.44024588,-0.2017468398
0.08331116446,0.1173600752,0.8481757747,0.06881511047,1,-498.9454158,0.8509627866,58.73391304,70.72236142,-357.3172447,-15.86304221,4.638423106
0.08331116446,0.1212237813,-0.1646670312,0.2771513119,1,-170.3601637,0.3223787848,13.32972306,0,-353.9254622,-94.51295019,120.7162944
0.08717487064,0.01690371453,-0.1561837749,-0.2323076288,1,50.92799845,0.2799289301,100.3850193,0,102.1590837,22.90007117,-123.9135105
0.08717487064,0.02076742071,0.1395579777,-0.08261809234,1,70.9308009,0.1621794633,73.85608627,0,114.924677,12.53138075,-30.62546266
0.08717487064,0.02463112688,0.5619071831,0.004633014792,1,118.9231474,0.5619262828,60.80993397,0,174.6433281,-3.296278683,0.4724021811
0.08717487064,0.02849483306,1.273812583,0.1650694775,1,131.9363487,1.284463479,34.19077566,0,189.0119817,-19.45787582,7.383637747
0.08717487064,0.03235853924,1.80195723,0.2119156409,1,130.3130003,1.814375402,33.80321309,0,163.6005968,0.955349926,6.707348905
0.08717487064,0.03622224542,2.409408364,0.2919839693,1,141.7061956,2.427035909,55.04158619,0,152.1578932,-27.49906092,6.909691389
0.08717487064,0.0400859516,2.937361725,0.5308284491,1,83.17046647,2.984940996,-57.61608917,0,113.3753081,-121.2417969,10.24370862
0.08717487064,0.04394965777,3.168803487,0.5378150093,1,78.40966511,3.214118935,-176.3260403,0,80.04225732,-174.0546847,9.632552243
0.08717487064,0.04781336395,3.549573397,0.5220525984,1,-41.89793151,3.587758383,-306.6765932,0,-147.8796205,-204.7460236,8.366778984
0.08717487064,0.05167707013,2.435558787,0.1439852378,1,-248.1685287,2.439811131,-199.0402509,0,-202.358175,-56.86408776,3.383271148
0.08717487064,0.05554077631,1.808870588,-0.02727432154,1,-186.2809569,1.809076199,62.23664308,36.13490578,8.293419565,16.39684353,-0.863845713
0.08717487064,0.05940448249,1.74786724,0.3210967545,1,-28.33065908,1.777116488,101.2373051,0,64.4702554,-55.90797984,10.40961123
0.08717487064,0.06326818866,1.94850337,0.5798888869,1,32.4081751,2.032962495,46.48376691,0,153.000056,-67.23828132,16.57339105
0.08717487064,0.06713189484,2.464230167,0.7604853348,1,143.6666051,2.578908347,31.04733765,0,234.8857887,-43.54170032,17.15073337
0.08717487064,0.07099560102,3.411118593,0.8680790137,1,110.6978544,3.5198425,13.96057341,0,298.7273957,-49.58718151,14.27785054
0.08717487064,0.0748593072,4.046129036,1.006015188,1,7.848307007,4.169319697,121.5256627,0,219.1478866,13.07602624,13.96269026
0.08717487064,0.07872301338,4.288165188,1.287096544,1,35.13405411,4.477161846,122.3488991,0,176.6216705,-19.59584387,16.70717477
0.08717487064,0.08258671955,4.864290937,1.554447968,1,91.2490767,5.106626559,-14.15865173,0,108.3902938,-83.41542485,17.72196227
0.08717487064,0.08645042573,5.059513057,1.554684366,1,-32.30580358,5.292987423,-50.80803724,0,61.87976064,11.27214244,17.08111705
0.08717487064,0.09031413191,4.978556018,1.314588394,1,-85.45142784,5.149190487,-83.17200107,0,61.82242295,139.9478425,14.79136301
0.08717487064,0.09417783809,4.968217525,0.6926148482,1,-157.5577017,5.01626362,6.356033907,0,193.3451635,253.7410179,7.936403745
0.08717487064,0.09804154427,5.116828255,0.3587655034,1,-148.2437646,5.129390225,107.2803247,0,395.0630998,47.6823299,4.010719637
0.08717487064,0.1019052504,5.921854916,0.9228839887,1,-189.6315032,5.993336341,-48.56434129,0,303.1954322,-167.0534995,8.857935228
0.08717487064,0.1057689566,5.555605909,0.8165727958,1,-314.0779293,5.615295909,-256.5243886,28.29047646,118.2655626,-206.1738693,8.361564749
0.08717487064,0.1096326628,5.165293465,0.7283443763,1,-606.2915734,5.216391675,-158.1371455,118.2729632,-114.2920455,-126.2806608,8.026210303
0.08717487064,0.113496369,2.77148253,0.693488699,1,-714.1433857,2.856928768,1.092064858,136.4003383,-267.8252197,100.6873883,14.04826872
0.08717487064,0.1173600752,1.371255297,0.3435373096,1,-588.126706,1.413633253,16.41769702,114.5046959,-191.7472926,234.9950579,14.06469143
0.08717487064,0.1212237813,-0.2417214571,-0.1510300005,1,-362.9092752,0.2850251285,-122.0076399,0,-472.0283106,133.9990476,-148.0024429
0.09103857682,0.01690371453,0.3169712904,0.07363599264,1,-54.26965409,0.3254121361,71.56532525,0,50.30681156,66.40340413,13.07847171
0.09103857682,0.02076742071,0.3093156608,0.0836080659,1,10.42650874,0.3204161149,26.11302896,0,66.78261399,5.462488026,15.12560212
0.09103857682,0.02463112688,0.6152846549,0.1534236152,1,76.17591625,0.6341246031,13.763251,0,126.3530381,-30.51809048,14.0013958
0.09103857682,0.02849483306,1.091828033,0.2546981586,1,124.190623,1.121142099,-20.55107262,0,161.3310658,-48.26696416,13.13095083
0.09103857682,0.03235853924,1.718456568,0.2605096766,1,132.2679504,1.738090408,2.641027075,0,170.9351617,-21.97835092,8.620128694
0.09103857682,0.03622224542,2.26331577,0.3498202014,1,104.4747539,2.290190483,40.1643095,0,143.8947912,-45.44465988,8.786164984
0.09103857682,0.0400859516,2.678083514,0.5912775805,1,64.258708,2.742579166,-8.42168564,0,73.14761309,-56.67140131,12.45024925
0.09103857682,0.04394965777,2.794213422,0.5362429259,1,16.43654347,2.845203881,-102.5263516,0,8.671222035,-51.15813087,10.86365932
0.09103857682,0.04781336395,2.775092543,0.3928058689,1,-14.26747092,2.802754907,-158.3364186,0,-4.18177263,-137.8920092,8.056521414
0.09103857682,0.05167707013,2.722930966,0.4572517348,1,-167.5569966,2.761056355,236.8117465,0,-13.40275673,167.9436054,9.532529177
0.09103857682,0.05554077631,2.075917225,0.6588921312,1,-256.4487753,2.177974097,115.3433749,47.01365336,19.88505351,71.87531981,17.60933806
0.09103857682,0.05940448249,1.808918252,0.6251995277,1,-98.94517376,1.913912143,17.46023133,18.86369894,33.2110839,-34.64162903,19.06620722
0.09103857682,0.06326818866,1.821940016,0.8601984109,1,52.05589901,2.014796945,42.06584941,0,145.411714,-41.35070021,25.27355256
0.09103857682,0.06713189484,2.571875089,0.9474965658,1,145.8996983,2.740855927,76.41182359,0,262.5649792,-15.50763407,20.22414618
0.09103857682,0.07099560102,3.400127514,1.215348187,1,181.3959906,3.610808542,90.301639,0,310.3559877,-0.7733161904,19.66902051
0.09103857682,0.0748593072,4.471860245,1.299383433,1,119.0354451,4.656815581,21.13911256,0,267.8626427,2.768281341,16.20222044
0.09103857682,0.07872301338,4.894988046,1.286327681,1,22.35014846,5.061180384,36.95632055,0,105.8876757,30.55148,14.72356029
0.09103857682,0.08258671955,4.967333519,1.324129855,1,40.19583739,5.140790032,28.20617027,0,33.83076854,-18.58342959,14.92611434
0.09103857682,0.08645042573,5.181005101,1.467108947,1,38.06256134,5.384721211,28.97411049,0,29.73602978,-5.25539633,15.81056892
0.09103857682,0.09031413191,5.229287354,1.456382612,1,-19.27437412,5.428305126,48.09365957,0,38.2747576,77.40718711,15.56278514
0.09103857682,0.09417783809,5.254417,1.35385009,1,-115.9045591,5.4260306,58.47230352,0,156.9673212,56.66499338,14.44853144
0.09103857682,0.09804154427,5.387941801,1.463365527,1,-230.3344788,5.583131337,67.64153954,0,234.6955001,-40.02771593,15.19499031
0.09103857682,0.1019052504,5.271266705,1.769852458,1,-275.0841537,5.560452355,-73.10407736,50.35289278,102.9645704,-139.5144567,18.55971756
0.09103857682,0.1057689566,4.722922304,1.71995572,1,-303.8180271,5.026354819,-144.441504,50.34270581,108.3550948,-124.6773994,20.01020371
0.09103857682,0.1096326628,4.516055366,1.693489764,1,-422.0239327,4.823138361,-123.4574401,79.69721694,115.0657825,-121.7536693,20.55570043
0.09103857682,0.113496369,3.536926203,1.71337285,1,-608.4074864,3.930075506,95.01176901,122.4356467,-89.49614619,119.1287855,25.84667345
0.09103857682,0.1173600752,1.819560789,1.600308699,1,-733.9286007,2.423177541,-89.99212851,143.5704245,-212.1221053,390.8481176,41.33171661
0.09103857682,0.1212237813,-0.118335755,-0.1444525794,1,-622.9277844,0.186734835,-301.3904161,0,-380.2005358,601.7638083,-129.3243821
0.094902283,0.01690371453,0.3768868572,0.1717451076,1,-21.39592897,0.4141739793,-45.86758002,0,-38.30341365,-26.91180738,24.49847324
0.094902283,0.02076742071,0.2615564977,0.1351253397,1,20.08446254,0.2943988093,-12.06002307,2.401858077,11.04744647,-18.98538482,27.3217846
0.094902283,0.02463112688,0.4971714063,0.1985026706,1,94.88976999,0.5353342111,8.638225568,0,98.28315176,-36.25232459,21.76504968
0.094902283,0.02849483306,1.007919909,0.3085692357,1,153.4503488,1.054095591,-14.25851102,0,164.9154972,-56.39725193,17.02168593
0.094902283,0.03235853924,1.727243492,0.3613143842,1,161.6170945,1.764629753,-25.01209869,0,195.834189,-60.1395564,11.81507838
0.094902283,0.03622224542,2.389006642,0.4442914111,1,95.10872508,2.42996864,14.51677603,0,152.9996005,-38.24556485,10.53512842
0.094902283,0.0400859516,2.685861163,0.5651725666,1,24.25436176,2.744680349,14.18035055,0,23.88728074,-2.25999841,11.88310405
0.094902283,0.04394965777,2.575011803,0.5078120889,1,-51.91272311,2.624606428,-5.378054236,9.739652228,-20.77069534,-4.303491821,11.15601512
0.094902283,0.04781336395,2.40503379,0.5610207732,1,142.8032092,2.469601555,4.958009208,0,225.8590731,-55.03098253,13.13054792
0.094902283,0.05167707013,3.999414541,0.7395919269,1,-35.37320852,4.067224224,74.7071741,0,68.29362736,-49.36479331,10.47706578
0.094902283,0.05554077631,2.532228616,1.0403984,1,-338.548274,2.737628644,50.91811928,43.07346566,-261.3760129,27.07630197,22.33593434
0.094902283,0.05940448249,1.681483367,0.8317097037,1,-115.2861031,1.875933726,-3.850258136,22.61305703,-35.07784611,21.98247074,26.31831409
0.094902283,0.06326818866,1.951266496,0.940588326,1,108.070971,2.166136501,73.82662358,0,155.4228473,-24.40444788,25.73592226
0.094902283,0.06713189484,2.699546061,1.211245701,1,188.1565864,2.958828329,55.78430859,0,279.2089811,-54.40891143,24.16505623
0.094902283,0.07099560102,3.757029727,1.366342551,1,148.6060357,3.99776992,75.96015312,0,223.8224188,-19.74951842,19.98512585
0.094902283,0.0748593072,4.138500181,1.581039751,1,48.72901048,4.430222392,-23.53135238,0,156.2466608,-86.55851898,20.90845988
0.094902283,0.07872301338,4.548995494,1.609861004,1,29.41588646,4.825454637,-81.20829394,0,168.055185,-67.96077049,19.48855236
0.094902283,0.08258671955,4.90147038,1.529855212,1,5.353768114,5.134673199,-52.45429202,0,150.496516,-29.84700637,17.33427531
0.094902283,0.08645042573,5.1511552,1.522513095,1,19.35213482,5.371447293,-6.386060452,0,126.0999282,-8.220081334,16.46595694
0.094902283,0.09031413191,5.463454415,1.53694133,1,-3.454478482,5.675519606,110.1998493,0,71.24405633,52.12128104,15.71198843
0.094902283,0.09417783809,5.413074211,1.746911618,1,-89.87010807,5.687976143,146.6932637,0,27.7705468,-13.4025995,17.88596951
0.094902283,0.09804154427,5.223519956,2.155504706,1,-151.4221372,5.650784129,42.4264899,26.19216656,70.48564146,-122.3483487,22.42367164
0.094902283,0.1019052504,5.100359372,2.38355318,1,-169.0939439,5.629830502,-43.44775952,33.54477285,-14.07485414,-109.0800607,25.04811561
0.094902283,0.1057689566,4.515809539,2.409088633,1,-226.2423664,5.11822663,-15.33329091,46.50495636,-2.162575639,-124.0237627,28.07897523
0.094902283,0.1096326628,4.217869786,2.803501227,1,-265.6034224,5.064587314,-22.25921242,54.21941267,28.27926155,-97.14094601,33.61088567
0.094902283,0.113496369,3.598858713,2.69840965,1,-393.8236446,4.498132799,-49.7110201,80.02492689,-42.07786238,65.1675232,36.86241416
0.094902283,0.1173600752,2.533674441,2.35964429,1,-568.0866416,3.462286433,-114.8862865,111.671157,-125.5545193,379.875166,42.96314263
0.094902283,0.1212237813,0.9188330742,0.7867967695,1,-708.8926167,1.209670771,-150.1315067,0,-127.0101628,664.0336745,40.57344433
0.09876598917,0.01690371453,0.03577312163,0.008310439635,1,68.44325492,0.03672573536,-41.81027962,0,11.06186157,-62.71313796,13.07838279
0.09876598917,0.02076742071,0.1893653265,0.04869169108,1,79.78848601,0.1955252098,-6.138022474,13.84433836,42.58592511,-47.08942986,14.42013457
0.09876598917,0.02463112688,0.5085918899,0.1665346454,1,86.7056012,0.5351630579,6.63335394,8.408321244,76.21299812,-58.15015207,18.13065063
0.09876598917,0.02849483306,0.8188349252,0.2989961235,1,113.5179674,0.8717163051,-22.28515291,0,114.4661654,-80.82475715,20.05957628
0.09876598917,0.03235853924,1.389455592,0.3927144759,1,166.2802389,1.443887635,-44.31220339,0,183.8498473,-115.3573084,15.78236641
0.09876598917,0.03622224542,2.171634702,0.5734935346,1,154.9797165,2.246083728,-43.89117774,0,190.4618358,-94.91597163,14.79316583
0.09876598917,0.0400859516,2.724140252,0.5898592873,1,63.29871717,2.787270007,-8.785773734,0,88.15484668,-30.28664172,12.21766723
0.09876598917,0.04394965777,2.756806773,0.656566571,1,-47.38472896,2.833913062,2.376880417,9.507726556,10.49916901,-29.67784379,13.3961168
0.09876598917,0.04781336395,2.581625286,0.7137093233,1,-2.499317338,2.678464134,26.20487667,0,19.07400064,-25.87552198,15.45385236
0.09876598917,0.05167707013,2.820846479,0.8577899291,1,-34.65060226,2.948385731,-184.6382911,0,-18.24175654,-247.6228295,16.91396834
0.09876598917,0.05554077631,2.377264753,0.9570630735,1,-139.69265,2.56268559,-17.09208914,18.87121471,-104.08124,-37.10156526,21.92922395
0.09876598917,0.05940448249,1.878975794,0.9351006656,1,-98.57830329,2.098800441,93.24792091,6.529312853,4.271967881,70.96644549,26.45792705
0.09876598917,0.06326818866,2.012892782,1.043152148,1,46.72267773,2.267135584,92.96459505,0,133.9881198,-1.296092312,27.39478634
0.09876598917,0.06713189484,2.577189219,1.299296266,1,166.5258014,2.886186941,95.20559353,0,248.7273351,-24.57837098,26.75506927
0.09876598917,0.07099560102,3.617308891,1.505962191,1,153.303894,3.918270758,83.79395479,0,226.9828157,-23.74625605,22.60299465
0.09876598917,0.0748593072,4.046505329,1.714800043,1,66.7214059,4.394854328,46.30343459,0,114.7969828,-35.49031204,22.96592344
0.09876598917,0.07872301338,4.318642611,1.821989196,1,40.83651625,4.687250647,1.199545378,0,115.1898809,-42.83039273,22.87436171
0.09876598917,0.08258671955,4.649345484,1.884918787,1,44.31302357,5.016904649,-3.336876299,0,164.276505,-18.23497105,22.06841813
0.09876598917,0.08645042573,5.124571261,1.879551056,1,81.19857783,5.458382799,-18.95960969,0,231.222442,17.25509659,20.14164097
0.09876598917,0.09031413191,5.856448508,1.744995802,1,16.40864958,6.110891872,-10.51967552,0,150.4885398,7.900990561,16.59202717
0.09876598917,0.09417783809,5.769412963,1.808379015,1,-148.0638204,6.046185624,77.33008264,23.60143243,-53.11640661,-71.68647134,17.40320644
0.09876598917,0.09804154427,5.079147222,2.320751982,1,-164.1724242,5.584230141,93.62439753,13.71542883,-117.2850388,-51.42329286,24.55649715
0.09876598917,0.1019052504,4.681944024,2.368800672,1,-139.5361632,5.247076945,66.97089082,16.63397228,-92.01861502,-1.611500641,26.83684784
0.09876598917,0.1057689566,4.184487595,2.585734192,1,-139.3193481,4.91893868,66.01596016,24.82897467,-23.01592248,-53.08352938,31.71329935
0.09876598917,0.1096326628,4.054728236,2.828966106,1,-119.2963129,4.944074261,-14.55815868,23.438142,-32.84828053,-140.5203793,34.90331243
0.09876598917,0.113496369,3.596645589,3.072415202,1,-187.5049209,4.73028484,-51.14471198,26.5970192,-126.0096737,-175.6771338,40.50543114
0.09876598917,0.1173600752,2.84339996,3.310122794,1,-325.2455816,4.363695251,-129.5370426,56.0605876,-122.3594597,121.1665318,49.33737681
0.09876598917,0.1212237813,1.867231226,2.103770253,1,-242.8349106,2.812899167,-688.7105435,0,-262.466833,-64.2569824,48.40888638
0.1026296954,0.01690371453,-0.02696091703,-0.04995973637,1,-0.8039989066,0.05677029421,43.03966897,0,43.69658675,21.63777671,-118.353647
0.1026296954,0.02076742071,0.0559012613,-0.008614424692,1,42.71999802,0.05656111145,0.3877531301,2.15457062,41.41853043,-53.42639889,-8.760410122
0.1026296954,0.02463112688,0.2981256351,0.1579623352,1,76.7267916,0.3373884907,-12.86398333,7.402420634,66.56367242,-95.90529245,27.91694982
0.1026296954,0.02849483306,0.6095335124,0.3122327944,1,110.1537979,0.6848506557,-21.23840969,8.422143129,100.0593345,-91.43936215,27.12373853
0.1026296954,0.03235853924,1.110327413,0.4291981889,1,152.9595083,1.190394074,-21.88589329,0,168.7945359,-91.54727228,21.1340601
0.1026296954,0.03622224542,1.852696601,0.5813838948,1,179.821413,1.941775458,-57.72483716,0,188.8840089,-117.7736991,17.4220741
0.1026296954,0.0400859516,2.53489683,0.6612093477,1,49.37518975,2.619713675,-86.12814799,0,110.2726387,-124.9702756,14.6194331
0.1026296954,0.04394965777,2.469528902,0.7314584631,1,-37.94352586,2.575578475,-101.0427156,0,4.66187755,-96.68534166,16.49894794
0.1026296954,0.04781336395,2.40630632,0.6443737351,1,-29.24745162,2.491089644,-58.03176957,0,-7.050423319,-76.54570905,14.99124445
0.1026296954,0.05167707013,2.329284579,0.8029908855,1,-13.53421953,2.463810263,-26.30714427,0,-8.068370719,-164.4172036,19.02097403
0.1026296954,0.05554077631,2.322840258,1.177990425,1,-43.5148655,2.604466991,34.46607038,0,40.0660656,-75.81717238,26.89109905
0.1026296954,0.05940448249,2.315959429,1.229092932,1,-67.31760477,2.621895786,97.29470778,0,62.81581274,71.47340448,27.95514827
0.1026296954,0.06326818866,2.305446657,1.277756354,1,24.97981697,2.635857657,128.2260172,0,144.9268575,50.64368318,28.99669966
0.1026296954,0.06713189484,2.972428897,1.528848275,1,171.6479121,3.342560485,113.0533436,0,264.0968513,16.44664393,27.21871145
0.1026296954,0.07099560102,3.989036391,1.651016256,1,112.6738081,4.31720581,38.51671136,0,199.9405464,-23.06700332,22.4841006
0.1026296954,0.0748593072,4.18027891,1.766789654,1,26.3244226,4.53831218,44.97356574,0,76.9727026,-18.72804376,22.91128922
0.1026296954,0.07872301338,4.388146132,1.897140558,1,43.73047226,4.780687061,66.43650369,0,121.3556293,7.796122568,23.38042327
0.1026296954,0.08258671955,4.8181231,1.993358857,1,44.53189509,5.214191187,76.6268083,0,151.2447233,23.56359439,22.47590856
0.1026296954,0.08645042573,5.144569462,2.102161226,1,-3.565854735,5.557488351,-11.83732121,0,167.9710802,-27.78775091,22.22578516
0.1026296954,0.09031413191,5.453336585,2.054986631,1,-58.52993366,5.827679638,-125.0762902,0,133.6676359,-128.0784081,20.64796768
0.1026296954,0.09417783809,5.434879466,2.113760527,1,-80.7471548,5.831457655,-49.61516959,1.134685854,63.46738316,-122.5185279,21.25230298
0.1026296954,0.09804154427,5.386572625,2.336663786,1,-47.87414581,5.871555356,137.6131911,0,26.65342895,20.26821821,23.45091868
0.1026296954,0.1019052504,5.352888852,2.567147024,1,-157.2285455,5.936637339,235.3191406,0,-55.20892643,100.2707992,25.62151931
0.1026296954,0.1057689566,4.565776652,2.858450897,1,-320.8280378,5.386748367,231.285473,37.45672336,-128.0148324,83.66451698,32.04904286
0.1026296954,0.1096326628,3.618691881,3.137511024,1,-363.868539,4.789457835,-12.31558597,71.20419755,-113.2098984,-32.38914114,40.92623852
0.1026296954,0.113496369,2.722485746,2.936009216,1,-76.88118826,4.004007837,-98.14218195,0,-212.3122915,-99.70172815,47.16103256
0.1026296954,0.1173600752,2.501333247,3.143536652,1,-860.2459829,4.017274038,-441.8190387,132.8178103,-359.5408582,134.0695833,51.49049806
0.1026296954,0.1212237813,-1.990412208,0.7109447898,1,-863.0480675,2.113571208,-849.1181939,0,-1462.048742,410.0830757,160.3440497
0.1064934015,0.01690371453,0.2856677681,0.1802476274,1,-129.1217246,0.3377799297,-5.768658623,0,-26.80534179,64.93258954,32.25067265
0.1064934015,0.02076742071,-0.01556041678,0.04366320272,1,-85.84262094,0.0463530133,0.06640628541,16.17091105,34.77031059,13.77870373,109.6147299
0.1064934015,0.02463112688,0.08833936705,0.127267339,1,65.75551255,0.1549219783,-3.848440344,11.09720294,37.52396069,-59.83895055,55.23454113
0.1064934015,0.02849483306,0.383481122,0.2599940829,1,147.170625,0.4633084222,-20.56218262,25.59971918,76.14961799,-105.0999337,34.13664447
0.1064934015,0.03235853924,0.9511831695,0.45389637,1,161.826781,1.053931372,-46.01855313,18.79834628,125.4825408,-136.2207174,25.51007224
0.1064934015,0.03622224542,1.493559924,0.6085087423,1,122.6827651,1.612762889,-93.67691389,0,125.0935292,-189.7641291,22.16704878
0.1064934015,0.0400859516,1.908517969,0.8251491372,1,37.4274745,2.079257544,-156.6685151,0,91.79656833,-211.7121906,23.38127721
0.1064934015,0.04394965777,1.992843656,0.8211813314,1,-14.58141597,2.155403586,-138.6018232,0,54.21680099,-131.9561267,22.39484995
0.1064934015,0.04781336395,2.061657451,0.7994721186,1,-37.47108731,2.21124108,-81.61102213,0,61.04947997,-96.55186619,21.1953592
0.1064934015,0.05167707013,2.083943638,0.8789083629,1,-10.85786741,2.261703118,6.044424029,0,51.19188523,-118.3240172,22.86770486
0.1064934015,0.05554077631,2.217496244,1.279995233,1,41.28866308,2.560405708,49.75751404,0,74.42990707,-94.91953077,29.99463534
0.1064934015,0.05940448249,2.531046192,1.437897955,1,25.49449791,2.910969831,49.54978814,0,100.4199691,-9.097796692,29.60108846
0.1064934015,0.06326818866,2.703992748,1.506592269,1,27.69388552,3.095383183,90.36021024,0,113.7487873,33.78400121,29.1253798
0.1064934015,0.06713189484,3.077539121,1.656491803,1,109.8046581,3.495026772,67.51176749,0,142.0284861,-19.59189484,28.29145092
0.1064934015,0.07099560102,3.677002023,1.843135227,1,125.7352508,4.113087812,1.11305184,0,151.2969935,-64.62649983,26.62279107
0.1064934015,0.0748593072,4.147910315,1.910490115,1,80.83844412,4.566741996,30.20985453,0,159.4628628,-41.94231077,24.73037145
0.1064934015,0.07872301338,4.605455667,2.121909994,1,47.00769472,5.070771532,79.42853222,0,182.9635831,-20.66595409,24.73733601
0.1064934015,0.08258671955,5.036451761,2.2972258,1,-52.85447841,5.535620356,73.75715417,0,147.5863086,-35.05271849,24.51867205
0.1064934015,0.08645042573,4.971471625,2.542319372,1,-143.0362981,5.583808548,18.3662457,20.28721431,102.112217,-30.90378939,27.0843691
0.1064934015,0.09031413191,4.878333136,2.487590739,1,-113.200781,5.475969492,-51.13453885,0,147.589345,-5.391475822,27.01823388
0.1064934015,0.09417783809,5.104338932,2.365581616,1,-72.81473163,5.625855697,18.4843527,0,282.6706122,-12.86220646,24.86514045
0.1064934015,0.09804154427,5.689154598,2.608704633,1,-38.44731256,6.258739482,85.63031198,0,264.7134867,-17.22245954,24.63334688
0.1064934015,0.1019052504,5.978564947,2.762974505,1,-138.3915186,6.586142038,121.8667463,3.033843105,63.905321,-65.00127577,24.80386701
0.1064934015,0.1057689566,5.401361817,3.330707765,1,321.4469086,6.345732715,-147.9780489,0,-864.076846,-415.71656,31.65973647
0.1064934015,0.1096326628,3.882002306,3.797437444,1,-375.3690709,5.430513147,-886.0656134,0,-289.5694227,-683.7835254,44.3690928
0.1064934015,0.113496369,2.832234851,2.549149212,1,-308.3956511,3.810474506,-249.8210313,0,-268.1636718,-624.3999373,41.98875312
0.1064934015,0.1173600752,1.654346488,5.244700277,1,-427.7058712,5.49943118,-643.0813041,0,-261.0903781,71.19184183,72.4930561
0.1064934015,0.1212237813,0.1709285273,-0.210592355,1,-592.0423958,0.2712299789,-1133.554604,0,-175.8306732,1690.310556,-50.93528499
0.1103571077,0.01690371453,NaN,NaN,0,-52.10815659,0.3999113999,19.18349167,0,4.363102651,-38.81149804,59.72243573
0.1103571077,0.02076742071,0.1093946984,0.457398504,1,-64.278932,0.4702984069,-12.93960687,11.8551266,25.56613864,63.79417578,76.54939491
0.1103571077,0.02463112688,0.05205626947,0.0488839139,1,-15.28269502,0.07141072909,-44.58412365,0,19.06593274,64.00850576,43.19989651
0.1103571077,0.02849483306,0.1240120174,0.03782849085,1,54.67134726,0.1296532883,4.347754443,8.24610989,36.98990548,-57.74050969,16.96374561
0.1103571077,0.03235853924,0.406208418,0.2887747236,1,131.1433901,0.4983935391,-31.17903008,25.35889149,32.83172745,-174.2721801,35.40912966
0.1103571077,0.03622224542,0.7575636919,0.5906983788,1,119.5404759,0.9606390175,-70.25119527,15.11632895,63.02351089,-221.0133912,37.9447639
0.1103571077,0.0400859516,1.111582022,0.8712755515,1,84.33155383,1.412351117,-107.8308468,0,88.19936776,-213.0604273,38.08990919
0.1103571077,0.04394965777,1.42417248,0.997274559,1,39.72718335,1.738626986,-95.40622768,0,117.2089857,-135.2003272,35.00157253
0.1103571077,0.04781336395,1.717937268,1.02502826,1,7.668564025,2.000497785,-71.78365021,0,114.3119178,-83.54912537,30.82293117
0.1103571077,0.05167707013,1.895469221,1.042732898,1,10.97320738,2.163352829,-34.41292191,0,100.425074,-107.143658,28.81601114
0.1103571077,0.05554077631,2.148347495,1.306038454,1,51.51322942,2.51418643,27.8502169,0,97.7695553,-95.30874437,31.29654762
0.1103571077,0.05940448249,2.472254038,1.518582938,1,62.09362672,2.901402104,-1.228809705,0,102.7108094,-79.96377078,31.5603412
0.1103571077,0.06326818866,2.785103413,1.610247209,1,61.62770571,3.217094512,-17.55058043,0,115.7468499,-52.4312713,30.03496566
0.1103571077,0.06713189484,3.157577205,1.653351678,1,83.41255758,3.564248248,3.983095049,0,164.6745464,-32.13044553,27.63718462
0.1103571077,0.07099560102,3.74363909,1.749779319,1,81.88391283,4.132379617,30.70040786,0,171.0781128,-77.28389747,25.05141697
0.1103571077,0.0748593072,4.134948146,2.070571306,1,42.99413752,4.624398523,0.356228102,0,182.5790138,-173.7395271,26.59937426
0.1103571077,0.07872301338,4.615187468,2.422434164,1,26.36340742,5.212306845,-7.919479599,0,189.159586,-188.3762291,27.69422441
0.1103571077,0.08258671955,4.967665667,2.767803164,1,-75.94419944,5.686689418,4.970729798,0,200.420696,-157.2851108,29.1249664
0.1103571077,0.08645042573,5.096128077,3.049343058,1,-118.395111,5.938772134,26.34174443,0,187.5698861,-49.95802426,30.89481212
0.1103571077,0.09031413191,5.234936673,3.062603051,1,-156.9502521,6.064989647,109.2645447,0,250.2476442,-4.074402016,30.32898035
0.1103571077,0.09417783809,5.456601788,3.487251446,1,-245.3228723,6.475756768,48.05088182,0,352.9769678,-67.22314975,32.58217811
0.1103571077,0.09804154427,5.650880467,3.507988039,1,-278.1501991,6.651197647,-67.85284118,0,308.1728066,-32.00930986,31.83143542
0.1103571077,0.1019052504,5.572600322,3.348762573,1,-708.6462742,6.501391014,-1109.297073,0,-135.8936591,244.3391394,31.00307069
0.1103571077,0.1057689566,2.387826309,-1.722064558,1,-1306.320576,2.944014406,-504.5597349,191.0893449,-769.2369036,-535.6834995,-35.79857794
0.1103571077,0.1096326628,-2.446743935,3.469015655,1,-500.829761,4.245070729,434.4139977,0,-286.7750361,-811.4152914,125.1958375
0.1103571077,0.113496369,-0.6552472111,3.091453763,1,-212.2645884,3.160132162,-154.6676887,0,921.0307851,-237.0430798,101.9669857
0.1103571077,0.1173600752,0.2917203981,3.787289962,2,202.7503399,3.798508398,-313.1297305,0,8.439740567,-113.2208518,85.59542328
0.1103571077,0.1212237813,0.1607292074,2.319064594,2,-498.6236962,2.324627813,-399.5956764,0,430.8177168,360.4131341,86.03529713
0.1142208139,0.01690371453,NaN,NaN,0,-22.20624645,0.4503112757,3.885926579,0,7.244330619,7.839551937,62.22707324
0.1142208139,0.02076742071,NaN,NaN,0,-4.71318738,0.4306479638,-0.8746320953,0,-7.306734481,34.96029683,65.157415
0.1142208139,0.02463112688,NaN,NaN,0,-47.02954623,0.3070600903,-1.007907796,1.944649384,46.06169532,50.52809442,57.85192985
0.1142208139,0.02849483306,NaN,NaN,0,-46.98026024,0.2610284133,-5.949741223,2.144396556,45.42491087,42.1727981,47.24972435
0.1142208139,0.03235853924,0.1573800593,0.07404899181,1,7.260329382,0.1739302626,12.41835009,0,42.17716121,-38.94829097,25.19748352
0.1142208139,0.03622224542,0.3681991416,0.3901437955,1,64.23862747,0.536453902,54.97998851,0,68.097603,-143.2867033,46.657542
0.1142208139,0.0400859516,0.6686883705,0.8400932338,1,96.99274735,1.073732173,20.89066127,3.814444453,92.88932708,-168.1517816,51.48128944
0.1142208139,0.04394965777,1.101847686,1.12054825,1,95.77222332,1.57152687,-64.59856106,0,109.4216602,-160.7284044,45.48210947
0.1142208139,0.04781336395,1.461497246,1.211510703,1,32.09344094,1.898349911,-115.8966687,0,80.53492671,-142.807577,39.65709313
0.1142208139,0.05167707013,1.537010605,1.224524092,1,35.16872356,1.965161788,-92.92130959,0,93.03954236,-156.9027229,38.54405273
0.1142208139,0.05554077631,1.956856315,1.458716085,1,45.1728318,2.44072515,-39.43024674,0,130.9097378,-135.2726077,36.70226501
0.1142208139,0.05940448249,2.217341917,1.594830814,1,58.23844288,2.731316625,-38.39807288,0,65.15269985,-104.908476,35.72570657
0.1142208139,0.06326818866,2.433603436,1.715692741,1,64.57609182,2.97758749,-59.2437795,0,129.911811,-156.4647947,35.18387309
0.1142208139,0.06713189484,2.968786029,1.970464251,1,78.11972283,3.563203594,-41.69262299,0,197.1117834,-163.8713411,33.57331435
0.1142208139,0.07099560102,3.497017107,2.187755409,1,-34.15678864,4.124973015,-89.54006087,0,165.9530844,-213.6025,32.03035067
0.1142208139,0.0748593072,3.478008191,2.449805064,1,-33.64064162,4.254184508,-81.00462395,0,124.2297295,-226.7587679,35.1597222
0.1142208139,0.07872301338,3.847026725,2.750906595,1,65.93447219,4.729387034,-57.5808578,0,185.1057236,-294.4553633,35.56755188
0.1142208139,0.08258671955,4.447953747,3.365018554,1,23.50152959,5.577422559,-20.75444461,0,243.9097294,-272.7331358,37.10866501
0.1142208139,0.08645042573,4.880225259,3.724478221,1,-44.41717891,6.139082716,-84.81013195,0,260.9976214,-264.9131679,37.35005971
0.1142208139,0.09031413191,5.28475694,4.060883767,1,-165.7177113,6.664790536,-95.19812065,0,204.5502873,-341.7899006,37.53919717
0.1142208139,0.09417783809,5.030262922,4.677236404,1,-180.8970985,6.868776125,-108.9740963,0,185.7006854,-319.4457648,42.91727827
0.1142208139,0.09804154427,5.303316589,4.874084453,1,-595.516526,7.202906781,-367.5228967,96.4179296,-24.00296567,-444.8284432,42.58498032
0.1142208139,0.1019052504,2.636621635,4.975922322,1,-725.0144154,5.631303277,-380.72969,112.2241312,-289.8528655,-518.3583789,62.08195883
0.1142208139,0.1057689566,1.382167606,5.405841268,1,-894.3542999,5.579740774,-181.9894061,51.17239444,839.6810025,-91.030027,75.65785076
0.1142208139,0.1096326628,2.425380078,4.624482007,1,-177.4289823,5.221906008,591.8257916,0,161.0229546,197.8961785,62.32455156
0.1142208139,0.113496369,1.318779535,6.927869548,1,-485.2145333,7.052273104,-82.08044194,94.17060052,-140.6940783,-48.2940237,79.22220393
0.1142208139,0.1173600752,0.007053108703,4.493941214,1,-193.5644544,4.493946749,-537.8550186,0,-142.7035686,380.2720879,89.91007603
0.1142208139,0.1212237813,NaN,NaN,0,-127.3967145,3.380552639,-323.1075809,0,133.8597256,253.2535545,89.66884376
0.1180845201,0.01690371453,NaN,NaN,0,-18.74935028,0.5213393702,7.312759271,0,15.72466879,13.40601791,61.7281951
0.1180845201,0.02076742071,NaN,NaN,0,-18.60285063,0.5082047814,7.97197818,0,17.68476537,21.06509635,61.67979279
0.1180845201,0.02463112688,NaN,NaN,0,-32.24565745,0.4755625831,11.54203978,0,38.16628732,25.13595098,59.21692919
0.1180845201,0.02849483306,NaN,NaN,0,-39.27605708,0.4749622369,21.93805512,0,54.88718231,18.02420071,56.23659538
0.1180845201,0.03235853924,NaN,NaN,0,-50.95702597,0.5212905214,55.70708461,0,90.4023718,1.160130125,54.3662889
0.1180845201,0.03622224542,NaN,NaN,0,-16.06458482,0.7349336687,66.58333463,0,77.89739214,-45.15860921,55.49039979
0.1180845201,0.0400859516,NaN,NaN,0,6.641938856,1.013000059,39.79500409,0,28.86873206,-75.22503776,57.61234208
0.1180845201,0.04394965777,0.553575291,1.050011973,1,26.17026941,1.187000735,-19.78941224,0,19.32277431,-112.1284178,62.20141842
0.1180845201,0.04781336395,0.7183800752,1.212191927,1,43.91638161,1.409070332,-72.98456521,0,53.56703314,-128.9714223,59.34778873
0.1180845201,0.05167707013,0.9302225629,1.266328738,1,77.02315986,1.571274161,-47.09369318,0,118.3765128,-157.1198494,53.69965831
0.1180845201,0.05554077631,1.473346997,1.637300667,1,114.6581776,2.202613187,-131.3755826,0,141.1420908,-203.577982,48.01711088
0.1180845201,0.05940448249,1.91855964,1.545297595,1,32.07126723,2.463496651,-147.5125031,0,91.72744917,-205.8462774,38.84959285
0.1180845201,0.06326818866,1.951668863,1.862685231,1,25.94780667,2.697889475,-104.2580499,0,89.16933382,-251.2165444,43.66361071
0.1180845201,0.06713189484,2.363338447,2.113102038,1,63.8587134,3.170263213,-117.6109501,0,96.7944039,-288.4986445,41.80045257
0.1180845201,0.07099560102,2.572385305,2.522945072,1,25.47252857,3.603112265,-85.88029067,0,125.2900693,-232.7429065,44.44407378
0.1180845201,0.0748593072,2.945840828,2.680536034,1,51.94501874,3.982869771,-155.6149591,0,124.7344724,-248.7720927,42.3002886
0.1180845201,0.07872301338,3.255022946,2.882876864,1,92.88260261,4.348120674,-10.1977317,0,136.9162023,-253.1923099,41.53035562
0.1180845201,0.08258671955,3.83371589,3.619395687,1,48.07127841,5.272324218,-28.81987969,0,78.71813937,-377.3192691,43.3528678
0.1180845201,0.08645042573,3.744900003,4.229376108,1,-110.7136089,5.649061718,-286.7038781,0,36.38794315,-512.8634454,48.47672411
0.1180845201,0.09031413191,3.546543356,4.493209805,1,-39.2050914,5.724238301,-443.99168,0,53.80592234,-618.5136102,51.71555249
0.1180845201,0.09417783809,3.801313323,4.903677568,1,-124.1751402,6.204517441,-158.0895532,0,-143.534083,-474.6091465,52.21728514
0.1180845201,0.09804154427,2.512193577,5.716148513,1,-201.1696228,6.24383459,-347.6830184,0,-239.4759775,-380.4032531,66.27496226
0.1180845201,0.1019052504,2.098788195,5.030098941,2,-84.62061587,5.450395146,-189.1517623,0,-220.5874107,1.962708073,67.35186231
0.1180845201,0.1057689566,1.332959439,4.977738353,2,-101.8136319,5.153121382,-50.36612511,0,-284.9338087,15.21972321,75.0088231
0.1180845201,0.1096326628,0.6045097195,4.776694494,1,-338.325753,4.814794107,-364.9908328,0,-306.6340766,-221.3052743,82.78733354
0.1180845201,0.113496369,-1.158975839,4.422579573,1,393.191871,4.571918096,-558.8858432,0,-631.730575,-353.6701832,104.6846513
0.1180845201,0.1173600752,-0.3171337445,3.983801481,1,406.9589333,3.99640439,-141.7409179,73.49279379,-135.2484137,141.4319757,94.55147877
0.1180845201,0.1212237813,NaN,NaN,0,152.0924039,3.330272429,-176.0071543,0,-44.44057489,163.2105478,91.87849038
0.1219482262,0.01690371453,NaN,NaN,0,-18.00459263,0.6055293706,10.5336735,0,19.6792715,10.86010499,61.3978223
0.1219482262,0.02076742071,NaN,NaN,0,-19.45937778,0.6065326383,12.38443111,0,23.39866949,12.28143433,61.100984
0.1219482262,0.02463112688,NaN,NaN,0,-24.07417587,0.6133065527,17.2660336,0,34.03150627,10.92641243,60.16715221
0.1219482262,0.02849483306,NaN,NaN,0,-26.92128465,0.6469380957,26.45283733,0,45.55515926,3.627923648,59.16601181
0.1219482262,0.03235853924,NaN,NaN,0,-26.58633402,0.7258623585,40.90689103,0,57.4862942,-10.2584876,58.70010159
0.1219482262,0.03622224542,NaN,NaN,0,-13.02303324,0.8778776617,47.6255703,0,53.0620153,-31.50851693,59.08846889
0.1219482262,0.0400859516,NaN,NaN,0,-0.5936105257,1.06781578,43.96610434,0,37.1331295,-44.26686647,60.13069198
0.1219482262,0.04394965777,NaN,NaN,0,6.189435257,1.244059874,48.05028867,0,32.47849447,-35.503413,61.57638674
0.1219482262,0.04781336395,NaN,NaN,0,8.206923258,1.422507648,30.81222579,0,32.12573178,-44.29953047,61.38826342
0.1219482262,0.05167707013,NaN,NaN,0,-27.59165229,1.573460627,12.9233614,1.776454256,22.80234112,-67.89131365,61.61599777
0.1219482262,0.05554077631,0.6626941584,1.561042145,1,13.4473665,1.695882108,-37.59895855,0,13.48996511,-151.7441485,66.99778942
0.1219482262,0.05940448249,0.8520674138,1.825324773,1,13.92719995,2.014405472,-89.95320511,0,88.94291296,-193.2012222,64.97668385
0.1219482262,0.06326818866,1.060154049,1.959962146,1,53.40346372,2.228312864,-103.1626042,0,88.33362506,-173.6631279,61.59080643
0.1219482262,0.06713189484,1.399697879,2.097718082,1,154.3511191,2.52181984,-127.316417,0,157.7317845,-286.0911487,56.28688528
0.1219482262,0.07099560102,2.265950692,2.573421058,1,59.38487681,3.428852356,-92.00603237,0,74.13396177,-255.9222346,48.63541134
0.1219482262,0.0748593072,1.915575441,2.731042126,1,53.34757879,3.335868757,-121.1923236,0,92.47466453,-211.1625264,54.95386394
0.1219482262,0.07872301338,2.829364994,2.921039486,1,131.177975,4.066666688,-68.78589964,0,118.1101238,-263.5178124,45.91334733
0.1219482262,0.08258671955,2.878751408,3.48342902,1,-95.38988899,4.519013986,-36.45764682,0,-173.3761339,-391.5042904,50.42922648
0.1219482262,0.08645042573,1.790932051,4.292835396,1,-149.7972361,4.651437773,-102.3740937,0,-289.9884627,-344.8412824,67.35454457
0.1219482262,0.09031413191,1.179548687,4.420250995,1,158.5077324,4.574926662,-141.8254534,10.86933596,47.1934673,-221.9567385,75.05871944
0.1219482262,0.09417783809,2.585701047,4.602439138,1,242.3791803,5.279043088,-149.4255009,33.88103212,96.84342523,-228.579801,60.67224252
0.1219482262,0.09804154427,2.490205163,4.726079954,1,66.63923108,5.341999016,-73.09513312,0,-240.6490771,-33.79282765,62.21493466
0.1219482262,0.1019052504,1.91337813,4.450586577,1,-115.0800525,4.844454226,-51.87500862,0,-206.8473588,-44.68987524,66.73635983
0.1219482262,0.1057689566,1.246372235,4.69831871,1,-195.8651529,4.860827342,23.06032373,0,-257.9151975,-53.63876838,75.14275823
0.1219482262,0.1096326628,0.1601041869,4.746929333,1,-438.9424005,4.749628559,-201.9001017,0,-454.8732517,245.9725543,88.06826319
0.1219482262,0.113496369,-2.207068822,2.967870362,1,-253.5768378,3.698568273,179.7252968,0,213.6553912,787.4107384,126.6364865
0.1219482262,0.1173600752,0.005859446895,2.399011338,1,581.3023272,2.399018494,-11.74314986,119.6890297,-17.81093031,77.99448939,89.86005864
0.1219482262,0.1212237813,NaN,NaN,0,145.0678559,2.621321064,73.38037522,0,-163.5801733,-41.60722584,90.65363569
0.1258119324,0.01690371453,NaN,NaN,0,-16.10001684,0.6887329234,11.52590025,0,19.61950923,7.270792621,61.40915604
0.1258119324,0.02076742071,NaN,NaN,0,-16.73722226,0.6992074904,13.68443127,0,22.61780453,6.355731436,61.24229828
0.1258119324,0.02463112688,NaN,NaN,0,-17.6703836,0.724497364,18.68482619,0,29.005909,2.660340752,60.9030458
0.1258119324,0.02849483306,NaN,NaN,0,-17.74857162,0.7746039881,25.70036955,0,35.81565426,-4.18043095,60.6055624
0.1258119324,0.03235853924,NaN,NaN,0,-15.44399222,0.8593374497,33.84207189,0,40.92563045,-14.31348723,60.57941372
0.1258119324,0.03622224542,NaN,NaN,0,-8.84760361,0.9850484543,39.0459512,0,39.73124536,-26.35010445,60.92794577
0.1258119324,0.0400859516,NaN,NaN,0,-2.182782972,1.138216949,40.39355431,0,34.12327618,-34.8304982,61.59526574
0.1258119324,0.04394965777,NaN,NaN,0,1.612256731,1.299467546,41.35985637,0,30.69424444,-37.17121766,62.39927508
0.1258119324,0.04781336395,NaN,NaN,0,0.9807393172,1.464893985,37.81795628,0,28.98784752,-42.27383499,62.94638272
0.1258119324,0.05167707013,NaN,NaN,0,-7.500374821,1.62785904,38.84862547,0,27.04424503,-47.30132088,63.8339952
0.1258119324,0.05554077631,NaN,NaN,0,-3.223919967,1.797646048,61.26998169,0,30.83771325,-35.55413734,65.6292093
0.1258119324,0.05940448249,NaN,NaN,0,11.06832938,2.011860248,42.74459493,0,25.24776205,-50.47674208,65.80542413
0.1258119324,0.06326818866,NaN,NaN,0,-21.71968953,2.183730429,14.0428179,3.13283919,6.58369162,-61.28062901,66.17529515
0.1258119324,0.06713189484,0.7660530812,2.126163936,1,21.74471712,2.259958054,13.86903841,0,67.80586525,-136.8375797,70.18599872
0.1258119324,0.07099560102,1.22809271,2.579931203,1,117.1956638,2.857316348,-58.25603519,0,114.6196498,-240.8650713,64.54472875
0.1258119324,0.0748593072,1.66171934,2.831711597,1,86.69519947,3.283276067,-53.10022541,0,105.6088465,-118.4404227,59.59452102
0.1258119324,0.07872301338,1.971099041,2.832386527,1,59.97661127,3.450745552,-155.2924521,0,74.21510642,-281.1736997,55.16538092
0.1258119324,0.08258671955,2.180196709,3.318079751,1,20.00576736,3.970253257,-103.9225196,0,-8.128013567,-325.2985338,56.69245298
0.1258119324,0.08645042573,2.016991191,3.6877184,1,80.40065429,4.203274969,16.10698653,0,-90.54657475,-176.7245606,61.32362212
0.1258119324,0.09031413191,2.140995854,4.063124191,1,51.04493897,4.592694355,106.5706454,0,32.76596613,-62.60675639,62.2137559
0.1258119324,0.09417783809,2.340811903,4.341370173,1,16.9360662,4.93223026,-63.97517207,0,-27.75105818,-184.5207223,61.66701511
0.1258119324,0.09804154427,2.099209902,4.528876778,1,-45.04568788,4.991733876,-73.40828911,0,-114.1594944,-159.8969725,65.13149073
0.1258119324,0.1019052504,1.725689857,4.675537033,1,-137.5669789,4.983839086,-34.57018315,19.96339701,-91.33153154,-88.69397644,69.74144497
0.1258119324,0.1057689566,1.214813313,4.737995213,1,-134.1484964,4.891254443,-3.199581522,15.21074146,-111.9616077,-13.45018828,75.61925506
0.1258119324,0.1096326628,0.7747927268,4.715142366,1,137.4859183,4.778375383,304.0935249,0,215.2687319,-81.50319026,80.66854126
0.1258119324,0.113496369,2.577753635,6.227827623,1,-143.976219,6.74022631,-56.17346837,22.88244076,-72.38359796,732.2245979,67.51489834
0.1258119324,0.1173600752,-0.06115803473,1.669003886,1,-314.4463529,1.670124031,-507.3964919,0,-349.2060133,551.65666,92.0985752
0.1258119324,0.1212237813,NaN,NaN,0,84.49665011,2.136000688,141.7887347,0,-45.80120141,-99.92401971,89.63530338
0.1296756386,0.01690371453,NaN,NaN,0,-12.97903436,0.7614679383,10.95035368,0,17.14065291,4.005783722,61.57138363
0.1296756386,0.02076742071,NaN,NaN,0,-12.83923772,0.7770936948,13.20634445,0,19.32700351,2.146581132,61.52100123
0.1296756386,0.02463112688,NaN,NaN,0,-12.12156466,0.8109818225,18.08847036,0,23.55867095,-2.460349908,61.45120489
0.1296756386,0.02849483306,NaN,NaN,0,-10.95862601,0.867952698,23.82174278,0,27.77591834,-8.696500965,61.45604055
0.1296756386,0.03235853924,NaN,NaN,0,-8.593459634,0.9524037597,29.71507579,0,30.66932797,-16.46492594,61.62976621
0.1296756386,0.03622224542,NaN,NaN,0,-4.740606005,1.065497796,34.32260828,0,30.81405952,-24.74791543,62.01156526
0.1296756386,0.0400859516,NaN,NaN,0,-0.9021744834,1.201255055,37.20230534,0,28.93448542,-31.5338042,62.57454139
0.1296756386,0.04394965777,NaN,NaN,0,1.461635322,1.351152353,39.17762624,0,27.18735958,-36.07712447,63.24106957
0.1296756386,0.04781336395,NaN,NaN,0,1.6041521,1.510743762,40.25111749,0,26.08716882,-40.32327092,63.92757061
0.1296756386,0.05167707013,NaN,NaN,0,-0.1666663456,1.677894092,43.38320252,0,25.54907824,-43.48599755,64.76534332
0.1296756386,0.05554077631,NaN,NaN,0,1.176173396,1.856280059,50.40027786,0,26.48170648,-43.37972494,65.76207111
0.1296756386,0.05940448249,NaN,NaN,0,3.543952413,2.05202684,48.74601679,0,26.37250503,-48.74374822,66.37971429
0.1296756386,0.06326818866,NaN,NaN,0,-3.079491247,2.247739119,51.13893224,0,29.5801859,-51.24330694,67.01718486
0.1296756386,0.06713189484,NaN,NaN,0,1.937047113,2.456337964,87.02815702,0,58.26256102,-40.86717958,67.88868005
0.1296756386,0.07099560102,NaN,NaN,0,40.63494235,2.793562171,43.45708394,0,44.31178936,-93.31161723,66.58262778
0.1296756386,0.0748593072,NaN,NaN,0,2.487500139,3.071249348,-19.78740858,0,5.98969793,-126.5721205,65.92639937
0.1296756386,0.07872301338,1.142988027,2.976052848,1,-39.14959767,3.18799501,-42.24292554,0,30.75729122,-189.9274104,68.99012791
0.1296756386,0.08258671955,1.220367373,3.374728357,1,-11.54725238,3.588605301,-61.94191137,0,18.62980721,-231.8028307,70.11902463
0.1296756386,0.08645042573,1.170352938,3.632345532,1,2.078203175,3.816236374,-16.11832545,0,31.32104038,-268.4403223,72.14089926
0.1296756386,0.09031413191,1.349412236,4.349626415,1,22.18983431,4.554136947,-99.27041391,0,95.6330451,-305.6618036,72.76420989
0.1296756386,0.09417783809,1.625585925,4.429781219,1,-10.18873667,4.718632349,-194.9522298,0,72.14219147,-223.2716963,69.84850217
0.1296756386,0.09804154427,1.588782182,4.459044513,1,-3.862728406,4.733635684,-124.3710521,0,-44.91538283,-175.9913183,70.38873587
0.1296756386,0.1019052504,1.437121635,4.629226761,1,-44.68024961,4.847170205,-42.80811783,0,-60.59166981,-126.9236797,72.75329047
0.1296756386,0.1057689566,1.182042417,4.784042329,1,-59.9181101,4.927908814,46.97246782,0,-48.00774602,-61.27399055,76.1213127
0.1296756386,0.1096326628,1.020127838,5.047459271,1,-447.1285524,5.149515112,-272.7452265,52.53382548,246.0137995,125.7216972,78.57402489
0.1296756386,0.113496369,0.4049941037,3.244483214,1,394.575558,3.269662299,-657.878084,0,-612.8271711,62.34983164,82.88483052
0.1296756386,0.1173600752,NaN,NaN,0,-81.75787417,2.27160617,-107.904397,0,11.06285657,183.7237148,85.53441895
0.1296756386,0.1212237813,NaN,NaN,0,12.09132063,2.121818383,-13.26397684,0,-35.39454428,62.82480438,86.43735758
0.1335393448,0.01690371453,NaN,NaN,0,-9.08011289,0.8185844937,9.533504651,0,13.39318163,1.18528911,61.75570598
0.1335393448,0.02076742071,NaN,NaN,0,-8.478724959,0.8367349633,11.83826496,0,15.03129028,-1.050983212,61.77569372
0.1335393448,0.02463112688,NaN,NaN,0,-7.018011309,0.8744372509,16.64096801,0,18.12585295,-5.95182055,61.83854078
0.1335393448,0.02849483306,NaN,NaN,0,-5.370908123,0.9339512563,21.78305542,0,21.06002017,-11.68029707,61.98843625
0.1335393448,0.03235853924,NaN,NaN,0,-3.230614301,1.017061735,26.87388019,0,23.16170357,-18.10180011,62.2654723
0.1335393448,0.03622224542,NaN,NaN,0,-0.6191862909,1.123616425,31.32710081,0,23.92117933,-24.64282714,62.6832611
0.1335393448,0.0400859516,NaN,NaN,0,1.853055721,1.250542899,34.91543253,0,23.6132464,-30.47967871,63.22535534
0.1335393448,0.04394965777,NaN,NaN,0,3.532306942,1.393553368,37.89722575,0,23.03353965,-35.2802051,63.85633962
0.1335393448,0.04781336395,NaN,NaN,0,4.140900107,1.54961619,40.62568491,0,22.62438993,-39.45612669,64.54655367
0.1335393448,0.05167707013,NaN,NaN,0,4.053383942,1.717427891,44.03278927,0,22.58319263,-42.93967345,65.30775492
0.1335393448,0.05554077631,NaN,NaN,0,4.551327482,1.897964457,48.20191043,0,23.1675294,-45.73501664,66.10125846
0.1335393448,0.05940448249,NaN,NaN,0,5.010798123,2.092630936,50.70026214,0,24.18036569,-49.87521894,66.79499935
0.1335393448,0.06326818866,NaN,NaN,0,3.920725016,2.299575141,54.73873724,0,27.10198595,-54.08167095,67.45460452
0.1335393448,0.06713189484,NaN,NaN,0,6.206485419,2.526905122,62.32334906,0,33.59393836,-59.40043889,68.05354111
0.1335393448,0.07099560102,NaN,NaN,0,11.80759787,2.793160597,49.46387358,0,27.48720919,-80.32184645,68.24021577
0.1335393448,0.0748593072,NaN,NaN,0,-4.8553301,3.049118949,35.9951235,0,14.84357349,-95.57511568,68.92908054
0.1335393448,0.07872301338,NaN,NaN,0,-29.62140506,3.283142984,59.29770112,0,16.42790972,-93.2584083,70.90447054
0.1335393448,0.08258671955,NaN,NaN,0,-31.39136402,3.590201552,57.83245823,0,-9.119194024,-122.8795042,73.07374724
0.1335393448,0.08645042573,NaN,NaN,0,-80.927457,3.909888986,80.22827028,0,-40.40593889,-155.869428,76.42773024
0.1335393448,0.09031413191,0.576456743,4.346887178,1,3.413739114,4.384943616,33.96243096,0,-53.26811237,-188.3030618,82.44587283
0.1335393448,0.09417783809,0.7249175361,4.659472688,1,57.1237858,4.715526606,-109.1484324,0,36.63106935,-115.1981174,81.15685669
0.1335393448,0.09804154427,0.938697956,4.370261384,1,52.52105525,4.469937182,-109.7800341,0,36.76589108,-98.02636923,77.8775016
0.1335393448,0.1019052504,1.069896062,4.614059981,1,30.28173016,4.736478343,-43.12112998,0,26.8806071,-150.2079418,76.94511678
0.1335393448,0.1057689566,1.159556432,4.78401336,1,-114.7551351,4.922535419,308.318109,0,-108.6467009,-410.9862699,76.37531709
0.1335393448,0.1096326628,0.2067370083,7.393240753,1,484.6960457,7.396130679,-369.4668921,0,-713.168125,264.2494859,88.39825693
0.1335393448,0.113496369,0.276807447,2.335519475,1,299.9520024,2.351865979,-710.6686377,0,-293.4689723,678.0510498,83.24079455
0.1335393448,0.1173600752,NaN,NaN,0,82.19558216,2.04084099,-37.72525917,0,-100.7588685,61.41102845,83.47864425
0.1335393448,0.1212237813,NaN,NaN,0,45.57947109,1.963227223,-3.95099351,0,-59.40100286,34.94944334,84.00377853
0.137403051,0.01690371453,NaN,NaN,0,-4.745793267,0.8575572853,7.715486764,0,9.044387785,-1.302524634,61.89987247
0.137403051,0.02076742071,NaN,NaN,0,-3.899270733,0.8768370767,10.05929662,0,10.35739022,-3.671036426,61.95739839
0.137403051,0.02463112688,NaN,NaN,0,-2.100847493,0.9161117378,14.8540813,0,12.85343039,-8.615652012,62.08601287
0.137403051,0.02849483306,NaN,NaN,0,-0.2763808742,0.9764208188,19.79563072,0,15.17660582,-13.97106664,62.30735778
0.137403051,0.03235853924,NaN,NaN,0,1.661096843,1.058397335,24.67028874,0,16.9962868,-19.61915031,62.63843826
0.137403051,0.03622224542,NaN,NaN,0,3.641419422,1.161547569,29.19648222,0,18.09570784,-25.24191431,63.08159953
0.137403051,0.0400859516,NaN,NaN,0,5.401276715,1.283990083,33.23509824,0,18.56378121,-30.46187839,63.62378931
0.137403051,0.04394965777,NaN,NaN,0,6.673636617,1.423200673,36.87015932,0,18.70916269,-35.10789054,64.24337413
0.137403051,0.04781336395,NaN,NaN,0,7.373757443,1.577114157,40.32160712,0,18.79365864,-39.28135726,64.92044406
0.137403051,0.05167707013,NaN,NaN,0,7.687974526,1.744660519,43.92035922,0,18.99177293,-43.08155294,65.64228454
0.137403051,0.05554077631,NaN,NaN,0,7.964954469,1.925892678,47.67431244,0,19.42485279,-46.74544923,66.38198987
0.137403051,0.05940448249,NaN,NaN,0,8.02718758,2.121333242,51.1143841,0,20.07944237,-50.94043994,67.10238011
0.137403051,0.06326818866,NaN,NaN,0,7.545107771,2.331414827,54.79240553,0,21.05345385,-55.80771902,67.81921262
0.137403051,0.06713189484,NaN,NaN,0,7.160571679,2.558792044,58.06262839,0,21.52399728,-62.3310586,68.54628639
0.137403051,0.07099560102,NaN,NaN,0,5.244293806,2.804948063,56.07993781,0,17.19953556,-73.00021401,69.3102648
0.137403051,0.0748593072,NaN,NaN,0,-4.095013347,3.05637364,55.00632788,0,9.469477114,-82.14808748,70.45316507
0.137403051,0.07872301338,NaN,NaN,0,-15.97694103,3.312285836,63.13718711,0,2.117580766,-87.12056412,72.21410474
0.137403051,0.08258671955,NaN,NaN,0,-21.29681711,3.593891493,68.68217237,0,-13.30107865,-95.65095034,74.35735615
0.137403051,0.08645042573,NaN,NaN,0,-23.1358512,3.889329672,80.88391647,0,-32.75849007,-92.48405889,76.95178195
0.137403051,0.09031413191,NaN,NaN,0,24.77776102,4.198713552,101.4891061,0,-55.66027358,-43.88804905,79.66745894
0.137403051,0.09417783809,NaN,NaN,0,61.8734076,4.416275806,40.61568336,0,-53.38572536,-28.63047047,80.10671066
0.137403051,0.09804154427,NaN,NaN,0,5.94058543,4.467831248,10.69854058,0,-23.70121869,-58.01331906,79.86912239
0.137403051,0.1019052504,0.6901549062,4.61608582,1,59.3545985,4.667393501,6.487910688,0,-59.48827549,-99.49124954,81.49664597
0.137403051,0.1057689566,0.7853628091,4.807643524,1,144.2422092,4.871368493,-604.4384538,0,-164.0563997,481.7781354,80.72227423
0.137403051,0.1096326628,0.6135986958,0.4192640739,1,656.2174031,0.7431592851,-453.1560804,0,-787.281583,544.8402521,34.34429162
0.137403051,0.113496369,0.2789693275,0.951678928,1,71.75120524,0.9917240885,161.1739912,0,-161.0996429,-133.5078133,73.66235197
0.137403051,0.1173600752,NaN,NaN,0,59.5790525,1.580777414,108.6776432,0,-66.65803228,-88.13474568,80.22503832
0.137403051,0.1212237813,NaN,NaN,0,37.91162186,1.73049485,49.80396244,0,-46.58948441,-30.05520976,81.63941384
0.1412667571,0.01690371453,NaN,NaN,0,-2.508755241,0.8772541115,6.772420112,0,6.772420112,-2.508755241,61.9768986
0.1412667571,0.02076742071,NaN,NaN,0,-1.583153412,0.8969524536,9.141040115,0,7.961185895,-4.912304891,62.05054165
0.1412667571,0.02463112688,NaN,NaN,0,0.3084731269,0.9367715346,13.94630257,0,10.2356724,-9.842811719,62.20668992
0.1412667571,0.02849483306,NaN,NaN,0,2.15935996,0.9972653675,18.82806252,0,12.34246123,-15.01620205,62.45798892
0.1412667571,0.03235853924,NaN,NaN,0,3.989379706,1.078636792,23.64183269,0,14.07171339,-20.33514935,62.81259452
0.1412667571,0.03622224542,NaN,NaN,0,5.732943614,1.180309007,28.20826093,0,15.29113084,-25.58898156,63.26837815
0.1412667571,0.0400859516,NaN,NaN,0,7.236988702,1.300841748,32.4284633,0,16.03701429,-30.54788559,63.8130888
0.1412667571,0.04394965777,NaN,NaN,0,8.357972434,1.438369622,36.33599854,0,16.47490418,-35.09882902,64.42905877
0.1412667571,0.04781336395,NaN,NaN,0,9.064123272,1.591257766,40.06540813,0,16.77770427,-39.2846758,65.098689
0.1412667571,0.05167707013,NaN,NaN,0,9.457009542,1.758529481,43.79922614,0,17.06818038,-43.21323371,65.8062675
0.1412667571,0.05554077631,NaN,NaN,0,9.659659194,1.939955184,47.57850035,0,17.39433557,-47.1068831,66.53414172
0.1412667571,0.05940448249,NaN,NaN,0,9.55228636,2.13576854,51.26914813,0,17.69470074,-51.3547807,67.27065643
0.1412667571,0.06326818866,NaN,NaN,0,8.853725318,2.346393625,54.94195528,0,17.72661128,-56.18962372,68.03173433
0.1412667571,0.06713189484,NaN,NaN,0,7.345068897,2.57246831,58.02430051,0,16.55039218,-62.14638312,68.85622914
0.1412667571,0.07099560102,NaN,NaN,0,3.997299215,2.812902505,59.08045034,0,12.42417846,-69.90633454,69.8259492
0.1412667571,0.0748593072,NaN,NaN,0,-3.046723425,3.062545666,60.77136661,0,5.971866001,-76.93815261,71.11286385
0.1412667571,0.07872301338,NaN,NaN,0,-11.27880034,3.320730138,65.63141542,0,-1.741713375,-81.355942,72.81029988
0.1412667571,0.08258671955,NaN,NaN,0,-15.30256263,3.591064686,69.25285445,0,-12.82476083,-83.74194735,74.80800868
0.1412667571,0.08645042573,NaN,NaN,0,-11.81200301,3.863387421,72.44027165,0,-24.95155788,-75.22365362,76.94447574
0.1412667571,0.09031413191,NaN,NaN,0,11.33064022,4.114426634,70.20073326,0,-37.59965816,-46.42826538,78.8021675
0.1412667571,0.09417783809,NaN,NaN,0,29.73744375,4.284134466,31.64476139,0,-40.89842412,-25.20115412,79.62914336
0.1412667571,0.09804154427,NaN,NaN,0,29.0145848,4.322341871,-15.43113165,0,-44.71619022,-0.09372570633,79.92837344
0.1412667571,0.1019052504,NaN,NaN,0,110.2755982,4.21520715,-80.50416501,0,-128.4588008,91.06582796,80.29529972
0.1412667571,0.1057689566,NaN,NaN,0,295.057378,3.657673902,-328.4878209,0,-333.7717034,276.8639123,79.19596127
0.1412667571,0.1096326628,NaN,NaN,0,-400.5704482,1.900656938,-292.7536121,0,322.424865,265.5150052,72.83350518
0.1412667571,0.113496369,NaN,NaN,0,-157.6422966,1.48623631,-8.622250651,0,92.98405246,62.83553556,75.03850385
0.1412667571,0.1173600752,NaN,NaN,0,-8.598421697,1.571015283,35.67761725,0,-17.88228984,-13.53583699,78.5763909
0.1412667571,0.1212237813,NaN,NaN,0,14.58084938,1.650166755,29.99067079,0,-29.99067079,-14.58084938,80.18189967
